p cnf 1000 600
x -990 -48 -360 0 
x 858 140 -176 0 
x -679 569 211 0 
x -746 253 388 0 
x 566 606 -891 0 
x -610 741 -476 0 
x 158 881 -55 0 
x 948 -697 59 0 
x -89 -289 -392 0 
x -144 -149 791 0 
x -81 -788 422 0 
x 636 -415 -795 0 
x 198 -123 956 0 
x -700 886 -102 0 
x 8 -644 -116 0 
x 444 -506 488 0 
x -600 807 -45 0 
x 702 433 917 0 
x -27 -686 412 0 
x 361 79 -328 0 
x -908 565 -356 0 
x 711 149 922 0 
x 950 37 971 0 
x -545 333 459 0 
x 382 57 -824 0 
x 738 805 -83 0 
x 656 284 125 0 
x 487 49 -809 0 
x 551 29 800 0 
x -319 -672 -744 0 
x 42 -192 -438 0 
x 520 -430 695 0 
x 17 216 -224 0 
x -900 -580 -664 0 
x 709 835 898 0 
x -226 -92 877 0 
x -256 222 880 0 
x 872 -60 -498 0 
x 204 -576 167 0 
x 519 478 529 0 
x -795 78 209 0 
x 356 238 -587 0 
x 55 -38 359 0 
x -3 -759 316 0 
x -688 938 -225 0 
x -647 228 -589 0 
x -318 231 -642 0 
x 991 -479 214 0 
x 37 399 -989 0 
x 531 435 -620 0 
x 833 -534 -404 0 
x 849 -331 916 0 
x -447 878 -540 0 
x -34 597 -707 0 
x 802 722 22 0 
x 782 940 -417 0 
x -63 991 449 0 
x 249 -672 -93 0 
x -524 -859 -465 0 
x -275 -858 712 0 
x 276 -331 -356 0 
x -736 794 -746 0 
x -647 208 947 0 
x 740 -7 100 0 
x 198 720 -172 0 
x 143 473 954 0 
x 368 779 -836 0 
x -717 289 -515 0 
x 32 29 266 0 
x -931 151 -841 0 
x 287 804 317 0 
x 536 -876 -697 0 
x -38 -248 -370 0 
x -212 761 -368 0 
x 834 689 70 0 
x -682 112 616 0 
x -673 -448 336 0 
x -352 343 515 0 
x 406 -186 -329 0 
x 969 -469 339 0 
x 944 786 -942 0 
x 473 -323 397 0 
x 145 92 -776 0 
x -513 -754 -23 0 
x 538 -16 -843 0 
x 666 -6 -702 0 
x 604 -643 875 0 
x -449 942 961 0 
x 876 -341 562 0 
x -307 945 -799 0 
x 502 -587 -873 0 
x -330 432 657 0 
x -746 392 368 0 
x -863 185 -316 0 
x -405 -823 988 0 
x 592 -185 -242 0 
x -32 -320 -135 0 
x -493 -354 -81 0 
x -226 -631 -495 0 
x 476 -841 477 0 
x 926 753 -369 0 
x -351 -357 -959 0 
x -66 -35 821 0 
x 76 141 -919 0 
x 504 -502 -211 0 
x -998 -269 -341 0 
x -882 -212 117 0 
x -893 467 686 0 
x -261 329 -116 0 
x -510 -986 18 0 
x 579 384 165 0 
x 901 -260 897 0 
x 388 -405 -432 0 
x -99 418 -615 0 
x -800 -392 40 0 
x -701 -242 -854 0 
x -962 -24 -409 0 
x -336 -418 401 0 
x -262 92 -809 0 
x 229 -364 903 0 
x -520 606 -955 0 
x 430 957 924 0 
x 615 799 -348 0 
x 792 -699 726 0 
x 751 -31 625 0 
x -353 -945 -236 0 
x 35 -847 223 0 
x -629 -492 -488 0 
x -737 -499 -664 0 
x 893 449 -333 0 
x -227 -625 986 0 
x -8 -853 -651 0 
x 880 557 910 0 
x 584 -918 -582 0 
x 248 285 116 0 
x 730 289 161 0 
x 930 532 -342 0 
x -598 -84 -775 0 
x 594 -637 398 0 
x -465 -203 -623 0 
x -60 796 144 0 
x -535 369 796 0 
x -160 83 -895 0 
x 696 -475 969 0 
x 82 -610 -63 0 
x 964 -879 -50 0 
x -424 -873 719 0 
x -303 149 -530 0 
x 845 -250 589 0 
x -995 -173 383 0 
x -391 -790 -110 0 
x 549 371 599 0 
x -795 -141 342 0 
x 79 939 573 0 
x 49 -353 99 0 
x -71 760 356 0 
x 688 -445 -628 0 
x -319 794 601 0 
x -157 579 -262 0 
x -600 -514 -928 0 
x 448 247 88 0 
x 420 -927 -907 0 
x 972 580 -834 0 
x 885 -470 -973 0 
x 850 -378 -900 0 
x -186 -564 245 0 
x -334 -873 605 0 
x -732 270 -127 0 
x 582 -583 -519 0 
x 852 -915 -805 0 
x -513 989 -415 0 
x 670 748 -916 0 
x -654 -774 -190 0 
x 873 -770 -128 0 
x 570 -247 363 0 
x 952 314 -4 0 
x 328 -275 -986 0 
x 929 286 861 0 
x 538 625 978 0 
x -879 252 273 0 
x 591 321 137 0 
x -186 -224 -503 0 
x 858 -311 -59 0 
x -999 -859 -631 0 
x -723 -915 -696 0 
x 547 494 286 0 
x 100 600 -189 0 
x 288 -335 70 0 
x -988 963 -93 0 
x -126 -78 -903 0 
x -967 935 466 0 
x 248 -256 -946 0 
x -269 -851 268 0 
x 442 -101 998 0 
x 557 239 845 0 
x -345 922 50 0 
x 958 622 43 0 
x 872 999 -233 0 
x -960 438 832 0 
x -482 95 -73 0 
x -378 479 483 0 
x -658 -973 -248 0 
x -312 96 -659 0 
x -548 -706 -591 0 
x -158 388 756 0 
x -365 137 -592 0 
x 41 -247 -248 0 
x -943 990 582 0 
x 723 253 869 0 
x -47 453 174 0 
x 453 144 217 0 
x -325 257 -656 0 
x 540 643 477 0 
x 846 -559 -751 0 
x -497 -11 -880 0 
x -433 263 708 0 
x 891 -720 489 0 
x 791 645 -354 0 
x -822 -623 -503 0 
x -337 198 -263 0 
x 824 -327 36 0 
x 927 -945 -766 0 
x 288 -135 -643 0 
x 47 423 42 0 
x 85 -808 133 0 
x -576 873 -629 0 
x 537 355 -336 0 
x 969 784 -640 0 
x -201 123 843 0 
x -793 -392 27 0 
x 936 -564 -413 0 
x 372 -773 -646 0 
x -462 -214 -781 0 
x 332 -122 -881 0 
x 614 451 870 0 
x 335 -588 652 0 
x -247 -272 979 0 
x 406 361 166 0 
x 637 -486 440 0 
x 425 223 -810 0 
x 113 304 761 0 
x 132 155 -107 0 
x 280 306 877 0 
x 313 567 -197 0 
x -657 695 -562 0 
x 366 658 -489 0 
x 70 -833 -687 0 
x -607 -756 -766 0 
x -815 -587 808 0 
x 30 -528 773 0 
x 39 100 -167 0 
x 155 -862 -80 0 
x 890 -907 -600 0 
x -74 613 12 0 
x -110 -929 -769 0 
x 188 125 -180 0 
x 491 873 -35 0 
x 577 484 -866 0 
x 671 -344 961 0 
x 745 -367 222 0 
x -72 324 845 0 
x -716 279 788 0 
x 373 17 792 0 
x -23 -613 -80 0 
x -719 -185 892 0 
x 787 599 -551 0 
x 777 -328 -19 0 
x 609 -274 345 0 
x 838 335 516 0 
x -721 619 -447 0 
x -134 946 460 0 
x 748 -471 765 0 
x 492 14 -129 0 
x -166 737 -448 0 
x -25 -303 -338 0 
x -737 -224 544 0 
x -162 -386 462 0 
x 35 -948 194 0 
x 447 74 -692 0 
x -73 -425 670 0 
x 157 369 540 0 
x 698 850 -741 0 
x -678 -311 163 0 
x 309 284 -199 0 
x -477 979 20 0 
x -826 -867 -133 0 
x -750 -298 24 0 
x 227 -25 -835 0 
x -944 457 335 0 
x 794 -350 -804 0 
x 838 -512 -691 0 
x -580 -625 -673 0 
x -970 698 942 0 
x -125 -124 -103 0 
x 91 -888 -544 0 
x 810 -815 -429 0 
x 42 -795 699 0 
x -876 -108 178 0 
x 521 -723 832 0 
x -95 597 -487 0 
x 436 613 61 0 
x -739 326 453 0 
x -80 -896 -543 0 
x 668 -288 -389 0 
x 940 398 415 0 
x 233 942 781 0 
x 371 -576 218 0 
x -981 433 126 0 
x 659 825 -818 0 
x -556 866 780 0 
x -369 -671 98 0 
x -273 -62 -613 0 
x -337 174 -944 0 
x -683 -558 475 0 
x -143 -292 -190 0 
x 831 -42 -865 0 
x 6 862 -120 0 
x -549 -877 406 0 
x -540 917 187 0 
x -862 251 566 0 
x -484 839 99 0 
x -347 375 145 0 
x -227 201 259 0 
x 519 77 603 0 
x -824 337 -272 0 
x -922 621 701 0 
x 22 -874 662 0 
x 812 -813 -968 0 
x 133 -945 -868 0 
x 509 890 635 0 
x -820 614 -309 0 
x 220 -826 -213 0 
x 830 -158 722 0 
x -160 -359 -85 0 
x 560 -151 712 0 
x 914 894 -989 0 
x -324 -877 -736 0 
x -706 -971 111 0 
x -326 985 -794 0 
x 907 385 368 0 
x 323 96 480 0 
x -6 306 377 0 
x 409 -18 554 0 
x -619 383 -395 0 
x 793 -698 790 0 
x -776 176 -525 0 
x -347 400 628 0 
x 180 335 -556 0 
x -432 262 -658 0 
x 686 499 -63 0 
x 900 46 59 0 
x -922 -749 -539 0 
x -165 -570 -791 0 
x 710 -943 120 0 
x -641 -572 245 0 
x -345 -563 -681 0 
x -328 -753 -699 0 
x 912 77 633 0 
x -784 -949 -93 0 
x 788 -395 -7 0 
x 950 -429 -658 0 
x -649 138 -946 0 
x 650 708 190 0 
x -488 764 -59 0 
x 230 160 -543 0 
x -935 392 -52 0 
x 909 -44 -722 0 
x 590 -599 -168 0 
x 603 -94 878 0 
x 709 612 -419 0 
x 435 -130 -533 0 
x -657 -192 453 0 
x -792 -564 -803 0 
x -452 -466 627 0 
x -923 706 996 0 
x 421 -851 568 0 
x -524 993 457 0 
x 933 155 -36 0 
x -959 901 -419 0 
x -728 -229 -316 0 
x -438 344 -616 0 
x -549 -657 335 0 
x -178 -253 -741 0 
x 110 380 559 0 
x -74 -485 -572 0 
x -366 193 -866 0 
x 41 55 698 0 
x 568 705 -836 0 
x 681 -742 878 0 
x 603 525 961 0 
x -780 -213 977 0 
x -575 -341 -859 0 
x 582 151 -968 0 
x 280 -932 757 0 
x 245 -60 663 0 
x -627 339 631 0 
x 639 -969 686 0 
x 32 -393 -269 0 
x 24 -482 897 0 
x -177 -996 618 0 
x -192 -959 -784 0 
x 137 -20 659 0 
x 98 -189 -224 0 
x -626 39 868 0 
x 737 307 188 0 
x 888 -789 384 0 
x -291 932 -982 0 
x -945 524 -208 0 
x 625 691 -492 0 
x -420 -322 925 0 
x 623 -600 -609 0 
x -962 32 370 0 
x -129 518 953 0 
x 946 300 -951 0 
x -113 397 -815 0 
x 172 83 117 0 
x 944 -789 -16 0 
x -157 173 -578 0 
x -909 602 990 0 
x -541 -194 -818 0 
x 10 -9 82 0 
x 40 395 -258 0 
x 761 781 886 0 
x 854 -112 203 0 
x 530 148 715 0 
x 740 581 -309 0 
x -344 -699 -251 0 
x -286 474 902 0 
x 960 931 -816 0 
x -674 791 741 0 
x -330 -543 -723 0 
x -276 -971 318 0 
x -878 94 469 0 
x -848 144 -858 0 
x 235 276 497 0 
x 137 -476 -510 0 
x 895 99 970 0 
x 464 768 -795 0 
x -771 521 739 0 
x -319 772 904 0 
x 467 -952 610 0 
x -329 -415 420 0 
x -117 -15 298 0 
x 133 -836 -67 0 
x -699 -689 -822 0 
x -109 -501 327 0 
x 911 -146 -699 0 
x 578 932 -366 0 
x 193 433 -179 0 
x 771 615 -550 0 
x -893 156 423 0 
x 198 -931 -641 0 
x 505 731 -864 0 
x 883 -464 -901 0 
x -327 728 523 0 
x 56 -681 -526 0 
x 415 934 452 0 
x -552 -535 -627 0 
x -575 -605 -136 0 
x -886 -428 -264 0 
x 565 540 -655 0 
x -359 -243 -767 0 
x -741 -310 960 0 
x -380 276 -254 0 
x 133 816 285 0 
x 218 -654 133 0 
x 925 -123 968 0 
x -348 146 337 0 
x 555 -402 -274 0 
x 732 -717 -175 0 
x -676 979 622 0 
x 124 -637 -161 0 
x -435 -441 156 0 
x 699 742 -480 0 
x -647 926 -573 0 
x 929 -943 185 0 
x 451 -128 -525 0 
x -46 -663 -628 0 
x -424 -982 -664 0 
x 30 -20 -630 0 
x 826 974 898 0 
x -3 19 -256 0 
x 1000 -793 -718 0 
x -491 -620 751 0 
x 553 424 11 0 
x 576 131 -189 0 
x -394 794 -160 0 
x 863 581 720 0 
x -637 964 174 0 
x 591 286 419 0 
x -373 -778 317 0 
x -900 -557 704 0 
x -728 115 -675 0 
x 91 939 -526 0 
x -181 994 168 0 
x 924 754 -368 0 
x 240 -993 -588 0 
x -846 -973 190 0 
x -29 -850 708 0 
x -144 -702 309 0 
x -512 266 -580 0 
x -494 -80 -990 0 
x -460 763 504 0 
x -958 513 49 0 
x -951 403 -695 0 
x -61 -723 -568 0 
x -124 -717 953 0 
x -35 -428 -914 0 
x 33 -28 793 0 
x -633 -989 597 0 
x 62 -704 954 0 
x -307 457 -364 0 
x 5 -134 957 0 
x 591 -474 980 0 
x -552 265 -777 0 
x -499 208 305 0 
x -551 426 938 0 
x -293 94 -175 0 
x -68 -521 -989 0 
x -324 -341 900 0 
x -531 662 -786 0 
x -48 -187 922 0 
x 279 -851 -856 0 
x -631 856 330 0 
x -652 440 353 0 
x 539 -320 -719 0 
x -213 878 -702 0 
x -904 -452 192 0 
x -535 521 672 0 
x 262 -307 375 0 
x -129 802 239 0 
x 617 447 -583 0 
x -630 332 -667 0 
x -887 964 -551 0 
x -607 -930 -432 0 
x -438 -272 -897 0 
x -657 -21 -96 0 
x 55 877 -430 0 
x 107 -38 352 0 
x 790 -433 -4 0 
x 25 -678 -136 0 
x 863 -530 810 0 
x -27 967 860 0 
x 708 633 -875 0 
x 578 865 -738 0 
x -24 -908 -379 0 
x -110 39 -364 0 
x -130 -697 178 0 
x -53 -773 75 0 
x 154 981 -463 0 
x -205 523 801 0 
x 683 -335 4 0 
x 391 603 -209 0 
x 976 476 -226 0 
x 955 443 -7 0 
x -152 921 58 0 
x 683 932 283 0 
x -180 -896 -172 0 
x 86 -415 156 0 
x 979 -343 80 0 
x -821 -730 -516 0 
x 582 -851 548 0 
x -51 203 729 0 
x 826 396 666 0 
x 490 793 -633 0 
x -750 -131 -467 0 
x 87 458 -103 0 
x 680 336 -317 0 
x 536 420 245 0 
x 740 901 1 0 
x -228 -100 -842 0 
x 806 -426 922 0 
x 592 -396 -584 0 
x 806 148 -918 0 
x -650 395 -832 0 
x -176 578 -976 0 
x -248 -519 561 0 
x 72 88 373 0 
x 980 -290 641 0 
x -857 483 453 0 
x 453 -952 -323 0 
x 26 -300 -325 0 
x -669 465 -770 0 
x -68 866 -244 0 
x 797 104 720 0 
x -775 766 707 0 
x 44 608 535 0 
x -805 716 -386 0 
x -238 116 -488 0 
x -201 385 951 0 
x -192 393 -246 0 
x -529 311 -902 0 
x 587 -279 468 0 
x -403 376 -97 0 
x -627 -168 -115 0 
x 981 571 954 0 
x 322 -64 -531 0 
x 134 128 231 0 
x -931 958 254 0 
x -106 540 995 0 
