p cnf 1000 400
x 974 -964 325 0 
x -454 612 601 0 
x 924 93 665 0 
x 588 -209 28 0 
x 697 777 48 0 
x 827 569 778 0 
x -73 154 977 0 
x -562 -315 -409 0 
x 101 53 -502 0 
x -154 131 496 0 
x 343 -892 634 0 
x -282 -144 269 0 
x 838 -235 -144 0 
x -698 29 -767 0 
x 357 224 378 0 
x -150 -929 -875 0 
x -357 502 -678 0 
x 456 -640 474 0 
x 69 -627 -459 0 
x 198 -679 -450 0 
x -525 -157 -671 0 
x 372 -272 -891 0 
x -656 -361 -705 0 
x -926 902 740 0 
x 138 -305 976 0 
x 71 187 -304 0 
x 74 -484 -568 0 
x -391 -818 -310 0 
x 937 -675 -328 0 
x 309 -932 -980 0 
x -715 -54 -749 0 
x -183 -714 -432 0 
x 424 937 465 0 
x 842 612 -984 0 
x -183 -136 -509 0 
x -836 417 481 0 
x -399 -412 -748 0 
x 539 199 -24 0 
x 655 884 -324 0 
x -985 940 -846 0 
x 418 -99 -344 0 
x 656 166 -167 0 
x -792 585 -924 0 
x -42 -440 283 0 
x -145 46 -208 0 
x -270 456 656 0 
x -228 -254 272 0 
x -28 -845 -307 0 
x 81 -479 555 0 
x 704 -666 -646 0 
x -965 -524 -435 0 
x 428 -11 -961 0 
x -117 850 764 0 
x -575 -215 752 0 
x -545 -181 -363 0 
x 335 -295 971 0 
x -577 -832 290 0 
x 192 101 38 0 
x 662 -651 72 0 
x 593 170 563 0 
x 262 -323 -531 0 
x -634 391 -673 0 
x -856 -791 390 0 
x -924 -738 860 0 
x 611 679 163 0 
x 264 -357 13 0 
x -293 464 -384 0 
x 260 913 639 0 
x -918 -259 17 0 
x 77 -974 297 0 
x 990 -71 -275 0 
x 739 -158 -343 0 
x -776 -34 -676 0 
x 219 -189 194 0 
x 541 -940 -972 0 
x -281 -185 -46 0 
x 940 956 -880 0 
x 328 618 -666 0 
x 331 830 957 0 
x -127 -355 82 0 
x 859 190 634 0 
x 335 907 -106 0 
x -966 -522 -335 0 
x 224 952 -347 0 
x -646 -425 -618 0 
x -415 -113 744 0 
x 377 826 -222 0 
x 202 340 -20 0 
x 145 -39 738 0 
x -66 660 564 0 
x -907 -479 -627 0 
x -148 977 520 0 
x 814 144 -485 0 
x -28 -559 329 0 
x 67 881 587 0 
x 509 -490 733 0 
x 434 -48 189 0 
x -752 -210 -211 0 
x -522 -955 571 0 
x -103 416 655 0 
x 590 318 820 0 
x 452 342 751 0 
x -449 -599 471 0 
x 717 -967 -265 0 
x -767 705 -411 0 
x -317 480 -470 0 
x 150 25 -495 0 
x 431 -968 -621 0 
x -158 -14 326 0 
x 267 685 782 0 
x 188 51 525 0 
x -814 -645 -775 0 
x 73 -426 407 0 
x 186 -556 790 0 
x -584 -169 -20 0 
x 159 -841 -299 0 
x 145 381 -246 0 
x 262 847 671 0 
x -913 -209 477 0 
x -176 -302 830 0 
x 20 267 225 0 
x 383 -837 -896 0 
x 2 -455 255 0 
x 968 -609 -21 0 
x -479 620 -614 0 
x -511 146 -477 0 
x 446 -782 905 0 
x 98 -974 312 0 
x 830 -210 644 0 
x 391 871 50 0 
x 118 -309 -718 0 
x -618 826 -642 0 
x 648 -966 630 0 
x -55 -168 -390 0 
x 904 589 533 0 
x -455 -447 194 0 
x 203 -581 661 0 
x -681 968 -42 0 
x 834 826 144 0 
x 180 171 -836 0 
x 181 -667 192 0 
x -931 -467 341 0 
x -619 -948 -351 0 
x -606 612 -373 0 
x -856 -182 329 0 
x 735 -969 585 0 
x -742 -312 -717 0 
x 805 910 -412 0 
x -287 966 -663 0 
x -558 432 -561 0 
x -833 165 -244 0 
x 347 823 732 0 
x -178 -83 674 0 
x 603 750 -368 0 
x 792 947 166 0 
x -173 -875 613 0 
x -188 -363 488 0 
x -360 752 -206 0 
x 848 -269 626 0 
x 508 -931 -543 0 
x -948 -944 629 0 
x 663 -461 955 0 
x 34 24 493 0 
x 204 275 310 0 
x 872 -27 -247 0 
x -365 515 -200 0 
x 32 -543 488 0 
x -829 -548 -171 0 
x 107 863 -676 0 
x 397 -274 -626 0 
x -773 -611 441 0 
x -390 -999 641 0 
x -23 229 -104 0 
x -226 -474 -839 0 
x -846 74 -608 0 
x 201 -575 487 0 
x -14 462 -63 0 
x 752 -380 -998 0 
x -996 580 693 0 
x -61 -163 764 0 
x -543 253 -575 0 
x -443 -410 -329 0 
x -334 -914 -950 0 
x -939 352 -766 0 
x -131 294 -370 0 
x 896 -490 85 0 
x -800 -726 -305 0 
x -976 813 -30 0 
x -860 -556 -834 0 
x 314 400 -229 0 
x -816 -230 -210 0 
x -380 41 225 0 
x -670 893 -772 0 
x -784 -824 -703 0 
x -604 282 641 0 
x -20 396 613 0 
x 947 -573 -857 0 
x 757 -344 307 0 
x -841 694 -509 0 
x -796 -716 684 0 
x -873 -455 93 0 
x -656 413 910 0 
x -997 -744 -501 0 
x -133 110 166 0 
x -216 -19 791 0 
x 805 451 -276 0 
x 743 -169 22 0 
x 35 -750 -563 0 
x 38 568 316 0 
x -643 -810 -699 0 
x -620 -280 -819 0 
x -376 576 524 0 
x -998 451 917 0 
x -862 -539 -350 0 
x -839 293 498 0 
x -263 682 456 0 
x 215 -551 -707 0 
x -928 133 506 0 
x -623 902 -774 0 
x 15 -113 382 0 
x -324 -84 871 0 
x 638 -110 -225 0 
x -756 538 -8 0 
x 149 845 -451 0 
x -531 -292 -885 0 
x 942 885 -679 0 
x -205 969 -808 0 
x 529 -926 -383 0 
x 170 -610 -333 0 
x -542 572 174 0 
x 794 236 828 0 
x -787 144 785 0 
x -197 -624 128 0 
x 664 -583 304 0 
x -257 815 898 0 
x 434 836 938 0 
x -936 -313 410 0 
x -486 -596 -490 0 
x 32 175 -348 0 
x 878 928 184 0 
x 456 731 -303 0 
x 470 476 47 0 
x 339 -285 -809 0 
x -20 -29 -952 0 
x -495 549 708 0 
x 507 908 -248 0 
x -768 389 928 0 
x -221 -543 -741 0 
x -837 856 898 0 
x -359 313 611 0 
x -272 205 -804 0 
x 142 797 -625 0 
x -704 -451 161 0 
x 381 -54 113 0 
x -777 239 975 0 
x 234 850 73 0 
x 657 -464 -791 0 
x -587 -667 892 0 
x 605 -964 -369 0 
x -176 -762 464 0 
x -714 -782 -621 0 
x 355 -565 -336 0 
x -225 -489 685 0 
x -966 136 907 0 
x 795 -352 -510 0 
x -283 87 -332 0 
x -302 -567 177 0 
x 540 553 902 0 
x -915 17 -67 0 
x -223 708 806 0 
x 676 -215 389 0 
x 373 -809 -174 0 
x 343 540 999 0 
x 319 525 -876 0 
x -711 -491 808 0 
x -311 -706 -262 0 
x 766 848 379 0 
x -609 95 -43 0 
x 981 271 334 0 
x 760 -4 -164 0 
x -797 -840 -855 0 
x -475 735 -774 0 
x -859 728 63 0 
x 473 -651 542 0 
x 729 153 -492 0 
x 623 631 998 0 
x -301 169 -552 0 
x -572 -78 -651 0 
x -285 470 430 0 
x 605 565 760 0 
x 350 -758 -400 0 
x 143 170 -749 0 
x -458 472 -627 0 
x -379 -658 562 0 
x -406 532 -642 0 
x -909 -537 -70 0 
x -790 633 -227 0 
x -504 -115 10 0 
x 918 878 -350 0 
x -240 499 -34 0 
x -678 480 304 0 
x -944 393 -581 0 
x -368 -152 843 0 
x 244 -599 -79 0 
x -789 726 594 0 
x -201 -169 -658 0 
x -502 845 -65 0 
x -107 751 -920 0 
x -793 411 894 0 
x -533 17 186 0 
x -145 856 -312 0 
x 713 34 -507 0 
x 416 165 -462 0 
x -974 -948 -183 0 
x -723 347 -205 0 
x -749 -6 311 0 
x -136 -231 677 0 
x -271 -375 -281 0 
x -663 874 -862 0 
x -268 951 360 0 
x 730 -19 -800 0 
x -74 703 288 0 
x -475 -658 -958 0 
x 702 -410 967 0 
x -446 -885 627 0 
x 613 893 716 0 
x -352 935 -99 0 
x 778 597 658 0 
x -115 -44 -728 0 
x 911 -214 452 0 
x -395 -577 -138 0 
x -84 179 26 0 
x 181 -41 1 0 
x -852 -370 -243 0 
x -469 972 71 0 
x 647 965 635 0 
x 673 -129 -937 0 
x 241 -247 670 0 
x 195 -536 739 0 
x 959 -24 -851 0 
x -675 -72 -393 0 
x 731 257 -874 0 
x -693 -560 -590 0 
x -95 236 344 0 
x 395 518 437 0 
x -602 966 -582 0 
x -280 -611 -487 0 
x -235 -99 -865 0 
x 122 -460 482 0 
x 188 144 500 0 
x 228 -812 -758 0 
x 496 -584 609 0 
x -191 456 -920 0 
x -674 -938 -300 0 
x -16 -221 311 0 
x -389 995 607 0 
x -619 67 524 0 
x -92 59 74 0 
x 492 -712 -446 0 
x -598 426 60 0 
x 383 170 -7 0 
x 860 -223 264 0 
x 553 738 822 0 
x -953 -754 -282 0 
x -87 -875 467 0 
x -277 469 -809 0 
x -462 -978 388 0 
x -246 -696 17 0 
x -721 -439 696 0 
x -133 505 -888 0 
x -434 746 995 0 
x 142 339 419 0 
x 219 -215 -577 0 
x -21 762 -228 0 
x 261 -898 -175 0 
x 865 968 -309 0 
x -203 176 -432 0 
x 198 -578 -258 0 
x -660 -638 -878 0 
x 443 521 -661 0 
x -148 -286 162 0 
x -526 -640 -370 0 
x 724 380 522 0 
x -915 520 394 0 
x 171 -21 -688 0 
x -341 109 170 0 
x 606 -931 -596 0 
x -177 94 -76 0 
x -450 -443 -341 0 
x 590 225 972 0 
x 768 921 243 0 
x -49 86 535 0 
x -507 -655 583 0 
x 86 214 -184 0 
x 974 -263 -106 0 
x 692 10 -732 0 
x -425 -807 -552 0 
x 304 42 -761 0 
x 471 536 834 0 
x 20 294 -551 0 
