p cnf 1000 500
x -838 -298 -974 0 
x 378 -430 55 0 
x 728 -410 -56 0 
x -284 -97 -767 0 
x 783 324 -624 0 
x -998 163 -603 0 
x -567 -83 87 0 
x -834 506 262 0 
x 955 -918 -404 0 
x -31 -933 -660 0 
x -513 955 270 0 
x -936 431 991 0 
x -349 -83 782 0 
x 985 -129 70 0 
x 446 -995 764 0 
x 561 695 -612 0 
x -679 -514 -104 0 
x 792 -565 602 0 
x -704 -922 -753 0 
x -617 469 875 0 
x -860 480 -561 0 
x -439 -751 -869 0 
x -829 -893 882 0 
x 55 -60 -979 0 
x -111 -48 493 0 
x -866 -495 772 0 
x -438 -272 -102 0 
x -164 222 -997 0 
x 113 -394 812 0 
x -442 287 301 0 
x -67 -912 984 0 
x -383 142 -705 0 
x -474 -671 56 0 
x -284 797 427 0 
x -900 -579 416 0 
x -387 410 724 0 
x 571 339 -195 0 
x -563 525 -932 0 
x -86 991 803 0 
x 873 807 -273 0 
x 173 -88 -238 0 
x 877 895 -794 0 
x 172 572 -60 0 
x 617 644 -710 0 
x -30 -696 508 0 
x 856 220 724 0 
x 893 212 -8 0 
x -727 -268 -879 0 
x -711 -694 803 0 
x -451 -287 650 0 
x 314 556 -853 0 
x 872 -352 895 0 
x -876 796 62 0 
x -784 901 -23 0 
x 22 932 -960 0 
x 636 -566 678 0 
x 215 -693 -459 0 
x 819 -811 -625 0 
x 503 -46 866 0 
x -417 -437 -704 0 
x -556 -827 -933 0 
x -206 -155 -349 0 
x -370 125 824 0 
x 398 -740 -704 0 
x 854 -938 309 0 
x -682 -867 669 0 
x -509 -813 869 0 
x -879 -615 538 0 
x 435 521 -384 0 
x -664 -910 594 0 
x -235 32 -97 0 
x -724 -187 -573 0 
x 731 -408 -877 0 
x -290 -94 326 0 
x -654 689 -964 0 
x -666 136 229 0 
x 46 -119 435 0 
x -684 -769 -510 0 
x 764 -610 -211 0 
x -45 -594 -847 0 
x 630 -382 -258 0 
x -143 -422 322 0 
x -873 178 452 0 
x -956 794 -193 0 
x 625 -557 -931 0 
x 850 -118 307 0 
x -470 -718 -190 0 
x -195 -30 -419 0 
x 724 -627 -806 0 
x -398 -55 -824 0 
x 724 -598 838 0 
x 929 556 -372 0 
x -958 -901 926 0 
x 524 440 -816 0 
x -711 -397 -772 0 
x -946 -239 -108 0 
x -210 -454 -406 0 
x 223 380 313 0 
x 443 92 129 0 
x -691 197 701 0 
x 89 780 667 0 
x 541 148 -53 0 
x -461 700 225 0 
x 397 -512 -6 0 
x 144 932 -351 0 
x 25 881 248 0 
x -143 -839 302 0 
x 169 12 667 0 
x -185 -559 267 0 
x -868 434 -485 0 
x -990 -64 -127 0 
x -141 -808 649 0 
x 561 -702 480 0 
x -73 -988 238 0 
x -508 -266 -263 0 
x 231 956 -939 0 
x 22 889 329 0 
x 953 461 508 0 
x -521 -699 621 0 
x -173 724 -174 0 
x -685 -759 -252 0 
x 946 934 -92 0 
x -945 -143 -237 0 
x 568 678 958 0 
x 308 327 24 0 
x -603 -615 145 0 
x -162 960 -335 0 
x -730 -934 -608 0 
x 969 120 -912 0 
x -701 -354 54 0 
x 202 318 427 0 
x -860 -162 -799 0 
x -761 86 858 0 
x 979 732 155 0 
x -540 501 54 0 
x 801 -414 546 0 
x -93 469 -264 0 
x 43 960 -228 0 
x -913 813 637 0 
x 847 -930 -163 0 
x -545 231 682 0 
x 143 510 347 0 
x 695 242 626 0 
x -361 -978 571 0 
x 260 -710 7 0 
x 514 -211 11 0 
x -512 987 -365 0 
x -335 -840 80 0 
x -321 280 664 0 
x 399 641 242 0 
x 713 -949 987 0 
x 99 -576 208 0 
x 991 766 -743 0 
x 968 -539 860 0 
x 492 -241 125 0 
x 533 -770 -799 0 
x 55 447 -741 0 
x 803 -573 922 0 
x 993 942 -553 0 
x 339 715 929 0 
x 760 15 -781 0 
x -993 -71 -367 0 
x 609 -823 315 0 
x 623 803 191 0 
x 350 718 -380 0 
x 134 -538 295 0 
x 220 470 441 0 
x -977 58 -119 0 
x 915 992 -465 0 
x -420 656 431 0 
x -599 571 276 0 
x 276 327 -51 0 
x 751 -563 -616 0 
x -755 986 -760 0 
x -313 -893 530 0 
x 240 -629 499 0 
x 561 -87 180 0 
x 456 451 -413 0 
x -164 -734 456 0 
x 840 199 -72 0 
x -293 987 -943 0 
x 990 824 -67 0 
x -893 -673 -62 0 
x -881 94 234 0 
x -113 -558 843 0 
x -864 894 623 0 
x 281 916 -903 0 
x -188 227 -628 0 
x -520 944 943 0 
x 143 -218 983 0 
x 74 -434 547 0 
x -886 452 690 0 
x 663 149 786 0 
x -216 271 950 0 
x 186 104 -506 0 
x 957 -144 383 0 
x 548 -724 340 0 
x 313 513 -731 0 
x 199 -420 -298 0 
x 736 674 -622 0 
x 197 -206 -67 0 
x -877 545 546 0 
x -376 275 714 0 
x -784 579 -594 0 
x -269 520 -461 0 
x 827 -131 230 0 
x 433 -568 -155 0 
x 747 844 -393 0 
x -403 -675 574 0 
x 508 488 -590 0 
x 209 528 -469 0 
x 714 200 -557 0 
x -63 -665 -561 0 
x -126 323 -683 0 
x -51 85 406 0 
x -189 477 -134 0 
x 26 -638 293 0 
x 534 602 936 0 
x 692 -524 -260 0 
x -646 -993 -537 0 
x -606 989 174 0 
x -38 -17 -428 0 
x 431 810 881 0 
x 850 -52 653 0 
x -172 -625 601 0 
x 91 326 -511 0 
x -776 -272 -659 0 
x -319 498 -513 0 
x -776 73 544 0 
x -327 652 -350 0 
x -95 -674 -474 0 
x -813 -712 806 0 
x -399 -684 -889 0 
x 748 872 -667 0 
x -769 -960 224 0 
x 777 502 890 0 
x 831 15 -883 0 
x -130 918 -45 0 
x -291 249 -588 0 
x -11 -48 -795 0 
x 922 -287 216 0 
x -492 1000 -642 0 
x -658 511 -498 0 
x -896 685 -253 0 
x -276 -803 -473 0 
x 615 -870 661 0 
x 429 -904 -873 0 
x -883 337 512 0 
x 373 -337 -499 0 
x 348 300 -389 0 
x 203 -942 723 0 
x -353 258 468 0 
x -839 -418 -806 0 
x -888 -206 -383 0 
x 294 751 -575 0 
x 331 582 672 0 
x 487 647 -957 0 
x 916 576 -356 0 
x -413 89 -462 0 
x 990 540 484 0 
x 449 -366 536 0 
x 292 291 -797 0 
x 62 542 403 0 
x -270 975 -118 0 
x 153 619 -887 0 
x -303 -571 578 0 
x -657 -452 -152 0 
x 594 976 797 0 
x 545 485 266 0 
x 849 150 -164 0 
x 142 -248 769 0 
x -799 862 733 0 
x -406 322 239 0 
x -995 936 20 0 
x 491 735 962 0 
x -449 -975 -249 0 
x -300 -651 836 0 
x -607 -646 223 0 
x 817 -950 471 0 
x -741 300 -699 0 
x 740 -506 -500 0 
x 470 18 69 0 
x -63 614 -438 0 
x 872 -780 -446 0 
x 721 -491 835 0 
x 911 903 -461 0 
x -460 -104 -998 0 
x -694 665 -48 0 
x 633 544 -889 0 
x 434 -62 148 0 
x 957 -618 -694 0 
x -345 230 936 0 
x -93 981 320 0 
x -780 -765 618 0 
x 197 -20 549 0 
x 501 -569 -989 0 
x -652 758 35 0 
x 213 -520 -140 0 
x 911 674 108 0 
x 296 830 718 0 
x 33 -968 -714 0 
x 902 -518 -505 0 
x -316 -601 826 0 
x -399 529 -356 0 
x -275 -672 866 0 
x 470 950 -314 0 
x -100 -383 606 0 
x -279 -266 437 0 
x 89 566 -780 0 
x -565 286 -792 0 
x 484 -326 -90 0 
x 7 574 947 0 
x -728 -458 -515 0 
x -722 323 440 0 
x 318 278 506 0 
x -5 577 -26 0 
x 951 -133 -366 0 
x 890 -383 307 0 
x -489 -102 -594 0 
x 835 26 18 0 
x -255 -671 582 0 
x -112 523 -677 0 
x -298 -255 -716 0 
x -574 -265 -952 0 
x -699 544 -149 0 
x 183 -956 495 0 
x -509 -370 -272 0 
x -925 755 -367 0 
x 610 -968 392 0 
x -452 117 366 0 
x 886 891 -90 0 
x 472 -889 -134 0 
x 868 981 -23 0 
x -160 -155 600 0 
x -451 -391 348 0 
x -879 938 -442 0 
x -176 -697 -614 0 
x 268 -473 37 0 
x -792 -735 -657 0 
x 896 -294 -149 0 
x -48 -864 34 0 
x 13 -455 -804 0 
x -151 904 -191 0 
x -174 566 399 0 
x -955 -791 214 0 
x -51 613 -967 0 
x 912 -966 51 0 
x 336 851 -489 0 
x -415 -776 -530 0 
x 985 760 592 0 
x 762 -874 217 0 
x -369 -681 -873 0 
x 607 797 -908 0 
x -55 645 -778 0 
x 544 784 -268 0 
x 93 732 627 0 
x -582 -346 -344 0 
x 18 464 321 0 
x -188 -681 -185 0 
x -484 -265 789 0 
x 72 -784 -891 0 
x -776 -863 -8 0 
x 559 -710 919 0 
x 224 594 -719 0 
x -676 -670 999 0 
x -108 412 -990 0 
x 152 -553 910 0 
x 504 90 802 0 
x -895 522 -428 0 
x 901 971 -362 0 
x 287 -93 25 0 
x 668 -57 266 0 
x 108 -469 -479 0 
x -145 -16 272 0 
x 226 803 785 0 
x 367 -739 377 0 
x 736 -409 -174 0 
x -567 444 129 0 
x -458 -645 -954 0 
x 221 145 -971 0 
x 775 411 -933 0 
x -638 -796 -223 0 
x 306 336 -803 0 
x 528 -432 -829 0 
x 114 783 -217 0 
x 831 113 789 0 
x 462 177 -693 0 
x -614 -549 -458 0 
x 960 933 -212 0 
x 519 404 -669 0 
x -495 759 -323 0 
x -86 -757 -936 0 
x 965 -425 -421 0 
x -758 -135 -406 0 
x -715 515 700 0 
x -291 700 -172 0 
x 454 333 -887 0 
x 838 781 946 0 
x -942 -372 252 0 
x 903 547 750 0 
x -795 483 -136 0 
x -858 569 -456 0 
x -13 -943 -355 0 
x -216 -457 -876 0 
x -859 -12 329 0 
x 568 847 -606 0 
x -670 -798 747 0 
x 646 -745 -350 0 
x 353 442 -512 0 
x 372 50 -521 0 
x 589 -658 707 0 
x 168 -728 -986 0 
x 205 -572 951 0 
x -17 822 -311 0 
x -124 -7 534 0 
x -881 -269 389 0 
x 621 -162 -235 0 
x 401 980 -231 0 
x -603 -849 586 0 
x -178 94 787 0 
x 958 836 6 0 
x 319 -104 -486 0 
x -989 369 -224 0 
x -762 -186 -489 0 
x -647 365 2 0 
x 673 -833 -370 0 
x 786 -46 742 0 
x 568 5 -623 0 
x -254 520 623 0 
x -836 441 904 0 
x 379 -842 498 0 
x -396 -987 663 0 
x -466 245 413 0 
x -204 -351 -363 0 
x -573 -363 726 0 
x 363 -767 456 0 
x -377 93 484 0 
x -426 -852 -989 0 
x -702 -10 -410 0 
x 621 -501 -847 0 
x 972 635 685 0 
x -62 -262 -775 0 
x 943 -953 157 0 
x -486 523 -565 0 
x 388 511 -708 0 
x -6 677 548 0 
x 837 -46 805 0 
x 392 854 -884 0 
x 452 -905 492 0 
x 258 -647 -212 0 
x -429 -426 329 0 
x 674 -821 -800 0 
x 552 63 -167 0 
x 454 -847 -893 0 
x -820 -10 -377 0 
x -21 56 978 0 
x 820 -718 -808 0 
x -415 -985 -30 0 
x 598 978 -658 0 
x 33 -71 -772 0 
x 1000 -633 -726 0 
x 848 635 -476 0 
x 336 831 688 0 
x -899 562 -521 0 
x 350 -264 702 0 
x -752 -505 -251 0 
x 115 -363 740 0 
x 722 -610 -399 0 
x -917 434 -464 0 
x -646 -931 -998 0 
x -743 132 285 0 
x -621 -258 -102 0 
x 23 517 104 0 
x 745 -405 -168 0 
x 425 -827 -656 0 
x 530 771 177 0 
x 690 -237 -98 0 
x 911 56 273 0 
x -549 840 59 0 
x -112 -221 683 0 
x 555 -376 697 0 
x 737 -804 -961 0 
x -788 -878 681 0 
x 921 -728 361 0 
x -829 186 -796 0 
x 129 472 600 0 
x 70 326 -69 0 
x 33 227 -386 0 
x 331 367 830 0 
x 150 111 356 0 
x 629 -756 829 0 
x 672 337 -591 0 
x 340 67 -585 0 
x 820 526 -373 0 
x -444 518 219 0 
x 93 -372 -478 0 
x -89 461 34 0 
x 962 -239 569 0 
x 676 -111 207 0 
x -478 619 -206 0 
