res_constrained	res_constrained_updatefactor_1	res_unconstrained	res_unconstrained_abs	res_unconstrained_abs_beta_0.5	res_unconstrained_abs_beta_0.5_updatefactor_1	res_unconstrained_beta_0.5	res_unconstrained_beta_0.5_updatefactor_1	res_unconstrained_new	res_unconstrained_new_SLSQP	res_unconstrained_new_updatefactor_1	
s3v110c700-1.cnf	88	88	88	88	88	88	88	88	12	12	99999	
s3v110c1100-9.cnf	130	130	130	130	130	130	130	130	99999	38	99999	
s3v110c900-8.cnf	116	116	116	116	116	116	116	116	27	27	99999	
s3v110c1000-3.cnf	132	132	132	132	132	132	132	132	99999	29	99999	
s3v110c1100-7.cnf	141	141	47	141	141	141	141	141	47	47	99999	
s3v110c1100-1.cnf	122	122	40	122	122	122	122	122	40	40	99999	
s3v110c1000-4.cnf	139	139	139	139	139	139	139	139	33	33	33	
s3v110c800-3.cnf	97	97	97	97	97	97	20	97	99999	17	99999	
s3v110c1100-2.cnf	150	150	55	150	150	150	52	52	55	55	99999	
s3v110c800-8.cnf	118	118	118	118	118	118	118	118	99999	20	99999	
s3v110c700-6.cnf	81	81	81	81	81	81	81	81	12	13	99999	
s3v110c1100-8.cnf	165	165	50	165	165	165	165	165	50	48	99999	
s3v110c900-10.cnf	115	115	115	115	115	115	115	115	24	23	99999	
s3v110c1000-1.cnf	133	133	41	133	133	133	133	133	41	41	41	
s3v110c800-6.cnf	92	92	92	92	92	92	92	92	99999	22	99999	
s3v110c1000-9.cnf	127	127	127	127	127	127	127	127	36	37	99999	
s3v110c800-10.cnf	114	114	114	114	114	114	114	114	99999	17	99999	
s3v110c1000-10.cnf	126	126	36	126	126	126	126	126	36	36	36	
s3v110c700-3.cnf	79	79	79	79	79	79	21	79	11	11	99999	
s3v110c1000-2.cnf	100	100	100	100	100	100	100	100	99999	28	99999	
s3v110c800-2.cnf	96	96	96	96	96	96	96	96	18	20	99999	
s3v110c700-4.cnf	83	83	83	83	83	83	32	32	14	13	99999	
s3v110c700-2.cnf	84	84	84	84	84	84	27	84	99999	13	99999	
s3v110c900-4.cnf	110	110	110	110	110	110	110	110	99999	22	99999	
s3v110c900-9.cnf	103	103	103	103	103	103	103	103	99999	29	99999	
s3v110c800-1.cnf	92	92	92	92	92	92	92	92	99999	23	99999	
s3v110c700-5.cnf	92	92	15	92	92	92	21	21	15	11	99999	
s3v110c700-10.cnf	88	88	88	88	88	88	88	88	11	10	99999	
s3v110c1000-5.cnf	133	133	133	133	133	133	133	133	36	35	99999	
s3v110c1000-6.cnf	114	114	114	114	114	114	114	114	34	34	99999	
s3v110c900-2.cnf	100	100	100	100	100	100	100	100	25	25	99999	
s3v110c1100-6.cnf	139	139	139	139	139	139	139	139	99999	46	99999	
s3v110c900-5.cnf	103	103	103	103	103	103	34	34	99999	24	99999	
s3v110c1000-7.cnf	113	113	113	113	113	113	40	113	36	36	99999	
s3v110c900-7.cnf	125	125	125	125	125	125	125	125	99999	24	99999	
s3v110c1000-8.cnf	113	113	113	113	113	113	113	113	30	29	99999	
s3v110c800-7.cnf	102	102	18	102	102	102	102	102	18	18	99999	
s3v110c900-1.cnf	118	118	118	118	118	118	118	118	99999	26	99999	
s3v110c900-6.cnf	125	125	125	125	125	125	125	125	25	25	99999	
s3v110c900-3.cnf	104	104	104	104	104	104	104	104	99999	18	99999	
s3v110c1100-10.cnf	136	136	41	136	136	136	136	136	41	40	99999	
s3v110c800-5.cnf	93	93	93	93	93	93	93	93	99999	17	99999	
s3v110c700-9.cnf	89	89	89	89	89	89	89	89	99999	12	99999	
s3v110c1100-3.cnf	146	146	146	146	146	146	146	146	45	51	99999	
s3v110c700-7.cnf	82	82	82	82	82	82	82	82	10	10	99999	
s3v110c1100-5.cnf	155	155	47	155	155	155	155	155	47	49	99999	
s3v110c700-8.cnf	98	98	98	98	98	98	98	98	99999	15	99999	
s3v110c1100-4.cnf	153	153	153	153	153	153	153	153	45	46	99999	
s3v110c800-4.cnf	103	103	103	103	103	103	103	103	99999	19	99999	
s3v110c800-9.cnf	103	103	103	103	103	103	103	103	16	17	99999	
s3v90c900-7.cnf	103	103	29	103	103	103	103	103	99999	99999	99999	
s3v90c1100-6.cnf	131	131	69	131	131	131	131	131	99999	99999	99999	
s3v90c900-6.cnf	97	97	34	97	97	97	97	97	99999	99999	99999	
s3v90c1200-3.cnf	139	139	69	139	139	139	139	139	99999	99999	99999	
s3v90c700-1.cnf	81	81	81	81	81	81	32	81	99999	99999	99999	
s3v90c1300-7.cnf	146	146	90	146	146	146	146	146	99999	99999	99999	
s3v90c800-5.cnf	87	87	87	87	87	87	87	87	99999	99999	99999	
s3v90c1200-5.cnf	120	120	82	120	120	120	120	120	99999	99999	99999	
s3v90c1000-4.cnf	100	100	38	100	100	100	100	100	99999	99999	99999	
s3v90c900-3.cnf	107	107	107	107	107	107	107	107	99999	99999	99999	
s3v90c1300-5.cnf	160	160	81	160	160	160	160	160	99999	99999	99999	
s3v90c800-7.cnf	89	89	89	89	89	89	89	89	99999	99999	99999	
s3v90c900-5.cnf	123	123	123	123	123	123	123	123	99999	99999	99999	
s3v90c1000-3.cnf	138	138	52	138	138	138	45	45	52	99999	99999	
s3v90c1100-4.cnf	116	116	58	116	116	116	116	116	99999	99999	99999	
s3v90c700-3.cnf	75	75	16	75	75	75	75	75	99999	99999	99999	
s3v90c1100-3.cnf	144	144	64	144	144	144	144	144	99999	99999	99999	
s3v90c1300-2.cnf	163	163	82	163	163	163	163	163	99999	99999	99999	
s3v90c1300-6.cnf	189	189	75	189	189	189	189	189	99999	99999	99999	
s3v90c1200-6.cnf	143	143	77	143	143	143	143	143	99999	99999	99999	
s3v90c1200-4.cnf	163	163	76	163	163	163	163	163	99999	99999	99999	
s3v90c1100-2.cnf	138	138	64	138	138	138	138	138	99999	99999	99999	
s3v90c1000-1.cnf	129	129	37	129	129	129	129	129	37	99999	99999	
s3v90c800-1.cnf	90	90	23	90	90	90	90	90	99999	99999	99999	
s3v90c1300-1.cnf	154	154	90	154	154	154	154	154	99999	99999	99999	
s3v90c1000-5.cnf	125	125	55	125	125	125	125	125	99999	99999	99999	
s3v90c1200-1.cnf	142	142	60	142	142	142	142	142	99999	99999	99999	
s3v90c1100-1.cnf	147	147	60	147	147	147	147	147	99999	99999	99999	
s3v90c700-7.cnf	85	85	18	85	85	85	27	27	99999	99999	99999	
s3v90c1300-3.cnf	166	166	78	166	166	166	166	166	99999	99999	99999	
s3v90c1200-7.cnf	120	120	74	120	120	120	120	120	99999	99999	99999	
s3v90c900-4.cnf	110	110	33	110	110	110	110	110	99999	99999	99999	
s3v90c1100-5.cnf	132	132	49	132	132	132	132	132	99999	99999	99999	
s3v90c800-6.cnf	104	104	104	104	104	104	104	104	99999	99999	99999	
s3v90c1000-7.cnf	113	113	54	113	113	113	113	113	99999	99999	99999	
s3v90c1200-2.cnf	148	148	77	148	148	148	148	148	99999	99999	99999	
s3v90c1000-2.cnf	111	111	58	111	111	111	111	111	59	99999	99999	
s3v90c700-5.cnf	78	78	78	78	78	78	31	78	99999	99999	99999	
s3v90c1100-7.cnf	147	147	67	147	147	147	147	147	99999	99999	99999	
s3v90c900-2.cnf	133	133	133	133	133	133	133	133	99999	99999	99999	
s3v90c1300-4.cnf	165	165	97	165	165	165	165	165	99999	99999	99999	
s3v90c1000-6.cnf	125	125	62	125	125	125	125	125	99999	99999	99999	
s3v90c700-6.cnf	78	78	22	78	78	78	78	78	99999	99999	99999	
s3v90c900-1.cnf	106	106	106	106	106	106	106	106	99999	99999	99999	
s3v90c800-3.cnf	109	109	109	109	109	109	31	109	99999	99999	99999	
s3v90c800-4.cnf	105	105	22	105	105	105	105	105	99999	99999	99999	
s3v90c700-4.cnf	92	92	92	92	92	92	28	92	99999	99999	99999	
s3v90c800-2.cnf	105	105	105	105	105	105	105	105	99999	99999	99999	
s3v90c700-2.cnf	91	91	91	91	91	91	28	91	99999	99999	99999	
s3v70c1300-5.cnf	184	184	97	184	184	184	184	184	97	99999	99999	
s3v70c1500-5.cnf	184	184	118	184	184	184	184	184	99999	99999	99999	
s3v70c1500-1.cnf	177	177	112	177	177	177	177	177	111	99999	99999	
s3v70c900-4.cnf	112	112	52	112	112	112	112	112	99999	99999	99999	
s3v70c1400-4.cnf	175	175	99	175	175	175	175	175	99	99999	99999	
s3v70c1500-4.cnf	190	190	120	190	190	190	190	190	99999	99999	99999	
s3v70c800-1.cnf	97	97	42	97	97	97	97	97	99999	99999	99999	
s3v70c900-1.cnf	108	108	46	108	108	108	108	108	99999	99999	99999	
s3v70c1200-2.cnf	159	159	86	159	159	159	159	159	86	99999	99999	
s3v70c1400-2.cnf	158	158	106	158	158	158	158	158	106	99999	99999	
s3v70c1300-3.cnf	170	170	92	170	170	170	170	170	92	99999	99999	
s3v70c900-3.cnf	122	122	49	122	122	122	122	122	49	99999	99999	
s3v70c1500-3.cnf	172	172	116	172	172	172	172	172	116	99999	99999	
s3v70c700-1.cnf	82	82	23	82	82	82	31	82	23	99999	99999	
s3v70c800-2.cnf	101	101	46	101	101	101	101	101	46	99999	99999	
s3v70c800-4.cnf	121	121	31	121	121	121	33	33	99999	99999	99999	
s3v70c900-5.cnf	108	108	52	108	108	108	51	51	99999	99999	99999	
s3v70c1000-4.cnf	118	118	62	118	118	118	118	118	62	62	99999	
s3v70c1200-1.cnf	141	141	82	141	141	141	74	141	82	82	99999	
s3v70c1200-4.cnf	142	142	91	142	142	142	142	142	91	99999	99999	
s3v70c1000-2.cnf	127	127	51	127	127	127	127	127	51	48	99999	
s3v70c1400-1.cnf	164	164	109	164	164	164	164	164	109	99999	99999	
s3v70c700-2.cnf	85	85	21	85	85	85	32	32	21	99999	99999	
s3v70c1100-3.cnf	145	145	73	145	145	145	58	58	73	71	99999	
s3v70c1300-1.cnf	160	160	104	160	160	160	160	160	104	99999	99999	
s3v70c1200-3.cnf	157	157	89	157	157	157	157	157	89	89	99999	
s3v70c1000-3.cnf	133	133	66	133	133	133	133	133	66	58	99999	
s3v70c1000-1.cnf	120	120	66	120	120	120	55	120	66	66	99999	
s3v70c700-4.cnf	89	89	36	89	89	89	28	89	36	99999	99999	
s3v70c1400-5.cnf	199	199	105	199	199	199	199	199	105	99999	99999	
s3v70c700-5.cnf	85	85	22	85	85	85	85	85	99999	99999	99999	
s3v70c1400-3.cnf	172	172	105	172	172	172	172	172	105	99999	99999	
s3v70c1200-5.cnf	156	156	84	156	156	156	156	156	84	84	99999	
s3v70c800-3.cnf	103	103	35	103	103	103	103	103	99999	99999	99999	
s3v70c900-2.cnf	114	114	48	114	114	114	114	114	48	99999	99999	
s3v70c1000-5.cnf	127	127	59	127	127	127	127	127	59	58	99999	
s3v70c700-3.cnf	89	89	32	89	89	89	32	89	32	99999	99999	
s3v70c1100-2.cnf	143	143	71	143	143	143	58	143	71	71	99999	
s3v70c1300-4.cnf	158	158	99	158	158	158	158	158	99	99999	99999	
s3v70c1100-1.cnf	130	130	73	130	130	130	130	130	73	73	99999	
s3v70c1500-2.cnf	178	178	114	178	178	178	178	178	114	99999	99999	
s3v70c800-5.cnf	88	88	39	88	88	88	88	88	39	99999	99999	
s3v70c1100-4.cnf	129	129	70	129	129	129	129	129	70	67	99999	
s3v70c1100-5.cnf	137	137	66	137	137	137	137	137	66	66	99999	
s3v70c1300-2.cnf	152	152	107	152	152	152	152	152	104	99999	99999	
readme.txt	99999	99999	99999	99999	99999	99999	99999	99999	99999	99999	99999	
scpcyc10_maxsat.cnf	11520	11520	11520	11520	11520	11520	11520	11520	99999	99999	99999	
scpcyc08_maxsat.cnf	1792	1792	1792	1792	1792	1792	1792	1792	99999	99999	99999	
scpcyc11_maxsat.cnf	28160	28160	28160	28160	28160	28160	28160	28160	99999	99999	99999	
scpcyc09_maxsat.cnf	4608	4608	4608	4608	4608	4608	4608	4608	99999	99999	99999	
scpcyc06_maxsat.cnf	240	240	240	80	96	96	92	89	99999	99999	99999	
scpcyc07_maxsat.cnf	672	672	672	672	672	672	672	672	99999	99999	99999	
scpclr11_maxsat.cnf	1023	1023	1023	1023	1023	1023	1023	1023	99999	99999	99999	
scpclr10_maxsat.cnf	511	511	511	511	511	511	511	511	99999	99999	99999	
scpclr12_maxsat.cnf	2047	2047	2047	2047	2047	2047	2047	2047	99999	99999	99999	
maxcut-140-630-0.7-20.cnf	630	630	630	630	630	630	630	630	99999	99999	99999	
maxcut-140-630-0.7-15.cnf	630	630	630	630	630	630	630	630	99999	99999	99999	
maxcut-140-630-0.7-18.cnf	630	630	630	630	630	630	630	630	99999	99999	99999	
maxcut-140-630-0.7-11.cnf	630	630	630	630	630	630	630	630	99999	99999	99999	
maxcut-140-630-0.7-5.cnf	630	630	630	630	630	630	630	630	99999	99999	99999	
maxcut-140-630-0.7-12.cnf	630	630	630	630	630	630	630	630	99999	99999	99999	
maxcut-140-630-0.7-21.cnf	630	630	630	630	630	630	630	630	99999	99999	99999	
maxcut-140-630-0.7-16.cnf	630	630	630	630	630	630	630	630	99999	99999	99999	
maxcut-140-630-0.7-6.cnf	630	630	630	630	630	630	630	630	99999	99999	99999	
maxcut-140-630-0.7-3.cnf	630	630	630	630	630	630	630	630	99999	99999	99999	
maxcut-140-630-0.7-14.cnf	630	630	630	630	630	630	630	630	99999	99999	99999	
maxcut-140-630-0.7-19.cnf	630	630	630	630	630	630	630	630	99999	99999	99999	
maxcut-140-630-0.7-9.cnf	630	630	630	630	630	630	630	630	99999	99999	99999	
maxcut-140-630-0.7-8.cnf	630	630	630	630	630	630	630	630	99999	99999	99999	
maxcut-140-630-0.7-4.cnf	630	630	630	630	630	630	630	630	99999	99999	99999	
maxcut-140-630-0.7-13.cnf	630	630	630	630	630	630	630	630	99999	99999	99999	
maxcut-140-630-0.7-17.cnf	630	630	630	630	630	630	630	630	99999	99999	99999	
maxcut-140-630-0.7-7.cnf	630	630	630	630	630	630	630	630	99999	99999	99999	
maxcut-140-630-0.7-10.cnf	630	630	630	630	630	630	630	630	99999	99999	99999	
maxcut-140-630-0.8-4.cnf	629	629	629	629	629	629	629	629	99999	99999	99999	
maxcut-140-630-0.8-6.cnf	629	629	629	629	629	629	629	629	99999	99999	99999	
maxcut-140-630-0.8-8.cnf	629	629	629	629	629	629	629	629	99999	99999	99999	
maxcut-140-630-0.8-10.cnf	629	629	629	629	629	629	629	629	99999	99999	99999	
maxcut-140-630-0.8-2.cnf	629	629	629	629	629	629	629	629	99999	99999	99999	
maxcut-140-630-0.8-7.cnf	629	629	629	629	629	629	629	629	99999	99999	99999	
maxcut-140-630-0.8-16.cnf	629	629	629	629	629	629	629	629	99999	99999	99999	
maxcut-140-630-0.8-13.cnf	629	629	629	629	629	629	629	629	99999	99999	99999	
maxcut-140-630-0.8-1.cnf	629	629	629	629	629	629	629	629	99999	99999	99999	
maxcut-140-630-0.8-3.cnf	629	629	629	629	629	629	629	629	99999	99999	99999	
maxcut-140-630-0.8-5.cnf	629	629	629	629	629	629	629	629	99999	99999	99999	
maxcut-140-630-0.8-11.cnf	629	629	629	629	629	629	629	629	99999	99999	99999	
maxcut-140-630-0.8-18.cnf	629	629	629	629	629	629	629	629	99999	99999	99999	
maxcut-140-630-0.8-15.cnf	629	629	629	629	629	629	629	629	99999	99999	99999	
maxcut-140-630-0.8-9.cnf	629	629	629	629	629	629	629	629	99999	99999	99999	
maxcut-140-630-0.8-14.cnf	629	629	629	629	629	629	629	629	99999	99999	99999	
maxcut-140-630-0.8-19.cnf	629	629	629	629	629	629	629	629	99999	99999	99999	
maxcut-140-630-0.8-17.cnf	629	629	629	629	629	629	629	629	99999	99999	99999	
maxcut-140-630-0.8-12.cnf	629	629	629	629	629	629	629	629	99999	99999	99999	
maxcut-140-630-0.8-20.cnf	629	629	629	629	629	629	629	629	99999	99999	99999	
t4pm3-6666.spn.cnf	96	96	42	58	66	66	46	46	99999	99999	99999	
t5pm3-7777.spn.cnf	188	188	188	188	188	188	188	188	99999	99999	99999	
t3pm3-5555.spn.cnf	41	41	17	23	27	27	17	17	99999	99999	99999	
t6pm3-8888.spn.cnf	324	324	324	324	324	324	324	324	99999	99999	99999	
t7pm3-9999.spn.cnf	515	515	515	515	515	515	515	515	99999	99999	99999	
scpcyc10_maxsat.cnf	11520	11520	11520	11520	11520	11520	11520	11520	99999	99999	99999	
scpcyc08_maxsat.cnf	1792	1792	1792	1792	1792	1792	1792	1792	99999	99999	99999	
scpcyc11_maxsat.cnf	28160	28160	28160	28160	28160	28160	28160	28160	99999	99999	99999	
scpcyc09_maxsat.cnf	4608	4608	4608	4608	4608	4608	4608	4608	99999	99999	99999	
scpcyc06_maxsat.cnf	240	240	240	80	96	96	92	89	99999	99999	99999	
scpcyc07_maxsat.cnf	672	672	672	672	672	672	672	672	99999	99999	99999	
scpclr11_maxsat.cnf	1023	1023	1023	1023	1023	1023	1023	1023	99999	99999	99999	
scpclr10_maxsat.cnf	511	511	511	511	511	511	511	511	99999	99999	99999	
scpclr12_maxsat.cnf	2047	2047	2047	2047	2047	2047	2047	2047	99999	99999	99999	
c-fat500-5.clq.cnf	200	200	93	90	90	90	90	90	99999	99999	99999	
hamming6-2.clq.cnf	1824	1824	1824	1824	1824	1824	1824	1824	99999	99999	99999	
c-fat500-2.clq.cnf	68	68	26	24	26	26	24	24	99999	99999	99999	
MANN_a45.clq.cnf	859	859	859	859	859	859	587	587	99999	99999	99999	
c-fat200-2.clq.cnf	114	114	26	35	39	39	26	26	99999	99999	99999	
c-fat500-1.clq.cnf	24	24	2	2	5	2	3	2	99999	99999	99999	
hamming6-4.clq.cnf	704	704	704	704	704	704	704	704	99999	99999	99999	
san200_0.7_1.clq.cnf	558	558	253	558	558	558	257	272	99999	99999	99999	
hamming8-2.clq.cnf	903	903	903	903	903	903	483	483	99999	99999	99999	
hamming10-2.clq.cnf	820	820	456	820	820	820	400	400	99999	99999	99999	
san400_0.5_1.clq.cnf	395	395	149	186	395	395	161	161	99999	99999	99999	
p_hat700-3.clq.cnf	630	630	311	630	630	630	287	287	99999	99999	99999	
san400_0.7_2.clq.cnf	563	563	299	563	563	563	253	253	99999	99999	99999	
brock400_1.clq.cnf	596	596	284	596	596	596	278	283	99999	99999	99999	
san200_0.7_2.clq.cnf	562	562	265	562	562	562	265	272	99999	99999	99999	
brock400_2.clq.cnf	594	594	272	594	594	594	305	305	99999	99999	99999	
san400_0.7_3.clq.cnf	547	547	318	547	547	547	241	246	99999	99999	99999	
p_hat500-2.clq.cnf	455	455	186	455	216	455	455	455	99999	99999	99999	
san400_0.7_1.clq.cnf	560	560	258	560	560	560	258	289	99999	99999	99999	
johnson8-2-4.clq.cnf	210	210	85	75	85	85	105	80	99999	99999	99999	
p_hat700-1.clq.cnf	209	209	68	83	85	85	64	73	99999	99999	99999	
keller4.clq.cnf	606	606	262	606	606	606	199	606	99999	99999	99999	
johnson8-4-4.clq.cnf	1855	1855	1855	1855	1855	1855	1855	1855	99999	99999	99999	
sanr200_0.9.clq.cnf	677	677	370	677	677	677	343	504	99999	99999	99999	
keller5.clq.cnf	615	615	322	615	615	615	266	299	99999	99999	99999	
san200_0.9_2.clq.cnf	702	702	363	702	702	702	347	347	99999	99999	99999	
san200_0.9_3.clq.cnf	710	710	344	710	710	710	328	328	99999	99999	99999	
MANN_a9.clq.cnf	918	918	493	918	918	918	460	460	99999	99999	99999	
p_hat300-3.clq.cnf	635	635	346	635	635	635	293	293	99999	99999	99999	
hamming10-4.clq.cnf	718	718	686	718	718	718	354	396	99999	99999	99999	
sanr400_0.5.clq.cnf	399	399	156	399	180	399	162	399	99999	99999	99999	
sanr400_0.7.clq.cnf	548	548	253	548	548	548	255	255	99999	99999	99999	
hamming8-4.clq.cnf	497	497	206	497	497	497	385	385	99999	99999	99999	
johnson16-2-4.clq.cnf	575	575	275	575	575	575	244	244	99999	99999	99999	
c-fat200-5.clq.cnf	323	323	122	150	155	155	131	131	99999	99999	99999	
san400_0.9_1.clq.cnf	678	678	433	678	678	678	345	345	99999	99999	99999	
brock800_4.clq.cnf	498	498	219	498	498	498	206	206	99999	99999	99999	
c-fat200-1.clq.cnf	46	46	4	6	10	10	6	6	99999	99999	99999	
sanr200_0.7.clq.cnf	546	546	231	265	546	546	232	232	99999	99999	99999	
brock200_3.clq.cnf	519	519	291	519	519	519	232	232	99999	99999	99999	
san200_0.9_1.clq.cnf	696	696	372	696	696	696	365	365	99999	99999	99999	
brock800_1.clq.cnf	511	511	220	511	511	511	210	210	99999	99999	99999	
johnson32-2-4.clq.cnf	764	764	379	764	764	764	374	374	99999	99999	99999	
p_hat300-2.clq.cnf	368	368	142	368	368	368	139	139	99999	99999	99999	
c-fat500-10.clq.cnf	420	420	226	420	420	420	232	242	99999	99999	99999	
p_hat700-2.clq.cnf	411	411	169	411	411	411	164	164	99999	99999	99999	
MANN_a81.clq.cnf	819	819	455	819	819	819	442	442	99999	99999	99999	
p_hat1000-3.clq.cnf	570	570	259	570	570	570	260	260	99999	99999	99999	
p_hat1000-1.clq.cnf	176	176	54	64	67	67	55	55	99999	99999	99999	
san1000.clq.cnf	372	372	181	372	163	372	163	163	99999	99999	99999	
p_hat1000-2.clq.cnf	371	371	159	371	371	371	153	153	99999	99999	99999	
p_hat300-1.clq.cnf	174	174	56	66	64	64	50	50	99999	99999	99999	
MANN_a27.clq.cnf	845	845	411	845	845	845	609	609	99999	99999	99999	
p_hat500-3.clq.cnf	655	655	337	655	655	655	355	355	99999	99999	99999	
brock200_2.clq.cnf	385	385	153	385	385	385	143	143	99999	99999	99999	
brock200_4.clq.cnf	514	514	258	514	514	514	222	224	99999	99999	99999	
p_hat500-1.clq.cnf	237	237	77	92	99	99	78	78	99999	99999	99999	
brock800_2.clq.cnf	513	513	237	513	513	513	239	239	99999	99999	99999	
brock200_1.clq.cnf	566	566	270	566	566	566	265	267	99999	99999	99999	
brock400_3.clq.cnf	568	568	255	568	568	568	253	281	99999	99999	99999	
brock800_3.clq.cnf	507	507	255	507	507	507	218	240	99999	99999	99999	
brock400_4.clq.cnf	589	589	262	285	589	589	359	382	99999	99999	99999	
s2v220c1500-3.cnf	750	750	750	750	750	750	750	750	99999	99999	99999	
s2v220c1300-3.cnf	650	650	650	650	650	650	650	650	99999	99999	99999	
s2v220c1900-2.cnf	950	950	950	950	950	950	950	950	99999	99999	99999	
s2v220c2300-1.cnf	1150	1150	1150	1150	1150	1150	1150	1150	99999	99999	99999	
s2v220c2100-3.cnf	1050	1050	1050	1050	1050	1050	1050	1050	99999	99999	99999	
s2v220c2500-1.cnf	1250	1250	1250	1250	1250	1250	1250	1250	99999	99999	99999	
s2v220c2400-3.cnf	1200	1200	1200	1200	1200	1200	1200	1200	99999	99999	99999	
s2v220c2300-3.cnf	1150	1150	1150	1150	1150	1150	1150	1150	99999	99999	99999	
s2v220c1500-2.cnf	750	750	750	750	750	750	750	750	99999	99999	99999	
s2v220c2200-1.cnf	1100	1100	1100	1100	1100	1100	1100	1100	99999	99999	99999	
s2v220c2500-3.cnf	1250	1250	1250	1250	1250	1250	1250	1250	99999	99999	99999	
s2v220c1400-1.cnf	700	700	700	700	700	700	700	700	99999	99999	99999	
s2v220c1200-2.cnf	600	600	600	600	600	600	600	600	99999	99999	99999	
s2v220c1300-2.cnf	650	650	650	650	650	650	650	650	99999	99999	99999	
s2v220c1900-3.cnf	950	950	950	950	950	950	950	950	99999	99999	99999	
s2v220c1700-3.cnf	850	850	850	850	850	850	850	850	99999	99999	99999	
s2v220c1600-2.cnf	800	800	800	800	800	800	800	800	99999	99999	99999	
s2v220c2000-3.cnf	1000	1000	1000	1000	1000	1000	1000	1000	99999	99999	99999	
s2v220c2600-3.cnf	1300	1300	1300	1300	1300	1300	1300	1300	99999	99999	99999	
s2v220c1900-1.cnf	950	950	950	950	950	950	950	950	99999	99999	99999	
s2v220c1600-1.cnf	800	800	800	800	800	800	800	800	99999	99999	99999	
s2v220c1800-2.cnf	900	900	900	900	900	900	900	900	99999	99999	99999	
s2v220c2100-1.cnf	1050	1050	1050	1050	1050	1050	1050	1050	99999	99999	99999	
s2v220c2300-2.cnf	1150	1150	1150	1150	1150	1150	1150	1150	99999	99999	99999	
s2v220c1600-3.cnf	800	800	800	800	800	800	800	800	99999	99999	99999	
s2v220c1400-3.cnf	700	700	700	700	700	700	700	700	99999	99999	99999	
s2v220c1500-1.cnf	750	750	750	750	750	750	750	750	99999	99999	99999	
s2v220c1800-3.cnf	900	900	900	900	900	900	900	900	99999	99999	99999	
s2v220c2400-2.cnf	1200	1200	1200	1200	1200	1200	1200	1200	99999	99999	99999	
s2v220c1400-2.cnf	700	700	700	700	700	700	700	700	99999	99999	99999	
s2v220c1700-2.cnf	850	850	850	850	850	850	850	850	99999	99999	99999	
s2v220c2500-2.cnf	1250	1250	1250	1250	1250	1250	1250	1250	99999	99999	99999	
s2v220c2000-1.cnf	1000	1000	1000	1000	1000	1000	1000	1000	99999	99999	99999	
s2v220c2200-3.cnf	1100	1100	1100	1100	1100	1100	1100	1100	99999	99999	99999	
s2v220c1200-3.cnf	600	600	600	600	600	600	600	600	99999	99999	99999	
s2v220c2000-2.cnf	1000	1000	1000	1000	1000	1000	1000	1000	99999	99999	99999	
s2v220c1800-1.cnf	900	900	900	900	900	900	900	900	99999	99999	99999	
s2v220c2100-2.cnf	1050	1050	1050	1050	1050	1050	1050	1050	99999	99999	99999	
s2v220c2400-1.cnf	1200	1200	1200	1200	1200	1200	1200	1200	99999	99999	99999	
s2v220c1700-1.cnf	850	850	850	850	850	850	850	850	99999	99999	99999	
s2v220c2600-2.cnf	1300	1300	1300	1300	1300	1300	1300	1300	99999	99999	99999	
s2v220c2600-1.cnf	1300	1300	1300	1300	1300	1300	1300	1300	99999	99999	99999	
s2v220c1300-1.cnf	650	650	650	650	650	650	650	650	99999	99999	99999	
s2v220c2200-2.cnf	1100	1100	1100	1100	1100	1100	1100	1100	99999	99999	99999	
s2v180c1200-2.cnf	600	600	600	600	600	600	600	600	99999	99999	99999	
s2v180c2500-2.cnf	1250	1250	1250	1250	1250	1250	1250	1250	99999	99999	99999	
s2v180c1500-2.cnf	750	750	750	750	750	750	750	750	99999	99999	99999	
s2v180c2000-2.cnf	1000	1000	1000	1000	1000	1000	1000	1000	99999	99999	99999	
s2v180c2000-1.cnf	1000	1000	1000	1000	1000	1000	1000	1000	99999	99999	99999	
s2v180c2300-2.cnf	1150	1150	1150	1150	1150	1150	1150	1150	99999	99999	99999	
s2v180c2600-2.cnf	1300	1300	1300	1300	1300	1300	1300	1300	99999	99999	99999	
s2v180c1800-2.cnf	900	900	900	900	900	900	900	900	99999	99999	99999	
s2v180c2300-3.cnf	1150	1150	1150	1150	1150	1150	1150	1150	99999	99999	99999	
s2v180c1300-3.cnf	650	650	650	650	650	650	650	650	99999	99999	99999	
s2v180c2500-3.cnf	1250	1250	1250	1250	1250	1250	1250	1250	99999	99999	99999	
s2v180c2000-3.cnf	1000	1000	1000	1000	1000	1000	1000	1000	99999	99999	99999	
s2v180c1300-1.cnf	650	650	650	650	650	650	650	650	99999	99999	99999	
s2v180c1800-3.cnf	900	900	900	900	900	900	900	900	99999	99999	99999	
s2v180c1900-2.cnf	950	950	950	950	950	950	950	950	99999	99999	99999	
s2v180c2600-1.cnf	1300	1300	1300	1300	1300	1300	1300	1300	99999	99999	99999	
s2v180c1500-1.cnf	750	750	750	750	750	750	750	750	99999	99999	99999	
s2v180c1700-1.cnf	850	850	850	850	850	850	850	850	99999	99999	99999	
s2v180c2200-3.cnf	1100	1100	1100	1100	1100	1100	1100	1100	99999	99999	99999	
s2v180c1500-3.cnf	750	750	750	750	750	750	750	750	99999	99999	99999	
s2v180c2100-2.cnf	1050	1050	1050	1050	1050	1050	1050	1050	99999	99999	99999	
s2v180c1400-2.cnf	700	700	700	700	700	700	700	700	99999	99999	99999	
s2v180c1200-1.cnf	600	600	600	600	600	600	600	600	99999	99999	99999	
s2v180c1200-3.cnf	600	600	600	600	600	600	600	600	99999	99999	99999	
s2v180c2100-1.cnf	1050	1050	1050	1050	1050	1050	1050	1050	99999	99999	99999	
s2v180c2500-1.cnf	1250	1250	1250	1250	1250	1250	1250	1250	99999	99999	99999	
s2v180c2200-1.cnf	1100	1100	1100	1100	1100	1100	1100	1100	99999	99999	99999	
s2v180c2100-3.cnf	1050	1050	1050	1050	1050	1050	1050	1050	99999	99999	99999	
s2v180c2400-1.cnf	1200	1200	1200	1200	1200	1200	1200	1200	99999	99999	99999	
s2v180c1600-1.cnf	800	800	800	800	800	800	800	800	99999	99999	99999	
s2v180c2300-1.cnf	1150	1150	1150	1150	1150	1150	1150	1150	99999	99999	99999	
s2v180c1800-1.cnf	900	900	900	900	900	900	900	900	99999	99999	99999	
s2v180c1900-3.cnf	950	950	950	950	950	950	950	950	99999	99999	99999	
s2v180c2400-2.cnf	1200	1200	1200	1200	1200	1200	1200	1200	99999	99999	99999	
s2v180c2200-2.cnf	1100	1100	1100	1100	1100	1100	1100	1100	99999	99999	99999	
s2v180c1600-3.cnf	800	800	800	800	800	800	800	800	99999	99999	99999	
s2v180c2400-3.cnf	1200	1200	1200	1200	1200	1200	1200	1200	99999	99999	99999	
s2v180c1400-1.cnf	700	700	700	700	700	700	700	700	99999	99999	99999	
s2v180c1700-2.cnf	850	850	850	850	850	850	850	850	99999	99999	99999	
s2v180c1900-1.cnf	950	950	950	950	950	950	950	950	99999	99999	99999	
s2v180c1300-2.cnf	650	650	650	650	650	650	650	650	99999	99999	99999	
s2v180c1700-3.cnf	850	850	850	850	850	850	850	850	99999	99999	99999	
s2v180c1600-2.cnf	800	800	800	800	800	800	800	800	99999	99999	99999	
s2v180c1400-3.cnf	700	700	700	700	700	700	700	700	99999	99999	99999	
s2v180c2600-3.cnf	1300	1300	1300	1300	1300	1300	1300	1300	99999	99999	99999	
s2v140c1200-1.cnf	600	600	600	600	600	600	600	600	99999	99999	99999	
s2v140c2500-2.cnf	1250	1250	459	1250	1250	1250	1250	1250	99999	99999	99999	
s2v140c2600-1.cnf	1300	1300	1300	1300	1300	1300	1300	1300	99999	99999	99999	
s2v140c1300-2.cnf	650	650	650	650	650	650	650	650	99999	99999	99999	
s2v140c2600-3.cnf	1300	1300	1300	1300	1300	1300	1300	1300	99999	99999	99999	
s2v140c1500-3.cnf	750	750	750	750	750	750	750	750	99999	99999	99999	
s2v140c1200-2.cnf	600	600	600	600	600	600	600	600	99999	99999	99999	
s2v140c1200-3.cnf	600	600	600	600	600	600	164	600	99999	99999	99999	
s2v140c2500-1.cnf	1250	1250	1250	1250	1250	1250	1250	1250	99999	99999	99999	
s2v140c1700-3.cnf	850	850	850	850	850	850	850	850	99999	99999	99999	
s2v140c2400-3.cnf	1200	1200	1200	1200	1200	1200	1200	1200	99999	99999	99999	
s2v140c2300-1.cnf	1150	1150	1150	1150	1150	1150	1150	1150	99999	99999	99999	
s2v140c1900-1.cnf	950	950	950	950	950	950	950	950	99999	99999	99999	
s2v140c1800-1.cnf	900	900	900	900	900	900	900	900	99999	99999	99999	
s2v140c1300-1.cnf	650	650	650	650	650	650	650	650	99999	99999	99999	
s2v140c1300-3.cnf	650	650	183	650	650	650	650	650	99999	99999	99999	
s2v140c2300-3.cnf	1150	1150	1150	1150	1150	1150	1150	1150	99999	99999	99999	
s2v140c2200-2.cnf	1100	1100	388	1100	1100	1100	1100	1100	99999	99999	99999	
s2v140c1700-2.cnf	850	850	850	850	850	850	850	850	99999	99999	99999	
s2v140c1900-2.cnf	950	950	950	950	950	950	950	950	99999	99999	99999	
s2v140c2000-2.cnf	1000	1000	1000	1000	1000	1000	1000	1000	99999	99999	99999	
s2v140c2400-1.cnf	1200	1200	1200	1200	1200	1200	1200	1200	99999	99999	99999	
s2v140c1600-1.cnf	800	800	800	800	800	800	800	800	99999	99999	99999	
s2v140c1700-1.cnf	850	850	850	850	850	850	850	850	99999	99999	99999	
s2v140c2500-3.cnf	1250	1250	1250	1250	1250	1250	1250	1250	99999	99999	99999	
s2v140c2100-1.cnf	1050	1050	1050	1050	1050	1050	1050	1050	99999	99999	99999	
s2v140c2300-2.cnf	1150	1150	415	1150	1150	1150	1150	1150	99999	99999	99999	
s2v140c1900-3.cnf	950	950	950	950	950	950	950	950	99999	99999	99999	
s2v140c1500-1.cnf	750	750	750	750	750	750	750	750	99999	99999	99999	
s2v140c1500-2.cnf	750	750	750	750	750	750	750	750	99999	99999	99999	
s2v140c2200-1.cnf	1100	1100	1100	1100	1100	1100	1100	1100	99999	99999	99999	
s2v140c2000-1.cnf	1000	1000	1000	1000	1000	1000	1000	1000	99999	99999	99999	
s2v140c1600-3.cnf	800	800	800	800	800	800	800	800	99999	99999	99999	
s2v140c2100-3.cnf	1050	1050	1050	1050	1050	1050	1050	1050	99999	99999	99999	
s2v140c2400-2.cnf	1200	1200	423	1200	1200	1200	1200	1200	99999	99999	99999	
s2v140c2100-2.cnf	1050	1050	1050	1050	1050	1050	1050	1050	99999	99999	99999	
s2v140c2600-2.cnf	1300	1300	1300	1300	1300	1300	1300	1300	99999	99999	99999	
s2v140c1800-3.cnf	900	900	900	900	900	900	900	900	99999	99999	99999	
s2v140c1400-1.cnf	700	700	700	700	700	700	700	700	99999	99999	99999	
s2v140c2200-3.cnf	1100	1100	387	1100	1100	1100	1100	1100	99999	99999	99999	
s2v140c1800-2.cnf	900	900	900	900	900	900	900	900	99999	99999	99999	
s2v140c1600-2.cnf	800	800	800	800	800	800	800	800	99999	99999	99999	
s2v140c1400-3.cnf	700	700	700	700	700	700	700	700	99999	99999	99999	
s2v140c2000-3.cnf	1000	1000	1000	1000	1000	1000	1000	1000	99999	99999	99999	
s2v140c1400-2.cnf	700	700	700	700	700	700	700	700	99999	99999	99999	
t4pm3-6666.spn.cnf	96	96	42	58	66	66	46	46	99999	99999	99999	
t5pm3-7777.spn.cnf	188	188	188	188	188	188	188	188	99999	99999	99999	
t3pm3-5555.spn.cnf	41	41	17	23	27	27	17	17	99999	99999	99999	
t6pm3-8888.spn.cnf	324	324	324	324	324	324	324	324	99999	99999	99999	
t7pm3-9999.spn.cnf	515	515	515	515	515	515	515	515	99999	99999	99999	
HG-4SAT-V150-C1350-5.cnf	94	94	38	94	94	94	94	94	99999	99999	99999	
HG-4SAT-V150-C1350-10.cnf	70	70	34	70	70	70	70	70	99999	99999	99999	
HG-4SAT-V150-C1350-8.cnf	73	73	51	73	73	73	73	73	99999	99999	99999	
HG-4SAT-V100-C900-20.cnf	55	55	23	55	55	55	55	55	99999	99999	99999	
HG-4SAT-V150-C1350-6.cnf	91	91	36	91	91	91	91	91	99999	99999	99999	
HG-4SAT-V150-C1350-2.cnf	71	71	36	71	71	71	71	71	99999	99999	99999	
HG-4SAT-V150-C1350-7.cnf	67	67	34	67	67	67	67	67	99999	99999	99999	
HG-4SAT-V150-C1350-3.cnf	73	73	29	73	73	73	73	73	99999	99999	99999	
HG-4SAT-V150-C1350-1.cnf	93	93	33	93	93	93	93	93	99999	99999	99999	
HG-4SAT-V100-C900-7.cnf	43	43	22	43	43	43	43	43	99999	99999	99999	
HG-4SAT-V150-C1350-9.cnf	75	75	33	75	75	75	75	75	99999	99999	99999	
HG-4SAT-V100-C900-4.cnf	46	46	20	46	46	46	46	46	99999	99999	99999	
HG-4SAT-V100-C900-19.cnf	55	55	21	55	55	55	55	55	99999	99999	99999	
HG-4SAT-V100-C900-23.cnf	49	49	19	49	49	49	49	49	99999	99999	99999	
HG-4SAT-V100-C900-14.cnf	64	64	24	64	64	64	64	64	99999	99999	99999	
HG-4SAT-V150-C1350-4.cnf	83	83	32	83	83	83	83	83	99999	99999	99999	
HG-3SAT-V300-C1200-7.cnf	149	149	149	149	149	149	149	149	99999	99999	99999	
HG-3SAT-V300-C1200-5.cnf	139	139	139	139	139	139	139	139	99999	99999	99999	
HG-3SAT-V250-C1000-8.cnf	122	122	122	122	122	122	122	122	99999	99999	99999	
HG-3SAT-V300-C1200-6.cnf	153	153	153	153	153	153	153	153	99999	99999	99999	
HG-3SAT-V250-C1000-5.cnf	111	111	111	111	111	111	111	111	99999	99999	99999	
HG-3SAT-V250-C1000-7.cnf	118	118	118	118	118	118	118	118	99999	99999	99999	
HG-3SAT-V250-C1000-2.cnf	122	122	122	122	122	122	122	122	99999	99999	99999	
HG-3SAT-V300-C1200-10.cnf	149	149	149	149	149	149	149	149	99999	99999	99999	
HG-3SAT-V300-C1200-8.cnf	156	156	156	156	156	156	156	156	99999	99999	99999	
HG-3SAT-V300-C1200-1.cnf	150	150	150	150	150	150	150	150	99999	99999	99999	
HG-3SAT-V300-C1200-9.cnf	141	141	141	141	141	141	141	141	99999	99999	99999	
HG-3SAT-V250-C1000-3.cnf	129	129	129	129	129	129	129	129	99999	99999	99999	
HG-3SAT-V300-C1200-4.cnf	144	144	144	144	144	144	144	144	99999	99999	99999	
HG-3SAT-V250-C1000-4.cnf	112	112	112	112	112	112	112	112	99999	99999	99999	
HG-3SAT-V250-C1000-6.cnf	136	136	136	136	136	136	136	136	99999	99999	99999	
HG-3SAT-V250-C1000-10.cnf	142	142	142	142	142	142	142	142	99999	99999	99999	
HG-3SAT-V300-C1200-3.cnf	151	151	151	151	151	151	151	151	99999	99999	99999	
HG-3SAT-V300-C1200-2.cnf	155	155	155	155	155	155	155	155	99999	99999	99999	
HG-3SAT-V250-C1000-9.cnf	121	121	121	121	121	121	121	121	99999	99999	99999	
s2v200c1200-2.cnf	313	313	138	313	313	313	313	313	99999	99999	99999	
s2v200c1400-7.cnf	340	340	159	340	340	340	340	340	99999	99999	99999	
s2v200c1200-5.cnf	286	286	127	286	286	286	286	286	99999	99999	99999	
s2v200c1700-1.cnf	406	406	211	406	406	406	406	406	99999	99999	99999	
s2v200c1600-3.cnf	397	397	200	397	397	397	397	397	99999	99999	99999	
s2v200c1500-1.cnf	379	379	179	379	379	379	379	379	99999	99999	99999	
s2v200c1600-1.cnf	383	383	215	383	383	383	383	383	99999	99999	99999	
s2v200c1500-7.cnf	368	368	368	368	368	368	368	368	99999	99999	99999	
s2v200c1600-2.cnf	416	416	190	416	416	416	416	416	99999	99999	99999	
s2v200c1300-3.cnf	335	335	127	335	335	335	335	335	99999	99999	99999	
s2v200c1700-4.cnf	409	409	231	409	409	409	409	409	99999	99999	99999	
s2v200c1400-3.cnf	349	349	161	349	349	349	349	349	99999	99999	99999	
s2v200c1700-7.cnf	435	435	218	435	435	435	435	435	99999	99999	99999	
s2v200c1800-6.cnf	432	432	432	432	432	432	432	432	99999	99999	99999	
s2v200c1500-2.cnf	366	366	171	366	366	366	366	366	99999	99999	99999	
s2v200c1700-3.cnf	405	405	231	405	405	405	405	405	99999	99999	99999	
s2v200c1500-3.cnf	385	385	173	385	385	385	385	385	99999	99999	99999	
s2v200c1700-5.cnf	396	396	228	396	396	396	396	396	99999	99999	99999	
s2v200c1300-7.cnf	296	296	133	296	296	296	296	296	99999	99999	99999	
s2v200c1700-2.cnf	414	414	219	414	414	414	414	414	99999	99999	99999	
s2v200c1400-1.cnf	354	354	169	354	354	354	354	354	99999	99999	99999	
s2v200c1200-6.cnf	291	291	139	291	291	291	291	291	99999	99999	99999	
s2v200c1500-6.cnf	394	394	196	394	394	394	394	394	99999	99999	99999	
s2v200c1500-4.cnf	392	392	194	392	392	392	392	392	99999	99999	99999	
s2v200c1300-4.cnf	344	344	147	344	344	344	154	344	99999	99999	99999	
s2v200c1200-7.cnf	308	308	121	308	308	308	308	308	99999	99999	99999	
s2v200c1200-4.cnf	310	310	120	310	310	310	310	310	99999	99999	99999	
s2v200c1700-6.cnf	468	468	231	468	468	468	468	468	99999	99999	99999	
s2v200c1300-6.cnf	310	310	145	310	310	310	310	310	99999	99999	99999	
s2v200c1800-1.cnf	442	442	219	442	442	442	442	442	99999	99999	99999	
s2v200c1800-5.cnf	440	440	246	440	440	440	440	440	99999	99999	99999	
s2v200c1800-4.cnf	431	431	237	431	431	431	431	431	99999	99999	99999	
s2v200c1800-7.cnf	431	431	253	431	431	431	431	431	99999	99999	99999	
s2v200c1600-4.cnf	402	402	402	402	402	402	402	402	99999	99999	99999	
s2v200c1800-2.cnf	437	437	238	437	437	437	437	437	99999	99999	99999	
s2v200c1800-3.cnf	448	448	247	448	448	448	448	448	99999	99999	99999	
s2v200c1400-5.cnf	373	373	169	373	373	373	373	373	99999	99999	99999	
s2v200c1400-4.cnf	371	371	177	371	371	371	371	371	99999	99999	99999	
s2v200c1300-2.cnf	314	314	157	314	314	314	314	314	99999	99999	99999	
s2v200c1400-2.cnf	347	347	156	347	347	347	347	347	99999	99999	99999	
s2v200c1500-5.cnf	358	358	195	358	358	358	358	358	99999	99999	99999	
s2v200c1600-7.cnf	407	407	216	407	407	407	407	407	99999	99999	99999	
s2v200c1200-3.cnf	307	307	131	307	307	307	307	307	99999	99999	99999	
s2v200c1600-6.cnf	418	418	196	418	418	418	418	418	99999	99999	99999	
s2v200c1600-5.cnf	404	404	207	404	404	404	404	404	99999	99999	99999	
s2v200c1400-6.cnf	381	381	149	381	381	381	381	381	99999	99999	99999	
s2v200c1300-1.cnf	320	320	157	320	320	320	151	320	99999	99999	99999	
s2v200c1300-5.cnf	317	317	156	317	317	317	317	317	99999	99999	99999	
s2v160c1900-3.cnf	461	461	284	461	461	461	461	461	99999	99999	99999	
s2v160c1400-2.cnf	343	343	184	343	343	343	343	343	99999	99999	99999	
s2v160c2000-3.cnf	514	514	302	514	514	514	514	514	99999	99999	99999	
s2v160c2600-1.cnf	604	604	604	604	604	604	604	604	99999	99999	99999	
s2v160c2100-3.cnf	528	528	327	528	528	528	528	528	99999	99999	99999	
s2v160c1400-1.cnf	335	335	335	335	335	335	335	335	99999	99999	99999	
s2v160c1700-2.cnf	467	467	251	467	467	467	467	467	99999	99999	99999	
s2v160c1600-3.cnf	397	397	229	397	397	397	397	397	99999	99999	99999	
s2v160c1800-3.cnf	446	446	277	446	446	446	446	446	99999	99999	99999	
s2v160c2400-3.cnf	578	578	406	578	578	578	578	578	99999	99999	99999	
s2v160c2500-1.cnf	593	593	412	593	593	593	593	593	99999	99999	99999	
s2v160c1800-2.cnf	477	477	279	477	477	477	477	477	99999	99999	99999	
s2v160c2300-3.cnf	590	590	590	590	590	590	590	590	99999	99999	99999	
s2v160c1300-1.cnf	316	316	187	316	316	316	316	316	99999	99999	99999	
s2v160c1600-2.cnf	422	422	238	422	422	422	422	422	99999	99999	99999	
s2v160c1300-3.cnf	339	339	177	339	339	339	339	339	99999	99999	99999	
s2v160c2200-3.cnf	558	558	350	558	558	558	558	558	99999	99999	99999	
s2v160c2100-1.cnf	513	513	317	513	513	513	513	513	99999	99999	99999	
s2v160c1500-3.cnf	384	384	197	384	384	384	384	384	99999	99999	99999	
s2v160c1500-2.cnf	367	367	220	367	367	367	367	367	99999	99999	99999	
s2v160c1500-1.cnf	377	377	194	377	377	377	377	377	99999	99999	99999	
s2v160c1900-1.cnf	482	482	279	482	482	482	482	482	99999	99999	99999	
s2v160c2300-1.cnf	563	563	373	563	563	563	563	563	99999	99999	99999	
s2v160c2400-1.cnf	611	611	611	611	611	611	611	611	99999	99999	99999	
s2v160c1200-3.cnf	325	325	156	325	325	325	325	325	99999	99999	99999	
s2v160c2200-1.cnf	551	551	331	551	551	551	551	551	99999	99999	99999	
s2v160c2200-2.cnf	554	554	354	554	554	554	554	554	99999	99999	99999	
s2v160c1200-2.cnf	310	310	139	310	310	310	310	310	99999	99999	99999	
s2v160c2500-3.cnf	602	602	602	602	602	602	602	602	99999	99999	99999	
s2v160c1700-1.cnf	411	411	247	411	411	411	411	411	99999	99999	99999	
s2v160c1600-1.cnf	398	398	250	398	398	398	398	398	99999	99999	99999	
s2v160c2400-2.cnf	603	603	397	603	603	603	603	603	99999	99999	99999	
s2v160c1900-2.cnf	466	466	277	466	466	466	466	466	99999	99999	99999	
s2v160c2600-3.cnf	623	623	444	623	623	623	623	623	99999	99999	99999	
s2v160c2100-2.cnf	516	516	516	516	516	516	516	516	99999	99999	99999	
s2v160c2000-1.cnf	514	514	316	514	514	514	514	514	99999	99999	99999	
s2v160c2600-2.cnf	618	618	421	618	618	618	618	618	99999	99999	99999	
s2v160c1300-2.cnf	310	310	145	310	310	310	310	310	99999	99999	99999	
s2v160c2000-2.cnf	483	483	283	483	483	483	483	483	99999	99999	99999	
s2v160c1700-3.cnf	429	429	274	429	429	429	429	429	99999	99999	99999	
s2v160c1400-3.cnf	338	338	180	338	338	338	338	338	99999	99999	99999	
s2v160c1800-1.cnf	468	468	288	468	468	468	468	468	99999	99999	99999	
s2v160c2300-2.cnf	560	560	381	560	560	560	560	560	99999	99999	99999	
s2v160c2500-2.cnf	653	653	413	653	653	653	653	653	99999	99999	99999	
s2v120c1800-3.cnf	452	452	300	452	452	452	452	452	99999	99999	99999	
s2v120c2100-2.cnf	521	521	380	521	521	521	521	521	99999	99999	99999	
s2v120c1500-1.cnf	396	396	219	396	396	396	396	396	99999	99999	99999	
s2v120c1400-1.cnf	361	361	212	361	361	361	206	361	99999	99999	99999	
s2v120c2400-1.cnf	565	565	410	565	565	565	408	565	99999	99999	99999	
s2v120c1600-1.cnf	422	422	247	422	422	422	422	422	99999	99999	99999	
s2v120c2100-3.cnf	550	550	357	550	550	550	340	550	99999	99999	99999	
s2v120c1900-2.cnf	504	504	319	504	504	504	308	504	99999	99999	99999	
s2v120c1700-1.cnf	440	440	282	440	440	440	440	440	99999	99999	99999	
s2v120c1700-3.cnf	449	449	252	449	449	449	449	449	99999	99999	99999	
s2v120c2200-2.cnf	538	538	399	538	538	538	538	538	99999	99999	99999	
s2v120c1200-3.cnf	296	296	180	296	296	296	296	296	99999	99999	99999	
s2v120c1400-3.cnf	354	354	203	354	354	354	354	354	99999	99999	99999	
s2v120c2300-3.cnf	541	541	375	541	541	541	373	373	99999	99999	99999	
s2v120c1600-3.cnf	391	391	248	391	391	391	238	391	99999	99999	99999	
s2v120c2200-1.cnf	512	512	392	512	512	512	512	512	99999	99999	99999	
s2v120c2500-1.cnf	598	598	448	598	598	598	598	598	99999	99999	99999	
s2v120c1700-2.cnf	416	416	268	416	416	416	416	416	99999	99999	99999	
s2v120c2200-3.cnf	539	539	391	539	539	539	539	539	99999	99999	99999	
s2v120c1300-3.cnf	333	333	185	333	333	333	333	333	99999	99999	99999	
s2v120c2300-1.cnf	584	584	410	584	584	584	584	584	99999	99999	99999	
s2v120c2600-3.cnf	658	658	477	658	658	658	454	658	99999	99999	99999	
s2v120c2600-1.cnf	640	640	466	640	640	640	451	640	99999	99999	99999	
s2v120c2000-3.cnf	508	508	508	508	508	508	508	508	99999	99999	99999	
s2v120c2100-1.cnf	487	487	352	487	487	487	340	487	99999	99999	99999	
s2v120c2500-3.cnf	617	617	462	617	617	617	441	617	99999	99999	99999	
s2v120c2400-3.cnf	627	627	409	627	627	627	393	393	99999	99999	99999	
s2v120c2400-2.cnf	604	604	604	604	604	604	417	604	99999	99999	99999	
s2v120c1200-2.cnf	322	322	171	322	322	322	322	322	99999	99999	99999	
s2v120c1500-2.cnf	406	406	229	406	406	406	406	406	99999	99999	99999	
s2v120c2000-2.cnf	503	503	350	503	503	503	503	503	99999	99999	99999	
s2v120c1800-2.cnf	492	492	285	492	492	492	492	492	99999	99999	99999	
s2v120c1500-3.cnf	376	376	222	376	376	376	376	376	99999	99999	99999	
s2v120c1900-1.cnf	477	477	322	477	477	477	477	477	99999	99999	99999	
s2v120c2600-2.cnf	658	658	498	658	658	658	492	492	99999	99999	99999	
s2v120c1300-2.cnf	357	357	183	357	357	357	357	357	99999	99999	99999	
s2v120c1600-2.cnf	423	423	261	423	423	423	423	423	99999	99999	99999	
s2v120c2500-2.cnf	636	636	489	636	636	636	452	636	99999	99999	99999	
s2v120c1900-3.cnf	465	465	318	465	465	465	465	465	99999	99999	99999	
s2v120c2000-1.cnf	448	448	326	448	448	448	448	448	99999	99999	99999	
s2v120c2300-2.cnf	553	553	553	553	553	553	396	396	99999	99999	99999	
s2v120c1300-1.cnf	339	339	194	339	339	339	184	339	99999	99999	99999	
s2v120c1800-1.cnf	414	414	313	414	414	414	414	414	99999	99999	99999	
s2v120c1400-2.cnf	380	380	202	380	380	380	380	380	99999	99999	99999	
