p cnf 1000 4000
-183 829 68 0 
-379 31 -374 0 
-882 -309 -350 0 
465 673 784 0 
-138 -569 345 0 
-583 -668 -528 0 
323 364 -414 0 
18 -109 -289 0 
528 -533 426 0 
729 -364 -280 0 
-2 479 732 0 
632 -729 -640 0 
490 -112 877 0 
-893 259 -629 0 
-630 -919 842 0 
-804 -943 -939 0 
-325 250 -436 0 
-610 726 456 0 
-691 -501 399 0 
-826 143 -823 0 
469 -876 -553 0 
-158 -385 -988 0 
62 858 -484 0 
-646 42 477 0 
-647 -975 -966 0 
718 178 470 0 
834 244 42 0 
845 -769 216 0 
-193 -833 -632 0 
100 -559 -758 0 
-71 649 -27 0 
381 -427 -121 0 
7 833 -813 0 
-86 230 -925 0 
-427 -399 -967 0 
-254 -726 527 0 
848 -639 -8 0 
370 856 959 0 
557 189 429 0 
-104 -73 31 0 
-402 868 756 0 
162 432 -707 0 
244 -985 77 0 
-216 513 453 0 
-60 177 297 0 
-898 -216 541 0 
-741 -191 -686 0 
-571 459 -728 0 
-950 -996 301 0 
-145 636 48 0 
932 -460 701 0 
-499 378 -335 0 
347 -734 277 0 
-458 501 -296 0 
596 749 200 0 
20 -460 947 0 
-503 674 979 0 
-181 602 -175 0 
-386 -111 839 0 
-857 -131 586 0 
358 260 -430 0 
328 346 -945 0 
665 558 -319 0 
524 -488 43 0 
-570 85 761 0 
49 979 -173 0 
-102 213 -119 0 
-892 -654 -156 0 
441 -362 -233 0 
-85 -131 113 0 
744 164 932 0 
36 -40 -22 0 
-180 769 -733 0 
60 -977 542 0 
-520 436 -233 0 
-850 -596 255 0 
849 -851 -474 0 
-976 -439 30 0 
457 381 -447 0 
-541 549 -885 0 
478 -904 -272 0 
-868 -783 704 0 
442 858 -526 0 
700 996 429 0 
31 -491 -979 0 
-933 206 -130 0 
258 785 755 0 
-244 290 35 0 
-223 -248 656 0 
800 -624 226 0 
-713 408 -357 0 
-499 275 261 0 
230 -998 246 0 
841 -893 354 0 
780 314 -30 0 
-289 -191 -608 0 
-47 242 700 0 
526 371 -34 0 
899 -192 771 0 
178 762 503 0 
-778 376 -731 0 
-618 -469 -453 0 
843 892 472 0 
387 -814 186 0 
168 -907 657 0 
328 -664 170 0 
533 186 764 0 
-721 -957 -84 0 
798 -642 -620 0 
-821 67 -949 0 
-44 -874 235 0 
267 -454 515 0 
-261 -385 687 0 
813 21 -951 0 
-53 -504 115 0 
932 -238 285 0 
890 -311 738 0 
-677 -191 387 0 
972 -54 -125 0 
906 -584 -76 0 
-925 695 -946 0 
21 -826 238 0 
-287 532 -331 0 
-832 787 152 0 
915 309 -208 0 
-881 -966 -902 0 
910 -447 -36 0 
-974 -501 -110 0 
260 -609 -133 0 
-796 256 -617 0 
931 398 -333 0 
181 -131 156 0 
726 -282 181 0 
958 -510 -845 0 
6 498 557 0 
619 320 -29 0 
-668 -488 -151 0 
-15 -443 -362 0 
547 187 768 0 
223 -78 704 0 
812 299 -192 0 
-37 -566 -844 0 
594 174 -640 0 
-175 -675 -772 0 
713 156 -580 0 
675 -667 95 0 
-775 217 -248 0 
739 -233 -956 0 
-723 -624 78 0 
-978 -846 328 0 
810 553 986 0 
-281 -762 115 0 
56 490 -409 0 
-822 -686 394 0 
904 991 713 0 
-367 72 -734 0 
-603 -699 -238 0 
-736 -179 -199 0 
-392 594 -912 0 
-42 111 -736 0 
-582 25 456 0 
-438 -100 -398 0 
496 585 -171 0 
966 -904 -546 0 
-725 298 137 0 
713 -178 421 0 
788 -814 373 0 
880 918 -317 0 
446 867 291 0 
-85 -923 -918 0 
-559 770 -301 0 
906 326 -543 0 
73 -39 805 0 
150 592 -561 0 
858 -929 467 0 
981 28 -152 0 
750 -705 -848 0 
-809 -803 -191 0 
82 39 -678 0 
-557 395 990 0 
264 191 -989 0 
372 994 330 0 
128 493 -29 0 
668 126 792 0 
400 -100 -341 0 
-200 435 -835 0 
-881 -82 -464 0 
-953 367 -876 0 
875 908 -567 0 
955 -737 -538 0 
8 947 -146 0 
97 -302 -966 0 
-843 878 696 0 
-1 838 463 0 
360 570 23 0 
-105 -492 -60 0 
621 -997 857 0 
268 -479 -286 0 
197 -561 -427 0 
-478 -734 262 0 
920 155 -593 0 
-277 -785 -493 0 
-568 776 -118 0 
837 -275 933 0 
-559 491 -916 0 
-700 -143 -266 0 
58 -301 -563 0 
-469 -698 -650 0 
185 -691 236 0 
357 740 945 0 
180 115 -343 0 
-327 -726 311 0 
665 -738 186 0 
637 -282 -894 0 
834 110 -228 0 
987 332 811 0 
-408 -4 -160 0 
952 -884 916 0 
464 -123 399 0 
-772 -882 826 0 
-589 -218 936 0 
-260 -489 -837 0 
500 -94 712 0 
-936 554 -277 0 
44 171 -974 0 
220 -762 482 0 
307 -538 541 0 
286 131 -523 0 
753 -359 251 0 
-240 -569 -858 0 
666 -161 174 0 
-556 569 -253 0 
-401 -816 644 0 
-908 822 -688 0 
-907 247 94 0 
-877 652 527 0 
253 387 695 0 
483 -377 -367 0 
447 -662 -995 0 
-336 74 -79 0 
-581 931 84 0 
-163 -574 -605 0 
-116 681 -467 0 
289 -170 -148 0 
103 962 -455 0 
836 583 230 0 
685 255 848 0 
801 655 531 0 
-261 719 -885 0 
-198 738 -798 0 
356 845 293 0 
-466 -256 -166 0 
721 -778 963 0 
842 -549 -757 0 
-378 -176 453 0 
-622 917 -243 0 
921 -937 257 0 
-548 881 485 0 
886 -927 -980 0 
87 -669 306 0 
-309 -837 550 0 
797 -35 -280 0 
-877 531 235 0 
-532 -848 430 0 
356 -152 -647 0 
-687 -305 122 0 
643 -832 -626 0 
400 287 693 0 
478 -897 -832 0 
62 -229 820 0 
-479 344 -338 0 
169 718 -457 0 
-390 818 -349 0 
-176 992 -646 0 
907 941 395 0 
147 603 768 0 
24 -542 572 0 
194 396 -892 0 
422 420 702 0 
-388 298 -816 0 
372 -86 578 0 
821 735 -213 0 
-678 546 764 0 
194 -871 309 0 
-786 -21 844 0 
-189 -289 847 0 
474 -408 -685 0 
356 401 -605 0 
607 -764 -139 0 
-713 -797 642 0 
-746 597 -159 0 
-441 27 317 0 
-790 -531 -487 0 
-11 486 -721 0 
-968 510 -324 0 
-438 13 -444 0 
-890 192 -664 0 
-37 985 639 0 
935 -174 762 0 
-768 -140 934 0 
736 451 -428 0 
31 865 -319 0 
406 283 -436 0 
832 673 -342 0 
-918 -645 531 0 
90 -679 110 0 
598 -117 -583 0 
661 123 -629 0 
-970 308 301 0 
-763 139 276 0 
968 953 984 0 
870 -478 -750 0 
776 -999 602 0 
88 -784 19 0 
538 -116 -752 0 
218 271 -418 0 
669 275 -281 0 
-964 947 127 0 
269 -304 -165 0 
-693 335 967 0 
-426 567 -552 0 
284 -998 186 0 
756 124 232 0 
-731 -674 130 0 
-883 -541 -853 0 
-594 -891 631 0 
-416 946 -612 0 
-895 627 284 0 
-378 48 360 0 
175 -568 57 0 
-627 437 103 0 
865 146 581 0 
518 570 110 0 
262 867 508 0 
-218 279 3 0 
276 -640 -695 0 
505 -64 -80 0 
-245 -804 359 0 
700 835 195 0 
565 642 -823 0 
613 -444 554 0 
988 -761 -913 0 
-853 986 497 0 
-347 -11 259 0 
211 -648 -862 0 
-994 -326 367 0 
465 347 -972 0 
144 840 -866 0 
-717 983 -975 0 
-644 605 118 0 
677 -600 69 0 
431 -419 -757 0 
-459 310 -117 0 
-303 690 884 0 
-869 816 935 0 
-796 336 460 0 
730 -346 819 0 
472 2 409 0 
-969 -587 634 0 
-43 296 999 0 
118 -185 182 0 
-65 -495 -827 0 
-272 261 749 0 
520 404 -170 0 
-941 -306 -875 0 
33 894 490 0 
-907 622 809 0 
-693 -296 652 0 
628 -601 -42 0 
-856 -457 -170 0 
312 705 -144 0 
410 -234 -770 0 
977 163 79 0 
-906 362 -936 0 
-536 27 733 0 
-481 537 290 0 
671 -728 843 0 
-899 465 -17 0 
571 721 -113 0 
-182 -692 -150 0 
-590 75 140 0 
-297 -472 522 0 
-324 -704 -810 0 
830 732 583 0 
724 989 -910 0 
816 549 445 0 
94 -977 243 0 
-837 323 388 0 
-256 -858 -711 0 
-278 -979 262 0 
-938 84 -272 0 
339 -361 35 0 
-211 -532 -150 0 
-606 876 958 0 
-174 811 -941 0 
-974 -504 -136 0 
40 805 -108 0 
243 316 160 0 
-82 -241 490 0 
-325 401 406 0 
-425 -463 293 0 
792 -109 -305 0 
-482 -694 -453 0 
-464 955 -855 0 
-467 400 -730 0 
8 53 1 0 
-79 955 267 0 
-25 246 -372 0 
500 933 -782 0 
519 -578 41 0 
187 253 -975 0 
-776 244 -527 0 
-125 622 315 0 
-172 821 423 0 
-932 -298 -697 0 
-286 -393 664 0 
-216 -607 -473 0 
-873 -328 -83 0 
-356 883 -621 0 
298 675 596 0 
-288 -689 659 0 
-329 211 -595 0 
-117 890 584 0 
-282 -680 -256 0 
-977 -824 -704 0 
570 -494 -909 0 
23 -653 814 0 
-74 -366 -448 0 
518 -784 802 0 
-579 -225 459 0 
-323 973 -32 0 
-142 227 402 0 
279 275 -808 0 
-487 911 435 0 
163 -817 -560 0 
73 999 414 0 
-94 -578 -57 0 
820 -176 630 0 
909 -893 -596 0 
-34 -856 -768 0 
-653 895 -981 0 
819 -206 764 0 
-4 776 -791 0 
-813 -420 -711 0 
-707 782 -252 0 
459 105 893 0 
82 395 49 0 
953 -895 341 0 
695 -384 -493 0 
-92 -966 511 0 
-359 -830 28 0 
920 -590 -394 0 
-940 815 -640 0 
90 -128 267 0 
-308 -889 -372 0 
-506 72 297 0 
386 392 -543 0 
-884 -36 681 0 
-286 -183 -832 0 
951 950 -352 0 
901 841 -465 0 
459 -560 92 0 
-643 -689 -984 0 
-88 -926 -26 0 
-158 87 -124 0 
874 339 -165 0 
732 -816 -770 0 
635 424 153 0 
-905 186 976 0 
278 698 -235 0 
896 -552 157 0 
-203 -703 370 0 
-329 174 944 0 
-187 608 678 0 
186 -816 594 0 
-361 815 -317 0 
64 52 -840 0 
171 416 -763 0 
-495 759 660 0 
-664 -118 -594 0 
-538 -550 878 0 
214 695 632 0 
865 767 274 0 
-638 -497 816 0 
-436 473 -565 0 
-242 -791 93 0 
-602 -38 819 0 
96 -667 232 0 
-60 49 562 0 
-404 390 240 0 
784 890 -30 0 
955 -252 599 0 
971 898 664 0 
278 524 -488 0 
-207 125 -909 0 
-787 86 -727 0 
248 -174 666 0 
-813 44 970 0 
414 -146 635 0 
816 -29 -480 0 
410 290 -768 0 
563 95 781 0 
157 55 -259 0 
-513 234 -984 0 
329 641 -752 0 
104 -101 -310 0 
-642 167 -660 0 
-193 -475 -974 0 
29 -826 -757 0 
384 -595 -147 0 
283 -710 -285 0 
-378 -718 311 0 
801 -267 661 0 
683 625 385 0 
639 621 -604 0 
713 -470 360 0 
77 -514 681 0 
-722 -207 116 0 
293 539 132 0 
-36 -657 882 0 
-280 -139 -996 0 
737 -786 79 0 
874 -192 652 0 
-170 -711 576 0 
253 775 -612 0 
613 214 68 0 
-38 -379 -20 0 
-543 -857 -19 0 
839 -757 371 0 
31 -387 -650 0 
75 744 708 0 
-769 -922 855 0 
514 -725 920 0 
-42 -680 956 0 
725 467 367 0 
184 813 213 0 
416 -771 581 0 
195 74 -97 0 
-224 -176 576 0 
334 -27 -886 0 
929 412 638 0 
-355 420 979 0 
677 696 -426 0 
-825 349 685 0 
-654 -526 -846 0 
-755 -439 886 0 
-80 -937 964 0 
797 -320 24 0 
425 347 -112 0 
528 -613 -267 0 
-29 -574 440 0 
-679 -137 -216 0 
-260 -371 659 0 
-661 -925 866 0 
535 159 315 0 
990 -280 -656 0 
26 -117 -553 0 
957 -384 948 0 
254 768 -762 0 
610 -565 -179 0 
289 123 155 0 
140 -131 -902 0 
-154 624 -344 0 
-223 488 -590 0 
-609 612 764 0 
-732 622 605 0 
550 -947 -842 0 
791 -34 12 0 
-779 247 -685 0 
-994 605 -465 0 
-204 -819 312 0 
209 221 11 0 
-178 370 -849 0 
983 -332 189 0 
-498 451 668 0 
584 -890 -270 0 
-839 -869 -897 0 
-596 -111 -127 0 
-261 -903 -673 0 
-744 761 -170 0 
-437 916 -67 0 
-487 -904 -651 0 
750 -708 -129 0 
-115 -573 859 0 
636 571 377 0 
-549 -564 -513 0 
552 804 291 0 
-64 665 135 0 
-312 -297 485 0 
-891 -986 -612 0 
-592 -481 -145 0 
692 890 -182 0 
549 -510 330 0 
-657 -321 645 0 
-149 462 958 0 
478 775 -720 0 
-392 397 -451 0 
-68 -294 -816 0 
573 49 -179 0 
-638 726 175 0 
-130 -577 -909 0 
246 -110 933 0 
-589 11 194 0 
-732 3 391 0 
938 -188 -863 0 
671 813 125 0 
226 86 993 0 
660 -806 44 0 
792 -968 -543 0 
-872 478 104 0 
-171 640 613 0 
-900 -556 -566 0 
-850 385 -271 0 
951 -721 302 0 
432 -662 15 0 
614 -68 579 0 
213 369 58 0 
574 99 -549 0 
568 -171 511 0 
276 -398 -547 0 
-696 137 335 0 
-500 568 221 0 
142 30 -199 0 
-677 703 409 0 
-880 -489 -531 0 
103 -562 833 0 
749 -806 -700 0 
-330 15 415 0 
608 -757 571 0 
47 -479 757 0 
-356 -761 858 0 
366 -604 -125 0 
-506 104 -437 0 
-12 569 -932 0 
-85 -512 233 0 
798 -192 -150 0 
503 693 -441 0 
387 -615 131 0 
-777 -649 -935 0 
602 864 328 0 
366 316 115 0 
550 -385 -345 0 
-764 -768 -256 0 
610 922 77 0 
745 757 662 0 
-12 42 397 0 
-864 -585 -304 0 
14 -541 -625 0 
-982 -413 696 0 
-813 416 150 0 
-1000 354 -29 0 
603 -629 113 0 
-46 -575 -110 0 
946 319 112 0 
805 540 -2 0 
-573 373 -744 0 
-57 -519 793 0 
281 -618 -364 0 
-521 -331 810 0 
947 -929 -852 0 
882 -110 -68 0 
563 945 621 0 
873 -343 636 0 
-892 187 423 0 
-801 226 918 0 
990 -531 -948 0 
-151 -356 456 0 
105 -861 -795 0 
141 850 448 0 
932 204 -168 0 
508 858 337 0 
289 931 379 0 
319 314 989 0 
51 981 873 0 
194 969 828 0 
844 -622 -724 0 
-322 555 8 0 
-935 -48 -253 0 
991 232 292 0 
955 141 717 0 
-695 -223 315 0 
159 -380 -244 0 
579 694 -559 0 
807 669 674 0 
70 -845 247 0 
-653 483 155 0 
-392 220 -642 0 
817 -620 -979 0 
454 284 253 0 
-563 -291 -185 0 
10 -865 -341 0 
318 -262 901 0 
-16 616 -125 0 
-342 -187 -159 0 
-883 -963 118 0 
415 366 33 0 
553 802 -266 0 
-769 -403 994 0 
-859 977 -549 0 
834 -482 999 0 
-262 244 439 0 
-720 -881 429 0 
337 316 474 0 
-102 119 -804 0 
-565 145 -2 0 
-229 220 -124 0 
99 -744 860 0 
946 -672 -878 0 
703 165 -214 0 
43 -581 681 0 
556 305 262 0 
552 -210 338 0 
194 748 416 0 
759 -786 181 0 
-51 82 -869 0 
613 -30 -282 0 
-941 14 839 0 
-458 390 785 0 
368 -405 -615 0 
956 -795 -943 0 
372 549 439 0 
-134 135 -158 0 
-158 -331 590 0 
459 185 -600 0 
829 424 -135 0 
-486 396 -430 0 
411 237 -309 0 
567 -273 778 0 
946 -28 -590 0 
-669 324 653 0 
363 84 195 0 
595 283 -9 0 
897 26 -574 0 
614 888 -345 0 
-831 293 -801 0 
497 -1000 -319 0 
-964 -980 813 0 
13 80 -883 0 
-119 139 -431 0 
849 -182 164 0 
338 -41 46 0 
-239 130 318 0 
-665 -176 469 0 
882 -559 599 0 
433 -535 -59 0 
847 -292 -263 0 
-36 -873 565 0 
372 527 -599 0 
-92 972 -920 0 
-352 -92 509 0 
472 35 627 0 
-359 272 854 0 
-560 -59 -884 0 
551 -314 40 0 
-791 -99 -351 0 
-609 385 224 0 
357 -907 -1 0 
-513 786 -246 0 
319 880 341 0 
-997 504 451 0 
-433 914 -891 0 
151 442 72 0 
9 -982 571 0 
285 -808 881 0 
-395 -540 865 0 
450 -921 874 0 
132 394 -539 0 
271 55 -567 0 
93 177 114 0 
497 -888 922 0 
63 -740 -794 0 
-458 -547 770 0 
251 -487 -103 0 
-415 -6 -18 0 
92 -203 331 0 
-474 866 -868 0 
954 441 -292 0 
849 206 -197 0 
62 -969 -247 0 
-715 446 -368 0 
105 93 -47 0 
718 171 390 0 
842 -851 -448 0 
-766 -52 -562 0 
-659 -803 122 0 
109 -584 980 0 
-306 -887 -313 0 
-865 478 976 0 
-156 618 -374 0 
-348 765 129 0 
-823 -97 -632 0 
-311 -485 -149 0 
-351 -693 598 0 
-648 351 -62 0 
-20 521 -447 0 
-997 224 -494 0 
-186 -587 -280 0 
-210 768 -456 0 
306 -771 57 0 
713 106 -466 0 
107 456 -694 0 
-942 394 783 0 
-1 158 837 0 
-132 -432 -630 0 
-939 124 414 0 
-521 163 -454 0 
-946 -40 677 0 
-571 -737 -951 0 
455 945 -485 0 
-282 804 -148 0 
507 749 -957 0 
340 -780 433 0 
407 632 146 0 
437 614 -448 0 
-69 -714 761 0 
-84 147 15 0 
-522 -122 -515 0 
-849 -631 -509 0 
468 -954 187 0 
729 492 773 0 
278 -903 -860 0 
-272 -990 -150 0 
731 87 -618 0 
566 -362 -632 0 
545 195 400 0 
-795 714 -696 0 
13 -323 913 0 
-191 -346 -746 0 
997 -26 550 0 
-555 -683 358 0 
-376 -751 617 0 
431 -911 661 0 
-939 645 -734 0 
-318 -509 276 0 
20 -800 780 0 
-916 694 215 0 
838 42 237 0 
-71 709 -621 0 
983 975 -736 0 
-995 -506 -359 0 
687 802 693 0 
816 12 -397 0 
-528 711 -61 0 
-195 -599 437 0 
798 -301 520 0 
-877 -747 -178 0 
-330 -109 -960 0 
-265 -822 742 0 
868 -503 742 0 
649 944 -761 0 
-153 884 885 0 
-272 162 22 0 
-473 139 -54 0 
491 306 -734 0 
22 -871 521 0 
-428 750 -235 0 
-541 197 299 0 
178 -988 -144 0 
820 194 873 0 
-572 -880 385 0 
-548 -909 834 0 
-519 449 772 0 
-923 165 -377 0 
374 184 -394 0 
-999 146 -791 0 
-591 -840 754 0 
-800 -57 665 0 
-794 -891 615 0 
185 -818 -356 0 
518 806 -334 0 
522 -298 598 0 
720 -331 -100 0 
946 -212 -270 0 
89 886 -967 0 
-574 975 -433 0 
76 498 -347 0 
-26 246 -935 0 
-346 904 -402 0 
-364 195 -744 0 
72 -418 746 0 
676 -21 -921 0 
-816 431 755 0 
294 714 52 0 
-335 -817 411 0 
195 -776 560 0 
416 716 247 0 
-550 627 -930 0 
377 -904 225 0 
182 -34 -565 0 
879 347 -275 0 
462 422 530 0 
746 470 -572 0 
495 46 533 0 
-829 -953 -700 0 
-968 -319 -660 0 
-769 -50 -893 0 
874 -511 307 0 
-390 -359 -615 0 
-185 712 -779 0 
44 877 124 0 
513 882 940 0 
-904 452 -956 0 
-524 553 -487 0 
-932 -353 -230 0 
809 383 453 0 
604 -393 432 0 
964 382 -657 0 
742 317 884 0 
362 589 -812 0 
-563 -834 -660 0 
888 714 -239 0 
631 290 -23 0 
768 210 919 0 
518 326 -235 0 
-730 -812 738 0 
234 -949 -786 0 
741 -832 -776 0 
750 677 -913 0 
-726 405 -254 0 
-311 -486 -919 0 
182 734 813 0 
-845 -143 -795 0 
840 -6 -522 0 
-433 764 99 0 
-606 -403 -929 0 
799 746 -898 0 
960 -928 606 0 
-891 152 974 0 
-833 765 -255 0 
123 73 495 0 
-740 611 463 0 
242 473 798 0 
-772 13 74 0 
-634 -493 -499 0 
988 -796 -874 0 
222 -205 570 0 
-213 -656 872 0 
397 -326 -860 0 
604 -73 -532 0 
220 335 -907 0 
165 815 -102 0 
-886 -487 -470 0 
878 -501 717 0 
-759 -28 245 0 
-605 -575 803 0 
-984 -732 -837 0 
687 588 532 0 
-270 208 964 0 
-564 -787 188 0 
510 -172 226 0 
-442 643 260 0 
-536 -508 -303 0 
-454 -242 580 0 
-522 -377 962 0 
-888 -877 -119 0 
429 -989 351 0 
957 509 -453 0 
293 -304 -318 0 
-786 -558 406 0 
-814 -426 865 0 
699 -900 -483 0 
-648 -547 551 0 
936 410 -861 0 
504 33 839 0 
52 -86 -225 0 
722 -697 417 0 
-609 190 633 0 
840 -931 -663 0 
271 -46 903 0 
502 -898 467 0 
542 247 -836 0 
-282 882 264 0 
-347 821 -589 0 
-474 455 657 0 
806 635 -323 0 
-312 565 861 0 
300 124 970 0 
857 825 -938 0 
101 -549 993 0 
173 122 -24 0 
134 -880 -667 0 
-773 -287 68 0 
543 125 -630 0 
429 -253 519 0 
787 -64 463 0 
-586 159 -632 0 
82 -708 -578 0 
710 448 -283 0 
-511 -694 -18 0 
136 36 559 0 
165 -235 -272 0 
326 905 181 0 
784 -901 208 0 
-838 -888 858 0 
-324 566 281 0 
248 -72 -739 0 
-100 -392 234 0 
891 202 705 0 
-175 -132 608 0 
961 746 406 0 
452 84 -520 0 
-374 111 -142 0 
338 -480 796 0 
-129 -842 703 0 
-391 631 862 0 
819 747 -367 0 
-177 111 -940 0 
990 581 -867 0 
199 -861 323 0 
756 -316 138 0 
-773 714 159 0 
-548 417 -445 0 
798 781 -393 0 
-341 -679 472 0 
567 716 -980 0 
-346 598 -7 0 
447 802 -431 0 
-513 767 -247 0 
-543 -829 535 0 
310 -806 -987 0 
-760 -423 431 0 
-729 715 -495 0 
-903 954 613 0 
-263 -146 633 0 
-495 577 927 0 
-775 -220 495 0 
984 -159 -23 0 
-584 84 183 0 
531 794 118 0 
-973 -971 -100 0 
-375 402 -290 0 
-697 -762 833 0 
28 -445 -644 0 
636 -580 190 0 
964 -712 699 0 
-595 394 -676 0 
694 -872 884 0 
-837 -642 -931 0 
-623 -526 -30 0 
883 -204 -335 0 
-45 137 879 0 
941 -417 -267 0 
-815 -437 -509 0 
886 -852 266 0 
193 236 18 0 
758 -510 -598 0 
-925 -430 -835 0 
252 734 -506 0 
793 -925 -949 0 
635 486 -999 0 
566 -449 -922 0 
-972 259 -96 0 
-805 760 915 0 
784 114 -289 0 
-875 -69 -8 0 
-73 956 -668 0 
-778 963 -458 0 
-365 628 -966 0 
-904 433 -288 0 
402 899 -85 0 
76 -18 -812 0 
-354 -39 916 0 
880 302 -8 0 
170 579 231 0 
787 -463 -394 0 
47 79 946 0 
-650 638 313 0 
332 123 -947 0 
305 370 -658 0 
280 480 -123 0 
-242 276 329 0 
-92 378 613 0 
-545 546 -356 0 
264 -902 282 0 
362 -353 782 0 
911 689 -820 0 
-927 -982 476 0 
390 -486 385 0 
-968 -349 -492 0 
-297 46 173 0 
-8 877 -733 0 
812 -342 793 0 
314 256 -20 0 
-185 -665 972 0 
-461 -708 -586 0 
-450 -209 -245 0 
679 -262 946 0 
-153 594 609 0 
-391 -183 -519 0 
819 606 496 0 
-448 419 817 0 
586 153 -978 0 
-16 -922 -936 0 
-181 -611 562 0 
234 627 790 0 
117 -674 -680 0 
285 711 -105 0 
-818 230 201 0 
195 -665 -860 0 
175 402 -585 0 
614 -969 -130 0 
-614 -838 924 0 
-931 -974 50 0 
758 833 -531 0 
-265 262 428 0 
796 9 -140 0 
949 -93 -448 0 
-947 877 72 0 
904 -177 -301 0 
444 267 5 0 
247 831 -887 0 
251 372 993 0 
65 317 854 0 
-554 286 829 0 
-797 21 -313 0 
33 238 -268 0 
-267 -236 808 0 
-179 643 279 0 
653 -164 248 0 
971 -315 941 0 
953 960 -206 0 
-527 454 467 0 
450 435 -765 0 
-162 -113 -171 0 
850 192 830 0 
-413 -519 -965 0 
463 803 -337 0 
-442 584 155 0 
-5 812 784 0 
-38 -814 -351 0 
-160 -215 -764 0 
370 899 -757 0 
-979 -375 -927 0 
-168 895 -1 0 
-444 -616 537 0 
646 -720 201 0 
4 765 -180 0 
-182 -635 586 0 
-84 394 263 0 
-179 -625 -908 0 
770 -170 592 0 
364 776 -506 0 
-679 42 228 0 
886 -91 -1000 0 
-760 578 -465 0 
-387 -521 -874 0 
-718 450 -798 0 
-738 -150 -325 0 
238 -520 -490 0 
-458 935 638 0 
-826 -815 -661 0 
998 -504 35 0 
-757 842 409 0 
-569 142 112 0 
-731 -50 885 0 
893 -502 290 0 
-508 199 871 0 
71 -109 386 0 
-605 802 -52 0 
277 665 430 0 
262 -556 -179 0 
514 764 -987 0 
114 152 -773 0 
-631 -891 -280 0 
768 -20 -596 0 
748 401 -281 0 
292 -46 -993 0 
325 -584 -192 0 
735 -826 -613 0 
300 -61 325 0 
682 273 -144 0 
576 -748 -216 0 
-829 610 229 0 
575 -112 -204 0 
-353 612 650 0 
-383 -239 155 0 
-427 517 276 0 
321 163 -44 0 
-194 -758 520 0 
197 -880 649 0 
-327 68 -575 0 
-253 -713 414 0 
-352 189 -216 0 
-153 -756 396 0 
-171 468 710 0 
-410 -172 -765 0 
772 -405 466 0 
985 101 -539 0 
-159 477 721 0 
246 -703 476 0 
-48 115 -37 0 
268 -284 988 0 
504 955 -363 0 
-840 907 88 0 
-450 841 -838 0 
-649 430 337 0 
590 -565 389 0 
153 -345 485 0 
-499 802 87 0 
-828 -61 563 0 
45 342 812 0 
433 732 316 0 
-29 -723 -311 0 
-987 109 -903 0 
-40 233 -524 0 
-947 -112 -691 0 
-887 -295 936 0 
202 -553 -685 0 
488 -186 -151 0 
246 -473 -238 0 
-812 844 846 0 
-492 275 -625 0 
-959 842 -127 0 
306 -109 -602 0 
-451 683 790 0 
810 -100 888 0 
-183 -560 383 0 
-816 706 -383 0 
-90 300 -764 0 
-704 -924 622 0 
693 342 588 0 
-521 45 -242 0 
-968 470 -407 0 
783 -507 -280 0 
-501 -401 597 0 
-498 -245 -84 0 
547 772 -76 0 
-766 858 944 0 
-554 -11 -279 0 
44 197 870 0 
-101 -190 -32 0 
89 143 -319 0 
-313 7 -639 0 
734 -816 747 0 
751 218 411 0 
442 -165 725 0 
287 48 937 0 
188 -647 -345 0 
-630 508 865 0 
-623 10 832 0 
-152 -138 -999 0 
718 918 618 0 
-732 -429 368 0 
-996 -534 600 0 
367 811 393 0 
-726 -795 -910 0 
566 722 389 0 
150 918 -651 0 
-430 461 -164 0 
-892 -291 654 0 
-252 80 945 0 
717 -274 -940 0 
-634 -472 -489 0 
269 837 -948 0 
-127 67 782 0 
-778 465 928 0 
-300 679 452 0 
108 711 704 0 
423 188 94 0 
-679 -868 -205 0 
-794 -745 -148 0 
623 -37 -156 0 
442 634 -623 0 
-145 -364 586 0 
636 -270 495 0 
638 -230 -567 0 
699 -910 -115 0 
-886 -108 -193 0 
998 851 -142 0 
178 635 -904 0 
-139 -602 455 0 
906 951 -437 0 
-612 -840 830 0 
-998 -476 889 0 
-75 -366 -906 0 
-49 20 761 0 
580 -533 -275 0 
-814 509 -359 0 
-186 -346 -734 0 
341 -237 -819 0 
416 -847 812 0 
609 148 287 0 
-148 65 19 0 
434 -528 -35 0 
739 486 767 0 
362 -956 -715 0 
526 490 153 0 
-464 155 -563 0 
285 -307 -145 0 
-552 207 -244 0 
-829 184 -45 0 
-940 446 273 0 
160 -109 694 0 
781 -880 895 0 
383 487 685 0 
280 -316 -721 0 
826 -998 196 0 
232 794 -491 0 
-667 -918 363 0 
321 230 976 0 
-778 -784 -807 0 
102 714 624 0 
490 924 -476 0 
-276 -136 -177 0 
808 -781 -996 0 
-405 927 313 0 
213 -149 450 0 
239 -94 228 0 
944 -781 -48 0 
508 -486 -131 0 
894 666 -813 0 
90 509 -885 0 
-153 -595 -578 0 
39 -694 -957 0 
-331 250 -101 0 
363 23 561 0 
726 -980 -953 0 
99 -392 355 0 
-93 957 455 0 
-323 652 105 0 
532 -244 -216 0 
509 -873 -868 0 
-819 717 -711 0 
718 -711 555 0 
320 -510 -825 0 
-642 -8 -251 0 
693 -841 343 0 
958 334 597 0 
544 750 -520 0 
959 695 103 0 
-960 -863 -105 0 
-291 -396 346 0 
-876 -629 384 0 
236 211 605 0 
-916 -370 58 0 
56 -662 892 0 
-697 754 -806 0 
362 -745 -222 0 
-825 -489 -365 0 
668 -518 -725 0 
647 790 110 0 
344 333 424 0 
-30 -638 -724 0 
-224 551 -762 0 
859 -72 -910 0 
-885 -41 -671 0 
827 824 143 0 
210 270 217 0 
-618 -104 279 0 
-341 -209 -954 0 
553 -346 132 0 
515 419 -711 0 
-459 859 311 0 
590 108 886 0 
-753 -959 891 0 
-74 -502 -527 0 
-323 -76 -530 0 
-618 526 729 0 
770 -250 -158 0 
-228 658 -743 0 
626 91 88 0 
542 214 6 0 
-291 260 -287 0 
-24 622 -261 0 
53 470 708 0 
596 -999 -47 0 
-384 -931 -300 0 
973 226 -41 0 
-336 -405 -481 0 
-619 -406 510 0 
898 553 291 0 
-241 666 -181 0 
-99 1000 234 0 
-952 -879 36 0 
-308 -968 19 0 
799 -413 226 0 
699 123 -920 0 
646 164 -595 0 
-554 -430 -766 0 
-310 353 -391 0 
-54 433 -628 0 
-681 416 -773 0 
585 -655 201 0 
-265 889 979 0 
-876 -369 976 0 
735 224 218 0 
-982 -906 503 0 
589 -9 482 0 
-390 -396 3 0 
611 -766 842 0 
-583 302 -116 0 
266 608 -321 0 
-358 -792 765 0 
252 -701 -959 0 
-465 -295 236 0 
-899 33 996 0 
66 552 -993 0 
-965 605 196 0 
365 -443 200 0 
295 -551 159 0 
-750 262 -190 0 
-664 -749 -202 0 
-998 -466 708 0 
850 -22 -508 0 
-561 -831 -951 0 
-687 285 575 0 
17 589 564 0 
-690 -932 -413 0 
714 -139 -490 0 
211 -333 -933 0 
-897 591 841 0 
541 638 487 0 
-319 -561 -141 0 
-301 -685 40 0 
570 -831 54 0 
-204 675 -762 0 
-539 395 -928 0 
-134 -845 -327 0 
88 789 737 0 
876 21 407 0 
664 872 -348 0 
-215 -785 976 0 
676 -795 -509 0 
-6 767 654 0 
922 -175 896 0 
743 -67 -811 0 
734 -937 22 0 
-59 77 304 0 
-415 -597 466 0 
299 -623 -441 0 
-125 618 -191 0 
-589 365 -342 0 
205 572 -693 0 
-918 -89 -569 0 
145 181 -632 0 
-564 983 -195 0 
799 145 415 0 
590 -684 -160 0 
762 989 -920 0 
-636 -972 -155 0 
485 13 190 0 
148 -141 544 0 
616 -528 1 0 
-111 443 -93 0 
-935 -521 -434 0 
-41 986 302 0 
284 948 942 0 
622 597 -484 0 
-513 -987 954 0 
364 544 -601 0 
390 555 -252 0 
377 -932 9 0 
-517 969 490 0 
44 855 -760 0 
-353 -671 -748 0 
141 -261 -949 0 
-183 725 880 0 
618 -887 399 0 
-158 -911 -322 0 
-533 428 -875 0 
-148 -446 128 0 
543 -572 121 0 
-88 900 558 0 
-460 72 -921 0 
-624 399 -253 0 
-28 80 750 0 
713 -803 -439 0 
-952 -459 59 0 
50 -488 84 0 
-395 258 591 0 
-191 458 699 0 
415 968 -570 0 
-941 371 -351 0 
-167 -105 -651 0 
-862 -954 -489 0 
-395 -881 -376 0 
921 -86 347 0 
591 -631 -952 0 
450 29 792 0 
451 129 -997 0 
48 507 886 0 
976 -847 -396 0 
463 -759 -725 0 
686 -532 -579 0 
-823 868 -625 0 
852 -728 284 0 
-235 454 -629 0 
850 629 846 0 
-6 430 -291 0 
-132 -179 606 0 
29 -692 -801 0 
994 -496 801 0 
-880 109 -205 0 
-169 491 -834 0 
628 -495 211 0 
392 -59 -789 0 
366 -790 -846 0 
-885 999 -724 0 
-409 385 -168 0 
-853 -615 724 0 
947 -127 988 0 
-303 -25 734 0 
-511 869 820 0 
924 -100 -428 0 
-804 -28 755 0 
-644 352 895 0 
241 -542 -747 0 
545 553 769 0 
-805 -38 815 0 
486 887 -692 0 
-382 360 516 0 
958 840 972 0 
282 658 764 0 
-905 -508 606 0 
-379 -780 819 0 
-616 -170 -277 0 
87 -207 -524 0 
930 329 132 0 
2 -851 -692 0 
868 -345 302 0 
34 -462 33 0 
-568 -94 143 0 
-517 726 -782 0 
45 -571 526 0 
858 -766 147 0 
-274 -683 304 0 
597 855 -36 0 
-599 -654 808 0 
980 291 929 0 
143 481 372 0 
826 81 -146 0 
684 652 555 0 
-45 648 -407 0 
717 -527 -411 0 
777 56 -208 0 
-88 -915 655 0 
-128 184 -631 0 
-904 812 422 0 
691 -821 -429 0 
409 -108 -753 0 
587 760 267 0 
423 450 798 0 
-869 -214 522 0 
765 588 -955 0 
-443 717 -838 0 
909 -457 698 0 
801 -628 -403 0 
-991 -966 -779 0 
670 -870 -850 0 
-751 287 -65 0 
-802 -213 765 0 
557 -263 -820 0 
-983 -4 -734 0 
200 616 -241 0 
206 857 -472 0 
-169 -429 -856 0 
550 -829 127 0 
-408 -15 64 0 
-205 303 602 0 
-210 299 344 0 
534 -34 368 0 
-638 -937 -245 0 
851 -233 687 0 
-711 -321 378 0 
421 -502 -19 0 
-995 96 244 0 
-505 58 674 0 
255 -678 -74 0 
-870 -431 60 0 
818 734 791 0 
-29 69 48 0 
932 491 -271 0 
-396 145 -117 0 
244 -997 -477 0 
73 255 618 0 
846 299 993 0 
232 475 -524 0 
-721 -280 459 0 
46 -938 387 0 
-673 -356 80 0 
-728 -529 572 0 
-661 393 -304 0 
-907 884 852 0 
-331 999 6 0 
657 633 617 0 
-814 798 -356 0 
779 395 -204 0 
-500 -608 273 0 
356 185 -250 0 
-789 -572 -437 0 
105 441 -638 0 
47 824 -64 0 
128 227 -522 0 
710 -742 165 0 
-1 648 917 0 
854 324 -906 0 
955 893 704 0 
686 992 43 0 
-954 220 -650 0 
-994 -393 -173 0 
272 46 -255 0 
-288 -742 -532 0 
-674 -243 -883 0 
-761 -448 -409 0 
523 -154 19 0 
303 -793 712 0 
107 472 -957 0 
439 -985 856 0 
-130 296 463 0 
-215 318 430 0 
999 -469 869 0 
-826 -768 743 0 
-335 242 600 0 
308 198 386 0 
844 -896 324 0 
111 -391 -882 0 
-101 -739 -432 0 
469 -505 322 0 
563 745 164 0 
959 -149 -276 0 
659 -828 567 0 
-985 -551 -878 0 
245 521 107 0 
-58 -436 -134 0 
343 -748 -127 0 
-209 90 -609 0 
-647 -323 439 0 
-885 -143 -612 0 
164 -936 -668 0 
526 -785 416 0 
-830 10 -320 0 
662 35 -529 0 
626 -405 61 0 
481 25 659 0 
597 367 -803 0 
744 -217 206 0 
944 -295 -181 0 
807 -513 -405 0 
-827 808 259 0 
916 91 -404 0 
-943 -53 -781 0 
998 118 120 0 
-702 -639 -196 0 
-829 -641 -703 0 
521 732 -530 0 
380 255 -540 0 
-947 682 46 0 
-315 -104 706 0 
-463 103 -268 0 
-246 98 259 0 
-467 -16 -661 0 
-720 -477 119 0 
138 307 -582 0 
835 897 -672 0 
-639 788 -351 0 
-959 -653 223 0 
213 -255 221 0 
727 169 350 0 
78 -828 104 0 
151 415 197 0 
78 792 267 0 
-623 -18 828 0 
-716 232 870 0 
794 -898 964 0 
382 970 613 0 
697 -456 854 0 
969 -305 623 0 
121 855 -678 0 
132 751 -355 0 
549 -662 -225 0 
633 472 -774 0 
-635 -47 -480 0 
-632 -889 -195 0 
-940 -350 24 0 
451 382 426 0 
-446 -152 291 0 
836 943 182 0 
876 935 670 0 
-643 613 -777 0 
502 866 775 0 
-746 -276 332 0 
-451 696 348 0 
559 160 -8 0 
708 -626 -643 0 
130 134 378 0 
-65 -845 -260 0 
464 -437 -643 0 
380 631 -726 0 
-777 61 -835 0 
-635 298 619 0 
487 -531 -216 0 
-702 -414 524 0 
494 -983 866 0 
-211 404 308 0 
397 -286 66 0 
297 509 745 0 
133 -122 435 0 
954 562 188 0 
-502 -173 -847 0 
-938 -140 -100 0 
364 590 819 0 
-991 -272 -501 0 
-652 898 160 0 
488 839 -368 0 
-736 -803 880 0 
656 -599 51 0 
-273 -448 344 0 
-765 361 633 0 
302 701 758 0 
889 -718 519 0 
59 -528 381 0 
-753 590 900 0 
-854 -442 472 0 
-316 44 -898 0 
805 862 -467 0 
-584 778 -21 0 
-211 530 -629 0 
115 -618 352 0 
433 -13 -115 0 
-252 301 505 0 
-543 -563 -870 0 
839 487 -132 0 
-274 -604 37 0 
17 -668 -113 0 
-693 -244 -32 0 
-755 702 200 0 
305 -511 -53 0 
242 -442 -756 0 
546 195 651 0 
-288 -433 -155 0 
-363 51 686 0 
-385 954 968 0 
67 -644 -215 0 
-597 816 -606 0 
208 -609 574 0 
297 644 999 0 
519 828 797 0 
-628 -119 -421 0 
845 -230 879 0 
-431 -748 -324 0 
14 348 320 0 
-83 163 785 0 
-672 -697 -351 0 
-334 211 86 0 
-182 -361 118 0 
292 850 984 0 
491 -766 93 0 
-800 376 429 0 
-392 655 459 0 
175 187 -310 0 
236 -98 -721 0 
346 -5 -539 0 
-620 -283 -585 0 
599 487 27 0 
-443 -846 27 0 
-810 -200 598 0 
779 -563 164 0 
542 281 -930 0 
619 627 432 0 
-734 433 936 0 
-839 -323 -355 0 
438 863 -715 0 
665 947 -124 0 
400 -319 243 0 
-149 -494 -62 0 
-584 465 -619 0 
106 714 -882 0 
694 885 -189 0 
-291 -946 934 0 
626 649 914 0 
-8 -159 487 0 
-253 592 277 0 
272 139 870 0 
-297 -197 -827 0 
-251 66 322 0 
419 -181 28 0 
-279 576 26 0 
620 -12 52 0 
-708 -867 650 0 
-392 -254 733 0 
281 -386 -635 0 
609 -525 -316 0 
-778 356 346 0 
226 269 638 0 
688 -426 -83 0 
-247 -906 -760 0 
-529 649 865 0 
-370 893 917 0 
64 139 665 0 
111 -915 -151 0 
-620 -701 -211 0 
979 624 975 0 
387 -109 964 0 
-706 449 -293 0 
-104 364 491 0 
-175 133 700 0 
411 457 -654 0 
-842 978 -557 0 
333 533 9 0 
291 433 -79 0 
936 -843 -740 0 
-646 791 483 0 
469 216 770 0 
684 301 418 0 
365 -422 387 0 
425 -86 -906 0 
900 728 929 0 
-676 -179 520 0 
755 -490 -620 0 
-493 -315 -896 0 
-543 -164 -487 0 
328 200 -350 0 
69 -458 953 0 
197 862 -581 0 
641 830 428 0 
-629 619 844 0 
750 347 -975 0 
214 -445 -732 0 
-721 -947 -242 0 
471 -813 10 0 
975 -241 -585 0 
-420 981 -606 0 
283 -369 -740 0 
42 478 -239 0 
-756 29 800 0 
-716 695 780 0 
517 -80 56 0 
-724 -752 -509 0 
912 -467 -119 0 
20 24 569 0 
-548 651 539 0 
645 566 315 0 
-786 196 -275 0 
11 -746 900 0 
-49 -53 -77 0 
-866 -28 708 0 
151 -570 -851 0 
421 -308 442 0 
-304 991 -313 0 
-548 768 -159 0 
-602 -734 703 0 
515 995 372 0 
798 -522 -596 0 
237 448 -411 0 
730 1000 419 0 
-918 -789 -168 0 
-724 885 -521 0 
726 965 544 0 
-771 -372 208 0 
351 465 -986 0 
-589 571 -831 0 
-242 388 860 0 
441 735 -974 0 
382 -274 -159 0 
384 264 778 0 
-676 344 693 0 
-393 876 564 0 
735 -335 -147 0 
293 121 362 0 
-54 300 -584 0 
-156 315 178 0 
-332 -431 -605 0 
-901 370 -444 0 
40 -987 888 0 
-19 -706 -288 0 
385 -564 166 0 
-951 -890 431 0 
-911 431 336 0 
766 40 -439 0 
418 -614 840 0 
562 161 -197 0 
891 -505 513 0 
115 240 595 0 
-851 192 -323 0 
-402 370 90 0 
-519 -653 375 0 
990 -40 -906 0 
106 606 -921 0 
397 808 -573 0 
-823 847 -480 0 
-854 998 -481 0 
843 105 640 0 
-510 -572 428 0 
830 -771 -124 0 
-337 315 535 0 
69 280 572 0 
-874 694 -40 0 
764 555 906 0 
223 789 51 0 
552 -339 55 0 
594 -937 456 0 
365 -668 -15 0 
421 -392 -475 0 
-145 -625 202 0 
401 453 449 0 
191 247 -283 0 
208 253 -886 0 
714 -888 988 0 
397 -917 -625 0 
382 -148 -444 0 
-560 -514 321 0 
-342 -923 976 0 
510 -46 -318 0 
-734 -761 957 0 
-107 786 -466 0 
791 92 -409 0 
-955 506 950 0 
368 936 592 0 
-20 -708 172 0 
-55 635 -484 0 
-548 -1000 988 0 
-580 882 828 0 
391 650 951 0 
-208 -20 -210 0 
-861 -880 964 0 
-925 -621 -414 0 
60 455 226 0 
-297 -109 563 0 
724 411 -52 0 
610 -663 988 0 
620 -31 92 0 
-884 -293 685 0 
-343 -302 -595 0 
135 708 -661 0 
283 863 669 0 
636 -25 457 0 
-222 -929 555 0 
-743 606 119 0 
-91 863 294 0 
792 578 593 0 
-56 137 28 0 
-197 -269 -105 0 
580 819 -929 0 
-589 793 -716 0 
-206 -492 353 0 
-514 931 -393 0 
-799 -914 109 0 
-857 -220 -226 0 
711 704 268 0 
791 662 124 0 
323 -446 -658 0 
-397 -38 -234 0 
-752 -192 492 0 
482 503 -746 0 
105 196 275 0 
-784 -537 -567 0 
57 662 -146 0 
-354 727 258 0 
-677 -480 -24 0 
710 -399 889 0 
-424 469 753 0 
-912 304 337 0 
-954 -102 -863 0 
-200 -867 -233 0 
-406 -167 -89 0 
-496 549 -736 0 
956 -455 145 0 
18 438 704 0 
476 496 317 0 
857 163 -912 0 
-977 -818 -349 0 
388 -992 739 0 
-216 523 776 0 
625 345 -301 0 
-980 704 158 0 
-118 774 -423 0 
178 -71 -874 0 
785 -739 -974 0 
280 -603 -3 0 
-762 -540 870 0 
280 944 -957 0 
383 -676 -537 0 
-523 710 -780 0 
708 -871 -546 0 
-485 554 -325 0 
715 -544 -752 0 
-692 -424 -600 0 
545 930 -518 0 
-535 147 163 0 
394 -555 -731 0 
243 808 547 0 
-71 397 -954 0 
323 -83 -594 0 
499 -747 785 0 
-978 -95 -984 0 
467 -360 -217 0 
654 -642 -172 0 
935 557 -745 0 
-154 883 -31 0 
-70 -783 -810 0 
-916 430 903 0 
-376 -793 -96 0 
940 517 -212 0 
-355 -859 271 0 
-941 445 -763 0 
-678 481 -525 0 
921 -544 -123 0 
970 732 177 0 
848 167 -754 0 
-320 348 950 0 
-71 834 -670 0 
428 -383 -445 0 
-17 -52 -65 0 
966 -179 -180 0 
468 -49 -654 0 
-789 -80 -233 0 
350 890 -616 0 
643 932 -154 0 
370 956 -340 0 
-289 -770 -320 0 
-574 815 712 0 
874 278 -404 0 
-975 -968 373 0 
-570 -205 -622 0 
-507 751 -201 0 
613 -687 246 0 
-366 -133 -859 0 
-70 -976 620 0 
166 334 95 0 
357 92 433 0 
209 -613 23 0 
936 -761 993 0 
-728 744 995 0 
-389 97 -410 0 
-768 -620 199 0 
202 -189 320 0 
-281 150 -267 0 
53 -837 820 0 
539 -803 33 0 
-355 -474 446 0 
447 176 1000 0 
327 813 171 0 
-29 -385 -30 0 
-739 390 -467 0 
485 -306 879 0 
274 828 -569 0 
-242 235 -975 0 
693 851 886 0 
250 -28 245 0 
507 560 -454 0 
-806 -275 -987 0 
-647 -646 228 0 
-894 71 199 0 
581 -426 -566 0 
-192 -984 450 0 
-255 -133 -219 0 
271 -48 900 0 
243 31 716 0 
282 488 -936 0 
-727 -50 707 0 
-756 -143 818 0 
803 273 410 0 
48 204 146 0 
-867 994 -86 0 
-539 -681 737 0 
-360 -496 -246 0 
683 946 -397 0 
-599 228 942 0 
-111 889 206 0 
274 762 -733 0 
79 55 204 0 
-89 -50 -318 0 
-118 -167 -776 0 
-58 -969 -549 0 
639 306 -751 0 
797 -732 -83 0 
793 173 -831 0 
-156 934 -377 0 
691 -36 -479 0 
598 -725 315 0 
799 -759 -207 0 
763 -550 -432 0 
-676 -15 861 0 
945 -70 -398 0 
924 -666 -563 0 
-355 525 58 0 
-493 926 -461 0 
-250 889 -263 0 
-821 -433 361 0 
-36 -889 680 0 
-214 330 -312 0 
-431 -746 -383 0 
-853 -806 -600 0 
-451 -193 -84 0 
-948 -447 139 0 
958 774 -983 0 
487 694 -460 0 
-773 813 -280 0 
-71 573 756 0 
-735 -706 -916 0 
482 27 460 0 
483 32 -1 0 
54 -539 925 0 
-879 -465 624 0 
854 -62 733 0 
225 -865 963 0 
333 -482 834 0 
-64 -651 243 0 
746 440 -70 0 
225 725 148 0 
875 -842 -777 0 
-334 601 2 0 
-795 -569 -105 0 
297 -816 689 0 
-901 597 -60 0 
-543 712 981 0 
-399 696 -78 0 
-654 -871 -62 0 
-22 130 -689 0 
-556 32 34 0 
-393 47 132 0 
964 -641 -789 0 
678 296 254 0 
-205 -491 66 0 
300 845 158 0 
-600 562 485 0 
568 176 749 0 
-92 -241 19 0 
-830 -145 667 0 
595 477 588 0 
-71 -611 -112 0 
904 -182 75 0 
977 -676 404 0 
-546 -508 -960 0 
892 -944 -773 0 
-385 139 -544 0 
646 -304 -2 0 
-253 330 -326 0 
974 631 324 0 
-367 -293 -70 0 
979 320 -313 0 
241 -50 301 0 
-651 -43 -687 0 
367 -902 -698 0 
-641 183 -294 0 
26 500 -966 0 
-393 465 265 0 
-703 -490 721 0 
-830 -93 -170 0 
560 741 -651 0 
899 297 -939 0 
-337 665 -993 0 
-161 724 -746 0 
289 -965 -936 0 
498 -73 -724 0 
-204 -558 -930 0 
412 -12 -529 0 
671 787 513 0 
-733 101 -787 0 
886 -344 697 0 
419 -145 280 0 
-98 39 190 0 
638 -501 -589 0 
968 905 25 0 
78 320 504 0 
29 961 -164 0 
-2 224 369 0 
-470 988 -91 0 
12 867 -783 0 
178 346 552 0 
-557 -542 -57 0 
-463 364 -157 0 
-191 975 -427 0 
-742 -239 -929 0 
855 -592 -980 0 
-165 934 108 0 
-998 -678 -994 0 
179 68 -424 0 
303 318 283 0 
-267 -776 -113 0 
268 914 -98 0 
214 648 705 0 
-36 868 -828 0 
-587 -929 -182 0 
33 -667 -543 0 
-553 -991 -230 0 
-285 857 51 0 
160 -962 -677 0 
-802 723 -554 0 
-371 -263 -943 0 
-983 -536 567 0 
-959 33 458 0 
786 869 767 0 
809 95 771 0 
350 -737 -119 0 
-37 -402 843 0 
-210 -285 523 0 
-491 981 60 0 
372 -633 804 0 
378 -394 -549 0 
940 626 -669 0 
46 986 45 0 
563 -327 769 0 
-257 -240 -825 0 
998 523 -672 0 
54 -668 649 0 
-465 901 -969 0 
83 2 -514 0 
-963 -255 707 0 
-263 465 44 0 
750 -215 3 0 
699 -59 666 0 
-74 -229 -844 0 
960 415 8 0 
-402 -992 534 0 
-937 -393 625 0 
375 -461 -553 0 
-122 171 887 0 
621 507 -889 0 
846 -624 -193 0 
-731 -240 124 0 
-263 366 -665 0 
-600 837 561 0 
433 479 964 0 
-216 -149 -707 0 
-645 -968 487 0 
188 -847 -265 0 
281 -191 -59 0 
-30 911 392 0 
583 -397 434 0 
-512 -394 -205 0 
780 -941 469 0 
-794 443 -597 0 
-202 566 -762 0 
-254 110 -612 0 
-458 -690 -78 0 
-267 -491 -867 0 
-94 900 -960 0 
-223 522 -760 0 
-699 402 -720 0 
-317 -848 -354 0 
327 617 842 0 
-360 198 814 0 
243 -43 429 0 
901 -747 966 0 
708 328 -404 0 
653 -629 -535 0 
678 802 536 0 
454 -528 -817 0 
272 566 191 0 
-639 -109 999 0 
-409 283 -760 0 
-363 697 -840 0 
9 549 825 0 
862 -165 80 0 
202 -103 141 0 
758 -468 -804 0 
-333 576 267 0 
360 787 -548 0 
-790 650 -612 0 
-472 -858 -293 0 
297 864 -72 0 
-543 97 338 0 
-882 935 -861 0 
-684 -275 -583 0 
-249 -81 293 0 
-551 -245 -887 0 
-230 -162 270 0 
-987 -897 -381 0 
-279 -292 840 0 
672 632 -647 0 
908 -404 741 0 
-800 254 -992 0 
896 -111 -828 0 
830 547 -814 0 
-927 915 588 0 
-906 -447 373 0 
943 666 450 0 
251 -351 120 0 
36 11 -54 0 
478 687 651 0 
-117 -417 -775 0 
32 -524 359 0 
-880 -303 -875 0 
589 -758 -611 0 
902 -609 -366 0 
938 446 679 0 
-888 881 -357 0 
428 -775 938 0 
480 240 -34 0 
-976 969 822 0 
-679 -163 60 0 
-428 679 -803 0 
-329 -593 -386 0 
-556 -203 -48 0 
518 925 419 0 
-183 -675 -512 0 
870 -954 85 0 
-567 251 415 0 
-338 585 330 0 
885 492 -80 0 
467 759 -606 0 
-566 -666 316 0 
-275 780 906 0 
456 -54 -850 0 
388 -895 3 0 
-445 840 578 0 
-389 678 -881 0 
817 50 334 0 
-52 -184 -88 0 
-743 -828 605 0 
-577 -936 -159 0 
-542 476 -97 0 
280 207 31 0 
-800 -804 815 0 
75 -436 -550 0 
187 420 -136 0 
-193 425 897 0 
-917 -108 -521 0 
-435 536 -241 0 
-366 -16 845 0 
325 -371 -247 0 
301 -765 -948 0 
451 870 -855 0 
-110 -408 879 0 
930 -888 -453 0 
-302 488 -419 0 
257 165 -725 0 
180 -906 -899 0 
-566 -258 -525 0 
263 -586 456 0 
-443 -933 542 0 
-747 328 -181 0 
865 -353 93 0 
753 249 707 0 
765 441 -683 0 
-119 295 318 0 
-614 -369 -153 0 
538 -544 206 0 
-408 -843 561 0 
-404 -806 633 0 
67 901 -837 0 
761 320 -763 0 
170 140 908 0 
-238 -797 860 0 
-36 -519 -911 0 
-76 839 -651 0 
104 -546 -44 0 
841 713 -941 0 
604 451 -799 0 
-38 -315 -901 0 
-934 326 -359 0 
519 737 10 0 
870 -725 588 0 
-997 -30 -717 0 
743 13 315 0 
121 247 296 0 
932 -104 -409 0 
-333 -503 779 0 
404 -82 -158 0 
917 -429 712 0 
564 284 -537 0 
16 527 -734 0 
292 790 -990 0 
309 314 -20 0 
201 802 -998 0 
-141 -956 -394 0 
310 145 -232 0 
-929 71 -885 0 
-962 55 -559 0 
892 748 124 0 
82 -68 -208 0 
-629 494 -220 0 
-509 570 17 0 
73 -710 -279 0 
-914 -478 375 0 
-26 -607 -316 0 
492 940 32 0 
150 -212 -637 0 
-206 -942 169 0 
-290 -965 691 0 
-255 -777 809 0 
42 -308 734 0 
-168 8 -219 0 
803 -612 -752 0 
827 -931 146 0 
-44 729 313 0 
-568 -520 935 0 
-689 344 68 0 
-123 -63 616 0 
212 -51 -540 0 
92 741 -578 0 
272 240 -514 0 
232 -558 778 0 
357 889 664 0 
75 142 959 0 
239 559 -403 0 
-557 118 -431 0 
704 343 601 0 
-717 256 813 0 
-222 -801 -468 0 
-830 340 169 0 
-506 544 466 0 
948 89 799 0 
455 879 -93 0 
-697 -73 475 0 
285 791 -386 0 
659 -273 531 0 
-296 707 2 0 
236 -254 -830 0 
-642 255 -905 0 
-738 633 -365 0 
888 472 612 0 
951 187 -790 0 
644 -848 -991 0 
-229 -319 812 0 
618 301 593 0 
537 854 -169 0 
-303 198 427 0 
-880 970 656 0 
143 -963 -677 0 
-661 19 849 0 
-66 888 -298 0 
786 -238 -758 0 
-918 635 -7 0 
-997 334 -182 0 
-525 -985 917 0 
883 -741 31 0 
388 693 -507 0 
124 -73 201 0 
404 -497 -396 0 
634 -142 382 0 
570 -557 -380 0 
409 -122 -473 0 
-122 710 450 0 
460 -7 246 0 
815 -517 -524 0 
-325 -4 -536 0 
-766 968 -293 0 
-43 681 -114 0 
-405 -325 337 0 
-847 -141 197 0 
3 -980 977 0 
-270 810 382 0 
-13 -300 852 0 
-74 -861 -284 0 
926 -853 175 0 
461 708 791 0 
-919 556 -43 0 
-628 53 548 0 
521 -830 216 0 
-635 307 554 0 
656 -562 -464 0 
-72 855 650 0 
-444 -636 866 0 
409 821 486 0 
-165 212 764 0 
-420 937 -426 0 
-620 257 -524 0 
258 -518 511 0 
-567 555 522 0 
336 -676 480 0 
216 755 335 0 
-58 -169 679 0 
-411 -424 375 0 
-657 -31 663 0 
833 596 -415 0 
398 -733 -655 0 
-918 130 -263 0 
593 694 -443 0 
125 272 215 0 
761 -911 229 0 
-820 -140 -469 0 
784 957 751 0 
813 159 684 0 
-286 -277 787 0 
458 111 285 0 
-239 -218 721 0 
-757 693 -262 0 
-758 769 429 0 
150 944 329 0 
79 -192 -70 0 
-866 -740 -883 0 
-538 813 350 0 
562 -937 963 0 
-288 -128 750 0 
452 283 694 0 
450 676 669 0 
-230 -23 183 0 
871 -530 -960 0 
-979 782 -426 0 
662 -432 652 0 
-980 -861 139 0 
-203 -112 566 0 
853 -793 -497 0 
-243 -606 871 0 
-982 380 143 0 
805 -242 -462 0 
-214 -699 123 0 
-113 -234 15 0 
-688 783 -226 0 
33 -806 -663 0 
139 -396 -775 0 
167 498 537 0 
446 14 537 0 
343 211 -81 0 
-945 987 754 0 
98 502 26 0 
833 -750 514 0 
-901 -753 485 0 
-472 -898 -352 0 
24 -468 -354 0 
612 -404 -335 0 
-621 848 -349 0 
-118 830 137 0 
-988 206 992 0 
-959 596 -129 0 
624 -111 558 0 
846 631 -475 0 
748 707 -589 0 
-571 -66 526 0 
891 -491 -295 0 
329 360 628 0 
502 952 320 0 
-906 207 596 0 
-375 21 649 0 
-859 -145 -506 0 
756 678 -705 0 
580 -968 -385 0 
-355 -367 245 0 
-598 -868 -448 0 
491 -376 636 0 
613 -590 414 0 
141 -37 430 0 
257 -11 585 0 
595 319 352 0 
-62 574 323 0 
-645 465 488 0 
-206 76 462 0 
813 487 420 0 
-457 -360 -983 0 
-628 -243 -407 0 
788 67 772 0 
-646 -108 -951 0 
32 916 -184 0 
880 -489 477 0 
186 -697 -128 0 
-430 116 -958 0 
806 627 163 0 
-459 -147 -651 0 
527 418 500 0 
-838 -324 -473 0 
511 257 295 0 
259 509 -44 0 
-793 748 -321 0 
-470 -114 692 0 
562 -730 -182 0 
549 -827 521 0 
835 -98 -955 0 
-405 362 767 0 
614 950 321 0 
51 101 -210 0 
880 -398 236 0 
-215 803 855 0 
701 803 644 0 
871 -433 748 0 
294 507 -325 0 
-721 -694 -826 0 
138 -227 -953 0 
654 167 745 0 
-855 767 605 0 
511 365 857 0 
-442 -498 -231 0 
-729 23 -232 0 
449 -740 599 0 
282 648 -545 0 
-505 -499 -25 0 
-3 798 -456 0 
824 971 -606 0 
118 -203 772 0 
603 -218 -943 0 
-898 985 -339 0 
354 -921 859 0 
-848 743 -159 0 
194 -285 947 0 
243 -758 400 0 
497 -205 400 0 
-98 -514 922 0 
-144 -250 232 0 
-879 -819 605 0 
-712 434 -765 0 
-438 -973 -947 0 
-438 -218 -863 0 
746 -410 -809 0 
740 155 -302 0 
779 -98 -497 0 
-81 -940 897 0 
-206 977 -880 0 
-699 258 -487 0 
-469 -320 -513 0 
-398 -265 727 0 
-509 888 -876 0 
608 -429 734 0 
874 390 -983 0 
754 -456 -746 0 
839 387 984 0 
888 -792 -464 0 
53 -210 -824 0 
537 535 -397 0 
-83 -559 695 0 
-911 -384 -826 0 
-162 31 -340 0 
936 104 -258 0 
729 720 -957 0 
-950 528 -165 0 
837 303 -222 0 
-478 -648 279 0 
96 420 -374 0 
346 383 603 0 
-738 -547 -123 0 
-260 889 -246 0 
619 -572 534 0 
-308 859 296 0 
-660 110 -757 0 
-174 146 -391 0 
283 -677 777 0 
370 -857 553 0 
-206 820 -578 0 
-657 551 988 0 
596 -639 349 0 
-648 -846 616 0 
422 767 46 0 
-752 423 766 0 
490 357 272 0 
-130 -577 241 0 
496 980 -375 0 
-609 733 -679 0 
98 -453 781 0 
689 -103 -679 0 
-583 -991 730 0 
-574 989 650 0 
-784 218 -74 0 
-470 65 824 0 
-659 -589 -812 0 
-709 331 429 0 
-799 -552 -235 0 
790 339 -405 0 
-735 483 419 0 
-193 -207 635 0 
880 -789 -333 0 
896 -795 -817 0 
317 774 268 0 
871 -44 -696 0 
-520 955 -470 0 
136 -786 777 0 
299 -565 -514 0 
237 615 -322 0 
-610 913 893 0 
920 953 -833 0 
708 -254 -72 0 
174 937 77 0 
-786 -811 -738 0 
-404 -695 -553 0 
7 -272 734 0 
-66 -555 764 0 
-230 -604 740 0 
-626 267 394 0 
812 -84 559 0 
-651 485 -506 0 
-172 261 111 0 
-546 -741 997 0 
-545 754 764 0 
-497 728 -240 0 
668 659 265 0 
-694 706 30 0 
566 -891 -510 0 
-895 -373 -141 0 
-497 -197 88 0 
-428 731 -590 0 
-292 182 -129 0 
-497 -202 -326 0 
-759 136 363 0 
26 -914 -880 0 
762 -343 791 0 
-272 92 -790 0 
723 -523 -438 0 
659 349 880 0 
-61 -844 32 0 
-738 -185 128 0 
-314 -650 -617 0 
-866 -502 372 0 
-786 490 179 0 
551 -79 -835 0 
490 655 375 0 
989 -988 392 0 
-874 -576 995 0 
118 387 643 0 
-77 -428 138 0 
239 423 -612 0 
586 -151 452 0 
-1 266 361 0 
-356 135 -604 0 
908 -536 276 0 
600 -462 -962 0 
-382 232 -145 0 
586 336 -903 0 
-846 104 -310 0 
826 -385 386 0 
-680 642 461 0 
-909 -415 272 0 
-953 -487 90 0 
742 51 -814 0 
122 -652 -726 0 
-763 675 848 0 
200 947 723 0 
-767 -457 -569 0 
-217 486 173 0 
-21 445 203 0 
430 -257 -891 0 
645 -101 606 0 
-834 410 -720 0 
-216 -781 23 0 
809 -104 518 0 
-921 746 -443 0 
855 376 -889 0 
540 -43 -85 0 
947 -253 -40 0 
860 803 -261 0 
-21 -453 -161 0 
815 -52 763 0 
-704 669 725 0 
114 -454 144 0 
545 280 -360 0 
-680 24 966 0 
-922 271 959 0 
886 -751 -41 0 
-732 -425 389 0 
-643 789 -469 0 
-468 403 -108 0 
-969 398 972 0 
-242 -602 788 0 
-844 410 -406 0 
-167 -418 -275 0 
129 86 662 0 
-18 573 814 0 
-41 704 780 0 
-70 277 -622 0 
546 -703 76 0 
-322 188 -340 0 
-778 999 -720 0 
327 928 312 0 
-533 -723 13 0 
-734 -664 -307 0 
687 -552 -95 0 
74 -35 438 0 
-685 419 639 0 
489 -490 305 0 
670 690 -608 0 
238 -940 594 0 
-450 948 1 0 
-216 262 -333 0 
-230 547 204 0 
-109 334 661 0 
370 -569 506 0 
326 400 -625 0 
896 334 105 0 
-505 -428 -959 0 
338 777 860 0 
-635 -132 751 0 
520 -990 384 0 
-865 -548 -533 0 
-504 -27 -893 0 
718 834 729 0 
-895 -262 561 0 
206 986 -684 0 
-104 -299 -964 0 
805 985 -639 0 
757 110 -517 0 
636 521 -570 0 
-87 335 207 0 
367 -234 -649 0 
-91 -384 -215 0 
-929 290 824 0 
636 -605 493 0 
-265 203 -152 0 
-753 -874 681 0 
643 365 -560 0 
193 545 425 0 
636 -449 -308 0 
-41 -216 -875 0 
34 -222 -724 0 
-681 -457 -141 0 
634 -932 13 0 
-514 910 382 0 
231 -904 -199 0 
632 875 647 0 
-551 663 -626 0 
2 -632 220 0 
-483 -857 -278 0 
599 -295 -80 0 
625 -31 431 0 
-947 680 599 0 
-733 845 -739 0 
-759 424 323 0 
735 344 687 0 
582 367 962 0 
103 -538 264 0 
-864 686 49 0 
-249 576 -307 0 
-335 -947 941 0 
-191 -997 770 0 
-256 -348 -466 0 
-611 -540 -534 0 
70 353 -642 0 
964 -683 900 0 
482 124 224 0 
235 -665 -406 0 
-802 51 -41 0 
-28 -942 -711 0 
46 596 -655 0 
-181 -928 -597 0 
-506 7 -839 0 
-40 -661 -409 0 
630 488 -439 0 
-170 -13 -471 0 
-129 829 349 0 
874 147 813 0 
-151 -125 -484 0 
-617 -821 415 0 
-989 -49 41 0 
85 132 119 0 
-683 -493 -24 0 
-590 -964 -259 0 
-484 -34 -299 0 
-733 84 -641 0 
482 718 -553 0 
-110 -865 -745 0 
-677 530 827 0 
-595 -829 -147 0 
893 -323 -805 0 
-613 -488 713 0 
418 -11 -992 0 
-407 506 587 0 
333 -227 582 0 
412 768 84 0 
534 -931 689 0 
57 716 -541 0 
226 -861 -232 0 
-834 967 -685 0 
881 257 -2 0 
590 -945 -975 0 
-84 894 -176 0 
-696 -838 208 0 
956 -992 -248 0 
-109 938 -316 0 
721 -448 701 0 
745 538 -365 0 
-15 575 995 0 
536 -425 133 0 
282 -3 -946 0 
-620 7 -210 0 
652 200 924 0 
-841 64 80 0 
-848 121 782 0 
-196 -26 260 0 
-961 147 730 0 
28 512 537 0 
-743 679 -193 0 
-25 60 768 0 
-500 -336 537 0 
270 979 -908 0 
-624 -266 639 0 
-46 566 -901 0 
-506 -607 -849 0 
-990 -337 25 0 
-178 683 -975 0 
293 399 -818 0 
852 -313 994 0 
850 -515 236 0 
545 -829 470 0 
-463 775 -781 0 
802 848 992 0 
-903 997 -260 0 
301 529 92 0 
941 -233 23 0 
734 326 -653 0 
-49 -638 761 0 
446 669 465 0 
145 -610 191 0 
-1 -819 -32 0 
892 723 -341 0 
806 -928 603 0 
316 -308 -563 0 
-303 93 53 0 
189 703 -101 0 
-880 -936 -225 0 
331 578 -924 0 
-49 -187 167 0 
-540 115 845 0 
761 142 -191 0 
-754 -297 -841 0 
-619 23 -119 0 
-689 252 709 0 
167 -684 -988 0 
235 5 511 0 
-454 -839 -245 0 
664 -59 354 0 
680 862 -846 0 
191 -149 843 0 
-16 794 536 0 
-116 -743 80 0 
534 -569 856 0 
415 501 -938 0 
-678 782 98 0 
553 605 375 0 
-815 886 -426 0 
-755 638 -316 0 
846 567 775 0 
-399 248 -582 0 
-620 -275 116 0 
895 -240 613 0 
34 343 -629 0 
-330 26 290 0 
-950 -449 -552 0 
-599 -297 167 0 
463 762 115 0 
-37 -211 -865 0 
-220 481 -395 0 
197 392 -7 0 
-481 -15 -683 0 
79 -873 -500 0 
485 -478 -489 0 
635 93 548 0 
-953 -478 -319 0 
-920 894 -491 0 
-304 262 89 0 
-611 859 833 0 
-297 -191 -386 0 
-672 -222 334 0 
930 266 -193 0 
943 -8 -820 0 
216 -844 887 0 
-763 101 800 0 
214 -159 -27 0 
-175 -550 -353 0 
-89 402 438 0 
-868 -143 -750 0 
94 723 484 0 
-259 -230 500 0 
129 772 -961 0 
-39 362 450 0 
-594 811 -342 0 
733 -94 -834 0 
-172 961 -46 0 
-680 -531 516 0 
-560 327 688 0 
-454 -149 -798 0 
-443 -334 49 0 
290 537 -375 0 
61 -370 932 0 
87 -606 -770 0 
-373 -282 56 0 
582 -68 544 0 
-790 363 -135 0 
145 -876 758 0 
611 9 464 0 
-262 725 -254 0 
998 236 820 0 
-812 -218 -34 0 
-972 -127 427 0 
210 107 -111 0 
-132 61 484 0 
398 553 -84 0 
-450 -958 574 0 
658 383 37 0 
-770 -847 -531 0 
-760 650 899 0 
130 352 307 0 
-702 -302 746 0 
-150 873 221 0 
-56 339 -852 0 
-356 -174 802 0 
-54 -499 116 0 
34 -395 950 0 
754 380 872 0 
-428 168 -549 0 
-846 -39 -680 0 
-997 -998 -459 0 
-562 747 621 0 
250 -434 -931 0 
-951 327 912 0 
-250 570 524 0 
89 -932 -78 0 
663 -37 -715 0 
256 -686 234 0 
-327 -102 -140 0 
-116 689 651 0 
-485 -32 126 0 
513 -658 -180 0 
518 148 920 0 
460 -54 -941 0 
-687 -230 -189 0 
-570 644 564 0 
283 -113 -275 0 
-12 19 614 0 
591 -672 -43 0 
171 278 -214 0 
480 -103 236 0 
-755 399 -651 0 
-746 -771 -975 0 
351 216 121 0 
240 579 -525 0 
-718 483 -366 0 
236 16 646 0 
-366 -324 705 0 
25 -247 -607 0 
-475 581 -12 0 
-206 249 818 0 
-274 261 -629 0 
507 -726 -667 0 
-610 -268 372 0 
-981 761 23 0 
-345 803 397 0 
980 32 -126 0 
519 437 -497 0 
-769 -807 324 0 
-999 -663 -781 0 
560 346 37 0 
222 580 -931 0 
-894 913 929 0 
-428 -429 241 0 
48 -167 714 0 
835 -2 -427 0 
-113 69 -937 0 
892 996 777 0 
-293 123 -155 0 
592 494 192 0 
-394 337 -685 0 
-64 -96 953 0 
662 -299 -921 0 
-947 -359 842 0 
136 -23 -501 0 
-120 -86 352 0 
85 -348 754 0 
-894 914 1000 0 
950 -995 50 0 
-854 495 586 0 
-464 141 -963 0 
883 -778 -709 0 
873 -744 -884 0 
571 336 -550 0 
-350 -677 304 0 
475 -642 641 0 
-25 134 253 0 
39 584 184 0 
-31 369 -709 0 
687 -253 -37 0 
-689 778 -267 0 
959 409 925 0 
723 -120 19 0 
206 -320 198 0 
-741 -542 -365 0 
-321 644 817 0 
-789 367 -106 0 
684 -557 -544 0 
518 15 -582 0 
-594 -737 -117 0 
-185 286 -242 0 
411 -211 542 0 
911 -43 551 0 
230 705 -899 0 
511 -353 279 0 
134 -881 -710 0 
80 758 464 0 
-441 983 -952 0 
286 -741 97 0 
-712 187 -543 0 
-335 -792 214 0 
-798 -65 616 0 
-974 -304 -294 0 
990 -569 -735 0 
779 -120 -373 0 
295 760 424 0 
-437 313 772 0 
231 -945 523 0 
-233 -227 -664 0 
17 412 -709 0 
64 -442 -896 0 
635 397 856 0 
-405 242 -758 0 
-893 772 -599 0 
-27 -41 -446 0 
-870 -43 -888 0 
-463 335 -675 0 
440 -90 780 0 
535 952 302 0 
-757 -710 976 0 
-502 -430 -737 0 
-286 -7 719 0 
-833 271 -823 0 
-503 126 533 0 
778 556 -325 0 
325 -603 84 0 
10 55 -679 0 
518 -659 846 0 
84 -674 924 0 
729 296 700 0 
928 465 -211 0 
678 -452 -19 0 
-185 572 -52 0 
437 -112 876 0 
-738 288 521 0 
-39 69 -74 0 
-14 -343 -422 0 
923 -311 -681 0 
-906 350 479 0 
707 -858 464 0 
-487 -537 59 0 
784 578 979 0 
135 -576 -33 0 
-634 -605 109 0 
-635 -242 -185 0 
994 860 -51 0 
235 474 -958 0 
-77 965 -551 0 
470 394 -212 0 
696 -369 -722 0 
-663 159 941 0 
362 42 356 0 
61 -933 334 0 
-856 493 506 0 
444 163 646 0 
-468 421 -672 0 
389 137 647 0 
889 689 -953 0 
423 196 534 0 
-344 689 -583 0 
230 298 -724 0 
-888 708 -92 0 
402 64 -500 0 
858 -807 245 0 
-105 -173 -341 0 
480 -800 -46 0 
-454 719 -773 0 
-712 362 76 0 
301 171 760 0 
31 -439 300 0 
-781 722 -499 0 
-183 121 384 0 
272 378 -639 0 
-162 848 -198 0 
345 -487 -184 0 
50 -112 182 0 
892 855 -246 0 
-59 -76 -131 0 
50 -602 -52 0 
-449 316 905 0 
-142 724 -91 0 
483 -162 -710 0 
-611 1 801 0 
597 976 -500 0 
559 644 -323 0 
-978 235 -122 0 
-438 262 -87 0 
538 143 -953 0 
-980 337 -6 0 
-39 -385 -334 0 
296 -4 580 0 
-65 -246 759 0 
640 604 137 0 
-588 850 -531 0 
-845 -481 977 0 
410 -593 920 0 
261 -889 -993 0 
982 -407 -669 0 
353 335 -692 0 
947 903 770 0 
930 149 -781 0 
383 -915 389 0 
-528 -259 -253 0 
-734 -519 -232 0 
-989 598 -327 0 
600 595 602 0 
-277 -85 117 0 
106 145 -282 0 
352 -615 147 0 
-219 -305 -584 0 
177 391 802 0 
190 566 765 0 
638 -339 828 0 
269 -824 -46 0 
-534 776 -374 0 
-932 -1 702 0 
72 -417 -653 0 
-4 -876 -290 0 
43 71 -310 0 
-339 -201 -90 0 
-996 898 -523 0 
-103 526 662 0 
-996 -433 -787 0 
-947 155 522 0 
-244 -400 109 0 
776 -685 -636 0 
759 -871 18 0 
-40 -966 -853 0 
-106 278 644 0 
550 -997 -462 0 
-686 -302 624 0 
-978 633 594 0 
620 -322 -774 0 
304 -354 -806 0 
-119 162 -683 0 
250 -798 169 0 
295 459 -57 0 
-806 -824 77 0 
64 855 -318 0 
446 -150 27 0 
690 109 632 0 
-355 769 -65 0 
-985 600 -691 0 
-598 635 806 0 
-669 -295 924 0 
-907 -721 -671 0 
184 835 201 0 
-996 -183 -343 0 
238 -465 50 0 
446 102 -452 0 
-865 490 566 0 
-334 -879 -129 0 
-321 -122 -481 0 
999 -943 841 0 
183 225 48 0 
-670 -170 -822 0 
-57 704 179 0 
-909 -552 704 0 
-856 -577 887 0 
480 -920 987 0 
-56 227 -484 0 
-626 175 328 0 
969 -419 -640 0 
-21 79 943 0 
-510 942 661 0 
-783 -814 21 0 
527 410 -305 0 
-592 -871 -603 0 
-227 581 234 0 
56 449 -808 0 
-893 -690 -846 0 
-372 268 -418 0 
863 -148 670 0 
-972 254 808 0 
416 274 -732 0 
-712 -798 812 0 
723 -412 -160 0 
753 -154 181 0 
257 -545 -516 0 
501 -193 -127 0 
-704 773 -913 0 
-51 411 -644 0 
-460 995 858 0 
-688 790 221 0 
-164 497 537 0 
-99 -744 -64 0 
-276 51 349 0 
645 866 -279 0 
-613 -471 -432 0 
44 330 380 0 
-122 -242 -64 0 
-583 -550 -476 0 
339 870 900 0 
833 892 -250 0 
390 -520 -707 0 
614 -211 -49 0 
-275 -622 -542 0 
283 951 577 0 
818 97 -967 0 
-286 -728 -3 0 
-853 17 149 0 
-655 543 544 0 
-713 -356 553 0 
-266 -933 -564 0 
331 -747 563 0 
731 -471 -131 0 
-246 -576 -854 0 
-231 -28 847 0 
-617 -757 192 0 
-779 -136 -506 0 
906 38 727 0 
812 -784 -603 0 
-523 356 229 0 
-604 827 -982 0 
866 -705 928 0 
-72 39 -973 0 
-193 961 761 0 
146 608 -424 0 
877 -248 -644 0 
332 96 -427 0 
754 668 465 0 
531 570 -794 0 
-695 997 -265 0 
862 -496 404 0 
-682 -160 -401 0 
-468 123 441 0 
-962 940 222 0 
465 -670 -521 0 
121 470 -328 0 
-641 -376 -76 0 
-962 -252 -586 0 
293 679 -302 0 
-635 634 -922 0 
17 489 41 0 
-247 53 -780 0 
-810 157 18 0 
-775 499 211 0 
-565 -845 43 0 
-644 97 268 0 
-363 106 572 0 
609 -301 996 0 
146 -861 -649 0 
-432 995 710 0 
249 341 -64 0 
-353 230 -168 0 
-548 -881 495 0 
-761 612 515 0 
943 887 593 0 
-593 51 606 0 
82 -314 936 0 
231 -820 -300 0 
-694 860 -278 0 
818 -132 522 0 
737 -625 549 0 
-824 -133 668 0 
-236 -940 -804 0 
-76 777 600 0 
941 54 930 0 
733 -89 -5 0 
-411 -334 363 0 
882 883 -830 0 
-574 809 -615 0 
-474 263 4 0 
-47 297 -60 0 
450 -168 -904 0 
654 -389 254 0 
-432 -870 475 0 
696 -673 920 0 
-899 336 985 0 
353 -187 -183 0 
976 -967 954 0 
589 -379 -996 0 
-818 564 -547 0 
625 986 -877 0 
-64 -952 423 0 
727 745 196 0 
556 937 459 0 
884 -175 55 0 
345 -739 -704 0 
-114 -907 162 0 
74 -161 -517 0 
440 -924 -996 0 
527 -592 -613 0 
871 -511 -318 0 
-896 236 687 0 
-12 -162 -692 0 
-667 507 -922 0 
-394 533 -432 0 
-910 -679 920 0 
848 -682 -462 0 
-758 396 705 0 
845 -592 684 0 
-43 -529 426 0 
686 -650 214 0 
775 -403 -945 0 
-850 -509 799 0 
-893 -29 249 0 
-703 -67 -110 0 
384 -963 765 0 
42 719 -823 0 
48 -934 888 0 
453 -174 -663 0 
605 -436 540 0 
459 -376 742 0 
644 890 -713 0 
45 -352 -407 0 
932 381 -395 0 
-473 -397 282 0 
-910 -264 533 0 
372 -178 -949 0 
100 -675 -949 0 
-292 929 -80 0 
-396 -25 -128 0 
548 -526 -313 0 
99 181 -488 0 
814 844 -32 0 
941 247 -203 0 
-62 -403 -397 0 
403 264 686 0 
-224 890 422 0 
785 275 -957 0 
461 -820 666 0 
976 428 -705 0 
538 -537 214 0 
-184 -402 -1000 0 
-879 263 450 0 
9 118 -620 0 
606 345 -516 0 
782 -664 739 0 
289 66 757 0 
-569 60 803 0 
-990 926 446 0 
-220 841 -12 0 
-240 -588 -910 0 
-766 133 391 0 
34 -652 423 0 
919 336 -569 0 
-189 -535 -316 0 
876 -323 192 0 
-324 12 918 0 
-331 231 759 0 
-458 304 64 0 
-293 -288 -791 0 
-448 -946 975 0 
171 -985 -582 0 
-498 -546 998 0 
-272 584 -610 0 
-76 -763 -972 0 
307 -564 -583 0 
-298 327 895 0 
-454 -497 -946 0 
816 266 158 0 
983 -914 765 0 
-910 338 -52 0 
778 116 -559 0 
618 -888 -326 0 
4 -355 687 0 
293 33 -222 0 
-778 -786 -811 0 
-506 -639 789 0 
184 488 -595 0 
801 368 -941 0 
558 588 -927 0 
157 -822 -395 0 
-20 744 109 0 
841 -743 -451 0 
637 647 -758 0 
806 261 164 0 
-66 -688 -472 0 
-551 222 -928 0 
865 11 -800 0 
557 531 -218 0 
-694 -609 477 0 
543 -402 -431 0 
-210 -209 314 0 
-46 -163 -75 0 
-207 690 226 0 
-619 -323 263 0 
-694 814 -743 0 
736 -658 -842 0 
-695 -779 -749 0 
-775 -478 421 0 
-547 -216 133 0 
-814 158 -650 0 
-755 -948 -869 0 
476 -490 -921 0 
-25 -407 672 0 
545 -763 -292 0 
444 641 -821 0 
-643 443 -724 0 
-958 -612 523 0 
-714 -845 132 0 
-162 -267 12 0 
911 -212 -806 0 
843 430 -782 0 
946 942 38 0 
121 811 -323 0 
-606 -983 511 0 
-294 586 493 0 
888 -970 889 0 
945 -946 744 0 
456 -786 3 0 
-40 -444 -279 0 
-292 -40 -953 0 
-404 105 -704 0 
824 795 956 0 
-803 158 101 0 
111 -988 -296 0 
-21 213 912 0 
-703 673 -246 0 
-343 793 737 0 
-793 -963 86 0 
286 891 -526 0 
554 -855 126 0 
-333 797 -36 0 
351 437 -497 0 
-504 -807 -123 0 
-739 -539 -243 0 
79 740 -231 0 
424 521 416 0 
88 -337 -790 0 
857 -631 -443 0 
763 -80 -923 0 
-83 -5 -905 0 
-665 -17 717 0 
112 544 114 0 
-772 1 -718 0 
-802 779 -372 0 
-977 -215 258 0 
-924 -794 384 0 
-513 832 515 0 
267 -226 -703 0 
382 -742 555 0 
-133 282 -489 0 
575 -256 275 0 
757 123 -320 0 
254 -637 -532 0 
-542 -119 992 0 
337 -699 -644 0 
202 -182 -98 0 
956 118 781 0 
399 296 -146 0 
229 806 -936 0 
987 -975 587 0 
-681 -50 368 0 
-583 918 -707 0 
-86 -818 -118 0 
-510 -100 705 0 
-519 741 758 0 
654 916 -424 0 
-566 516 272 0 
-732 -678 -207 0 
-717 -325 899 0 
-210 591 158 0 
-310 156 89 0 
-397 -545 -525 0 
-552 -215 331 0 
-78 -615 778 0 
-852 -478 -930 0 
-870 -748 -185 0 
-719 -750 971 0 
861 349 -222 0 
-695 493 892 0 
359 -840 -668 0 
830 -433 64 0 
996 -771 -142 0 
-440 36 -470 0 
-842 -20 369 0 
-258 438 -593 0 
-1 555 -433 0 
684 972 -147 0 
-352 837 -869 0 
-288 -770 -898 0 
-606 777 -757 0 
984 -291 166 0 
36 210 -272 0 
917 70 -73 0 
-469 -24 605 0 
716 32 932 0 
516 966 -526 0 
832 604 668 0 
996 -641 991 0 
-877 -62 -485 0 
719 -931 668 0 
518 -681 -919 0 
755 537 -205 0 
-271 950 -101 0 
529 -450 -287 0 
477 269 -347 0 
-714 -664 -665 0 
-570 421 -897 0 
-609 116 442 0 
-596 -96 -344 0 
99 -686 563 0 
-826 -782 -435 0 
-697 75 -588 0 
239 968 626 0 
-175 -887 557 0 
76 207 299 0 
-705 96 854 0 
-784 842 832 0 
667 -314 -876 0 
578 407 -56 0 
868 597 330 0 
-166 -128 -772 0 
-526 -714 84 0 
-469 878 504 0 
661 -550 431 0 
871 -164 -575 0 
317 152 -95 0 
-459 -610 -971 0 
360 553 174 0 
940 189 653 0 
-685 -972 467 0 
877 24 -752 0 
-502 -513 126 0 
-770 605 -587 0 
761 231 497 0 
-119 929 -502 0 
-336 756 708 0 
-911 -86 -509 0 
641 -17 956 0 
-513 -784 176 0 
276 888 655 0 
-285 -38 717 0 
-424 763 -18 0 
-452 -57 346 0 
785 -400 934 0 
-275 926 266 0 
777 -342 -404 0 
216 778 943 0 
-484 -25 989 0 
-707 893 341 0 
-510 -401 614 0 
-461 -502 910 0 
213 498 -895 0 
591 766 538 0 
-823 -548 -949 0 
781 98 -798 0 
-387 -191 562 0 
224 724 770 0 
284 588 -124 0 
802 -361 -910 0 
-823 -696 960 0 
-731 -369 -521 0 
178 806 -22 0 
867 659 444 0 
-226 -523 236 0 
291 -277 592 0 
-5 764 -910 0 
-117 490 751 0 
-401 562 -20 0 
817 -254 749 0 
904 447 -65 0 
830 -407 723 0 
726 -859 -220 0 
-699 -252 313 0 
-958 287 299 0 
424 -708 287 0 
-694 -241 822 0 
-456 -116 890 0 
-216 -956 144 0 
-188 31 462 0 
289 585 -145 0 
-413 629 938 0 
307 -418 -314 0 
823 110 648 0 
86 616 -301 0 
510 235 242 0 
-345 -704 -33 0 
-748 -872 334 0 
-236 407 324 0 
-433 -119 -823 0 
-373 -818 -343 0 
781 440 -165 0 
-741 898 -913 0 
-962 412 448 0 
629 -614 565 0 
562 -856 290 0 
-425 641 -469 0 
-334 128 533 0 
192 -483 -519 0 
-1 -937 917 0 
-654 567 -160 0 
49 -395 853 0 
-431 259 509 0 
67 326 372 0 
854 335 488 0 
-107 173 175 0 
-99 326 844 0 
-962 295 269 0 
-858 -430 458 0 
-715 -71 -54 0 
-91 422 -419 0 
-163 -670 399 0 
-194 333 -16 0 
310 -617 507 0 
782 -796 483 0 
808 686 438 0 
-276 68 167 0 
-199 -56 -345 0 
146 -799 -234 0 
-356 206 -864 0 
-457 -235 -829 0 
-780 528 698 0 
100 -932 987 0 
-436 980 47 0 
-495 883 -227 0 
-828 453 699 0 
757 -267 -363 0 
-795 918 706 0 
460 -831 -217 0 
-351 132 -38 0 
662 65 -973 0 
-840 -404 96 0 
-846 772 -461 0 
7 510 -958 0 
-836 -781 -331 0 
585 6 106 0 
111 -714 -689 0 
-440 -723 -677 0 
132 994 719 0 
-385 224 -512 0 
662 -478 356 0 
-901 693 -885 0 
-529 576 -820 0 
-57 431 -891 0 
-232 -809 -433 0 
92 -131 -783 0 
214 -292 -841 0 
-638 -84 -554 0 
-215 -474 -490 0 
-809 51 489 0 
-631 245 184 0 
205 973 -140 0 
-322 822 222 0 
959 144 -424 0 
-882 -244 -977 0 
991 986 -369 0 
590 -134 -117 0 
869 -94 -689 0 
-716 -839 -983 0 
775 494 -37 0 
-364 -33 132 0 
902 509 891 0 
144 989 159 0 
-811 331 669 0 
155 -761 969 0 
-909 609 -530 0 
-709 940 -880 0 
-952 -300 586 0 
-134 51 -707 0 
-749 -172 -333 0 
-407 680 -94 0 
-171 -768 -216 0 
-345 -945 742 0 
379 487 -584 0 
-271 -962 -549 0 
-290 -667 -338 0 
-38 -1000 378 0 
305 -693 -549 0 
472 363 435 0 
-741 71 732 0 
783 -143 47 0 
-334 -289 -805 0 
-439 937 578 0 
-955 -981 8 0 
-693 -300 576 0 
-441 -991 870 0 
913 432 34 0 
970 -944 593 0 
-899 380 51 0 
-565 159 -118 0 
786 721 327 0 
-393 -741 368 0 
-519 -921 -985 0 
-919 321 -89 0 
-95 -846 -60 0 
-11 -404 -573 0 
-879 -555 -600 0 
92 -293 824 0 
-199 426 -850 0 
-678 -723 -276 0 
498 -855 -461 0 
-891 351 -191 0 
344 379 -1 0 
704 108 -351 0 
-16 -528 924 0 
709 -681 457 0 
857 -719 870 0 
692 762 214 0 
72 -182 -880 0 
-470 -641 -539 0 
-974 -137 518 0 
-283 528 658 0 
-581 980 -243 0 
728 -358 967 0 
877 -294 1 0 
310 -292 864 0 
-984 992 675 0 
-47 119 -49 0 
206 832 -538 0 
973 -233 737 0 
188 467 622 0 
-292 614 -874 0 
-845 857 -883 0 
-768 -72 770 0 
-675 -582 -42 0 
-172 938 969 0 
140 233 -342 0 
-51 -253 91 0 
441 -956 398 0 
325 961 517 0 
674 171 642 0 
203 529 -392 0 
-924 544 -52 0 
-765 -871 -455 0 
-253 -454 934 0 
512 -865 -191 0 
840 -299 -688 0 
-710 -644 86 0 
565 7 696 0 
837 436 -192 0 
112 679 -776 0 
441 245 64 0 
314 -384 692 0 
172 238 104 0 
452 -960 485 0 
-838 -623 -132 0 
367 180 803 0 
976 -813 -334 0 
138 -858 31 0 
-171 65 -852 0 
-34 -163 -607 0 
-604 378 765 0 
391 -943 -439 0 
-122 818 -688 0 
795 -233 -280 0 
503 -23 -505 0 
-648 -586 165 0 
420 352 -285 0 
-685 -346 881 0 
617 552 -186 0 
827 -42 224 0 
-566 314 888 0 
126 73 -154 0 
203 -287 -459 0 
496 735 640 0 
545 -230 402 0 
-644 863 -12 0 
-604 -79 -704 0 
528 -381 -777 0 
-961 -225 -905 0 
-250 -184 -990 0 
-186 460 -981 0 
60 377 206 0 
-414 569 -633 0 
-51 856 541 0 
-368 -172 -123 0 
318 -486 -31 0 
-250 -424 -488 0 
248 945 135 0 
170 -607 -250 0 
857 -224 -471 0 
144 -599 -377 0 
68 343 164 0 
-614 -949 773 0 
450 -581 -531 0 
708 -98 -416 0 
-326 -307 365 0 
-676 -672 403 0 
504 -400 611 0 
-600 -92 613 0 
-841 906 -260 0 
605 687 -829 0 
873 -156 331 0 
394 -909 -993 0 
-607 928 -199 0 
45 -823 226 0 
960 -530 -391 0 
-867 534 285 0 
933 814 158 0 
-893 -432 -753 0 
496 711 -958 0 
93 -903 205 0 
48 -606 92 0 
963 432 493 0 
-199 746 194 0 
-777 -63 627 0 
122 -870 538 0 
-415 175 599 0 
-728 -800 858 0 
213 -606 -898 0 
472 104 931 0 
787 -499 412 0 
584 -245 -905 0 
-997 -656 -893 0 
233 314 121 0 
391 885 385 0 
132 -301 -651 0 
-804 417 -985 0 
-469 733 45 0 
-329 -219 967 0 
332 26 -186 0 
-481 -70 46 0 
-814 -422 576 0 
-37 694 783 0 
623 -935 151 0 
-483 -953 376 0 
748 258 459 0 
-183 953 -421 0 
-521 -416 594 0 
-478 242 -190 0 
522 189 825 0 
-312 897 81 0 
-511 244 -945 0 
-416 839 950 0 
298 920 -984 0 
458 682 -720 0 
-740 -877 803 0 
63 791 209 0 
-917 -393 108 0 
-109 -474 -471 0 
-602 912 -734 0 
253 -435 444 0 
462 987 -297 0 
-929 -958 942 0 
701 -300 123 0 
960 524 770 0 
-854 682 -784 0 
-655 -40 -163 0 
738 -776 -978 0 
60 -536 596 0 
-638 -617 330 0 
-409 795 98 0 
-736 804 -116 0 
-736 148 621 0 
-304 -86 -229 0 
777 652 -956 0 
336 -290 690 0 
415 -971 -739 0 
-151 471 444 0 
-793 823 -112 0 
301 -918 770 0 
-720 807 811 0 
817 -310 206 0 
-516 736 884 0 
107 312 309 0 
708 -470 -738 0 
-241 29 -878 0 
518 -806 912 0 
-172 -221 -856 0 
-402 316 566 0 
67 -769 -66 0 
409 -956 908 0 
-52 840 -148 0 
-29 -421 751 0 
470 281 949 0 
-203 1000 -428 0 
-716 -823 733 0 
173 -660 -498 0 
-45 417 135 0 
658 74 -817 0 
-751 528 762 0 
-692 640 713 0 
709 -545 676 0 
-37 -218 -87 0 
388 -711 424 0 
272 300 293 0 
680 492 906 0 
-237 -352 343 0 
815 393 -701 0 
998 -966 461 0 
-36 983 400 0 
-929 -647 -12 0 
-36 593 541 0 
612 -500 822 0 
-582 781 559 0 
-326 -445 -719 0 
617 -222 -102 0 
642 -141 634 0 
-104 -271 350 0 
438 608 -951 0 
-550 936 -620 0 
-714 -852 544 0 
-572 -776 -249 0 
456 -240 -752 0 
824 795 -886 0 
102 770 208 0 
-997 -491 622 0 
-883 -830 890 0 
3 174 -591 0 
40 930 -353 0 
-915 -960 56 0 
-188 -348 322 0 
-835 927 700 0 
-505 69 -672 0 
358 287 824 0 
314 223 -638 0 
707 -193 -426 0 
866 -907 -662 0 
55 233 -624 0 
-801 -621 433 0 
-466 -907 -901 0 
-589 -717 -244 0 
49 900 480 0 
621 833 -231 0 
553 117 482 0 
-807 -916 32 0 
-530 836 816 0 
-34 -274 -308 0 
-337 760 766 0 
-798 275 302 0 
-637 890 195 0 
743 -897 -831 0 
-906 -306 -390 0 
776 -670 24 0 
287 405 -81 0 
755 375 860 0 
-169 -609 -605 0 
-678 994 -88 0 
-757 -956 183 0 
-550 22 -517 0 
188 800 -880 0 
-640 139 35 0 
-820 549 13 0 
572 -775 483 0 
-300 -556 -815 0 
752 -241 420 0 
76 -234 -269 0 
-28 -286 26 0 
420 -846 983 0 
769 -839 -160 0 
