p cnf 1000 3800
-631 236 550 0 
812 -342 833 0 
-866 115 232 0 
282 -681 442 0 
958 -801 748 0 
-288 826 -841 0 
-645 366 -169 0 
-663 -249 -422 0 
-603 -515 -468 0 
504 -15 335 0 
375 46 334 0 
93 -999 990 0 
-496 476 -558 0 
405 297 -298 0 
718 439 427 0 
914 -287 251 0 
-941 376 809 0 
-522 -863 -563 0 
-412 195 315 0 
-653 837 771 0 
-572 114 -740 0 
396 185 -569 0 
906 -779 488 0 
201 -514 -532 0 
827 -798 593 0 
-912 -600 452 0 
-162 -317 768 0 
375 273 -920 0 
-694 168 165 0 
-731 -162 442 0 
-838 270 549 0 
190 885 545 0 
-764 -9 172 0 
506 -416 -544 0 
691 75 77 0 
-957 -806 -95 0 
-144 36 502 0 
-379 -438 -532 0 
104 -863 -766 0 
-81 -387 -895 0 
647 838 947 0 
-551 403 217 0 
-864 677 -386 0 
-6 479 -463 0 
99 -197 -496 0 
-336 -333 922 0 
-174 848 -465 0 
990 952 905 0 
-7 -701 249 0 
484 -45 -501 0 
-528 -246 691 0 
-91 -519 -714 0 
-271 -7 -657 0 
427 675 -763 0 
530 723 91 0 
-93 828 -381 0 
491 800 -404 0 
-377 -70 -515 0 
-268 -455 -999 0 
-326 970 419 0 
-139 276 426 0 
20 153 181 0 
-758 210 611 0 
832 284 510 0 
218 2 -381 0 
-935 856 -529 0 
82 -937 -728 0 
-761 -429 569 0 
735 379 24 0 
-393 298 985 0 
-920 -134 -505 0 
183 926 -194 0 
907 879 -446 0 
980 -335 754 0 
-115 -450 -607 0 
-933 -625 854 0 
272 3 -976 0 
471 60 433 0 
318 -410 740 0 
121 244 -500 0 
-425 -673 853 0 
-637 518 -218 0 
-753 -713 439 0 
281 535 -927 0 
-656 -88 54 0 
-856 -192 -802 0 
608 -51 -680 0 
-655 531 -107 0 
-746 876 -865 0 
164 -970 -147 0 
673 -655 728 0 
71 651 -913 0 
-401 903 -748 0 
82 819 -302 0 
615 -709 197 0 
-438 -547 -767 0 
-461 241 -303 0 
96 298 534 0 
338 -532 539 0 
137 731 780 0 
-241 -118 295 0 
409 -114 -163 0 
-102 -101 -179 0 
966 -341 104 0 
414 280 663 0 
371 -477 -194 0 
-709 -249 159 0 
-394 852 496 0 
-59 -88 -632 0 
253 -762 -239 0 
222 985 -980 0 
-879 -298 545 0 
-695 -955 90 0 
943 334 321 0 
140 -445 -964 0 
959 583 816 0 
-163 -18 -954 0 
-174 -30 852 0 
-656 -966 -522 0 
-981 -375 -211 0 
587 -826 21 0 
-742 267 97 0 
-832 -82 973 0 
412 251 508 0 
-873 102 -944 0 
-263 13 -282 0 
-824 -273 -747 0 
-870 -248 271 0 
679 -262 -702 0 
954 595 221 0 
218 -435 -811 0 
776 -321 -879 0 
-305 -252 -668 0 
920 -403 33 0 
-408 -562 -950 0 
448 216 -579 0 
-241 -851 222 0 
209 730 -350 0 
-537 -340 -423 0 
-416 -619 945 0 
-786 -963 -575 0 
-249 -140 530 0 
773 -257 -718 0 
-970 -272 -800 0 
918 100 -580 0 
940 464 -316 0 
966 -224 -215 0 
199 810 -1 0 
-811 -60 294 0 
331 377 2 0 
578 -605 -742 0 
-963 -455 -330 0 
-274 -727 -179 0 
967 -408 834 0 
564 602 168 0 
733 104 -969 0 
-57 -338 -404 0 
-639 31 -468 0 
-200 15 774 0 
461 -310 618 0 
479 -716 344 0 
-913 344 -128 0 
221 -522 170 0 
-992 923 668 0 
-812 -247 217 0 
18 -305 813 0 
-570 -826 -932 0 
-776 -659 -789 0 
-35 -551 -262 0 
756 -920 -559 0 
-117 549 357 0 
-312 -985 588 0 
-625 -124 790 0 
410 -25 516 0 
16 -892 803 0 
270 -817 -909 0 
-5 531 992 0 
386 -105 220 0 
-428 544 -127 0 
-275 -69 -827 0 
213 817 -854 0 
242 -608 668 0 
-615 -548 -632 0 
589 -704 604 0 
-366 -818 -319 0 
744 -44 -294 0 
-323 -331 795 0 
104 970 -463 0 
380 407 502 0 
-129 -138 551 0 
-680 -848 806 0 
-446 438 930 0 
-609 -892 514 0 
-220 269 -628 0 
945 279 460 0 
-988 -406 484 0 
-986 358 -407 0 
-575 -491 -451 0 
-845 707 710 0 
-74 -666 477 0 
418 -249 513 0 
-725 -410 -227 0 
904 2 -674 0 
412 271 -25 0 
561 678 340 0 
493 457 -459 0 
-57 36 6 0 
179 213 855 0 
-530 -774 -388 0 
362 -510 -554 0 
314 434 -383 0 
-407 -771 789 0 
380 -218 -914 0 
-21 -907 198 0 
-892 375 112 0 
-941 669 74 0 
251 -134 371 0 
909 -709 -23 0 
980 -239 -356 0 
-353 -192 860 0 
-243 985 -260 0 
860 826 -368 0 
34 84 523 0 
364 -935 -855 0 
261 552 843 0 
883 -528 689 0 
-97 -480 -814 0 
306 370 -101 0 
-204 -25 -872 0 
694 -218 162 0 
741 -23 106 0 
-316 432 -429 0 
-666 -26 -356 0 
727 -533 281 0 
-224 774 -657 0 
809 18 -84 0 
-584 406 -403 0 
626 502 768 0 
348 449 296 0 
714 -203 599 0 
793 -158 909 0 
605 376 312 0 
-24 865 538 0 
-497 -605 223 0 
-127 600 -715 0 
617 -561 -276 0 
633 -328 516 0 
-642 -722 -25 0 
-414 -837 427 0 
-870 995 -333 0 
427 64 470 0 
-767 169 426 0 
666 42 542 0 
-82 253 -971 0 
316 159 -804 0 
479 -859 -192 0 
-158 -95 15 0 
698 967 514 0 
149 9 -971 0 
180 -835 -732 0 
-934 -181 885 0 
107 -968 -761 0 
621 273 -672 0 
857 -97 -603 0 
-754 -719 -852 0 
-870 -591 828 0 
767 -653 610 0 
919 -692 821 0 
-913 756 544 0 
140 542 7 0 
-496 -472 872 0 
-192 618 -894 0 
-399 545 895 0 
897 212 -312 0 
-960 -131 -461 0 
149 13 -31 0 
248 -198 460 0 
-503 -895 293 0 
751 -828 29 0 
945 452 -342 0 
657 394 821 0 
-263 -175 815 0 
226 494 -948 0 
-865 115 419 0 
-960 -149 792 0 
-675 -766 -80 0 
-638 -185 -511 0 
299 122 340 0 
349 71 -749 0 
-494 -454 -907 0 
698 364 73 0 
165 -641 461 0 
-745 353 757 0 
-250 444 -116 0 
825 -136 444 0 
-323 256 225 0 
845 -272 186 0 
-661 672 -879 0 
111 -915 551 0 
-725 -562 -640 0 
806 593 550 0 
173 81 -789 0 
33 247 271 0 
785 556 -420 0 
133 602 -737 0 
699 -933 895 0 
163 -514 -895 0 
730 -713 -11 0 
131 -650 -12 0 
328 -190 -83 0 
-140 735 -681 0 
-654 720 624 0 
366 51 461 0 
382 858 -824 0 
642 -416 345 0 
-978 -994 346 0 
-269 114 81 0 
304 -813 86 0 
538 743 455 0 
836 83 347 0 
229 -808 438 0 
-336 -473 466 0 
498 344 -214 0 
509 35 -617 0 
-535 -510 328 0 
-227 -22 -376 0 
-612 208 435 0 
-998 -6 386 0 
-642 189 657 0 
129 -958 408 0 
423 -71 415 0 
-590 -779 -323 0 
143 -937 -352 0 
52 -853 691 0 
-66 160 140 0 
-374 531 -125 0 
-894 -997 693 0 
-149 -855 -724 0 
-992 262 -682 0 
-848 361 -905 0 
719 806 989 0 
157 900 719 0 
-513 662 -625 0 
924 179 -932 0 
-195 -923 -919 0 
-135 133 -234 0 
623 723 850 0 
580 -470 7 0 
-176 613 -190 0 
837 525 577 0 
-566 -610 426 0 
22 958 941 0 
729 376 15 0 
-84 85 530 0 
-929 -580 190 0 
356 -348 -878 0 
-754 -522 -883 0 
134 -905 -485 0 
875 -161 -757 0 
731 460 -789 0 
-346 -889 -68 0 
-933 -880 234 0 
687 243 535 0 
-704 -171 -389 0 
-739 624 572 0 
599 970 29 0 
525 -7 631 0 
-554 970 837 0 
-631 311 -826 0 
-508 66 58 0 
-307 -351 629 0 
-479 -470 788 0 
-270 -532 520 0 
164 325 576 0 
265 496 387 0 
-37 -893 -116 0 
801 157 -623 0 
148 -554 571 0 
410 120 -943 0 
570 -745 -968 0 
-257 109 -407 0 
145 375 -399 0 
970 176 327 0 
-303 130 117 0 
-546 609 -888 0 
-964 435 351 0 
813 -492 400 0 
966 537 547 0 
-581 344 638 0 
-14 581 -414 0 
-250 413 -884 0 
990 -596 319 0 
132 -921 -958 0 
512 -475 244 0 
719 -44 -901 0 
53 -822 -6 0 
-483 -703 593 0 
-753 800 360 0 
994 310 -804 0 
308 75 294 0 
784 200 498 0 
-784 -707 593 0 
-400 147 619 0 
-652 -664 -230 0 
682 -766 -762 0 
989 701 -695 0 
350 -487 -511 0 
769 -387 24 0 
-662 554 -111 0 
639 -956 68 0 
-428 922 -423 0 
562 -110 -979 0 
79 -944 271 0 
-744 961 -874 0 
-125 791 -361 0 
820 78 -80 0 
-374 -573 -487 0 
-900 -543 -979 0 
276 328 698 0 
-100 -415 705 0 
-989 395 -135 0 
146 432 426 0 
-496 886 -407 0 
-539 843 -476 0 
-424 -758 361 0 
-434 -724 729 0 
322 319 -781 0 
-809 155 729 0 
216 515 218 0 
-191 -375 419 0 
355 -52 -4 0 
-633 54 -516 0 
-72 -261 233 0 
866 242 499 0 
848 -966 -426 0 
302 -333 773 0 
-864 -651 -49 0 
100 388 -475 0 
791 868 393 0 
148 201 -951 0 
576 760 -568 0 
-942 482 -643 0 
658 324 808 0 
636 -446 495 0 
462 -33 292 0 
5 771 589 0 
646 -95 -585 0 
194 284 -190 0 
973 743 -103 0 
748 524 -706 0 
-208 -4 -739 0 
-477 -148 -797 0 
854 -295 458 0 
-357 726 191 0 
-311 959 54 0 
-439 -795 -939 0 
875 -300 -779 0 
173 534 570 0 
94 437 -1 0 
-727 -73 969 0 
-760 -776 -205 0 
117 658 -344 0 
555 675 -339 0 
-297 869 -106 0 
-589 -597 -12 0 
-865 615 465 0 
487 -519 -2 0 
461 -790 32 0 
361 -555 -139 0 
406 -282 764 0 
532 314 -342 0 
64 -529 -853 0 
907 -195 177 0 
973 249 -226 0 
-582 -887 -587 0 
-832 963 994 0 
-244 182 -239 0 
769 -342 31 0 
-584 -488 -627 0 
-939 -26 146 0 
-375 956 129 0 
957 462 -489 0 
786 45 -443 0 
-964 -996 512 0 
-231 490 -27 0 
-326 -858 341 0 
-810 -718 11 0 
705 -165 -550 0 
-970 -509 -242 0 
-524 875 -311 0 
328 130 149 0 
563 724 -609 0 
603 -662 -760 0 
-401 -6 -710 0 
759 -361 -122 0 
178 26 190 0 
776 132 994 0 
-866 -532 -232 0 
422 470 -902 0 
-675 311 350 0 
-441 -448 507 0 
-11 112 -22 0 
750 681 -21 0 
-472 -562 210 0 
490 236 680 0 
974 957 400 0 
732 -609 -144 0 
380 -89 67 0 
779 -96 -341 0 
-885 516 -64 0 
739 344 551 0 
-157 -198 -50 0 
985 -379 280 0 
120 -679 -698 0 
-651 -480 239 0 
-937 -726 -728 0 
1 553 -145 0 
956 -550 111 0 
-729 292 22 0 
723 401 149 0 
-79 -5 415 0 
205 -235 52 0 
488 805 203 0 
-155 581 241 0 
965 -977 890 0 
-247 -207 -650 0 
-349 251 741 0 
-729 -202 -430 0 
-769 -142 -94 0 
-309 -321 10 0 
993 352 -213 0 
-125 -671 985 0 
341 -100 -447 0 
453 305 433 0 
-101 927 118 0 
-226 187 -807 0 
225 -157 -343 0 
-357 846 -46 0 
-832 577 691 0 
459 960 445 0 
-667 274 -726 0 
-801 -551 -853 0 
616 -357 -549 0 
-656 68 678 0 
-796 806 -258 0 
365 906 -574 0 
-53 -992 -819 0 
-115 -110 345 0 
562 -774 650 0 
-845 -427 -967 0 
549 -860 -525 0 
769 847 22 0 
231 -578 -498 0 
696 1 -691 0 
-202 -545 670 0 
861 858 -307 0 
-860 13 926 0 
-32 -188 -386 0 
-560 -374 668 0 
591 -226 743 0 
994 173 518 0 
-80 -280 -404 0 
-98 950 790 0 
-927 -925 -147 0 
573 334 538 0 
-9 59 167 0 
-239 276 773 0 
-323 -527 128 0 
-732 -895 136 0 
-509 -906 -94 0 
-83 -804 -449 0 
408 417 412 0 
898 816 -124 0 
-934 335 -619 0 
-993 72 687 0 
-318 -669 370 0 
699 615 519 0 
-208 -587 392 0 
843 842 -710 0 
977 -484 403 0 
207 656 -930 0 
-71 -216 -955 0 
-77 -205 -315 0 
-536 -295 -854 0 
-951 138 451 0 
-674 -994 -885 0 
391 -963 -630 0 
122 600 728 0 
991 -725 135 0 
556 498 915 0 
249 -704 375 0 
560 833 996 0 
746 809 650 0 
-858 -299 -749 0 
-313 70 35 0 
785 856 -47 0 
752 50 803 0 
755 -116 -385 0 
428 -241 -811 0 
-674 6 772 0 
-810 -985 624 0 
-938 -134 101 0 
140 -640 338 0 
-900 249 -565 0 
-246 301 -956 0 
295 -729 -737 0 
-747 897 -647 0 
682 335 735 0 
513 -395 -794 0 
85 681 -703 0 
-418 450 515 0 
-359 613 663 0 
-915 -335 -563 0 
340 568 -208 0 
-400 734 187 0 
-90 -202 -900 0 
-949 499 -625 0 
727 -86 -902 0 
268 -558 -585 0 
-262 -546 865 0 
-256 -719 777 0 
824 -760 685 0 
-308 -350 -155 0 
-608 -871 -311 0 
-218 -147 752 0 
-71 -66 327 0 
-983 -359 -95 0 
113 -982 -642 0 
-582 433 -89 0 
-874 776 390 0 
663 -14 329 0 
190 -441 -944 0 
346 -544 -385 0 
378 -307 243 0 
-494 455 -405 0 
-485 -418 51 0 
285 -823 -468 0 
373 -442 -462 0 
-307 15 -892 0 
836 -708 -709 0 
901 -867 255 0 
-374 -330 -588 0 
328 697 867 0 
-117 -334 -468 0 
-516 724 624 0 
-931 427 -98 0 
-972 40 -174 0 
-746 -114 -369 0 
186 -872 213 0 
-140 -107 -548 0 
-128 895 507 0 
48 -527 904 0 
478 -460 408 0 
-709 587 288 0 
906 -172 -858 0 
-155 -197 -333 0 
149 937 -421 0 
606 595 658 0 
9 611 -32 0 
-141 -950 771 0 
-422 998 576 0 
-731 -370 325 0 
-503 -578 -691 0 
786 -256 -226 0 
885 160 -287 0 
929 449 -35 0 
-670 -266 322 0 
473 -682 -125 0 
-13 -705 413 0 
809 -198 -341 0 
920 676 -696 0 
876 -685 778 0 
374 226 -355 0 
-822 357 172 0 
-329 365 97 0 
-606 -577 -123 0 
41 -35 467 0 
606 71 276 0 
-627 747 441 0 
201 912 -993 0 
-437 -480 -372 0 
-563 975 794 0 
-715 -929 -645 0 
-340 -832 286 0 
744 452 -840 0 
264 546 -157 0 
54 -150 -170 0 
777 -716 897 0 
942 -864 891 0 
749 -300 407 0 
230 -106 133 0 
303 -671 -478 0 
927 180 856 0 
-385 650 339 0 
459 -123 61 0 
-802 -193 751 0 
935 49 -471 0 
-526 -263 -774 0 
-208 -673 577 0 
737 373 -205 0 
21 114 722 0 
867 -399 878 0 
77 481 415 0 
763 587 -617 0 
517 -260 494 0 
-285 -224 -810 0 
-784 1 113 0 
860 172 -20 0 
568 430 487 0 
-189 -824 864 0 
-768 103 -147 0 
416 -938 -345 0 
83 103 -177 0 
-694 -60 171 0 
-606 290 -529 0 
55 -154 -47 0 
150 204 669 0 
712 267 573 0 
-157 76 800 0 
113 -926 -200 0 
563 -794 97 0 
-638 -339 345 0 
364 -296 822 0 
233 -750 650 0 
-336 100 943 0 
194 -222 -913 0 
-252 305 325 0 
326 -405 662 0 
669 -989 -551 0 
-364 836 163 0 
-379 360 208 0 
-211 -364 273 0 
561 -587 784 0 
764 -187 430 0 
-519 -790 -533 0 
-724 -716 474 0 
413 -984 972 0 
-901 556 -188 0 
504 -682 -869 0 
498 -277 -56 0 
-677 500 430 0 
659 -305 924 0 
-788 884 -278 0 
-143 710 681 0 
-11 453 540 0 
-614 -407 159 0 
142 130 990 0 
-109 -216 -741 0 
-100 388 -785 0 
-144 764 773 0 
708 813 -611 0 
365 966 -676 0 
106 -503 -467 0 
-998 -185 476 0 
-547 -955 383 0 
321 451 240 0 
873 378 -797 0 
829 734 -352 0 
828 -513 842 0 
180 -490 581 0 
125 -625 503 0 
-51 598 -172 0 
77 -4 262 0 
-432 -691 -246 0 
873 818 9 0 
-829 591 880 0 
-394 777 693 0 
754 971 -946 0 
119 939 -183 0 
242 -594 -899 0 
-51 388 384 0 
417 720 -292 0 
746 9 551 0 
-35 179 -258 0 
788 401 384 0 
503 514 -738 0 
484 -149 784 0 
-482 -540 -520 0 
-798 983 -461 0 
-196 -270 663 0 
-653 25 -848 0 
88 895 492 0 
-129 702 626 0 
-94 436 -410 0 
-120 997 649 0 
-240 106 -566 0 
-314 -86 857 0 
554 195 358 0 
-170 685 -22 0 
-328 395 -401 0 
659 -910 -435 0 
-18 723 -5 0 
-247 83 -766 0 
550 657 726 0 
-770 -271 -949 0 
557 -354 -595 0 
-610 54 235 0 
-334 156 -609 0 
-228 372 976 0 
245 185 974 0 
328 -340 -878 0 
234 -146 -684 0 
830 871 -548 0 
652 485 -524 0 
-473 -659 37 0 
863 -487 599 0 
-498 505 56 0 
951 -95 -634 0 
179 -725 -126 0 
619 291 891 0 
457 -432 300 0 
-68 -5 833 0 
798 -502 -938 0 
149 -19 481 0 
-909 -531 856 0 
82 523 -681 0 
562 475 547 0 
490 449 -782 0 
485 822 -308 0 
-281 -146 -350 0 
-518 -534 808 0 
-104 131 -886 0 
599 342 205 0 
-69 -889 116 0 
399 968 -867 0 
603 -51 -781 0 
-334 640 -774 0 
-345 -174 -924 0 
-953 550 -667 0 
198 -596 -402 0 
-629 -239 560 0 
553 335 -955 0 
493 -990 -110 0 
779 84 864 0 
-969 -37 -893 0 
-372 -292 944 0 
-68 55 724 0 
-282 -362 303 0 
352 74 -362 0 
-48 207 831 0 
-675 133 -869 0 
721 479 -92 0 
-785 98 148 0 
702 -734 -652 0 
-893 -10 408 0 
-412 -322 320 0 
-351 -40 842 0 
931 825 -84 0 
450 -979 158 0 
-916 -883 -811 0 
908 594 -64 0 
-397 785 956 0 
-852 -10 518 0 
-584 26 384 0 
272 -483 -779 0 
-78 907 -798 0 
-795 -495 -650 0 
952 510 774 0 
-837 382 -760 0 
-699 -546 -980 0 
-592 -853 -42 0 
705 -162 219 0 
-913 -565 651 0 
239 -944 990 0 
975 -79 -890 0 
-156 224 -281 0 
-252 746 622 0 
518 -179 213 0 
-327 -68 539 0 
-500 796 -722 0 
-811 -932 676 0 
-941 -713 -307 0 
584 -152 48 0 
-553 -155 -214 0 
-185 930 -815 0 
-560 673 -442 0 
170 65 388 0 
405 928 -414 0 
-349 696 -67 0 
471 850 -214 0 
-809 -824 649 0 
-801 284 -890 0 
153 -950 636 0 
-445 -905 -592 0 
89 -827 329 0 
-349 600 79 0 
726 -60 674 0 
45 -497 -24 0 
313 982 209 0 
250 502 179 0 
702 239 581 0 
-493 932 -601 0 
864 -676 724 0 
463 183 -561 0 
-476 -177 546 0 
-559 -351 -795 0 
653 810 -490 0 
947 -315 763 0 
-458 -902 -187 0 
-461 171 35 0 
667 -10 50 0 
-63 961 -158 0 
-332 -254 452 0 
640 260 -144 0 
-799 -837 -228 0 
-49 407 -822 0 
540 -483 242 0 
165 -472 -264 0 
667 -925 82 0 
-155 770 -827 0 
-256 89 413 0 
953 -976 -250 0 
-224 -526 -140 0 
-426 596 -721 0 
369 -448 -952 0 
310 17 -250 0 
-732 -1 938 0 
-721 933 564 0 
234 -249 -522 0 
-556 -664 137 0 
-452 -79 746 0 
586 -357 -379 0 
-698 -667 -837 0 
-295 -517 423 0 
-745 157 -831 0 
473 -932 -211 0 
148 242 942 0 
572 344 -307 0 
-774 638 -496 0 
174 -108 -576 0 
-253 -674 861 0 
-157 252 550 0 
-263 11 -147 0 
59 -152 893 0 
304 -380 76 0 
-347 422 -156 0 
502 -904 220 0 
783 380 488 0 
-547 -580 -429 0 
356 -641 -49 0 
799 -620 5 0 
906 422 -117 0 
-728 990 -575 0 
9 -114 427 0 
198 444 -504 0 
290 -152 756 0 
-960 -203 422 0 
-51 822 761 0 
439 -595 -417 0 
-364 -890 -81 0 
775 -335 -762 0 
-969 -532 609 0 
350 521 196 0 
392 -798 966 0 
-769 -863 -434 0 
-306 -460 -767 0 
-136 -686 -270 0 
754 -890 -935 0 
584 390 -995 0 
-957 151 742 0 
-221 257 -983 0 
-405 522 124 0 
-735 -867 -195 0 
338 270 -556 0 
-579 456 440 0 
-977 -489 -690 0 
534 -884 -924 0 
722 -523 841 0 
-933 -60 285 0 
833 -282 -369 0 
957 -82 55 0 
-462 174 854 0 
38 -334 769 0 
296 314 562 0 
255 -811 568 0 
377 925 611 0 
-920 822 742 0 
558 491 -138 0 
-119 -355 -593 0 
307 -298 -239 0 
-494 -107 -621 0 
-814 -859 64 0 
905 -889 -405 0 
-578 -166 403 0 
-340 375 -291 0 
-976 -610 -161 0 
-695 -316 -922 0 
932 632 -127 0 
-437 937 383 0 
660 -769 -496 0 
148 298 -750 0 
-592 -540 -353 0 
-735 161 -549 0 
-797 579 608 0 
105 -448 -509 0 
484 -636 -315 0 
679 -687 -678 0 
-925 -455 27 0 
-350 -355 -140 0 
-296 -211 969 0 
28 -142 -446 0 
69 904 616 0 
692 556 -455 0 
-844 354 417 0 
624 -952 -20 0 
-894 285 -418 0 
438 -759 -829 0 
423 32 509 0 
-117 70 697 0 
869 516 -99 0 
-26 -654 981 0 
-79 392 -424 0 
87 376 645 0 
88 537 -754 0 
-405 378 -607 0 
799 240 -760 0 
829 129 -168 0 
86 -965 61 0 
398 -919 -46 0 
884 -825 -704 0 
972 -179 -605 0 
569 -175 382 0 
24 -906 300 0 
-286 -84 -718 0 
-757 -566 778 0 
-909 -222 834 0 
-941 -62 351 0 
-532 -849 591 0 
-50 -775 463 0 
-198 -811 -605 0 
38 535 -439 0 
-66 -527 219 0 
708 338 -538 0 
734 580 859 0 
-243 905 -206 0 
-173 630 754 0 
-461 -186 -689 0 
-235 132 -657 0 
-183 -217 -906 0 
344 743 208 0 
51 -910 -69 0 
860 579 447 0 
697 453 636 0 
-661 195 688 0 
-490 824 -985 0 
898 457 776 0 
-837 -339 632 0 
283 124 -873 0 
-881 -677 -841 0 
-610 378 -504 0 
-275 -475 836 0 
-521 -651 137 0 
-420 751 29 0 
850 488 -256 0 
331 569 159 0 
585 977 589 0 
947 982 253 0 
-195 -734 -529 0 
-651 99 -424 0 
-549 883 656 0 
-113 35 -945 0 
-575 793 645 0 
-884 942 -81 0 
-186 814 -527 0 
-177 92 -172 0 
-847 929 818 0 
616 -133 353 0 
-572 -372 915 0 
359 763 186 0 
436 -535 -882 0 
-702 -755 -139 0 
904 260 351 0 
841 -239 -713 0 
484 -351 897 0 
496 -351 -382 0 
-8 -784 -192 0 
195 -980 137 0 
296 787 25 0 
-146 -746 -893 0 
-29 -683 230 0 
-622 -568 92 0 
239 -104 476 0 
441 140 723 0 
-605 -268 -420 0 
-5 25 -697 0 
-823 -424 -912 0 
490 366 231 0 
-237 360 -528 0 
361 -668 -185 0 
-756 -503 518 0 
592 -859 -799 0 
205 834 255 0 
-113 -523 -896 0 
-525 -653 -1000 0 
-241 -934 -390 0 
-321 753 -612 0 
-557 95 -225 0 
-733 -195 243 0 
805 -310 -560 0 
209 785 -420 0 
-130 959 -17 0 
-509 -756 125 0 
229 855 42 0 
-23 -380 -577 0 
-946 -960 -606 0 
352 658 595 0 
-500 -184 471 0 
-666 -192 -24 0 
-641 -31 212 0 
-614 506 674 0 
-602 298 640 0 
586 -240 -103 0 
670 240 644 0 
-668 294 569 0 
-637 890 -127 0 
-276 -43 924 0 
-468 317 -889 0 
-134 894 -798 0 
903 862 -70 0 
255 130 -334 0 
-54 173 298 0 
-452 -930 -578 0 
-518 950 -949 0 
-642 797 798 0 
-160 204 439 0 
-478 -636 664 0 
-233 294 -664 0 
434 184 13 0 
-574 -753 -166 0 
55 66 -789 0 
-718 -788 -989 0 
98 -411 -181 0 
-162 -209 921 0 
190 -832 274 0 
901 442 500 0 
-232 446 17 0 
-36 -421 950 0 
680 -218 -665 0 
-798 -707 -647 0 
-236 571 839 0 
-941 -949 919 0 
-716 476 653 0 
702 -772 -969 0 
-51 447 -741 0 
-574 642 57 0 
-719 607 103 0 
-330 410 -375 0 
278 737 751 0 
878 955 -300 0 
-202 801 427 0 
628 -406 -958 0 
-716 442 -238 0 
-799 112 368 0 
554 -177 -685 0 
869 -325 749 0 
478 -726 -594 0 
629 845 905 0 
-151 -943 620 0 
-356 146 -947 0 
-897 -681 232 0 
-740 -409 414 0 
-470 785 -119 0 
135 281 979 0 
-723 -81 -530 0 
91 944 389 0 
827 915 -160 0 
-642 -777 -618 0 
730 -608 29 0 
350 -692 4 0 
993 -602 694 0 
130 -552 462 0 
-274 67 400 0 
-262 -835 913 0 
164 -874 -686 0 
41 3 -666 0 
569 -784 697 0 
587 122 944 0 
-828 526 129 0 
-212 831 -313 0 
961 -198 -204 0 
-788 -736 -763 0 
-203 603 867 0 
482 -308 -873 0 
-970 67 111 0 
116 357 407 0 
934 -536 -436 0 
974 -607 -750 0 
774 61 822 0 
112 -271 494 0 
875 832 -490 0 
-576 -227 -763 0 
689 -202 -395 0 
640 -700 -133 0 
743 202 659 0 
183 148 891 0 
-746 -640 178 0 
-61 -783 -825 0 
-641 -617 -38 0 
284 -311 -616 0 
-233 -751 -313 0 
-623 -302 -155 0 
447 168 404 0 
-829 534 994 0 
-398 -640 738 0 
-475 -64 -350 0 
614 -967 460 0 
56 771 -450 0 
776 -301 204 0 
361 -253 -315 0 
-761 -97 899 0 
444 -82 -563 0 
-140 205 229 0 
23 -120 20 0 
558 327 -566 0 
428 -197 -101 0 
-637 -990 916 0 
767 704 197 0 
395 97 780 0 
-140 -477 -14 0 
-505 689 988 0 
-373 217 441 0 
786 293 261 0 
370 -920 -209 0 
-33 -482 559 0 
861 -674 418 0 
-66 648 -206 0 
-311 71 -489 0 
-835 914 383 0 
227 775 461 0 
34 936 852 0 
-436 -716 -713 0 
-803 382 769 0 
49 545 -109 0 
282 682 -547 0 
361 -63 -681 0 
566 -941 800 0 
-476 698 705 0 
964 137 -363 0 
-433 564 372 0 
236 369 328 0 
32 775 -945 0 
323 -856 -224 0 
-205 38 -970 0 
640 99 800 0 
556 -780 535 0 
46 986 547 0 
980 881 -458 0 
-376 -740 145 0 
-431 -968 -778 0 
408 -896 -714 0 
-837 138 -462 0 
-807 120 -360 0 
-540 -130 898 0 
862 176 -605 0 
-819 -732 -244 0 
-266 57 -744 0 
142 703 280 0 
8 328 -287 0 
-226 -321 -826 0 
-394 30 743 0 
-123 -888 -452 0 
-211 613 -116 0 
-149 -868 -562 0 
537 -597 999 0 
996 -311 370 0 
808 916 -805 0 
364 -211 -630 0 
-414 740 288 0 
-105 -715 -343 0 
-546 -888 -926 0 
-494 -699 39 0 
182 173 667 0 
-173 537 -528 0 
267 74 -183 0 
769 614 386 0 
708 51 -540 0 
207 -395 92 0 
378 -912 -545 0 
233 -675 809 0 
-184 967 -769 0 
-24 613 -249 0 
999 -59 520 0 
-82 260 167 0 
494 923 851 0 
19 785 -183 0 
-546 248 179 0 
330 504 -81 0 
-197 777 683 0 
-849 -165 -380 0 
804 295 -106 0 
-219 -206 822 0 
981 -195 -497 0 
970 283 616 0 
-889 897 97 0 
726 -888 984 0 
-419 -583 -12 0 
980 -547 562 0 
531 484 100 0 
-316 118 280 0 
-632 -597 -706 0 
764 178 -217 0 
248 176 -16 0 
-133 440 -335 0 
-932 -694 -708 0 
58 943 875 0 
624 263 247 0 
884 368 -110 0 
691 -34 -518 0 
-735 321 -605 0 
-200 -329 275 0 
-816 -891 85 0 
735 -353 -231 0 
-816 548 -453 0 
536 -173 -711 0 
220 -472 -359 0 
441 750 -387 0 
563 620 -695 0 
125 730 -481 0 
-367 827 722 0 
-845 456 185 0 
-821 -561 732 0 
-939 -10 829 0 
-263 878 634 0 
-691 158 384 0 
-810 551 -273 0 
213 -172 -846 0 
609 532 -378 0 
635 -800 -399 0 
16 -859 -756 0 
-595 910 281 0 
-760 -619 -963 0 
818 -559 654 0 
-627 -493 678 0 
396 -588 -989 0 
938 -638 -194 0 
395 571 328 0 
970 574 -517 0 
253 -148 13 0 
-138 -645 -479 0 
-324 -506 -290 0 
812 -798 -251 0 
-62 -461 -150 0 
808 494 123 0 
234 -344 334 0 
-592 540 -392 0 
-202 -82 461 0 
-822 -170 -950 0 
-452 -177 349 0 
995 -129 -730 0 
101 483 327 0 
-728 64 401 0 
135 832 -730 0 
-303 180 -842 0 
-704 -358 805 0 
-300 310 614 0 
-59 573 716 0 
-646 -523 3 0 
285 85 876 0 
-856 300 347 0 
-133 -541 -954 0 
-365 -510 315 0 
234 -173 386 0 
839 803 480 0 
-793 125 849 0 
-726 980 529 0 
-138 -356 487 0 
-875 452 988 0 
878 -354 -147 0 
822 195 109 0 
-655 -321 -256 0 
530 -506 985 0 
-695 929 535 0 
135 133 -163 0 
826 -589 847 0 
737 -986 706 0 
924 -741 -254 0 
248 -662 -90 0 
558 -724 -334 0 
-124 246 101 0 
979 921 447 0 
915 -909 311 0 
-946 -542 778 0 
177 370 -192 0 
106 277 778 0 
947 -811 -294 0 
-577 -980 -358 0 
-981 151 130 0 
-825 123 953 0 
510 -833 585 0 
432 632 -206 0 
-720 110 245 0 
200 375 -607 0 
-407 -936 -403 0 
-256 561 -290 0 
-324 -273 -276 0 
-807 26 -665 0 
880 -113 951 0 
-423 -910 -59 0 
46 -641 -862 0 
-227 623 -345 0 
966 28 -129 0 
172 898 583 0 
-426 -38 -876 0 
-992 991 -187 0 
-697 32 957 0 
-448 -694 924 0 
14 377 989 0 
-522 292 388 0 
-121 388 691 0 
-226 613 410 0 
76 509 522 0 
-261 -853 -466 0 
-915 -566 -660 0 
236 620 -60 0 
-145 -529 -183 0 
-421 -571 -448 0 
-219 -469 -803 0 
985 912 -672 0 
-912 979 -731 0 
581 -64 -588 0 
-611 16 -135 0 
878 351 -972 0 
590 429 -944 0 
-546 -298 730 0 
-514 299 973 0 
-503 -945 -848 0 
-282 985 -311 0 
726 859 -531 0 
-342 462 394 0 
-33 537 809 0 
764 231 301 0 
-620 -805 -255 0 
728 -881 594 0 
-363 201 510 0 
-907 605 -524 0 
125 796 994 0 
724 480 368 0 
-496 944 536 0 
-311 138 678 0 
-979 -799 345 0 
568 -215 -574 0 
683 424 -457 0 
-909 -830 46 0 
-303 934 -450 0 
-394 662 246 0 
456 -621 -176 0 
219 591 376 0 
597 105 620 0 
972 162 -215 0 
-729 -74 -613 0 
51 -920 22 0 
-969 -694 -616 0 
121 455 45 0 
331 -34 -894 0 
715 341 918 0 
209 646 469 0 
103 200 -744 0 
-88 769 -205 0 
719 -758 -636 0 
-175 583 520 0 
156 -172 -877 0 
54 -861 102 0 
419 -412 25 0 
182 98 388 0 
586 -34 -851 0 
13 -840 -23 0 
-240 695 214 0 
422 402 319 0 
33 708 -915 0 
-667 730 -796 0 
-126 482 -817 0 
-546 -708 789 0 
-135 288 -388 0 
104 -792 -563 0 
-817 532 -494 0 
750 -999 572 0 
992 197 590 0 
-278 -119 -736 0 
-102 912 -849 0 
979 857 460 0 
999 66 391 0 
453 -116 949 0 
-824 -490 -765 0 
-126 498 99 0 
161 -547 -272 0 
555 818 7 0 
622 -706 49 0 
202 358 182 0 
-461 398 -771 0 
775 7 -460 0 
835 270 -994 0 
73 -823 -725 0 
362 456 675 0 
-104 -897 -281 0 
-827 823 851 0 
-876 -491 -405 0 
207 -968 317 0 
317 -552 -302 0 
123 -472 545 0 
-80 -252 -368 0 
757 -315 -863 0 
633 -256 602 0 
567 959 -95 0 
805 423 893 0 
462 -28 925 0 
867 725 -969 0 
814 811 325 0 
-350 -89 -101 0 
-296 863 -163 0 
736 -424 -733 0 
895 793 681 0 
-185 35 650 0 
-955 65 -291 0 
-334 -425 -186 0 
-594 982 516 0 
-946 -348 -235 0 
-734 840 -511 0 
-858 -706 -921 0 
300 -760 353 0 
602 121 -231 0 
-109 991 -961 0 
-649 201 689 0 
-440 -231 876 0 
-699 747 297 0 
20 365 429 0 
228 -687 -447 0 
-745 -342 -374 0 
445 -695 -934 0 
-481 152 -612 0 
-378 -513 -750 0 
45 -503 -386 0 
-242 -634 894 0 
499 -606 101 0 
-789 -32 -795 0 
-747 -30 -948 0 
532 572 896 0 
980 677 -841 0 
-388 -467 -725 0 
43 -506 -868 0 
-692 -558 -260 0 
-876 -852 -899 0 
523 91 -10 0 
160 104 119 0 
-580 760 181 0 
919 950 -590 0 
435 45 183 0 
375 -108 446 0 
-490 765 400 0 
-690 -224 -375 0 
260 -63 -57 0 
479 612 -906 0 
1000 509 -598 0 
-935 -787 -331 0 
72 -699 338 0 
-642 402 979 0 
-757 908 134 0 
-937 -118 528 0 
-88 -998 148 0 
642 905 -606 0 
720 261 -473 0 
238 405 207 0 
330 -368 -116 0 
-967 -807 -886 0 
367 -818 -439 0 
-802 -640 526 0 
-728 910 626 0 
-258 -473 309 0 
604 852 -666 0 
528 -76 210 0 
649 -319 -517 0 
-392 798 244 0 
876 -478 -633 0 
-972 -698 230 0 
820 -424 -861 0 
183 -962 539 0 
-764 926 445 0 
882 21 -107 0 
747 493 378 0 
-350 409 -365 0 
-331 -783 -745 0 
59 -771 457 0 
-346 -17 230 0 
-882 -927 -738 0 
-574 -509 -372 0 
62 -508 835 0 
-80 94 -740 0 
76 -482 -294 0 
792 406 250 0 
843 880 32 0 
960 70 -899 0 
-319 409 -315 0 
-220 683 976 0 
-572 -589 -519 0 
525 -348 -103 0 
-426 -541 -394 0 
-284 625 31 0 
553 208 665 0 
-281 -50 759 0 
609 -531 817 0 
-894 -200 817 0 
419 788 194 0 
-821 680 -993 0 
-544 420 -729 0 
831 -702 -367 0 
-873 -592 482 0 
-850 113 668 0 
488 -409 -29 0 
606 371 15 0 
-921 -695 -313 0 
-338 -77 -149 0 
-228 577 -207 0 
-101 976 997 0 
590 -810 253 0 
337 -995 -709 0 
-378 -771 -967 0 
-376 -80 -246 0 
-254 379 475 0 
831 -53 634 0 
-170 888 736 0 
55 -426 -981 0 
400 -784 149 0 
-298 202 840 0 
-140 569 -821 0 
-472 -45 817 0 
4 387 -246 0 
-214 -207 962 0 
339 -237 -273 0 
-954 522 -123 0 
-54 -73 -345 0 
249 -752 134 0 
286 95 327 0 
-693 497 714 0 
229 -567 -857 0 
950 160 -686 0 
655 -353 -47 0 
37 -941 -753 0 
-795 -39 -817 0 
518 531 52 0 
-776 952 148 0 
257 336 334 0 
-593 760 119 0 
966 -56 272 0 
-998 -212 -558 0 
852 595 -189 0 
-490 844 -722 0 
-478 -780 -510 0 
569 -429 881 0 
853 972 -923 0 
538 -393 210 0 
-623 -156 97 0 
-32 -892 834 0 
-867 549 432 0 
860 -84 794 0 
-743 602 397 0 
-309 280 321 0 
5 266 -776 0 
-766 -433 -196 0 
-97 -923 -403 0 
-616 -343 -141 0 
-924 -74 -998 0 
-147 -757 -871 0 
148 897 -399 0 
966 760 -390 0 
-899 -327 611 0 
876 303 -684 0 
-472 -195 -198 0 
-828 112 -352 0 
202 -396 -129 0 
-421 254 -402 0 
927 -994 -618 0 
-497 -505 -678 0 
-500 -280 -84 0 
112 136 572 0 
798 775 402 0 
797 -359 -746 0 
-416 498 260 0 
321 416 873 0 
319 269 -543 0 
-11 -776 503 0 
-336 -864 -761 0 
90 -244 -80 0 
728 -523 960 0 
63 247 -284 0 
536 -388 851 0 
68 -469 704 0 
-643 589 267 0 
700 -581 -474 0 
-471 447 -269 0 
384 334 661 0 
-301 -732 41 0 
71 -227 54 0 
-753 500 -193 0 
-633 -455 -239 0 
492 683 326 0 
-105 -536 970 0 
-478 276 -568 0 
-421 522 649 0 
676 723 -79 0 
506 707 746 0 
-96 -366 -346 0 
-925 196 -844 0 
238 -672 330 0 
169 469 -326 0 
-431 -782 652 0 
336 -316 -264 0 
78 -293 33 0 
540 -942 56 0 
288 -650 432 0 
-672 148 -955 0 
656 557 62 0 
-405 -782 774 0 
710 698 86 0 
-377 -985 666 0 
-961 -897 -220 0 
11 -572 664 0 
-783 181 -53 0 
-851 -237 178 0 
727 -278 466 0 
279 576 -529 0 
648 591 -485 0 
-145 -49 -630 0 
443 945 -800 0 
146 73 582 0 
-28 46 -878 0 
304 996 -685 0 
-715 767 -955 0 
23 -162 -398 0 
266 -694 -280 0 
190 888 -346 0 
206 -248 -658 0 
-933 47 -591 0 
-150 -769 -298 0 
228 -144 -16 0 
-677 -688 747 0 
-728 281 375 0 
-279 603 -461 0 
326 -536 -590 0 
706 -380 -760 0 
-446 972 -747 0 
896 -389 41 0 
-911 -1 390 0 
-129 -408 71 0 
-522 -261 -734 0 
-521 -299 326 0 
-802 606 -351 0 
-734 934 -745 0 
26 436 -380 0 
-692 -925 -457 0 
-980 -210 -374 0 
-720 238 795 0 
-69 -288 -703 0 
-973 -356 822 0 
-735 839 -585 0 
584 151 531 0 
-249 -153 368 0 
-446 -695 507 0 
-160 -958 -938 0 
-497 574 -195 0 
948 -538 690 0 
-542 -956 -263 0 
572 -555 449 0 
-703 -407 125 0 
403 887 -286 0 
-219 781 -94 0 
-685 -564 292 0 
-849 827 428 0 
-505 509 358 0 
-609 -347 -9 0 
-235 469 194 0 
193 852 -108 0 
-752 -749 -899 0 
-250 -957 -657 0 
-816 -28 -69 0 
648 -56 245 0 
342 812 919 0 
-376 753 -166 0 
529 -788 670 0 
-565 -61 -637 0 
-190 327 358 0 
-238 -520 805 0 
787 -276 344 0 
-430 -327 -575 0 
-731 -169 -556 0 
-932 20 92 0 
-781 -8 -230 0 
-703 98 674 0 
676 -646 348 0 
766 551 331 0 
-163 612 324 0 
310 -841 911 0 
-711 -828 483 0 
246 264 -958 0 
-534 -964 686 0 
-42 -643 327 0 
348 430 -539 0 
995 -816 265 0 
625 888 872 0 
-157 -400 881 0 
848 217 -736 0 
326 -67 -883 0 
-951 492 566 0 
685 -218 103 0 
-188 711 -825 0 
508 -725 547 0 
-145 -868 -28 0 
665 612 -464 0 
926 -611 -590 0 
-774 -77 627 0 
749 -176 923 0 
669 -798 -795 0 
-367 431 178 0 
-43 -778 -898 0 
993 -35 745 0 
609 -630 920 0 
628 606 784 0 
702 321 184 0 
485 -439 64 0 
-892 774 -839 0 
-708 448 -43 0 
979 43 -58 0 
-620 905 659 0 
-382 986 240 0 
328 102 -17 0 
-363 790 -312 0 
331 280 -580 0 
-754 978 956 0 
-29 826 86 0 
898 -293 -341 0 
976 -666 -499 0 
14 683 817 0 
835 84 963 0 
590 692 -422 0 
828 -981 -254 0 
114 480 -722 0 
214 912 22 0 
555 91 -560 0 
-529 812 -694 0 
-940 -465 876 0 
215 -542 -655 0 
-286 -856 454 0 
552 547 -94 0 
-275 394 53 0 
-529 -257 791 0 
-718 -71 434 0 
-66 -302 855 0 
-135 528 -610 0 
-428 -278 -952 0 
-564 -244 204 0 
-236 737 -244 0 
-369 -944 -251 0 
216 -865 769 0 
-847 693 -348 0 
-942 -345 172 0 
584 -325 540 0 
720 -421 897 0 
-61 -48 -532 0 
-305 -714 -31 0 
491 680 563 0 
-63 977 577 0 
-201 767 -464 0 
832 155 614 0 
4 639 376 0 
-398 854 -813 0 
-978 11 600 0 
-947 396 -993 0 
-786 972 -165 0 
759 -642 67 0 
-596 696 405 0 
705 -447 -552 0 
-509 -371 -464 0 
-128 -669 -549 0 
396 927 45 0 
-434 53 515 0 
781 -582 38 0 
303 53 -244 0 
337 -68 -967 0 
-520 -983 -625 0 
-685 -643 120 0 
-663 323 -383 0 
652 -152 -582 0 
-614 -641 -245 0 
751 234 -338 0 
417 -255 -583 0 
927 -768 790 0 
-247 722 -338 0 
-1000 732 -726 0 
-144 16 -97 0 
595 -798 -180 0 
-473 475 -416 0 
486 264 871 0 
521 693 701 0 
-226 674 -254 0 
511 380 642 0 
677 -246 -374 0 
980 628 423 0 
-626 731 -741 0 
894 659 309 0 
380 508 510 0 
-49 -97 952 0 
-870 41 584 0 
-172 -934 261 0 
-987 326 -631 0 
-949 150 -682 0 
-660 494 941 0 
-250 -66 662 0 
-164 -875 282 0 
-817 -65 318 0 
-244 -603 -58 0 
-128 -391 -906 0 
-496 169 963 0 
-236 -113 372 0 
-689 829 -889 0 
618 -30 550 0 
-443 148 24 0 
-315 317 -86 0 
-17 927 -379 0 
-486 -427 -165 0 
-571 3 -235 0 
278 -614 776 0 
-940 207 -280 0 
32 -386 217 0 
-210 382 -610 0 
-69 -148 -526 0 
-388 605 -187 0 
-794 -238 513 0 
633 634 -717 0 
-220 538 325 0 
-72 -64 -10 0 
577 340 879 0 
302 -850 588 0 
-285 -872 -333 0 
74 -879 -891 0 
-532 -864 -475 0 
206 -207 -316 0 
-700 -924 451 0 
-992 872 913 0 
-856 -542 665 0 
-862 475 -860 0 
-909 -865 -16 0 
-973 158 -204 0 
474 524 -310 0 
786 517 -189 0 
82 603 805 0 
-480 945 738 0 
-92 -349 169 0 
-970 746 -605 0 
-631 424 -306 0 
849 -453 195 0 
566 -472 -866 0 
555 -190 518 0 
541 997 482 0 
-476 620 -812 0 
784 260 168 0 
466 -515 52 0 
-999 -136 307 0 
844 717 -445 0 
571 409 235 0 
231 -607 -382 0 
141 -289 -490 0 
218 -735 957 0 
-167 658 -869 0 
179 620 667 0 
339 -764 -56 0 
-459 228 -864 0 
942 -211 -901 0 
-334 -778 738 0 
-890 -698 -162 0 
-28 -354 855 0 
-897 -775 -997 0 
-971 272 968 0 
-190 -176 -267 0 
-72 62 -561 0 
-298 -145 277 0 
887 -302 -780 0 
-824 -324 941 0 
626 841 -21 0 
470 -795 -993 0 
494 603 -770 0 
387 901 350 0 
84 -769 784 0 
-505 -943 181 0 
-372 189 946 0 
592 -456 138 0 
372 380 -680 0 
354 -983 -969 0 
-119 -395 -861 0 
693 536 984 0 
-942 -15 -842 0 
-385 365 -93 0 
657 -828 491 0 
948 730 -352 0 
845 220 133 0 
512 -277 231 0 
207 -528 25 0 
-196 36 980 0 
-318 -305 840 0 
-164 -339 363 0 
721 -135 266 0 
631 -660 112 0 
929 -136 -193 0 
568 -134 475 0 
125 36 -398 0 
594 -704 -244 0 
-785 449 -245 0 
-44 -766 -148 0 
893 -125 277 0 
639 205 230 0 
-875 257 623 0 
323 779 698 0 
-564 -242 -529 0 
-737 -644 -324 0 
-62 439 326 0 
-301 512 471 0 
-73 731 -63 0 
-285 -468 239 0 
806 963 -534 0 
-404 695 -446 0 
151 -376 -639 0 
-113 -814 -383 0 
-303 -328 -447 0 
144 773 846 0 
849 -54 -698 0 
841 79 553 0 
-225 589 -485 0 
997 604 473 0 
-828 -648 574 0 
260 -316 -862 0 
-558 -933 -726 0 
-774 -130 587 0 
-70 558 991 0 
277 539 -705 0 
-681 -587 -524 0 
821 -510 -192 0 
565 619 -952 0 
684 -662 -70 0 
702 922 -378 0 
871 487 859 0 
63 125 603 0 
863 -887 601 0 
888 747 -894 0 
-280 789 549 0 
-733 -725 820 0 
309 732 -147 0 
-696 -748 625 0 
-601 937 -552 0 
425 234 733 0 
650 -664 -396 0 
933 -71 499 0 
499 -613 -813 0 
416 -231 -904 0 
99 39 -604 0 
379 840 -183 0 
975 -297 -637 0 
-613 -555 -2 0 
-883 404 874 0 
-604 60 -886 0 
795 765 274 0 
-473 734 539 0 
632 -843 601 0 
-329 23 -490 0 
-619 173 31 0 
978 -706 -126 0 
-128 -646 656 0 
635 -188 801 0 
271 437 -831 0 
889 -279 630 0 
-345 -793 -329 0 
614 -884 -548 0 
-404 129 646 0 
-508 -945 308 0 
385 -305 668 0 
107 -490 -928 0 
970 -971 -993 0 
443 -977 -484 0 
-441 747 -539 0 
-841 -991 941 0 
-214 -255 -25 0 
-640 -714 -103 0 
969 -774 496 0 
43 240 784 0 
943 -597 -409 0 
-827 813 -205 0 
-937 164 380 0 
466 638 -782 0 
-173 -671 938 0 
874 -842 -97 0 
410 -57 613 0 
-426 -511 -494 0 
-632 633 163 0 
368 -16 -475 0 
961 -708 955 0 
-923 370 -500 0 
385 86 747 0 
515 -937 881 0 
687 -922 873 0 
382 766 -2 0 
886 -364 -411 0 
841 956 919 0 
550 419 106 0 
160 276 726 0 
113 -682 528 0 
-991 -714 209 0 
-572 929 845 0 
-88 991 -867 0 
-167 -954 85 0 
-441 -663 -135 0 
385 -917 -81 0 
-215 -513 182 0 
20 -180 634 0 
-273 -212 -179 0 
164 -703 550 0 
793 91 -313 0 
798 -189 231 0 
733 726 -22 0 
-954 195 -225 0 
328 -440 885 0 
558 773 -567 0 
-586 -334 -138 0 
558 700 -893 0 
-353 -276 -17 0 
270 -235 -956 0 
682 342 952 0 
-647 702 -830 0 
566 593 -785 0 
546 903 -455 0 
293 -337 -146 0 
305 802 788 0 
898 -644 347 0 
-655 431 -999 0 
607 343 294 0 
-858 -810 -480 0 
-327 -671 -696 0 
-781 545 166 0 
174 -737 8 0 
750 -171 910 0 
-912 615 -598 0 
-77 571 -210 0 
-6 -58 191 0 
431 240 -224 0 
-968 -284 524 0 
778 120 435 0 
670 955 -479 0 
-397 51 -133 0 
619 537 -373 0 
-863 -981 -428 0 
-574 -531 -336 0 
210 -794 89 0 
-305 -74 -883 0 
320 -994 -579 0 
110 343 -405 0 
-588 -79 -799 0 
187 960 876 0 
256 976 94 0 
269 298 184 0 
992 669 48 0 
481 865 -798 0 
-775 248 744 0 
-715 -116 -984 0 
750 421 -346 0 
-636 -891 567 0 
-418 -164 -806 0 
440 -743 -835 0 
-9 -529 443 0 
371 -485 -942 0 
-591 865 -469 0 
-935 -989 511 0 
-109 -624 -38 0 
-562 -703 680 0 
1 -771 -652 0 
556 -106 -87 0 
887 -856 -599 0 
-201 -683 799 0 
595 -915 -499 0 
-792 159 970 0 
403 -749 -737 0 
-601 899 986 0 
-273 -964 -243 0 
662 787 561 0 
-843 644 399 0 
594 -750 274 0 
341 812 -195 0 
574 -149 -390 0 
-782 -771 945 0 
-483 -332 -860 0 
-460 622 863 0 
-416 -540 -773 0 
-95 730 38 0 
-58 400 4 0 
-999 -363 911 0 
7 -812 -451 0 
156 -813 941 0 
60 -735 762 0 
744 -420 655 0 
-463 -612 176 0 
620 -629 -955 0 
-391 -423 -871 0 
-146 -786 829 0 
819 -762 -926 0 
951 -368 -685 0 
-629 459 284 0 
490 95 165 0 
542 -69 -158 0 
53 -670 60 0 
-950 165 -429 0 
168 891 -77 0 
-79 402 621 0 
271 -723 204 0 
-658 -438 -407 0 
-518 461 -854 0 
340 717 423 0 
-293 -737 -232 0 
354 -122 -332 0 
-472 556 -20 0 
-132 -848 -633 0 
897 903 53 0 
231 704 -87 0 
630 -75 -203 0 
589 341 620 0 
705 623 207 0 
-40 448 -216 0 
679 -163 108 0 
691 830 504 0 
-192 -583 294 0 
-303 618 -507 0 
-553 15 -400 0 
-259 -207 -17 0 
683 744 -770 0 
-481 -575 -342 0 
-818 -625 316 0 
-434 563 16 0 
-665 657 -558 0 
40 616 410 0 
92 885 -443 0 
-914 199 -966 0 
-827 195 -479 0 
-506 961 -991 0 
602 573 -155 0 
593 9 208 0 
-134 -418 -154 0 
-540 92 140 0 
284 -411 247 0 
468 675 569 0 
625 799 310 0 
-612 894 -120 0 
66 -114 586 0 
185 197 -892 0 
342 468 -580 0 
-296 -806 312 0 
615 -964 716 0 
658 -593 67 0 
-549 11 911 0 
745 -304 273 0 
929 84 -694 0 
387 546 -620 0 
761 738 -655 0 
-482 -201 -218 0 
-117 -741 -594 0 
990 39 553 0 
757 354 -280 0 
-27 -745 415 0 
744 482 271 0 
604 -43 -15 0 
301 979 -394 0 
959 905 347 0 
-25 -44 -330 0 
-987 -917 -287 0 
259 -127 175 0 
415 992 364 0 
546 42 996 0 
-224 -129 -429 0 
-4 -120 -451 0 
816 -28 -257 0 
-34 368 -265 0 
129 -517 -334 0 
-563 -668 764 0 
-90 -360 50 0 
-762 -895 -875 0 
-916 -841 -648 0 
-872 900 -419 0 
-417 -738 -254 0 
65 -308 750 0 
-422 963 143 0 
962 -189 95 0 
-232 941 -602 0 
-877 356 -516 0 
76 -863 -788 0 
-445 -472 -905 0 
-278 -831 948 0 
-950 -660 648 0 
293 607 342 0 
-541 758 -911 0 
277 638 -427 0 
-181 559 588 0 
-606 185 -135 0 
-679 690 -128 0 
323 543 795 0 
671 47 -445 0 
-946 563 154 0 
-52 578 632 0 
953 -888 -473 0 
807 397 -350 0 
304 28 -618 0 
824 -546 -911 0 
221 97 853 0 
-595 624 -478 0 
570 536 -497 0 
-602 122 -875 0 
836 153 77 0 
-763 666 -234 0 
-928 518 849 0 
651 384 -654 0 
-686 -637 -30 0 
73 78 -831 0 
-655 -850 224 0 
58 370 -543 0 
-581 -414 489 0 
-90 -510 -225 0 
42 757 -479 0 
-887 -10 -522 0 
348 708 -645 0 
359 114 -684 0 
769 -775 -514 0 
-984 -971 -355 0 
131 -238 -674 0 
74 -449 -161 0 
-230 -335 -800 0 
-316 560 541 0 
-298 45 700 0 
968 -896 -217 0 
348 933 766 0 
732 320 -327 0 
-981 433 -797 0 
507 994 -957 0 
302 -642 -771 0 
-252 -196 -374 0 
-887 -361 791 0 
411 87 -10 0 
-712 436 721 0 
-945 -424 -660 0 
691 991 758 0 
-43 -803 -827 0 
-958 117 804 0 
-196 -473 -116 0 
904 746 -530 0 
29 -401 -5 0 
20 -364 36 0 
15 -937 -23 0 
249 -127 -884 0 
186 -249 -666 0 
-874 648 43 0 
655 -246 -563 0 
607 83 -353 0 
-866 -581 -443 0 
-287 420 -374 0 
933 -560 563 0 
-271 -568 -459 0 
-405 852 -537 0 
-978 127 -65 0 
170 337 204 0 
577 -995 40 0 
-54 -980 -675 0 
-282 871 -67 0 
-874 864 -157 0 
-548 938 238 0 
-364 935 -999 0 
739 -545 503 0 
458 -194 776 0 
-657 856 308 0 
515 -109 -669 0 
468 955 -415 0 
-882 901 -482 0 
-948 -90 -453 0 
478 -11 42 0 
149 -374 -584 0 
148 -234 -837 0 
-748 282 755 0 
-13 703 927 0 
957 832 294 0 
-580 950 -43 0 
988 -688 196 0 
568 -940 -555 0 
701 -590 506 0 
937 -224 487 0 
479 214 -916 0 
-877 -670 266 0 
381 -669 929 0 
921 514 678 0 
-878 910 -399 0 
-715 813 -283 0 
229 -815 -476 0 
482 148 273 0 
-29 613 -98 0 
-782 -738 263 0 
442 182 754 0 
74 -655 825 0 
-338 -631 -790 0 
-524 -690 500 0 
686 -461 417 0 
813 -931 -661 0 
-731 -529 -755 0 
-449 446 -679 0 
869 -73 -18 0 
-967 -170 989 0 
907 -746 -245 0 
544 106 903 0 
163 446 -323 0 
-839 -119 -917 0 
-407 595 68 0 
995 -313 -915 0 
-362 -137 -570 0 
302 757 -507 0 
117 -177 -62 0 
417 -20 98 0 
-942 153 658 0 
-420 -669 -799 0 
-626 171 993 0 
429 -252 -775 0 
987 -535 453 0 
18 -515 -772 0 
-856 634 -628 0 
891 633 -666 0 
859 -22 -612 0 
-696 644 719 0 
-883 -724 816 0 
458 420 820 0 
-787 9 425 0 
-228 157 746 0 
770 341 -912 0 
88 402 183 0 
-419 497 121 0 
54 688 -632 0 
4 178 -175 0 
518 -560 -510 0 
628 249 570 0 
26 36 584 0 
203 687 -666 0 
793 105 375 0 
543 -340 -181 0 
299 -213 302 0 
-117 789 474 0 
166 102 -293 0 
-761 -44 -38 0 
371 751 839 0 
-861 -165 -163 0 
-328 575 168 0 
-91 -799 70 0 
911 842 -523 0 
364 699 236 0 
-348 -524 314 0 
834 -914 765 0 
952 715 -816 0 
-388 -158 -513 0 
-853 900 766 0 
-56 -832 523 0 
184 -723 -670 0 
-504 69 -632 0 
-680 63 -632 0 
-787 652 923 0 
-266 -649 744 0 
479 -379 61 0 
200 786 -445 0 
-850 -258 -260 0 
657 -215 955 0 
973 981 271 0 
-179 -700 463 0 
88 210 -866 0 
786 -519 162 0 
-850 402 102 0 
-678 -999 864 0 
997 -310 -320 0 
654 -372 -410 0 
-688 660 -832 0 
-897 848 470 0 
-568 -207 -49 0 
529 -2 -318 0 
538 866 606 0 
375 427 94 0 
804 279 -579 0 
449 827 824 0 
387 702 -630 0 
635 91 309 0 
-536 -461 -124 0 
158 -163 -835 0 
-163 -478 728 0 
988 -292 480 0 
911 450 -930 0 
-655 -573 -404 0 
614 409 151 0 
-216 -639 680 0 
315 -100 372 0 
-210 -640 290 0 
394 334 -383 0 
561 -836 171 0 
-271 -289 845 0 
454 -957 -773 0 
-823 -315 -624 0 
-651 260 -167 0 
221 89 211 0 
-513 774 984 0 
875 522 866 0 
-246 -96 164 0 
-112 829 -812 0 
307 -863 491 0 
-790 -563 281 0 
644 -251 979 0 
-723 878 146 0 
-210 -882 -28 0 
973 -349 480 0 
507 -361 912 0 
-457 -193 804 0 
993 -985 -262 0 
650 230 -781 0 
-95 -514 882 0 
-22 -284 179 0 
36 51 819 0 
-538 -305 515 0 
-862 -230 -798 0 
-750 -605 813 0 
152 79 -607 0 
497 983 -940 0 
587 715 151 0 
-784 -776 783 0 
-491 651 -423 0 
411 -791 360 0 
779 -861 -950 0 
-923 -263 299 0 
-750 421 313 0 
-872 309 -727 0 
489 -410 717 0 
478 -826 -269 0 
-4 -15 55 0 
-292 -415 -767 0 
598 308 587 0 
-649 126 259 0 
291 288 757 0 
-574 -265 -619 0 
-577 93 105 0 
-394 302 195 0 
887 844 380 0 
-161 728 -457 0 
-215 135 -640 0 
257 -644 846 0 
-485 -300 399 0 
353 -470 979 0 
-521 -48 102 0 
-359 550 201 0 
757 68 674 0 
-826 -83 963 0 
438 150 -94 0 
637 -198 -565 0 
-258 537 -582 0 
860 586 219 0 
-490 442 521 0 
-832 587 623 0 
301 106 639 0 
-625 -928 571 0 
-869 66 -284 0 
-463 609 -29 0 
-447 855 -551 0 
39 -136 226 0 
477 538 -238 0 
-132 203 -183 0 
-862 433 -666 0 
260 -767 170 0 
121 -190 467 0 
111 -435 -531 0 
-598 52 -638 0 
-699 -12 -354 0 
192 -387 596 0 
-264 -644 -984 0 
92 -485 -21 0 
-360 824 84 0 
-305 -615 594 0 
-999 86 764 0 
-713 -137 -591 0 
589 807 -181 0 
88 193 136 0 
250 -246 669 0 
-256 -675 261 0 
-173 679 842 0 
939 -713 561 0 
159 -582 157 0 
403 -273 776 0 
-146 130 73 0 
-356 -783 -957 0 
-378 -633 949 0 
977 -729 -162 0 
-929 -447 670 0 
722 833 348 0 
769 -225 605 0 
457 -175 816 0 
-779 120 -471 0 
754 907 854 0 
185 -621 329 0 
-412 411 590 0 
-1 -125 -180 0 
-580 -945 -981 0 
510 949 69 0 
-623 130 -978 0 
953 250 488 0 
883 -120 -477 0 
-921 255 -622 0 
-283 172 -753 0 
-747 738 737 0 
-741 980 -106 0 
212 -259 588 0 
897 -580 -894 0 
-694 404 -239 0 
-98 -924 239 0 
-220 -325 -751 0 
902 -320 54 0 
-904 -129 -678 0 
-313 580 -30 0 
916 567 -827 0 
248 -115 -769 0 
24 618 271 0 
-246 -917 636 0 
67 -550 -303 0 
760 -622 -176 0 
-844 -868 -279 0 
557 -576 -812 0 
817 134 160 0 
-968 425 408 0 
-194 603 2 0 
-75 467 711 0 
-248 -953 -456 0 
179 -932 -682 0 
-511 251 -578 0 
-833 681 88 0 
-949 -896 253 0 
-743 871 -752 0 
535 859 -717 0 
-152 586 889 0 
896 -322 419 0 
-498 659 -589 0 
-146 985 -603 0 
-795 599 272 0 
284 733 388 0 
265 -524 -273 0 
991 -589 136 0 
750 321 -336 0 
-65 -634 -889 0 
-305 -479 -385 0 
774 661 -195 0 
-882 -412 -715 0 
360 126 -711 0 
117 281 -88 0 
-820 680 -639 0 
147 714 -130 0 
-223 -591 -432 0 
574 829 -990 0 
686 -303 -371 0 
-776 12 895 0 
875 285 -21 0 
367 -678 146 0 
-147 -487 295 0 
217 51 -360 0 
862 -402 181 0 
-946 406 207 0 
-745 233 385 0 
59 423 675 0 
-733 83 382 0 
756 159 -886 0 
39 -357 934 0 
532 -294 -724 0 
472 377 77 0 
43 -22 -246 0 
526 -258 606 0 
-933 -936 -159 0 
837 -93 -306 0 
284 -317 865 0 
521 91 922 0 
372 -123 934 0 
129 -762 -522 0 
-859 -948 -618 0 
-251 -315 -510 0 
-891 31 -368 0 
-594 -401 672 0 
-142 -55 -710 0 
579 297 -272 0 
81 857 751 0 
718 -647 957 0 
-780 274 -701 0 
-959 -312 980 0 
-710 -616 -332 0 
575 -74 -962 0 
886 419 400 0 
983 867 -691 0 
595 840 627 0 
314 646 783 0 
-564 677 682 0 
-134 -499 700 0 
323 887 -877 0 
-142 483 465 0 
-513 866 -314 0 
-130 220 -557 0 
-759 817 422 0 
608 197 -364 0 
267 -219 -341 0 
924 -288 21 0 
-943 357 -949 0 
-740 -262 647 0 
-797 -422 -222 0 
-942 -49 -200 0 
906 353 736 0 
333 -833 -239 0 
-564 -1000 -370 0 
-788 -153 269 0 
845 -956 17 0 
98 742 -854 0 
-293 -155 134 0 
-981 990 546 0 
-157 -811 324 0 
589 -378 112 0 
320 -735 132 0 
161 844 560 0 
-77 -877 368 0 
-877 510 691 0 
291 -675 578 0 
-625 -861 -860 0 
33 -952 -496 0 
-7 -797 709 0 
256 197 774 0 
395 30 -265 0 
-441 -577 -495 0 
-821 788 -782 0 
247 -824 292 0 
-703 -548 499 0 
978 -796 678 0 
-210 -343 717 0 
868 544 356 0 
-490 -76 -268 0 
750 -446 -231 0 
977 -901 716 0 
-651 222 419 0 
-982 -223 -222 0 
-717 -613 482 0 
990 119 -365 0 
280 877 125 0 
-388 756 703 0 
209 -936 298 0 
675 662 952 0 
-797 -12 31 0 
-938 561 -326 0 
349 -328 -411 0 
430 911 195 0 
851 -784 771 0 
591 981 -38 0 
-414 588 911 0 
-563 358 500 0 
-755 596 424 0 
300 -854 -270 0 
-425 -164 493 0 
522 277 -548 0 
213 -322 -955 0 
658 -299 -477 0 
454 -100 -244 0 
485 31 -29 0 
-916 -31 131 0 
581 77 647 0 
287 670 166 0 
-971 138 -705 0 
936 775 -225 0 
507 -732 -161 0 
278 209 260 0 
-457 -679 273 0 
717 -352 -168 0 
282 -991 530 0 
-252 234 142 0 
980 -713 274 0 
673 536 888 0 
-495 -335 716 0 
-441 608 694 0 
-636 792 -859 0 
-36 -326 -922 0 
594 -852 317 0 
-99 -515 373 0 
169 370 815 0 
-569 291 259 0 
809 -244 -117 0 
-17 -730 -589 0 
587 -449 276 0 
-380 651 653 0 
950 -417 163 0 
-376 -119 72 0 
551 -582 390 0 
-868 506 -486 0 
549 -901 -27 0 
421 -953 205 0 
999 86 -537 0 
-747 10 -285 0 
432 -593 -27 0 
227 978 976 0 
-299 -878 491 0 
-287 172 -253 0 
-465 194 463 0 
-201 -723 338 0 
-470 -903 -573 0 
694 -892 -406 0 
436 144 -37 0 
107 381 -393 0 
-647 553 -259 0 
1 -379 -878 0 
-769 -619 -423 0 
-452 473 914 0 
-190 698 54 0 
-781 -750 -575 0 
621 -864 906 0 
405 -659 883 0 
139 954 -304 0 
-424 -265 -588 0 
26 175 -9 0 
-922 834 -474 0 
-244 -623 -702 0 
-54 741 -273 0 
494 -491 668 0 
216 552 545 0 
-112 -415 243 0 
15 42 -147 0 
-887 920 948 0 
-330 -443 190 0 
-129 910 -590 0 
284 -265 -441 0 
808 15 462 0 
-258 37 -858 0 
-972 196 -677 0 
255 -188 -98 0 
-646 -1 -768 0 
599 417 325 0 
-286 511 -588 0 
-883 167 -763 0 
-137 731 -540 0 
779 897 299 0 
12 286 -984 0 
830 -370 862 0 
285 -839 976 0 
-356 -161 813 0 
165 -1000 501 0 
-820 243 -495 0 
902 -772 448 0 
-566 -6 -786 0 
349 -827 761 0 
921 -604 -766 0 
689 -593 -364 0 
-98 59 319 0 
187 -31 -166 0 
-238 -620 -919 0 
-742 656 159 0 
300 470 -567 0 
166 -551 -920 0 
520 -695 428 0 
237 1000 -916 0 
-526 560 618 0 
805 -283 902 0 
31 831 878 0 
514 885 -1000 0 
-759 -26 -686 0 
391 984 255 0 
442 -361 -480 0 
-334 627 -351 0 
500 -171 170 0 
-412 -154 -919 0 
50 -289 -879 0 
-136 -882 161 0 
62 -971 -486 0 
560 -978 -14 0 
668 18 -265 0 
-431 -201 151 0 
-820 448 -700 0 
-958 -447 -832 0 
-919 -469 -855 0 
228 569 -703 0 
541 -536 772 0 
-746 -460 -971 0 
-765 420 371 0 
-381 273 409 0 
410 -208 39 0 
296 -754 154 0 
-37 442 723 0 
-426 -316 784 0 
943 -495 536 0 
341 -983 -931 0 
-217 -461 941 0 
341 -243 -837 0 
-89 -658 -657 0 
880 885 776 0 
768 919 -111 0 
935 159 -560 0 
-270 16 523 0 
-560 330 263 0 
-927 857 190 0 
-673 996 -436 0 
-163 -893 -232 0 
307 -925 672 0 
655 58 884 0 
746 718 -465 0 
-433 904 -184 0 
-158 215 86 0 
-256 -84 -846 0 
-824 -887 927 0 
971 -63 749 0 
-497 -752 66 0 
-422 -765 609 0 
275 -563 -485 0 
-469 -617 93 0 
691 53 927 0 
-365 962 -991 0 
575 -244 277 0 
468 222 -676 0 
-339 848 -368 0 
833 33 -498 0 
544 264 -647 0 
-577 938 603 0 
515 -218 -834 0 
-340 -188 403 0 
-915 -662 -450 0 
912 -832 -708 0 
132 -659 908 0 
-134 473 346 0 
-154 482 -985 0 
-401 424 -864 0 
-606 838 46 0 
-19 -369 -411 0 
-591 286 -459 0 
-794 752 -477 0 
-112 842 -799 0 
389 -543 889 0 
384 460 -596 0 
-912 -623 -309 0 
902 988 513 0 
614 -906 -375 0 
327 487 -894 0 
-286 -509 -73 0 
-882 -847 -115 0 
932 45 -471 0 
354 -44 -475 0 
-353 -401 945 0 
216 -521 -590 0 
189 -962 633 0 
-920 -66 744 0 
-177 539 -107 0 
736 -173 944 0 
-542 699 1000 0 
-654 737 -455 0 
-809 -14 -83 0 
837 902 -235 0 
462 824 3 0 
-36 221 207 0 
189 162 319 0 
-106 188 646 0 
474 -91 25 0 
-798 -985 -694 0 
-782 -934 213 0 
58 898 726 0 
-814 54 826 0 
-106 682 418 0 
538 -46 -245 0 
-263 -124 -819 0 
-149 738 570 0 
-967 369 258 0 
96 -989 565 0 
-415 944 -903 0 
210 813 123 0 
306 -587 752 0 
791 -570 306 0 
-951 912 -927 0 
719 529 949 0 
116 -46 -543 0 
-77 -325 -442 0 
-12 287 -557 0 
-21 -897 87 0 
-649 -631 62 0 
-160 769 -246 0 
-526 277 -556 0 
8 -967 -551 0 
-287 331 -817 0 
-612 91 233 0 
-993 439 -655 0 
-265 187 -810 0 
841 -356 -699 0 
203 -370 -141 0 
-605 -536 -99 0 
719 -801 -750 0 
-836 -214 -463 0 
781 899 149 0 
-433 -808 310 0 
-845 -240 -767 0 
-754 420 161 0 
-813 -431 987 0 
-859 837 34 0 
-277 -327 -354 0 
670 95 573 0 
301 225 9 0 
944 -872 -744 0 
-48 401 400 0 
454 469 -823 0 
-664 -677 -871 0 
-523 -601 -310 0 
-696 -446 -805 0 
-234 341 -284 0 
-541 -535 -775 0 
762 -319 291 0 
-731 -930 -266 0 
636 982 407 0 
-677 211 606 0 
-399 728 -375 0 
505 530 -688 0 
452 -869 -336 0 
728 243 -150 0 
304 530 384 0 
-473 -223 190 0 
339 89 893 0 
-355 277 692 0 
642 776 411 0 
234 75 657 0 
683 454 -734 0 
-526 384 521 0 
-527 239 -914 0 
-5 -60 298 0 
682 872 809 0 
-991 39 -265 0 
302 475 538 0 
-231 -181 602 0 
777 -764 516 0 
367 333 -767 0 
-120 -596 311 0 
-117 -74 -316 0 
-155 -746 430 0 
386 -391 -277 0 
665 -136 -5 0 
962 712 76 0 
-383 498 -960 0 
-70 -113 -560 0 
446 636 -669 0 
-353 -346 -843 0 
-218 -559 100 0 
-125 -736 973 0 
-404 -135 424 0 
582 -696 888 0 
499 491 -778 0 
-368 662 480 0 
824 -604 -49 0 
591 309 380 0 
237 -15 651 0 
73 -178 -676 0 
-751 748 429 0 
-671 -86 -52 0 
543 -338 488 0 
889 709 -217 0 
175 317 789 0 
494 362 -232 0 
-930 209 864 0 
-288 916 -595 0 
-79 333 618 0 
-462 745 36 0 
-784 33 -945 0 
-880 -532 -149 0 
-108 -423 805 0 
565 -157 -906 0 
-43 875 -510 0 
283 251 -38 0 
119 265 311 0 
411 702 -130 0 
392 657 528 0 
-61 499 -562 0 
-331 369 -289 0 
215 -186 -385 0 
246 721 961 0 
466 -935 -682 0 
598 -316 544 0 
-839 -702 77 0 
-476 -185 -172 0 
396 574 -318 0 
788 -578 -376 0 
477 -785 -310 0 
745 -732 -793 0 
400 944 -302 0 
-763 -215 62 0 
-964 479 345 0 
-125 -788 -267 0 
-515 402 -486 0 
859 136 507 0 
-570 -682 664 0 
-797 -769 176 0 
57 -571 890 0 
849 -846 490 0 
-715 522 -743 0 
-453 -203 363 0 
-844 -528 -644 0 
450 961 -88 0 
435 214 -753 0 
942 -986 -162 0 
-765 271 582 0 
496 304 879 0 
-845 289 -309 0 
-943 678 -328 0 
159 896 774 0 
-897 -682 -491 0 
131 -523 361 0 
694 866 541 0 
-455 822 828 0 
-745 -686 -372 0 
-171 180 -743 0 
-627 -260 34 0 
-902 -111 391 0 
-743 308 228 0 
-571 781 -283 0 
-240 -35 448 0 
684 67 222 0 
409 -242 929 0 
-960 -229 568 0 
763 31 238 0 
-924 -477 384 0 
551 -382 252 0 
502 -708 -168 0 
434 -779 -342 0 
877 8 231 0 
410 -751 -397 0 
564 437 128 0 
289 -415 431 0 
-977 555 -726 0 
631 -29 -6 0 
-363 -491 -826 0 
97 454 235 0 
545 -929 90 0 
-861 449 -792 0 
312 -357 929 0 
-874 -14 -521 0 
463 -454 -141 0 
-864 806 592 0 
560 -942 -319 0 
-132 -558 144 0 
-648 402 -95 0 
149 587 -471 0 
659 -404 -468 0 
-756 10 -753 0 
533 -620 -399 0 
431 289 -705 0 
-788 -594 687 0 
-269 63 -909 0 
677 -851 -919 0 
-236 416 327 0 
672 -499 -577 0 
-464 -589 980 0 
-127 955 -507 0 
-96 267 -217 0 
-878 948 -787 0 
-777 -282 632 0 
-278 -531 -85 0 
833 96 282 0 
-865 -334 -423 0 
-972 -776 -911 0 
324 176 333 0 
-253 349 -446 0 
638 180 -689 0 
752 -791 753 0 
637 -928 -253 0 
748 -551 327 0 
-914 -929 -964 0 
834 299 884 0 
-845 -391 392 0 
-957 -751 -767 0 
-71 90 -237 0 
343 -502 -699 0 
-163 -124 -897 0 
-731 -592 -919 0 
-933 566 503 0 
180 818 810 0 
783 -717 -52 0 
233 227 518 0 
106 -352 491 0 
26 712 510 0 
-70 397 225 0 
958 -504 -632 0 
-44 -342 -763 0 
272 763 -281 0 
943 -308 118 0 
-979 520 274 0 
-632 -573 803 0 
751 -583 511 0 
-365 739 874 0 
484 465 103 0 
331 712 911 0 
246 -198 357 0 
397 -225 -214 0 
243 88 619 0 
957 375 -15 0 
522 796 -878 0 
932 -250 -596 0 
-691 -17 892 0 
-671 -337 422 0 
784 -310 -516 0 
330 647 933 0 
405 -43 -703 0 
477 -899 -989 0 
-515 -907 -927 0 
409 -801 -916 0 
762 -828 -440 0 
963 72 909 0 
443 -474 -728 0 
-383 -590 -334 0 
853 555 -977 0 
121 -976 719 0 
-384 379 243 0 
15 429 621 0 
818 -66 -637 0 
-114 351 887 0 
-413 -915 402 0 
-24 312 -467 0 
838 243 992 0 
-908 -925 -966 0 
688 -89 935 0 
186 -982 -635 0 
886 431 189 0 
-989 -830 136 0 
576 -705 -784 0 
224 737 893 0 
114 236 120 0 
-744 -263 46 0 
416 -661 332 0 
-196 528 -403 0 
-744 656 -331 0 
-191 -20 -508 0 
346 802 541 0 
-186 -783 -3 0 
154 875 574 0 
402 -289 194 0 
59 269 514 0 
-745 522 38 0 
-931 843 -262 0 
-877 -905 -838 0 
-352 -323 897 0 
874 -188 -674 0 
-628 446 -686 0 
-949 -569 954 0 
-264 -739 153 0 
566 300 -736 0 
-942 -951 -864 0 
-200 590 -610 0 
937 -764 -137 0 
197 -578 -241 0 
-205 -354 206 0 
683 870 -801 0 
-214 -377 999 0 
494 -127 759 0 
853 -888 -151 0 
-864 -830 231 0 
-960 669 704 0 
86 212 -243 0 
293 -574 353 0 
90 281 536 0 
553 166 804 0 
-536 886 -4 0 
-847 926 -943 0 
623 441 -570 0 
-590 373 923 0 
-349 -523 502 0 
-95 -210 113 0 
834 381 -206 0 
-354 865 -455 0 
262 293 -86 0 
-911 -569 -114 0 
61 -845 863 0 
-380 -858 -161 0 
143 333 -192 0 
-863 409 -179 0 
-586 651 339 0 
-299 -452 -442 0 
-22 -105 -661 0 
-980 394 -663 0 
781 -557 -481 0 
687 -990 -238 0 
605 -873 -600 0 
-240 -741 205 0 
-776 189 -643 0 
819 446 -865 0 
945 -606 -511 0 
-821 622 -266 0 
-550 965 640 0 
-210 150 -754 0 
-976 101 781 0 
-272 229 306 0 
-208 275 -510 0 
66 -384 468 0 
-774 -665 158 0 
424 -569 414 0 
587 739 347 0 
-400 664 564 0 
410 167 906 0 
-313 -558 944 0 
-474 863 42 0 
-788 -609 378 0 
-145 -96 280 0 
-907 -929 82 0 
798 -431 662 0 
-125 225 328 0 
-854 874 -847 0 
616 454 -16 0 
-426 526 -453 0 
-764 315 -505 0 
-224 755 -140 0 
936 207 868 0 
919 454 240 0 
-593 380 501 0 
506 -453 -59 0 
-36 -229 -813 0 
-485 365 -733 0 
-499 636 116 0 
711 -756 99 0 
864 -467 -257 0 
17 604 116 0 
-758 -783 389 0 
48 -73 -609 0 
-764 585 122 0 
403 374 -647 0 
487 -653 -233 0 
457 -508 -740 0 
-707 428 -450 0 
790 -711 -310 0 
-792 -485 -723 0 
979 -968 442 0 
48 -426 894 0 
-909 -412 -395 0 
-37 234 -483 0 
-159 286 -396 0 
-211 42 821 0 
286 -194 -587 0 
-779 -641 20 0 
-330 321 404 0 
243 -12 780 0 
351 -497 -563 0 
-490 980 -457 0 
833 -52 -754 0 
590 -89 254 0 
897 -58 -80 0 
113 269 -70 0 
-307 -165 -463 0 
-103 27 -192 0 
380 313 115 0 
803 29 -804 0 
-653 779 424 0 
578 150 -362 0 
-322 788 217 0 
926 -684 -825 0 
236 -233 775 0 
130 -181 -752 0 
-560 -966 -78 0 
499 75 -6 0 
139 -76 359 0 
-465 655 535 0 
-432 319 -414 0 
363 -437 748 0 
205 -666 712 0 
73 -96 -259 0 
-986 -71 -604 0 
281 107 -224 0 
394 -671 -512 0 
436 743 849 0 
-375 -210 -749 0 
825 -802 160 0 
601 -811 676 0 
451 -398 -349 0 
177 -816 -442 0 
-553 60 -229 0 
-248 -227 -638 0 
808 -359 975 0 
-36 905 457 0 
340 996 -674 0 
382 -485 -940 0 
741 518 -210 0 
121 299 547 0 
69 -229 -638 0 
-627 -179 -222 0 
742 299 -942 0 
824 -322 791 0 
855 -970 -555 0 
-532 577 230 0 
-143 192 -521 0 
316 877 67 0 
65 -699 154 0 
-204 -618 482 0 
-533 63 -410 0 
-275 645 946 0 
-280 -420 948 0 
-663 330 464 0 
884 487 187 0 
-949 380 -941 0 
595 824 -511 0 
325 237 -856 0 
-601 -387 609 0 
66 249 -918 0 
316 -70 999 0 
838 -60 616 0 
-258 571 -431 0 
-932 -371 405 0 
-315 -481 -918 0 
799 240 -915 0 
-906 -507 -954 0 
294 211 43 0 
-581 -510 -978 0 
-577 281 655 0 
-906 870 -489 0 
600 -588 925 0 
410 417 192 0 
-37 229 453 0 
703 693 26 0 
825 -142 -789 0 
331 -956 214 0 
-766 -578 420 0 
-24 617 -235 0 
-155 -213 59 0 
-459 -813 -349 0 
-353 -295 -841 0 
484 -413 628 0 
681 692 -997 0 
-756 -344 557 0 
-151 869 -562 0 
-844 -19 -152 0 
254 -467 780 0 
407 -38 124 0 
399 -480 23 0 
-26 304 -926 0 
900 -374 70 0 
721 -433 573 0 
-369 162 396 0 
-452 -240 -315 0 
-987 -636 574 0 
-170 857 -908 0 
-932 -835 -891 0 
867 200 65 0 
-393 994 -400 0 
-275 -751 214 0 
-42 843 -25 0 
940 -290 545 0 
-250 -529 554 0 
-931 674 880 0 
-172 -324 648 0 
712 -708 -259 0 
-38 -137 -543 0 
122 182 197 0 
-349 -623 584 0 
-184 645 -872 0 
22 320 142 0 
-389 -910 994 0 
-269 351 388 0 
-377 21 -805 0 
10 -675 -995 0 
-311 128 -57 0 
-863 -523 659 0 
642 791 111 0 
-430 -536 597 0 
974 -19 782 0 
-896 369 256 0 
-527 481 -229 0 
-693 -346 -175 0 
899 966 77 0 
-137 -333 -207 0 
-993 -549 963 0 
-31 155 -340 0 
-927 -384 883 0 
-804 -920 634 0 
-83 -838 852 0 
-624 560 492 0 
936 879 845 0 
398 195 -314 0 
736 -484 520 0 
-64 224 -439 0 
-32 -506 766 0 
-139 -771 282 0 
358 -719 729 0 
993 -771 772 0 
742 -649 -51 0 
-287 521 -542 0 
103 -874 -532 0 
772 -695 834 0 
-352 647 -165 0 
509 512 676 0 
624 40 -86 0 
384 639 71 0 
-792 -204 -867 0 
-625 423 -258 0 
-159 -728 414 0 
639 987 -479 0 
684 -106 317 0 
-466 296 -662 0 
313 -237 715 0 
-989 -962 834 0 
579 -418 -373 0 
-279 534 -35 0 
-578 154 902 0 
-571 -196 10 0 
19 -387 -327 0 
1000 224 111 0 
730 724 -242 0 
-710 -361 741 0 
218 -669 148 0 
-547 -953 701 0 
-651 436 -504 0 
930 -25 646 0 
273 839 -801 0 
-387 -123 934 0 
-613 211 -319 0 
-513 -1000 -640 0 
-893 503 746 0 
-233 105 97 0 
385 -314 -575 0 
-369 -973 -435 0 
923 573 376 0 
405 -323 -933 0 
-423 -258 346 0 
-535 -230 960 0 
-288 -85 -823 0 
895 725 493 0 
-719 818 -142 0 
-87 335 462 0 
-73 -983 527 0 
658 836 269 0 
-621 939 767 0 
14 998 905 0 
209 416 -480 0 
-709 -981 -17 0 
350 -349 915 0 
-238 -947 898 0 
323 107 365 0 
-740 632 296 0 
402 627 -441 0 
568 997 244 0 
274 691 -453 0 
461 -257 821 0 
-60 403 -64 0 
397 -277 111 0 
968 981 -774 0 
-328 647 838 0 
-553 881 855 0 
471 -971 833 0 
376 349 325 0 
416 -270 -978 0 
-147 -607 -877 0 
-651 -426 -896 0 
-275 828 -862 0 
-855 -692 -628 0 
-28 786 941 0 
-848 -218 -784 0 
606 907 -416 0 
-965 -241 -610 0 
-397 -724 391 0 
126 -563 362 0 
-552 -872 -750 0 
-658 -740 700 0 
358 -92 -108 0 
99 773 609 0 
-562 938 875 0 
62 -547 -904 0 
546 141 639 0 
32 -939 -493 0 
-145 690 923 0 
345 571 53 0 
709 -89 -3 0 
-44 -410 316 0 
-34 632 641 0 
-413 -594 807 0 
-429 -803 764 0 
-63 -266 486 0 
-640 -500 -753 0 
459 694 683 0 
648 -425 476 0 
-572 811 -891 0 
712 956 827 0 
671 -460 -196 0 
-80 599 -393 0 
531 -71 -285 0 
810 -89 644 0 
767 -948 -475 0 
569 -5 -373 0 
-642 792 -213 0 
915 -168 771 0 
568 314 -413 0 
763 -556 -232 0 
-785 -676 -981 0 
-235 -862 765 0 
-817 -729 156 0 
-694 248 -566 0 
-759 -821 -345 0 
145 230 -432 0 
-592 -183 70 0 
-269 -106 -175 0 
297 -866 -590 0 
-299 -77 -376 0 
509 530 -517 0 
391 396 401 0 
297 -197 -252 0 
-357 -302 -863 0 
-141 -727 195 0 
763 -732 -756 0 
435 565 570 0 
756 457 884 0 
-413 -899 -849 0 
-967 -273 -320 0 
454 273 -956 0 
356 -552 -91 0 
-119 -815 915 0 
129 -612 -358 0 
229 -58 519 0 
-530 575 -921 0 
634 -697 221 0 
-500 -865 -14 0 
1000 165 -299 0 
-153 941 266 0 
368 721 -948 0 
-862 330 -346 0 
-772 395 -309 0 
-467 361 -286 0 
-101 -470 -276 0 
408 267 -509 0 
-883 -484 -618 0 
-402 -142 -368 0 
782 -955 805 0 
43 984 431 0 
-770 979 365 0 
502 931 818 0 
-380 -437 759 0 
304 -764 -542 0 
-693 745 -811 0 
-765 674 91 0 
187 -640 30 0 
-684 -561 -666 0 
-153 -942 -56 0 
287 557 840 0 
-490 -419 843 0 
134 155 -417 0 
-683 519 746 0 
718 749 173 0 
96 438 829 0 
-440 73 -883 0 
-293 -172 304 0 
-929 307 797 0 
483 782 460 0 
155 268 119 0 
183 -543 784 0 
-318 -786 -907 0 
559 -460 951 0 
120 -789 158 0 
728 -690 818 0 
183 -176 -694 0 
-701 -711 -592 0 
180 -796 157 0 
642 60 -978 0 
-743 151 560 0 
235 178 -218 0 
-255 -76 -648 0 
581 657 -140 0 
-626 469 296 0 
319 682 -419 0 
-911 -661 -479 0 
-475 664 -142 0 
-307 715 -567 0 
-373 -104 -255 0 
647 -235 31 0 
-697 374 297 0 
-851 839 752 0 
-818 514 -502 0 
753 -184 -125 0 
444 -805 -183 0 
-682 143 297 0 
134 374 -615 0 
58 -911 -15 0 
-160 532 337 0 
-931 369 -908 0 
-701 -105 912 0 
-265 -906 893 0 
914 91 -162 0 
-235 782 -878 0 
-929 -104 -640 0 
-755 281 -439 0 
-366 -860 -683 0 
-818 -847 878 0 
-75 685 719 0 
-703 -638 -764 0 
-580 -75 895 0 
-697 -706 38 0 
341 -90 -197 0 
275 -691 658 0 
-287 824 -985 0 
-462 -532 -383 0 
386 93 551 0 
-592 -392 200 0 
-258 414 395 0 
-6 513 488 0 
-928 -888 -805 0 
567 -394 -141 0 
259 33 -468 0 
-933 369 -479 0 
-975 448 -671 0 
-88 -918 -628 0 
839 75 -221 0 
-562 177 -598 0 
323 17 153 0 
-631 -143 106 0 
102 -285 734 0 
-500 263 192 0 
872 768 -760 0 
64 -966 976 0 
-578 -706 352 0 
-132 -646 -418 0 
-211 513 41 0 
-720 549 -804 0 
-205 -702 -262 0 
692 -859 828 0 
-144 944 674 0 
689 912 -864 0 
-801 891 143 0 
540 703 713 0 
66 427 566 0 
631 -216 -565 0 
-909 693 -733 0 
836 130 -228 0 
416 559 297 0 
323 645 -453 0 
238 347 -932 0 
-108 -316 365 0 
-347 -527 827 0 
-978 505 347 0 
308 420 370 0 
-354 -852 -80 0 
-770 -547 191 0 
-190 957 -882 0 
-285 -140 -835 0 
367 -729 -872 0 
-718 350 -679 0 
-429 -315 -965 0 
-193 -66 592 0 
-468 506 -199 0 
991 450 -729 0 
-682 479 276 0 
-501 -717 935 0 
33 -460 -791 0 
-935 -501 -980 0 
936 -123 769 0 
-19 895 -64 0 
793 526 985 0 
531 -505 709 0 
882 -602 762 0 
-70 -221 -659 0 
-67 953 261 0 
-621 -968 720 0 
578 12 -600 0 
924 -85 679 0 
-688 -202 -420 0 
-970 362 291 0 
777 -634 10 0 
710 -180 -286 0 
-414 455 -312 0 
-29 831 -486 0 
559 989 -102 0 
511 -27 312 0 
-605 824 910 0 
-540 -758 319 0 
489 -430 -94 0 
-501 -561 -550 0 
-372 864 -908 0 
358 30 114 0 
-758 -661 -39 0 
518 -487 623 0 
-239 287 -227 0 
-443 786 184 0 
-434 622 -479 0 
-227 79 507 0 
-679 427 238 0 
111 -405 -620 0 
-714 57 -209 0 
-498 643 815 0 
-868 364 -112 0 
-366 879 459 0 
-60 56 -829 0 
623 -7 493 0 
-642 -590 784 0 
614 -692 -898 0 
-378 -288 15 0 
-54 486 733 0 
63 102 -203 0 
100 926 387 0 
-906 -769 849 0 
-637 -968 73 0 
161 710 -549 0 
143 -79 878 0 
762 -460 -505 0 
-111 -665 -617 0 
-787 -597 676 0 
-720 -668 890 0 
-179 796 831 0 
-607 -552 263 0 
112 -249 290 0 
-77 -74 528 0 
790 -136 -272 0 
231 -432 -306 0 
623 -198 306 0 
-138 -785 -315 0 
881 -32 143 0 
724 536 -204 0 
889 273 569 0 
