p cnf 1000 3800
-689 253 -678 0 
547 -46 244 0 
-558 -82 -18 0 
-252 95 145 0 
509 -961 -169 0 
577 417 -460 0 
343 950 -755 0 
139 607 -847 0 
-409 797 -277 0 
-989 -528 11 0 
810 370 -391 0 
-230 -508 -685 0 
-163 -31 91 0 
-584 300 -799 0 
-462 94 628 0 
-397 808 -43 0 
440 654 -985 0 
902 174 -115 0 
472 115 317 0 
-794 420 333 0 
-356 656 -327 0 
475 -434 -333 0 
563 791 757 0 
59 196 -94 0 
-968 -868 -52 0 
-282 19 649 0 
314 -222 517 0 
787 237 -966 0 
112 -930 428 0 
-463 -351 323 0 
-617 771 839 0 
941 905 -194 0 
-499 473 268 0 
-725 62 -816 0 
976 586 724 0 
310 -494 -545 0 
-728 -951 482 0 
-790 -122 -57 0 
-163 290 -381 0 
99 -506 581 0 
791 605 698 0 
536 -54 -372 0 
-270 188 -264 0 
-491 915 -449 0 
-550 -450 245 0 
-134 808 784 0 
733 -654 -973 0 
986 -833 334 0 
-654 225 -202 0 
546 -378 103 0 
258 -120 -584 0 
-813 516 562 0 
166 529 -98 0 
738 936 -687 0 
913 -546 323 0 
63 -466 -25 0 
-269 668 112 0 
721 378 -769 0 
-716 152 -498 0 
-338 -607 29 0 
983 104 455 0 
-19 -22 -383 0 
-57 827 -321 0 
988 936 838 0 
-783 -739 -22 0 
374 620 -477 0 
-385 340 647 0 
-688 -9 317 0 
511 198 -227 0 
309 224 -742 0 
-196 415 342 0 
-641 849 -300 0 
-482 102 101 0 
-94 52 193 0 
870 -324 167 0 
-145 406 317 0 
-459 901 128 0 
-910 240 -475 0 
394 -276 -991 0 
713 449 524 0 
610 -455 -441 0 
415 745 -833 0 
460 -487 565 0 
-239 55 142 0 
870 -453 87 0 
-289 788 -47 0 
655 -994 -215 0 
745 316 325 0 
-742 579 -515 0 
855 -531 926 0 
416 -796 946 0 
663 -487 625 0 
-839 -736 16 0 
-298 -12 404 0 
-799 -182 465 0 
630 -321 622 0 
164 -528 14 0 
803 -15 -771 0 
-755 206 387 0 
983 916 349 0 
598 -637 459 0 
820 615 -831 0 
-90 -822 -389 0 
-870 -732 -914 0 
-792 481 106 0 
360 -210 996 0 
741 641 -341 0 
584 -783 385 0 
396 -827 764 0 
735 528 -576 0 
-896 926 602 0 
441 160 416 0 
815 795 315 0 
168 401 943 0 
864 202 -610 0 
-622 -29 -481 0 
-218 -289 972 0 
-985 973 781 0 
238 -263 363 0 
-203 895 154 0 
871 772 -204 0 
-878 -855 485 0 
-218 266 -302 0 
-218 995 -153 0 
-497 -390 928 0 
-118 379 942 0 
-268 777 107 0 
172 -222 -589 0 
90 322 586 0 
-392 -138 85 0 
120 872 811 0 
221 297 31 0 
-951 382 738 0 
-438 704 953 0 
-104 883 11 0 
-159 -266 277 0 
64 -232 -136 0 
222 458 408 0 
696 -442 816 0 
-114 527 504 0 
-264 97 -895 0 
774 -474 44 0 
-30 662 -695 0 
-823 -897 331 0 
-302 -205 880 0 
46 -997 -171 0 
518 686 -456 0 
511 192 -859 0 
791 -378 -307 0 
507 -379 380 0 
769 45 -274 0 
-334 -248 -565 0 
-129 594 283 0 
556 254 -552 0 
898 -433 814 0 
-965 -858 490 0 
534 935 -164 0 
-823 665 116 0 
-615 505 -623 0 
979 897 -295 0 
-546 177 337 0 
898 -888 38 0 
-371 -196 -848 0 
581 530 -551 0 
95 766 -17 0 
432 -470 369 0 
159 468 -344 0 
578 -77 552 0 
479 -312 188 0 
-96 165 -876 0 
567 831 575 0 
75 916 -630 0 
-147 838 616 0 
-639 -317 787 0 
-167 406 949 0 
275 460 -263 0 
530 -260 662 0 
404 -390 -927 0 
-44 588 170 0 
-708 948 926 0 
212 143 -740 0 
-469 681 776 0 
404 771 606 0 
-921 746 -414 0 
58 850 80 0 
307 325 479 0 
378 433 -73 0 
-187 787 545 0 
840 153 198 0 
853 602 -764 0 
-693 -972 703 0 
-837 839 -437 0 
41 -898 -756 0 
-304 94 -69 0 
-41 928 892 0 
-563 -543 265 0 
-694 -535 -952 0 
51 481 -669 0 
174 962 -502 0 
852 763 381 0 
-862 190 -283 0 
-939 -810 493 0 
-14 -712 664 0 
-845 949 505 0 
992 989 341 0 
620 -24 -427 0 
-918 -622 984 0 
-336 -253 225 0 
-789 -422 -194 0 
782 477 -800 0 
-465 -622 850 0 
484 -578 -247 0 
-112 982 110 0 
861 288 -880 0 
-840 -930 -311 0 
-295 -833 -959 0 
806 -608 240 0 
-514 -765 -293 0 
640 -249 -21 0 
133 625 25 0 
-386 919 -683 0 
-264 -493 -252 0 
-475 219 836 0 
-584 -780 -310 0 
641 -783 471 0 
570 -164 -679 0 
14 -306 673 0 
287 -717 376 0 
-355 -817 953 0 
276 -769 844 0 
-595 -536 499 0 
-564 -244 -355 0 
-113 469 863 0 
-164 -893 -133 0 
824 -431 440 0 
-128 -823 -181 0 
-544 521 83 0 
-712 -117 315 0 
341 -871 478 0 
764 298 682 0 
541 -890 -250 0 
-439 -465 453 0 
109 -779 771 0 
596 -47 -723 0 
80 -564 -623 0 
-891 646 448 0 
858 -642 -330 0 
291 303 714 0 
-81 977 727 0 
-446 891 948 0 
-318 593 63 0 
214 874 -797 0 
-360 895 -889 0 
-152 344 -51 0 
-725 -315 941 0 
266 -539 -406 0 
466 -291 -984 0 
-720 -559 91 0 
-916 925 351 0 
-27 -289 -373 0 
-512 -146 -965 0 
-266 -356 406 0 
-143 680 697 0 
422 71 -922 0 
-128 -718 -200 0 
878 -136 -485 0 
645 -503 877 0 
-720 -615 -619 0 
897 527 -146 0 
-797 800 944 0 
-306 -953 817 0 
116 -928 630 0 
-892 956 662 0 
-105 785 -373 0 
-527 -53 -205 0 
279 -205 -267 0 
780 -123 104 0 
-636 -546 -812 0 
370 -911 797 0 
-212 -805 747 0 
505 -333 902 0 
58 479 -925 0 
960 -675 -18 0 
-504 109 -788 0 
543 -772 -406 0 
-267 534 -810 0 
946 -59 276 0 
-216 711 -566 0 
572 771 -502 0 
445 505 -144 0 
303 -648 -505 0 
-840 610 -236 0 
140 -303 -112 0 
865 281 -433 0 
543 -259 -353 0 
700 -535 37 0 
-655 -291 -227 0 
695 829 579 0 
-605 -845 -618 0 
625 -564 -974 0 
-187 -681 482 0 
-614 -342 125 0 
-318 852 538 0 
-445 -554 -848 0 
-581 -162 -396 0 
135 108 -328 0 
54 -691 -658 0 
-405 78 -957 0 
830 -760 773 0 
-341 798 698 0 
904 -896 672 0 
365 88 190 0 
-611 993 451 0 
60 392 102 0 
-840 -888 -152 0 
-218 485 442 0 
-504 605 620 0 
-405 723 954 0 
852 -245 947 0 
937 -645 -53 0 
739 783 -900 0 
-995 658 743 0 
472 194 -56 0 
566 -831 -353 0 
620 800 69 0 
-349 46 -187 0 
-852 924 311 0 
526 -77 -376 0 
-554 428 -576 0 
-606 660 789 0 
-352 20 744 0 
-162 175 -273 0 
941 34 330 0 
-940 -747 -609 0 
-988 977 297 0 
-162 669 456 0 
-113 -801 131 0 
-229 294 -846 0 
588 950 234 0 
-493 736 -870 0 
27 202 -864 0 
-233 992 86 0 
986 -65 -562 0 
-664 735 -678 0 
564 199 -273 0 
-292 378 978 0 
-353 285 849 0 
-458 188 -34 0 
-352 612 -973 0 
956 -64 -957 0 
-208 512 -191 0 
838 -996 -80 0 
-200 32 -453 0 
961 772 606 0 
-239 -207 -689 0 
-618 -103 821 0 
-953 437 -184 0 
-482 236 417 0 
-809 -97 983 0 
-35 366 959 0 
10 -772 909 0 
-995 184 9 0 
-472 486 -541 0 
-90 407 -794 0 
713 -735 -833 0 
60 -813 743 0 
373 -535 -905 0 
-59 594 539 0 
858 -560 778 0 
575 -480 638 0 
-133 61 -670 0 
-270 1 720 0 
288 -691 -335 0 
584 374 -755 0 
500 -549 -876 0 
471 307 -52 0 
-797 127 76 0 
-937 -517 734 0 
-454 544 -258 0 
-790 -250 886 0 
552 -219 -515 0 
-908 210 -37 0 
993 395 102 0 
-292 377 -418 0 
236 80 584 0 
911 -463 975 0 
418 705 -306 0 
-928 691 348 0 
458 909 551 0 
621 851 -680 0 
681 219 -358 0 
505 -275 790 0 
-203 882 -790 0 
856 -126 653 0 
706 646 381 0 
-90 377 -565 0 
864 14 -251 0 
972 9 625 0 
-422 -791 -97 0 
-468 -507 810 0 
394 551 -127 0 
601 938 932 0 
595 789 420 0 
-368 205 -572 0 
929 -943 -124 0 
-950 -613 -718 0 
-264 -639 312 0 
-619 -744 270 0 
-957 685 50 0 
-608 104 -221 0 
-180 269 339 0 
-871 -265 224 0 
-766 409 -914 0 
-323 372 804 0 
390 -414 850 0 
-68 155 203 0 
-904 895 555 0 
157 654 -700 0 
268 -250 660 0 
-505 -232 554 0 
739 196 106 0 
-832 -960 273 0 
-58 572 -236 0 
899 747 -941 0 
-344 -63 472 0 
587 139 258 0 
61 409 -118 0 
-868 590 -783 0 
-635 -83 136 0 
-324 408 518 0 
-969 -802 677 0 
-21 274 -601 0 
440 598 -262 0 
-360 584 -335 0 
-341 -135 -686 0 
-646 186 506 0 
198 -348 -378 0 
-123 -228 310 0 
-515 797 -49 0 
-863 -505 174 0 
-103 323 -383 0 
-44 788 -793 0 
733 -558 -352 0 
619 -393 -141 0 
975 419 115 0 
682 907 442 0 
-677 -389 -225 0 
489 -619 773 0 
-457 405 -558 0 
-68 -385 -880 0 
116 105 114 0 
889 -326 371 0 
745 135 -481 0 
707 371 -676 0 
404 314 221 0 
-933 -536 657 0 
-92 -852 -72 0 
-591 -686 -706 0 
-298 -270 -22 0 
-759 33 162 0 
140 -867 801 0 
478 477 -606 0 
-871 -936 -832 0 
-883 292 676 0 
945 -954 -716 0 
-791 -225 819 0 
309 -769 190 0 
-404 -1000 -532 0 
878 -232 -758 0 
106 549 -456 0 
-343 -119 -296 0 
-629 -231 345 0 
-942 -142 -715 0 
-742 -361 161 0 
816 275 708 0 
-975 696 610 0 
229 693 554 0 
-463 -397 -166 0 
710 154 705 0 
883 934 973 0 
-448 -910 114 0 
759 861 -273 0 
-801 -912 473 0 
-9 -820 -3 0 
173 -534 -704 0 
-4 479 324 0 
-748 -134 341 0 
-835 -88 524 0 
513 12 -624 0 
620 902 180 0 
587 488 420 0 
-143 -356 168 0 
-804 -926 -889 0 
446 -286 331 0 
50 -164 412 0 
-690 888 235 0 
194 -709 -826 0 
440 -321 567 0 
-792 497 520 0 
702 -481 713 0 
185 97 423 0 
507 937 -619 0 
-756 -807 158 0 
684 -117 -699 0 
59 108 65 0 
-794 -1000 18 0 
318 27 559 0 
148 -700 -583 0 
623 -71 -665 0 
925 148 189 0 
-622 -376 804 0 
-493 472 707 0 
828 784 261 0 
401 498 550 0 
-351 -807 -443 0 
-383 668 -749 0 
-674 950 399 0 
-62 -248 658 0 
-176 -251 -595 0 
-345 514 -31 0 
86 -279 2 0 
-569 -616 -994 0 
874 -500 -278 0 
-156 -452 -198 0 
-812 506 36 0 
-794 -889 -165 0 
-191 63 617 0 
-622 -462 -869 0 
184 -23 245 0 
578 145 -255 0 
-342 -986 -322 0 
535 773 597 0 
953 -557 -487 0 
297 967 -962 0 
114 -616 -180 0 
185 519 729 0 
-905 -761 444 0 
-580 -768 638 0 
-638 -687 -475 0 
991 -445 567 0 
-139 570 -979 0 
-183 -967 711 0 
-250 322 493 0 
-471 -813 761 0 
519 -541 -932 0 
738 -757 -677 0 
912 982 79 0 
216 -276 -888 0 
-807 342 -167 0 
775 891 -739 0 
-922 -39 -137 0 
617 -770 -951 0 
194 -338 -723 0 
930 -668 71 0 
-572 810 864 0 
583 -56 -326 0 
393 -464 372 0 
565 306 -215 0 
338 -819 183 0 
332 503 -786 0 
-86 867 -565 0 
-655 -204 305 0 
660 779 688 0 
-474 354 -750 0 
-785 351 -670 0 
-706 935 -184 0 
308 -592 437 0 
679 303 -668 0 
175 572 103 0 
374 -84 902 0 
65 -981 340 0 
106 323 -871 0 
343 -239 920 0 
833 -201 297 0 
-951 909 -477 0 
-976 956 -211 0 
345 14 -600 0 
762 24 -863 0 
986 70 -946 0 
-202 612 -980 0 
-255 -152 957 0 
22 -262 643 0 
-679 958 -605 0 
595 243 -319 0 
519 102 -152 0 
331 -535 -588 0 
138 -359 -124 0 
-261 87 746 0 
380 335 211 0 
-388 -378 -372 0 
932 -849 856 0 
427 609 537 0 
-394 93 827 0 
975 -824 615 0 
283 212 256 0 
-300 939 -423 0 
-38 -977 903 0 
-508 -822 -408 0 
-764 -763 604 0 
-482 -126 -925 0 
517 -588 -783 0 
540 -629 -241 0 
264 -291 869 0 
-610 -971 -204 0 
703 -495 608 0 
-176 516 547 0 
568 518 245 0 
-775 514 406 0 
-323 329 -817 0 
644 342 134 0 
-541 870 335 0 
-83 815 670 0 
-714 576 887 0 
-478 -79 38 0 
599 -84 419 0 
767 518 -234 0 
-882 496 -814 0 
874 -724 366 0 
761 137 -923 0 
459 -97 -681 0 
-917 -717 968 0 
771 -145 -474 0 
-543 -910 -821 0 
142 -813 428 0 
-786 344 339 0 
-624 -682 215 0 
216 -891 498 0 
553 -710 205 0 
-713 -423 -975 0 
-984 654 -30 0 
628 184 545 0 
563 633 169 0 
-344 -802 -498 0 
-960 -930 -504 0 
-697 418 -92 0 
723 -137 464 0 
-447 -681 -354 0 
351 916 -454 0 
155 660 656 0 
-794 452 -530 0 
356 -567 -156 0 
-652 667 863 0 
-277 -345 930 0 
-396 248 -839 0 
-629 -329 -261 0 
338 210 29 0 
755 -958 855 0 
405 -595 272 0 
985 457 -845 0 
-536 -373 3 0 
998 -203 -592 0 
-473 993 55 0 
99 256 -696 0 
-547 782 758 0 
433 -769 -144 0 
-992 203 -214 0 
767 35 566 0 
-527 -121 547 0 
-207 -520 720 0 
-758 -593 -953 0 
46 349 473 0 
61 -497 974 0 
-260 -41 617 0 
280 -360 -587 0 
-151 131 763 0 
-935 647 482 0 
-850 891 46 0 
696 679 623 0 
-556 180 -551 0 
420 790 -158 0 
-625 325 -171 0 
-516 -392 235 0 
368 -770 141 0 
882 -444 -834 0 
555 -751 986 0 
531 571 989 0 
-558 796 -879 0 
687 -240 -642 0 
658 -597 590 0 
650 493 -966 0 
992 -102 212 0 
-293 886 -509 0 
-731 -803 -191 0 
-503 -244 -347 0 
897 830 965 0 
543 -619 -615 0 
120 -659 742 0 
-374 615 -184 0 
772 571 -641 0 
-554 -284 638 0 
-191 -179 267 0 
590 -319 161 0 
-848 -870 -977 0 
-477 16 22 0 
-632 -50 -385 0 
722 -34 493 0 
-657 933 161 0 
246 922 549 0 
-49 317 361 0 
-147 319 991 0 
-427 293 242 0 
-246 896 -940 0 
-172 -138 299 0 
-447 179 728 0 
751 793 -124 0 
-824 -166 -460 0 
326 930 61 0 
-185 -747 432 0 
549 -266 947 0 
801 -896 -393 0 
669 -777 -158 0 
312 171 410 0 
613 250 210 0 
258 -479 -712 0 
-486 -523 -558 0 
830 711 183 0 
-86 820 42 0 
-977 464 -984 0 
-491 -837 108 0 
995 658 907 0 
446 -135 980 0 
877 -76 39 0 
544 555 -476 0 
196 124 -284 0 
853 -947 301 0 
-725 690 -741 0 
-707 -307 -671 0 
-157 -559 268 0 
272 969 -703 0 
-681 -198 504 0 
-774 207 -95 0 
832 -719 -883 0 
-573 -356 636 0 
-882 -266 449 0 
-901 -657 573 0 
386 -799 788 0 
838 167 847 0 
-151 294 -242 0 
154 686 817 0 
891 -374 -194 0 
-441 -666 385 0 
101 914 164 0 
206 57 -161 0 
-559 433 -593 0 
-155 -106 -549 0 
-675 -535 304 0 
917 -616 416 0 
-655 99 367 0 
-217 -83 -690 0 
-271 773 205 0 
-579 681 483 0 
89 902 538 0 
153 129 -361 0 
-318 -240 -429 0 
-271 -784 -242 0 
-724 272 369 0 
360 165 921 0 
858 442 453 0 
-330 94 -969 0 
-401 98 839 0 
-965 822 645 0 
-724 40 -638 0 
-198 570 -809 0 
-172 77 531 0 
-792 581 400 0 
893 886 936 0 
483 -92 -673 0 
680 -532 862 0 
-109 43 -858 0 
117 133 -670 0 
506 -620 361 0 
559 284 -328 0 
-785 -182 759 0 
-996 467 471 0 
34 -572 224 0 
-998 -937 -701 0 
284 465 -671 0 
114 -554 182 0 
357 965 -352 0 
-428 791 131 0 
-487 762 31 0 
-972 -96 -515 0 
193 -282 -211 0 
-88 -281 -826 0 
-372 392 -352 0 
-142 -64 -903 0 
385 -560 74 0 
600 714 -896 0 
-798 -743 -372 0 
955 338 -465 0 
-755 -217 584 0 
483 -924 -559 0 
-153 649 -967 0 
-335 -475 324 0 
697 865 561 0 
911 239 -81 0 
442 -953 615 0 
-888 -399 -54 0 
-520 -74 126 0 
-831 572 390 0 
693 -988 -888 0 
-169 -506 -982 0 
999 -282 -73 0 
-888 512 -663 0 
322 -465 115 0 
-430 265 560 0 
-919 -429 957 0 
-551 -94 -820 0 
-324 -237 -629 0 
-574 375 500 0 
-519 -845 106 0 
-793 -501 -205 0 
762 -202 495 0 
326 -386 -223 0 
170 -574 759 0 
133 -879 48 0 
313 851 -790 0 
-805 813 -939 0 
-182 -792 123 0 
-890 714 -376 0 
-249 -421 -712 0 
-118 650 639 0 
963 -204 524 0 
286 -811 -805 0 
578 388 -185 0 
49 -58 315 0 
203 -720 47 0 
-828 750 -258 0 
-499 789 -831 0 
295 811 -344 0 
621 -19 -868 0 
922 116 642 0 
38 -698 -744 0 
582 948 799 0 
913 -111 -735 0 
-691 720 -326 0 
-594 -266 425 0 
331 798 -630 0 
429 -287 -910 0 
818 315 35 0 
862 -694 -843 0 
162 354 -819 0 
584 -753 313 0 
500 -257 -454 0 
-491 -836 285 0 
-843 -84 325 0 
-338 -773 -762 0 
445 -788 608 0 
316 771 -920 0 
-973 -126 -244 0 
-920 994 -525 0 
-771 -469 560 0 
471 -481 357 0 
-498 -591 326 0 
754 -589 115 0 
-660 -908 -983 0 
688 -580 -786 0 
-598 -211 -422 0 
631 -914 -815 0 
943 -680 -536 0 
-7 -268 887 0 
-653 -678 861 0 
674 -100 -465 0 
-688 512 -137 0 
-574 202 -965 0 
-227 980 708 0 
-884 -744 545 0 
879 603 957 0 
61 -7 165 0 
147 -907 -727 0 
-332 -264 -187 0 
481 95 -664 0 
-12 -783 126 0 
556 -459 -173 0 
471 -969 -576 0 
-958 922 -350 0 
-151 -211 -108 0 
-179 813 -741 0 
248 925 -552 0 
606 458 -487 0 
-355 559 761 0 
-175 603 833 0 
602 335 625 0 
804 -591 -323 0 
277 729 48 0 
-301 -679 -719 0 
-495 420 -451 0 
112 -831 -405 0 
204 894 -366 0 
-225 974 -482 0 
-932 375 775 0 
-245 -822 -857 0 
734 225 231 0 
380 -592 -447 0 
-392 -335 497 0 
-981 -213 -464 0 
322 -205 -72 0 
-692 256 -149 0 
-442 -947 -540 0 
203 198 331 0 
-79 -470 -644 0 
-843 875 567 0 
-583 245 454 0 
-452 487 118 0 
-332 -485 123 0 
-945 291 711 0 
365 -713 -529 0 
671 -338 54 0 
-139 -381 -271 0 
88 -569 -550 0 
308 636 -519 0 
-241 -260 520 0 
584 821 244 0 
404 995 -216 0 
49 -806 -56 0 
-480 509 90 0 
-146 -443 -980 0 
794 -492 -291 0 
-480 383 474 0 
-194 -801 -778 0 
505 -779 -842 0 
817 813 -345 0 
-566 590 214 0 
-979 -170 -558 0 
-686 739 271 0 
550 52 900 0 
-83 865 -379 0 
73 -585 -265 0 
574 -293 -485 0 
-625 991 591 0 
223 168 690 0 
465 -297 276 0 
-608 709 295 0 
441 -62 -454 0 
-787 -28 -921 0 
668 -411 -513 0 
908 809 259 0 
236 -403 -728 0 
819 480 100 0 
346 -181 -824 0 
553 97 200 0 
403 -215 -460 0 
-560 -670 -648 0 
470 -74 454 0 
-703 504 -841 0 
-858 -419 -397 0 
591 -450 -561 0 
235 42 942 0 
-502 31 -25 0 
-211 539 791 0 
-554 -400 -588 0 
-666 789 -191 0 
-324 -864 360 0 
840 -354 -847 0 
-225 -132 205 0 
-288 -439 -765 0 
947 295 -674 0 
-991 -365 -302 0 
-970 9 575 0 
-180 -322 -89 0 
479 333 -949 0 
24 -199 334 0 
213 119 -421 0 
-210 380 988 0 
939 778 511 0 
-301 -932 992 0 
657 454 910 0 
827 376 432 0 
671 71 -964 0 
-172 -852 -286 0 
-941 169 -771 0 
-426 976 -933 0 
892 68 373 0 
-943 -235 143 0 
545 -581 -671 0 
573 953 -41 0 
447 -88 130 0 
581 799 786 0 
125 632 -286 0 
-686 -186 -868 0 
-597 538 848 0 
-34 -490 -454 0 
923 323 -967 0 
-105 -757 963 0 
-116 585 -591 0 
458 -290 513 0 
-622 -875 985 0 
203 -92 -724 0 
190 478 -315 0 
-537 87 441 0 
-569 761 -911 0 
941 60 -720 0 
364 -667 212 0 
-803 -323 -764 0 
738 142 758 0 
138 -506 756 0 
206 197 -731 0 
-131 -837 99 0 
553 748 -287 0 
846 -640 -903 0 
-180 827 -12 0 
441 -174 187 0 
623 -456 358 0 
683 697 -160 0 
-95 -590 -876 0 
931 337 -413 0 
624 930 783 0 
-889 444 -962 0 
685 543 -362 0 
989 26 -586 0 
492 28 -751 0 
-179 -976 481 0 
115 -237 487 0 
344 857 -827 0 
96 124 -216 0 
537 -117 490 0 
227 -78 34 0 
620 106 -615 0 
-81 541 -7 0 
502 -612 824 0 
129 882 -765 0 
922 -109 -352 0 
848 -448 879 0 
-577 -565 987 0 
-907 -808 612 0 
-38 638 255 0 
-683 596 -260 0 
-540 -167 -994 0 
-62 646 373 0 
67 199 282 0 
-913 -348 752 0 
939 466 231 0 
427 369 -247 0 
779 118 734 0 
54 35 411 0 
-606 125 99 0 
208 -86 670 0 
-156 122 791 0 
-301 -945 174 0 
-575 -29 -613 0 
852 56 682 0 
-997 269 -61 0 
18 -588 -987 0 
859 915 914 0 
-101 625 326 0 
-34 406 335 0 
-317 -849 362 0 
558 -2 792 0 
212 755 -836 0 
492 -121 946 0 
11 -405 417 0 
-604 -944 -637 0 
-156 -453 -174 0 
-580 -423 420 0 
-949 991 10 0 
568 -396 -597 0 
156 -226 787 0 
922 886 938 0 
-802 -543 -238 0 
754 825 -477 0 
421 -293 -105 0 
-423 987 -853 0 
697 -301 246 0 
189 -390 98 0 
-513 133 -930 0 
364 427 280 0 
-108 280 -593 0 
-932 991 57 0 
-989 -442 -843 0 
-797 -28 -381 0 
-202 3 743 0 
572 732 165 0 
-825 109 -663 0 
995 450 91 0 
-977 -126 100 0 
-312 176 -315 0 
366 41 159 0 
7 929 386 0 
208 -655 -646 0 
45 -779 222 0 
-127 456 959 0 
197 618 -464 0 
-518 485 655 0 
-500 -687 -619 0 
-798 -972 -191 0 
139 -797 -556 0 
263 97 -79 0 
21 52 953 0 
-703 223 230 0 
229 493 -890 0 
-470 152 -232 0 
-148 146 237 0 
-24 -854 -863 0 
-462 -27 -998 0 
360 -295 -171 0 
738 252 690 0 
-800 -157 -747 0 
386 -758 340 0 
975 983 -653 0 
922 521 -325 0 
752 688 633 0 
961 -123 -511 0 
-376 284 -800 0 
137 997 958 0 
352 -466 38 0 
-580 453 -929 0 
708 -41 69 0 
-594 -40 459 0 
-696 -504 -721 0 
7 528 744 0 
-94 -199 -292 0 
-220 -779 -19 0 
536 -577 -432 0 
790 474 960 0 
972 7 -964 0 
-219 314 -49 0 
-115 220 -624 0 
-60 -381 358 0 
-144 -815 238 0 
819 445 110 0 
-574 -511 -182 0 
-305 -609 -649 0 
-481 -443 395 0 
-203 -355 -960 0 
-225 446 203 0 
-715 -733 -469 0 
-490 810 -325 0 
916 140 941 0 
-486 -636 -169 0 
-772 -863 750 0 
-998 971 -596 0 
-790 589 -498 0 
-506 346 867 0 
764 282 138 0 
636 484 -803 0 
848 442 95 0 
831 -194 902 0 
19 746 780 0 
-41 -728 689 0 
562 837 94 0 
-354 412 66 0 
-278 627 -939 0 
181 -844 903 0 
-298 -753 -995 0 
458 -684 513 0 
166 850 864 0 
-167 -528 951 0 
-481 -122 -465 0 
991 675 -539 0 
36 493 78 0 
505 -118 375 0 
-939 800 459 0 
-37 -547 178 0 
-9 928 -953 0 
284 611 530 0 
-15 561 830 0 
93 -849 -292 0 
446 167 171 0 
82 -316 -66 0 
-76 -231 341 0 
911 942 -452 0 
410 -785 -313 0 
-390 -949 876 0 
-25 -234 -764 0 
-304 161 795 0 
-140 453 317 0 
635 -206 -447 0 
-796 -11 587 0 
907 -865 993 0 
-592 924 -669 0 
356 951 -708 0 
-277 -624 -695 0 
-382 124 -410 0 
-738 -390 -185 0 
-135 243 436 0 
-849 -732 782 0 
-669 2 340 0 
-844 955 -158 0 
982 -732 9 0 
102 -789 -825 0 
346 59 884 0 
-446 -988 -700 0 
863 -911 68 0 
-166 849 326 0 
-353 -426 -937 0 
-671 -102 120 0 
-104 472 232 0 
-790 509 74 0 
530 -950 -734 0 
61 -631 -304 0 
824 651 -811 0 
-750 -404 611 0 
799 852 -250 0 
-253 324 866 0 
100 -235 -348 0 
745 -757 -562 0 
-860 31 162 0 
-205 93 749 0 
725 -315 -843 0 
513 373 567 0 
-572 937 792 0 
-513 -928 -995 0 
723 780 -288 0 
340 266 -479 0 
549 -513 149 0 
63 -367 570 0 
65 893 13 0 
96 -228 -859 0 
-660 -514 -426 0 
758 17 -248 0 
-938 -729 744 0 
-917 -57 417 0 
976 905 -760 0 
-126 659 -293 0 
107 442 780 0 
-496 371 -780 0 
-476 -329 -910 0 
686 245 705 0 
-327 -607 -222 0 
663 -402 547 0 
-238 193 -586 0 
7 -354 36 0 
-559 46 -633 0 
266 512 -622 0 
-310 776 520 0 
-353 -79 411 0 
-864 987 -880 0 
827 704 -440 0 
467 -229 845 0 
605 -643 744 0 
784 762 -791 0 
-637 685 -140 0 
-605 -245 -635 0 
-951 249 -38 0 
148 726 -272 0 
973 319 -338 0 
-403 886 749 0 
-667 -163 -475 0 
-48 937 9 0 
577 867 -731 0 
390 879 551 0 
403 -343 -999 0 
97 -375 -174 0 
-153 216 566 0 
-166 618 424 0 
629 602 -572 0 
-274 86 -511 0 
-919 496 -374 0 
115 -577 -851 0 
-924 -645 -944 0 
-1000 644 570 0 
-349 -431 -659 0 
627 -574 591 0 
-746 399 -636 0 
73 -441 902 0 
297 288 999 0 
-760 -443 991 0 
214 -629 -793 0 
-3 16 -110 0 
-666 954 -485 0 
-741 795 823 0 
-655 -371 -177 0 
18 -908 420 0 
534 366 -516 0 
-983 321 130 0 
287 855 723 0 
-813 -439 127 0 
-534 -372 286 0 
363 -830 -278 0 
-292 40 570 0 
716 -510 959 0 
-416 -931 802 0 
939 -823 512 0 
909 -725 613 0 
730 626 -685 0 
-902 5 -645 0 
-642 -474 971 0 
-909 210 649 0 
659 948 -994 0 
-216 -660 -241 0 
253 923 735 0 
654 810 -530 0 
-892 336 -300 0 
-640 38 115 0 
-474 940 -356 0 
40 419 -134 0 
-917 243 -3 0 
300 331 149 0 
644 198 631 0 
-990 -377 949 0 
-121 828 -494 0 
-755 611 929 0 
-883 -895 678 0 
16 -694 202 0 
-314 -681 -946 0 
-861 632 642 0 
351 691 -716 0 
439 -658 -273 0 
981 -843 283 0 
-387 -110 877 0 
321 188 135 0 
740 684 785 0 
586 -46 -470 0 
383 621 -318 0 
846 -91 894 0 
-411 -557 -538 0 
-284 -362 866 0 
185 -351 -19 0 
631 981 639 0 
-544 536 769 0 
-871 -515 511 0 
-380 -205 66 0 
-736 308 437 0 
247 306 57 0 
191 327 -884 0 
26 -769 -237 0 
819 -537 807 0 
861 -547 -269 0 
694 168 -562 0 
436 400 142 0 
-883 -282 -106 0 
-552 354 790 0 
-615 202 950 0 
192 814 -728 0 
-680 -609 167 0 
-527 857 -799 0 
821 -229 897 0 
623 646 63 0 
694 -260 -471 0 
-169 -263 166 0 
82 -560 619 0 
-441 849 -338 0 
436 -272 438 0 
-658 100 497 0 
-150 917 831 0 
714 -160 188 0 
-551 -4 791 0 
-680 162 -81 0 
-296 -19 862 0 
-368 919 624 0 
72 43 -273 0 
-440 -452 -837 0 
492 -621 105 0 
418 8 632 0 
319 349 -562 0 
-720 -576 1000 0 
-938 -352 730 0 
795 310 892 0 
568 147 -504 0 
-998 -180 891 0 
-6 422 -850 0 
230 -864 998 0 
-688 13 -567 0 
407 797 -504 0 
87 396 598 0 
550 -738 639 0 
639 833 297 0 
-725 -607 -188 0 
475 -585 -889 0 
45 -277 6 0 
-108 1 -632 0 
732 -446 380 0 
643 734 763 0 
-723 -552 371 0 
-456 -48 306 0 
858 676 804 0 
-445 947 -190 0 
622 742 437 0 
782 -572 -769 0 
-196 -632 -218 0 
931 -871 -522 0 
-522 943 780 0 
868 -579 481 0 
-467 -961 -867 0 
-397 -189 -233 0 
-662 -899 -437 0 
44 787 752 0 
-984 -297 282 0 
-398 701 -792 0 
636 547 857 0 
-215 82 -773 0 
883 -420 282 0 
453 -151 -907 0 
-719 293 777 0 
351 -61 -229 0 
320 568 504 0 
388 -443 525 0 
9 -990 -704 0 
138 265 488 0 
437 -514 213 0 
760 -909 -786 0 
-818 -691 -363 0 
-73 141 282 0 
780 -702 635 0 
857 628 -826 0 
-976 -885 -160 0 
-744 49 -505 0 
-78 -479 757 0 
923 -265 -457 0 
42 496 606 0 
295 576 -625 0 
680 -545 646 0 
835 -15 -551 0 
-737 -573 -269 0 
-581 867 -342 0 
610 171 -740 0 
845 -712 -902 0 
-654 -819 677 0 
106 -140 896 0 
-613 -892 -719 0 
82 534 168 0 
-446 231 -169 0 
-242 935 -291 0 
-485 -353 -896 0 
696 -446 298 0 
-732 -514 -10 0 
559 -866 -271 0 
635 21 837 0 
-868 -949 -793 0 
-351 -418 438 0 
544 787 77 0 
-620 -921 62 0 
426 460 -562 0 
-969 32 769 0 
-111 408 113 0 
-489 -15 384 0 
887 -788 -731 0 
534 -604 999 0 
561 -480 -803 0 
332 188 -658 0 
-398 624 -309 0 
221 -247 -751 0 
506 -203 694 0 
-867 892 -221 0 
-172 3 665 0 
-352 902 -860 0 
178 30 -606 0 
584 -505 -112 0 
556 267 -479 0 
460 -962 -923 0 
270 -658 112 0 
-722 -708 832 0 
-668 -272 -673 0 
40 950 99 0 
-452 -348 584 0 
-794 815 281 0 
-882 503 -877 0 
4 654 679 0 
747 87 726 0 
-25 298 220 0 
-829 97 509 0 
699 296 -967 0 
-626 291 -679 0 
284 -700 519 0 
-90 942 54 0 
786 -533 -624 0 
420 -60 -709 0 
843 -988 -423 0 
305 -537 948 0 
962 -484 36 0 
177 -132 350 0 
-661 827 -363 0 
475 570 168 0 
-740 911 816 0 
539 -740 934 0 
-506 -391 305 0 
-478 -799 -683 0 
168 -232 98 0 
719 -883 -293 0 
423 317 -433 0 
976 710 -890 0 
172 876 470 0 
677 -411 252 0 
680 -738 -494 0 
533 644 -955 0 
-806 34 -94 0 
-834 67 30 0 
736 -25 -400 0 
28 -551 -206 0 
678 -316 -781 0 
605 552 710 0 
-624 683 -31 0 
-687 -184 509 0 
203 -696 449 0 
400 721 -688 0 
-190 -687 754 0 
-719 -426 847 0 
-826 -315 829 0 
151 -914 604 0 
-467 386 -413 0 
-921 507 -568 0 
-493 157 947 0 
-875 28 55 0 
-685 71 -485 0 
266 -989 297 0 
94 734 -993 0 
393 -332 -814 0 
-481 303 741 0 
575 488 -195 0 
-702 288 -246 0 
576 955 372 0 
229 496 73 0 
-216 797 -35 0 
-825 -708 -588 0 
679 -7 -886 0 
-559 385 980 0 
-538 -296 881 0 
-921 -704 276 0 
389 236 488 0 
-933 60 -6 0 
-162 785 653 0 
416 785 -340 0 
-893 299 -698 0 
-418 -51 -169 0 
-261 745 -555 0 
1 -795 582 0 
313 -940 -342 0 
29 349 219 0 
-554 435 -149 0 
774 -62 462 0 
-360 633 651 0 
-832 115 538 0 
657 736 -986 0 
542 -81 -587 0 
-96 -929 -528 0 
-117 -461 479 0 
-484 732 168 0 
-790 230 239 0 
411 -814 -113 0 
-265 568 -836 0 
94 -676 107 0 
2 -156 -634 0 
-420 -250 -15 0 
444 90 407 0 
958 -607 -452 0 
-44 -583 -449 0 
154 -931 742 0 
45 461 -921 0 
-137 823 594 0 
-546 7 901 0 
-172 -547 -488 0 
856 -92 721 0 
-881 -184 -688 0 
-709 -367 549 0 
454 -553 769 0 
483 -542 159 0 
-655 896 710 0 
-759 -494 -464 0 
592 560 -265 0 
-216 -106 -768 0 
381 -282 -453 0 
-550 491 796 0 
-152 -915 -266 0 
374 -718 574 0 
-404 708 -985 0 
-978 408 -405 0 
109 -851 247 0 
-747 708 -437 0 
668 192 461 0 
850 894 77 0 
132 959 -116 0 
-132 -684 -578 0 
-349 783 685 0 
-25 -463 498 0 
754 301 -915 0 
242 -61 31 0 
-794 -502 -392 0 
-321 -299 -794 0 
341 275 -390 0 
618 -536 995 0 
-266 -518 399 0 
-559 -527 69 0 
242 -86 -958 0 
301 980 -127 0 
-366 62 47 0 
97 -767 287 0 
-734 937 343 0 
889 -399 -763 0 
305 115 527 0 
421 -888 357 0 
903 -478 91 0 
-852 -314 766 0 
173 642 -85 0 
-141 -541 26 0 
117 69 925 0 
-387 752 417 0 
-684 551 -209 0 
-893 -864 -474 0 
936 189 437 0 
234 672 779 0 
-108 815 -566 0 
971 743 -725 0 
491 -522 281 0 
973 869 -420 0 
401 766 425 0 
-679 198 929 0 
-136 -914 -295 0 
-703 865 212 0 
-889 -584 750 0 
923 -756 -524 0 
-2 850 989 0 
932 461 630 0 
-351 -332 738 0 
-309 249 891 0 
-999 929 882 0 
-445 334 -99 0 
-144 -490 -308 0 
33 274 -752 0 
-44 -890 551 0 
-247 -334 -951 0 
-798 704 409 0 
570 924 -709 0 
173 -947 163 0 
70 314 966 0 
543 801 -245 0 
-639 97 238 0 
417 904 778 0 
585 -742 -462 0 
-247 944 -94 0 
-249 -292 434 0 
527 722 666 0 
-297 -418 -691 0 
934 524 -612 0 
960 -938 -14 0 
661 625 -835 0 
-422 -982 -672 0 
-919 -520 500 0 
-919 860 60 0 
900 -226 -6 0 
-704 -360 -591 0 
-353 -380 -934 0 
809 480 -652 0 
-585 764 -519 0 
593 771 -757 0 
126 -771 -691 0 
303 893 74 0 
611 382 -877 0 
-56 -622 970 0 
-15 -516 674 0 
-224 866 -914 0 
623 -989 -33 0 
788 -497 564 0 
-410 -261 53 0 
636 205 -96 0 
859 903 -163 0 
-100 -366 205 0 
-551 -521 -184 0 
737 790 761 0 
-934 -700 -113 0 
-663 -272 -427 0 
377 594 -80 0 
-433 578 868 0 
160 -464 -607 0 
-131 -896 982 0 
320 -99 -863 0 
-155 814 452 0 
-40 52 -98 0 
777 73 -470 0 
152 -257 -540 0 
-290 980 901 0 
169 -791 -550 0 
-792 -585 368 0 
514 259 936 0 
-788 116 483 0 
-984 -537 -288 0 
-358 -17 130 0 
-768 21 -557 0 
-888 -942 -297 0 
985 -109 883 0 
229 977 -904 0 
620 -755 -700 0 
873 989 -760 0 
51 367 -295 0 
183 -45 -265 0 
-265 309 837 0 
-402 475 -702 0 
151 -229 -536 0 
607 -835 234 0 
982 462 -179 0 
350 -880 -949 0 
384 275 448 0 
-436 -739 -324 0 
-29 -983 -701 0 
391 -334 -372 0 
577 858 121 0 
21 456 -866 0 
-29 489 738 0 
293 -35 328 0 
527 392 85 0 
486 -249 589 0 
-586 -779 -373 0 
89 401 818 0 
-299 961 480 0 
-146 -56 -609 0 
-185 -439 -780 0 
947 405 -858 0 
344 536 -769 0 
-179 81 717 0 
-928 -245 398 0 
-583 -882 -109 0 
-710 -576 865 0 
98 750 -180 0 
840 337 -980 0 
592 671 -214 0 
-170 -771 -859 0 
855 394 597 0 
-321 -54 615 0 
-423 -193 -703 0 
-429 -994 226 0 
643 -552 -245 0 
445 198 576 0 
-367 363 174 0 
329 -648 -192 0 
223 -116 370 0 
259 325 -669 0 
699 -572 -777 0 
896 -747 536 0 
-97 -249 -303 0 
862 468 -134 0 
30 907 200 0 
-784 792 79 0 
857 -384 -111 0 
-798 -950 -191 0 
-995 -159 -589 0 
766 -863 782 0 
48 -707 -239 0 
878 623 905 0 
-268 -926 -248 0 
700 146 -249 0 
-987 -360 -93 0 
-475 842 -288 0 
912 455 -969 0 
773 958 -835 0 
501 -627 138 0 
172 -438 -868 0 
-367 -677 -657 0 
-354 -67 231 0 
-869 -143 963 0 
-20 -267 49 0 
-828 796 -785 0 
-950 51 747 0 
266 -189 501 0 
6 836 500 0 
-209 -362 -89 0 
-428 811 658 0 
721 -504 -321 0 
-569 55 -780 0 
-445 323 480 0 
-952 707 123 0 
314 -140 -782 0 
739 -663 -25 0 
483 635 130 0 
-669 717 -567 0 
-167 -705 -159 0 
929 -364 189 0 
382 -290 910 0 
913 -191 -723 0 
-228 681 873 0 
289 -192 593 0 
-327 601 -235 0 
767 856 -86 0 
387 -825 -357 0 
-486 295 -131 0 
67 583 -83 0 
-328 369 -430 0 
-397 -10 520 0 
-318 213 -94 0 
-461 -791 901 0 
581 -245 -60 0 
-997 473 267 0 
272 -569 -62 0 
212 -140 867 0 
-645 -886 311 0 
-531 436 433 0 
-218 126 -60 0 
955 -81 -75 0 
-544 -318 141 0 
191 712 667 0 
353 154 992 0 
-317 -567 320 0 
-852 -376 -946 0 
-899 -673 -769 0 
-795 459 91 0 
311 619 333 0 
-980 325 -544 0 
432 -808 -850 0 
-275 -325 -176 0 
735 -331 -123 0 
992 83 717 0 
-615 -916 -800 0 
-663 -670 -432 0 
-472 227 -574 0 
-834 -212 403 0 
805 -148 -415 0 
227 72 853 0 
-45 588 -338 0 
-134 -914 906 0 
166 -756 -504 0 
-371 -474 135 0 
-194 881 544 0 
-624 136 -407 0 
830 137 -488 0 
-175 -970 338 0 
675 -241 -919 0 
828 788 719 0 
-246 -564 75 0 
-667 -828 -168 0 
677 -981 7 0 
769 429 910 0 
297 -171 445 0 
228 -375 508 0 
894 -278 934 0 
181 415 955 0 
747 674 452 0 
-174 362 958 0 
-67 949 -253 0 
-585 -774 898 0 
346 195 812 0 
-424 -36 700 0 
-996 -506 -991 0 
68 465 518 0 
664 -944 467 0 
-561 -432 -331 0 
976 283 -108 0 
-551 74 -496 0 
-843 -817 -530 0 
853 -230 756 0 
-529 -309 -361 0 
49 54 -241 0 
445 -35 903 0 
-678 -419 -383 0 
-14 122 -872 0 
580 -544 -563 0 
-97 567 735 0 
-794 -96 -567 0 
726 701 907 0 
414 322 -338 0 
865 83 9 0 
840 -512 -37 0 
426 -851 -31 0 
-128 -880 -628 0 
-463 928 -213 0 
482 357 832 0 
585 599 -551 0 
500 -392 -883 0 
-784 -363 -494 0 
-344 -889 358 0 
499 504 -304 0 
-885 -703 -518 0 
917 -549 617 0 
934 196 320 0 
842 234 -253 0 
-265 -3 -629 0 
150 -952 739 0 
-679 359 -935 0 
-608 439 428 0 
-601 522 -955 0 
-301 -295 524 0 
866 -231 107 0 
915 519 -937 0 
-723 -780 431 0 
-841 508 -648 0 
771 308 71 0 
-153 -977 -776 0 
-885 640 586 0 
991 -731 -184 0 
-875 -448 -234 0 
259 -29 567 0 
903 330 -669 0 
725 525 528 0 
-301 -976 -944 0 
-757 157 131 0 
-911 -710 397 0 
-672 147 279 0 
-290 -454 11 0 
-915 -987 648 0 
65 -759 475 0 
-918 395 -853 0 
608 -488 -807 0 
-847 -225 752 0 
-260 203 -872 0 
995 -45 207 0 
-750 580 508 0 
172 -683 -148 0 
-909 188 491 0 
-989 569 -324 0 
-168 -828 900 0 
-247 371 -36 0 
-918 99 -555 0 
-204 -665 644 0 
660 -106 13 0 
230 -786 4 0 
-430 833 -989 0 
-206 -123 765 0 
-787 -401 -713 0 
-552 395 707 0 
-394 283 844 0 
-392 -191 -669 0 
320 393 -328 0 
539 -71 845 0 
-820 -58 96 0 
-807 169 964 0 
-319 221 -399 0 
253 788 89 0 
-566 538 -511 0 
20 -695 -14 0 
713 -630 -9 0 
187 65 -250 0 
895 -858 981 0 
-410 760 699 0 
792 353 801 0 
948 -146 -14 0 
4 -613 -869 0 
59 642 339 0 
-36 10 -817 0 
-474 342 -916 0 
994 366 494 0 
300 -620 655 0 
589 -485 -249 0 
592 -503 -350 0 
-870 -811 677 0 
780 -934 45 0 
-464 463 -102 0 
-738 605 -495 0 
-126 919 -85 0 
467 -529 -637 0 
-996 810 -180 0 
-27 -65 -943 0 
-174 -528 47 0 
473 -657 -684 0 
-470 789 -196 0 
190 104 226 0 
-28 -991 365 0 
-326 773 -842 0 
-840 299 -941 0 
-691 64 -878 0 
496 71 155 0 
594 -281 -969 0 
-272 -427 -991 0 
-310 117 -438 0 
493 417 67 0 
-230 175 172 0 
768 -701 -589 0 
-918 969 -418 0 
174 -343 998 0 
-906 -36 -749 0 
-336 956 -500 0 
837 -147 259 0 
18 720 -886 0 
-142 -838 -695 0 
106 -40 -609 0 
336 -915 -445 0 
260 126 127 0 
-30 409 950 0 
437 -145 -800 0 
618 -954 374 0 
-239 -851 463 0 
-828 -298 128 0 
322 99 363 0 
40 -822 -137 0 
1 -975 276 0 
478 -615 860 0 
-295 261 -381 0 
-589 -85 133 0 
-87 853 -728 0 
615 206 -180 0 
-920 871 196 0 
117 305 962 0 
-38 -325 -970 0 
565 677 506 0 
-321 -160 -394 0 
200 -896 -832 0 
887 946 -854 0 
627 -392 611 0 
-295 -240 -886 0 
649 804 -537 0 
-908 -665 611 0 
95 101 -94 0 
535 -110 -685 0 
693 -966 696 0 
451 -440 -162 0 
-434 -691 253 0 
-609 -371 545 0 
-370 -912 620 0 
-697 -40 -99 0 
877 -57 -140 0 
-238 -47 -255 0 
406 -419 -981 0 
-25 -431 -191 0 
-775 -738 -61 0 
932 380 381 0 
528 504 998 0 
-715 -173 267 0 
354 -717 110 0 
689 857 455 0 
-87 -986 -602 0 
-368 -163 -527 0 
-182 838 193 0 
-472 584 379 0 
-914 259 499 0 
-851 -454 -952 0 
51 353 231 0 
671 460 420 0 
-84 -471 323 0 
584 326 562 0 
947 -307 -657 0 
477 -286 991 0 
-831 509 417 0 
-627 -151 514 0 
426 -866 -274 0 
-574 528 385 0 
561 -9 -710 0 
-600 138 47 0 
-353 -317 983 0 
918 392 772 0 
521 -98 -514 0 
-356 -354 136 0 
-740 -578 -148 0 
258 -570 724 0 
337 459 -435 0 
-398 207 -337 0 
698 334 -679 0 
-399 4 -518 0 
-539 -657 -318 0 
441 -294 35 0 
533 304 -215 0 
467 713 809 0 
-217 -569 -787 0 
682 944 113 0 
-358 207 -400 0 
815 436 629 0 
666 -485 -614 0 
505 883 493 0 
800 212 -940 0 
-143 -828 -73 0 
-32 424 -729 0 
-834 -168 230 0 
825 -42 -148 0 
448 -385 -985 0 
-508 -961 715 0 
-474 752 -490 0 
-126 544 -467 0 
85 688 387 0 
-867 -388 419 0 
-890 640 74 0 
-723 214 437 0 
-310 913 624 0 
129 -103 -383 0 
-948 -242 618 0 
-205 408 -491 0 
-415 -202 342 0 
-838 384 94 0 
575 145 -702 0 
322 73 379 0 
265 85 190 0 
6 -373 892 0 
-644 -377 -162 0 
254 68 -596 0 
456 156 29 0 
-944 877 745 0 
869 -322 320 0 
-789 562 -680 0 
-138 -281 -322 0 
-927 757 824 0 
565 264 -672 0 
718 793 672 0 
83 -134 -812 0 
-675 280 128 0 
406 83 338 0 
-798 -54 -964 0 
457 843 513 0 
-673 182 973 0 
56 -905 761 0 
17 95 312 0 
-527 732 -872 0 
366 -129 284 0 
-148 -310 -269 0 
-564 502 7 0 
-220 936 -578 0 
-399 -55 -886 0 
-507 -400 -775 0 
-397 -873 323 0 
-196 861 -753 0 
-371 352 220 0 
246 -16 -24 0 
421 225 775 0 
-228 -359 67 0 
730 -25 622 0 
16 -14 586 0 
533 -707 737 0 
302 239 517 0 
-210 -570 140 0 
531 928 445 0 
701 750 -343 0 
-721 868 349 0 
-844 732 -807 0 
147 90 -121 0 
187 -867 -420 0 
524 359 504 0 
-709 -866 923 0 
-244 -152 692 0 
105 -933 517 0 
-919 -840 20 0 
775 -725 -808 0 
507 362 342 0 
348 -500 580 0 
738 509 -690 0 
796 -554 -340 0 
-750 962 -594 0 
-524 -978 -91 0 
913 -191 167 0 
-778 -647 -718 0 
-339 -276 -181 0 
297 603 278 0 
-53 -529 932 0 
997 652 174 0 
27 -466 -75 0 
119 -356 560 0 
-829 -8 711 0 
982 -804 -411 0 
785 937 -661 0 
901 -573 -398 0 
-268 456 -557 0 
204 -156 -849 0 
-774 -137 -136 0 
-65 -711 556 0 
608 -17 -458 0 
494 -378 358 0 
811 -394 124 0 
-425 -1000 -821 0 
-952 990 -837 0 
599 -532 -768 0 
337 -519 230 0 
777 949 -889 0 
910 -524 -893 0 
768 137 -54 0 
328 -881 -887 0 
26 367 -497 0 
-859 205 242 0 
171 -933 418 0 
-196 591 239 0 
-824 -386 666 0 
-889 192 156 0 
152 -721 -46 0 
517 -274 -598 0 
880 -58 481 0 
324 -316 94 0 
-729 -463 691 0 
-716 519 489 0 
-902 127 -113 0 
-118 -678 867 0 
259 -130 -743 0 
-725 -1000 -100 0 
-434 47 458 0 
331 677 910 0 
-854 308 464 0 
636 46 -600 0 
-389 226 -455 0 
458 -186 -779 0 
-739 122 219 0 
-469 701 -205 0 
-860 356 691 0 
676 545 -956 0 
-684 -925 -914 0 
881 770 -600 0 
-349 458 -152 0 
-19 -283 835 0 
647 875 -486 0 
881 51 -709 0 
225 -773 -982 0 
695 64 448 0 
744 -533 356 0 
-220 472 628 0 
-302 317 362 0 
554 -744 -709 0 
785 -494 417 0 
825 509 -417 0 
-317 -936 319 0 
807 740 -573 0 
-274 -519 522 0 
-924 585 -416 0 
230 -34 12 0 
-239 262 750 0 
-330 488 313 0 
-922 371 -345 0 
651 352 -982 0 
108 -398 587 0 
-652 606 61 0 
679 -364 -519 0 
553 523 490 0 
685 552 986 0 
413 97 619 0 
597 -211 -255 0 
546 308 -725 0 
-353 -487 806 0 
-7 -533 665 0 
452 900 -85 0 
-597 568 -786 0 
-335 -562 -38 0 
745 -652 -941 0 
326 745 -125 0 
-843 201 518 0 
202 892 533 0 
-273 -836 886 0 
626 -367 875 0 
-660 943 65 0 
-522 305 -185 0 
-133 955 668 0 
-367 -266 -980 0 
344 489 1 0 
954 423 296 0 
-578 -889 -684 0 
87 125 521 0 
-488 -75 549 0 
-446 -578 -415 0 
321 -755 -693 0 
246 -533 -956 0 
-603 369 -949 0 
-124 -219 -250 0 
997 423 598 0 
-563 943 -660 0 
-813 -713 -79 0 
-386 618 210 0 
70 -430 -450 0 
-945 -151 453 0 
-8 -743 287 0 
-860 478 -67 0 
577 431 505 0 
-319 809 559 0 
-597 -900 797 0 
-195 -461 577 0 
301 -641 851 0 
9 -63 -124 0 
-855 -832 -314 0 
389 -791 -460 0 
-959 341 -90 0 
338 872 785 0 
84 338 34 0 
-246 279 -953 0 
-699 -432 490 0 
917 -438 -365 0 
-211 418 -396 0 
-985 -87 736 0 
827 869 263 0 
899 464 -1 0 
-580 -766 -844 0 
233 938 -268 0 
-175 -407 672 0 
52 774 -49 0 
673 -858 204 0 
745 -29 501 0 
338 -80 297 0 
735 578 -903 0 
660 -115 -11 0 
-796 41 -806 0 
-101 -743 -427 0 
-563 233 781 0 
-583 142 -986 0 
-727 -847 134 0 
-723 -173 -503 0 
-904 -58 772 0 
759 -46 -461 0 
734 -988 -372 0 
-101 60 142 0 
776 102 -200 0 
879 118 -956 0 
-14 385 509 0 
-807 -26 278 0 
-583 -607 258 0 
570 636 527 0 
-430 -166 252 0 
-75 -496 855 0 
-996 365 -461 0 
-358 642 -728 0 
784 -552 -507 0 
344 196 697 0 
-149 -128 -898 0 
287 -725 -298 0 
-424 116 -255 0 
635 -413 384 0 
970 -875 -876 0 
880 752 613 0 
-622 281 -290 0 
-282 -64 795 0 
192 -197 -377 0 
-1 -52 759 0 
-679 -112 -457 0 
-751 -797 530 0 
-452 -540 140 0 
204 112 632 0 
919 520 -246 0 
884 -876 -985 0 
635 928 127 0 
-193 -294 -64 0 
116 582 476 0 
-105 -937 -6 0 
-677 280 -244 0 
283 -838 -84 0 
843 -681 -315 0 
897 -966 918 0 
-689 -176 857 0 
-978 -945 538 0 
13 -505 -453 0 
-609 -120 -791 0 
569 610 385 0 
972 -786 -272 0 
-966 486 -997 0 
284 16 -231 0 
35 246 -259 0 
368 -343 -796 0 
433 226 636 0 
-605 669 791 0 
23 648 -605 0 
96 -254 503 0 
432 520 209 0 
-577 -477 263 0 
-977 -658 187 0 
-458 430 335 0 
-25 -145 477 0 
-408 -421 -128 0 
-759 794 -864 0 
-963 -722 -165 0 
-845 265 -159 0 
-593 -628 133 0 
581 -425 -363 0 
325 -951 820 0 
586 150 -238 0 
694 453 677 0 
924 -922 31 0 
974 820 -823 0 
-729 -122 -23 0 
-539 599 655 0 
70 -694 -725 0 
-613 -860 -167 0 
-412 -213 -230 0 
-522 735 -861 0 
-734 550 432 0 
-451 380 -875 0 
413 -596 -544 0 
532 538 -982 0 
654 -837 -702 0 
-583 409 789 0 
637 -782 319 0 
-897 -488 -909 0 
-679 -553 -714 0 
321 -474 -121 0 
-322 401 -176 0 
524 156 -449 0 
736 227 -943 0 
940 510 85 0 
227 -538 -313 0 
724 -874 -743 0 
650 576 -929 0 
627 473 62 0 
-924 -306 996 0 
-228 629 -330 0 
843 -221 -807 0 
950 281 -34 0 
-992 -678 -602 0 
78 334 -187 0 
-181 -748 -840 0 
-796 758 801 0 
-40 767 -893 0 
-31 338 -704 0 
-306 506 -496 0 
222 787 -848 0 
-222 -676 -871 0 
174 -799 571 0 
390 -59 -594 0 
-158 157 354 0 
514 -190 213 0 
908 -188 -34 0 
-862 -332 -315 0 
971 260 389 0 
-541 706 829 0 
811 -165 -518 0 
985 825 -428 0 
-519 -306 -662 0 
995 -713 608 0 
957 377 -866 0 
-234 514 289 0 
721 -130 85 0 
-836 -754 884 0 
-888 -30 445 0 
-292 -847 -168 0 
-694 -760 -311 0 
746 -560 751 0 
-53 906 -285 0 
710 -228 330 0 
22 906 -561 0 
329 -444 -310 0 
790 448 761 0 
-316 -950 -104 0 
686 -332 504 0 
761 702 256 0 
697 329 946 0 
-135 -720 668 0 
-287 -88 67 0 
420 -35 -286 0 
463 -155 -106 0 
736 298 -861 0 
372 -855 -217 0 
-116 186 617 0 
294 123 -996 0 
-343 -910 59 0 
-194 535 -128 0 
-238 93 -635 0 
-818 -799 398 0 
464 -404 531 0 
162 -235 -857 0 
814 266 -105 0 
632 -129 -534 0 
-462 -979 -404 0 
-599 80 581 0 
-390 -794 -226 0 
227 -274 844 0 
-647 -349 -106 0 
791 -577 -393 0 
-409 926 -469 0 
-883 119 264 0 
579 815 -653 0 
-608 374 786 0 
682 251 978 0 
-505 704 879 0 
765 -447 408 0 
-769 -305 597 0 
-835 274 86 0 
-958 746 -261 0 
795 -992 85 0 
325 -632 15 0 
-774 -738 -551 0 
-474 -350 647 0 
-542 70 305 0 
56 -848 899 0 
-959 -365 881 0 
574 -542 307 0 
881 649 -825 0 
312 134 -417 0 
249 718 -361 0 
787 -264 785 0 
-467 852 -826 0 
-743 778 -693 0 
347 -940 -570 0 
323 511 271 0 
191 -647 913 0 
203 -164 -519 0 
815 943 -940 0 
509 965 227 0 
684 750 -654 0 
757 -463 -803 0 
199 -843 366 0 
861 163 347 0 
990 -526 865 0 
57 -976 -881 0 
-110 949 -249 0 
-174 -723 309 0 
-692 328 63 0 
356 853 -121 0 
-345 -904 -730 0 
993 380 -298 0 
833 -769 -162 0 
-850 -840 -543 0 
-613 -130 277 0 
-196 223 664 0 
128 4 -233 0 
632 -178 -643 0 
-619 -806 206 0 
-130 -423 416 0 
-615 503 881 0 
-905 -423 -194 0 
583 -656 -612 0 
423 -443 592 0 
-508 -46 512 0 
-279 862 -733 0 
-973 -730 601 0 
-232 -372 -746 0 
-348 189 -271 0 
-373 316 -671 0 
-473 637 378 0 
-366 81 -748 0 
-857 -44 -12 0 
-144 879 -408 0 
-90 721 343 0 
-760 371 902 0 
938 -299 -343 0 
-335 940 188 0 
147 157 -180 0 
-206 -919 -886 0 
139 -895 -902 0 
-109 15 862 0 
-697 751 -438 0 
835 171 -235 0 
758 842 75 0 
-940 573 -135 0 
-863 -969 556 0 
844 69 110 0 
881 -299 517 0 
-142 786 -646 0 
558 -248 -250 0 
123 715 635 0 
-81 -206 -805 0 
-894 -864 51 0 
808 715 -697 0 
841 -254 801 0 
-508 -208 -672 0 
556 -95 -880 0 
291 -488 -768 0 
-707 -809 90 0 
-515 -816 652 0 
817 -652 283 0 
432 582 -762 0 
-193 102 790 0 
-767 -65 -264 0 
72 417 -27 0 
138 -361 -850 0 
-538 -293 954 0 
-844 -545 -170 0 
-355 -756 -259 0 
443 -329 -167 0 
-987 704 -236 0 
-613 662 449 0 
-636 -819 535 0 
290 -674 -215 0 
-599 -166 -179 0 
857 -118 -188 0 
766 289 -33 0 
881 -522 888 0 
-716 185 131 0 
-567 57 196 0 
-792 -424 385 0 
-789 -233 -240 0 
-895 33 -653 0 
-623 -941 558 0 
339 760 363 0 
-54 -682 -588 0 
493 -750 -946 0 
-190 -366 714 0 
742 -343 -788 0 
-479 -499 -204 0 
732 -354 832 0 
-592 -916 645 0 
455 518 -700 0 
-845 -394 -45 0 
944 -863 -690 0 
747 818 990 0 
-464 -125 665 0 
-472 -536 407 0 
172 -674 -855 0 
587 358 -261 0 
-17 -575 166 0 
533 -188 -263 0 
892 918 259 0 
-308 -561 -329 0 
144 -932 -271 0 
-845 -71 -954 0 
-601 -633 73 0 
-578 23 -255 0 
-720 -791 304 0 
940 -146 -652 0 
792 -527 -561 0 
916 116 793 0 
-783 -174 -389 0 
-44 -781 -108 0 
65 -865 -191 0 
-581 188 917 0 
693 793 -742 0 
18 135 -676 0 
926 -163 879 0 
-101 483 -97 0 
540 -320 -946 0 
897 873 479 0 
681 487 777 0 
566 878 487 0 
-920 -389 52 0 
-116 570 485 0 
-312 989 808 0 
-390 561 229 0 
-722 -893 115 0 
223 442 54 0 
918 74 348 0 
-334 812 56 0 
746 379 723 0 
27 430 -514 0 
-609 -399 119 0 
-438 12 -779 0 
413 -801 -219 0 
220 -897 339 0 
231 259 -865 0 
-597 -420 -168 0 
151 130 981 0 
-555 -465 551 0 
779 -894 686 0 
-257 8 70 0 
221 207 705 0 
397 -329 -696 0 
221 253 -63 0 
201 339 -351 0 
-164 764 519 0 
136 -913 874 0 
-911 396 817 0 
-887 -424 788 0 
454 135 -871 0 
-470 -556 -721 0 
-788 181 -822 0 
-921 232 349 0 
-525 -310 640 0 
-922 751 -75 0 
422 404 820 0 
-145 859 -746 0 
905 32 -137 0 
157 147 399 0 
70 -771 -127 0 
-920 -907 701 0 
577 -334 -658 0 
906 186 945 0 
-9 -815 -667 0 
123 41 520 0 
-640 466 -36 0 
626 -685 -979 0 
-612 358 692 0 
-878 246 526 0 
-48 919 -482 0 
-597 -210 696 0 
272 671 -792 0 
601 803 -774 0 
-34 -521 -314 0 
280 -451 -343 0 
-308 222 552 0 
992 -84 486 0 
253 -888 -436 0 
-334 -63 -263 0 
126 -419 -712 0 
-325 -528 -110 0 
133 -45 -565 0 
298 753 -77 0 
278 494 -411 0 
347 566 -736 0 
388 -256 652 0 
43 656 622 0 
-518 690 943 0 
-769 -443 -770 0 
55 911 -239 0 
680 987 -568 0 
-62 -387 780 0 
173 431 822 0 
-745 -991 995 0 
-382 757 882 0 
859 -607 -92 0 
855 -642 429 0 
413 203 2 0 
505 423 216 0 
-375 -993 -165 0 
-562 770 -936 0 
927 -764 160 0 
-234 37 -177 0 
731 371 -566 0 
-235 502 -290 0 
-202 -356 502 0 
-311 -558 -564 0 
-318 718 -780 0 
609 117 670 0 
918 726 -29 0 
152 224 -785 0 
-166 -489 -967 0 
-895 520 719 0 
-281 -548 634 0 
-222 388 -285 0 
-92 -835 -376 0 
646 699 280 0 
243 189 -211 0 
-909 756 -770 0 
955 -71 209 0 
-886 -254 509 0 
72 301 -560 0 
-151 986 936 0 
-552 687 767 0 
-348 -537 -536 0 
229 -704 -433 0 
817 565 251 0 
462 783 -340 0 
-661 164 414 0 
350 239 909 0 
-501 602 938 0 
608 936 414 0 
-513 -46 -989 0 
-556 -636 -253 0 
189 -555 476 0 
982 837 -289 0 
896 518 355 0 
278 -555 -123 0 
-418 -779 117 0 
133 -507 453 0 
760 -119 -5 0 
852 757 245 0 
-509 118 43 0 
692 -805 -528 0 
-943 -107 247 0 
-570 -199 -244 0 
888 -834 904 0 
936 -244 76 0 
-323 393 133 0 
-539 -586 -944 0 
499 569 979 0 
-93 -982 -130 0 
158 361 -67 0 
-370 -352 37 0 
-777 171 416 0 
393 401 541 0 
-484 -266 -618 0 
697 -778 524 0 
182 687 -273 0 
298 435 357 0 
-722 -176 795 0 
827 -711 -967 0 
-937 748 -194 0 
-41 11 697 0 
998 -727 -878 0 
-396 757 751 0 
38 579 -378 0 
-41 926 43 0 
353 -951 390 0 
-358 114 -306 0 
556 566 -327 0 
-892 -56 -712 0 
366 -893 -350 0 
125 -778 -239 0 
238 14 408 0 
296 -22 416 0 
-523 -469 -474 0 
577 407 -462 0 
-900 -531 -914 0 
-145 -685 -949 0 
831 -502 680 0 
-162 747 418 0 
-720 693 -641 0 
866 195 -90 0 
86 740 566 0 
449 121 415 0 
350 -856 969 0 
684 991 -970 0 
-301 -85 -375 0 
287 -779 553 0 
895 245 -572 0 
-332 -394 -396 0 
892 -778 581 0 
-793 -814 835 0 
-999 -589 478 0 
-990 -79 -157 0 
23 -857 942 0 
391 -84 -821 0 
-690 426 753 0 
-833 -723 794 0 
-403 -988 -695 0 
-313 823 -339 0 
-688 -546 400 0 
936 91 466 0 
390 499 283 0 
-38 316 144 0 
1 -52 466 0 
637 236 765 0 
356 -516 -639 0 
400 -984 478 0 
-463 515 -963 0 
-697 595 -130 0 
-525 -493 -170 0 
847 985 -805 0 
124 -916 805 0 
-741 -330 160 0 
1000 919 -351 0 
-354 -769 411 0 
367 93 750 0 
110 -453 -445 0 
851 -339 -676 0 
515 406 394 0 
-472 776 -743 0 
706 818 -730 0 
-471 -834 -388 0 
750 -826 676 0 
760 446 -97 0 
-630 -131 -598 0 
789 -324 884 0 
-924 -66 -393 0 
398 463 363 0 
-281 813 97 0 
-717 682 447 0 
167 -925 153 0 
-439 -88 -725 0 
-613 -914 758 0 
-413 215 -74 0 
-845 681 -742 0 
-441 523 -385 0 
-65 -718 709 0 
984 -895 646 0 
-54 706 -176 0 
96 -205 88 0 
-441 381 -14 0 
881 228 467 0 
50 642 967 0 
-762 -319 -573 0 
72 -636 -106 0 
-781 825 -237 0 
396 -384 24 0 
162 205 403 0 
779 424 -587 0 
835 -444 -42 0 
900 -367 -904 0 
-512 896 -384 0 
-411 -942 741 0 
-881 217 440 0 
507 -194 105 0 
308 770 865 0 
-665 321 -655 0 
-660 -388 -95 0 
519 -732 -937 0 
520 -149 905 0 
-251 127 688 0 
-421 367 -686 0 
-578 -701 -731 0 
-426 -703 891 0 
-129 -698 16 0 
-584 -165 715 0 
501 -689 721 0 
535 58 -810 0 
158 583 -952 0 
-891 -606 165 0 
738 995 160 0 
231 798 824 0 
-589 7 721 0 
384 -871 50 0 
-719 -144 122 0 
-440 234 -308 0 
981 899 -375 0 
961 -554 -740 0 
275 504 -119 0 
-548 618 730 0 
-209 516 -771 0 
447 -454 725 0 
656 784 379 0 
-18 396 -619 0 
503 -111 324 0 
-418 158 28 0 
510 546 -287 0 
643 971 -141 0 
-446 -92 998 0 
964 -803 -600 0 
758 181 81 0 
-722 559 -150 0 
288 368 38 0 
-141 -881 -144 0 
670 603 388 0 
356 -97 -285 0 
-912 624 136 0 
-994 -151 -907 0 
615 422 -931 0 
-364 -321 -714 0 
-731 -813 278 0 
-195 -873 -910 0 
346 377 784 0 
825 -660 -612 0 
755 -173 -63 0 
271 649 958 0 
800 -733 65 0 
983 -667 558 0 
533 117 673 0 
957 437 19 0 
120 -842 -926 0 
894 615 -82 0 
-119 -975 132 0 
-674 556 -648 0 
-73 945 994 0 
446 328 -643 0 
-14 -388 -730 0 
14 357 407 0 
374 -480 -769 0 
-409 -856 -655 0 
-675 723 -6 0 
291 290 -282 0 
312 143 -174 0 
-52 -251 947 0 
-646 849 -33 0 
916 311 -534 0 
397 79 1000 0 
-721 -485 264 0 
283 595 -246 0 
48 355 -595 0 
625 281 493 0 
462 16 781 0 
430 996 887 0 
697 117 -773 0 
-611 -446 939 0 
441 942 -878 0 
403 962 -103 0 
-170 -951 -882 0 
758 317 404 0 
611 979 638 0 
-417 -84 -678 0 
215 -154 243 0 
488 -585 -674 0 
52 -948 -27 0 
892 -433 971 0 
713 66 -798 0 
120 -949 -984 0 
-313 -84 -18 0 
-225 -908 -984 0 
-476 -751 -141 0 
-793 -610 172 0 
-208 617 -552 0 
-692 815 121 0 
507 -95 489 0 
-791 -553 720 0 
-80 -253 723 0 
67 -98 -50 0 
483 -98 -512 0 
-697 924 -424 0 
-756 446 -854 0 
-830 -84 305 0 
472 -738 476 0 
-379 689 -753 0 
443 -821 -416 0 
-176 -382 570 0 
43 788 -228 0 
702 81 -739 0 
-885 -350 -452 0 
543 -1000 519 0 
-802 905 -276 0 
-932 -798 92 0 
354 -598 114 0 
913 -878 -720 0 
-892 -542 -392 0 
-186 -438 -403 0 
657 477 507 0 
-42 872 -849 0 
-653 -787 568 0 
677 -28 -279 0 
120 -751 -577 0 
-152 863 653 0 
-845 -979 962 0 
183 492 805 0 
865 951 282 0 
843 318 -994 0 
846 -823 -491 0 
-529 -982 -450 0 
-990 -386 903 0 
664 -62 161 0 
-15 674 -51 0 
-816 762 791 0 
762 804 397 0 
-616 838 507 0 
921 426 396 0 
-23 -301 -226 0 
463 903 -137 0 
749 -464 -64 0 
-840 -50 -17 0 
926 608 -554 0 
-816 878 399 0 
633 -908 -587 0 
-652 -556 812 0 
6 705 938 0 
-202 -681 403 0 
-965 -976 867 0 
-84 936 -182 0 
417 -150 -933 0 
343 -377 -255 0 
-558 -359 -908 0 
-882 -686 -975 0 
461 413 35 0 
895 -872 -870 0 
869 689 275 0 
560 39 144 0 
47 -594 203 0 
573 -724 -156 0 
323 962 -4 0 
910 -677 -454 0 
152 -468 -372 0 
852 424 -904 0 
-607 -290 -948 0 
-417 -119 823 0 
520 -408 -519 0 
293 -732 414 0 
-326 -788 -729 0 
789 370 604 0 
178 103 524 0 
407 -82 462 0 
250 -60 -119 0 
-229 831 -494 0 
243 -927 -601 0 
1 756 -370 0 
-889 714 468 0 
-780 706 848 0 
-710 -911 -994 0 
-975 -162 -795 0 
443 170 722 0 
862 -41 -151 0 
-562 -177 -306 0 
642 -405 -908 0 
-520 3 -357 0 
129 -783 -51 0 
-78 994 401 0 
701 761 472 0 
-941 14 -661 0 
-450 -116 -53 0 
316 -909 -36 0 
-841 584 787 0 
-416 133 990 0 
-611 851 625 0 
233 168 775 0 
378 702 -155 0 
82 751 437 0 
-267 486 -77 0 
-405 -752 -419 0 
-554 -67 -660 0 
791 314 618 0 
-66 645 516 0 
-156 987 310 0 
11 955 532 0 
592 -46 -912 0 
-432 -808 384 0 
479 -760 -188 0 
515 -430 825 0 
887 -635 806 0 
-125 668 -482 0 
388 -741 20 0 
1 -247 -194 0 
332 -188 139 0 
-114 881 407 0 
500 628 -546 0 
-44 862 437 0 
-669 794 10 0 
486 -503 52 0 
-712 -339 -287 0 
655 979 -713 0 
-709 -259 -382 0 
-599 803 514 0 
-404 626 -250 0 
923 -677 817 0 
-811 636 -775 0 
968 -861 12 0 
530 606 -100 0 
-796 -240 133 0 
393 813 498 0 
511 -154 -33 0 
-98 812 -255 0 
-273 -878 -991 0 
611 -458 388 0 
440 769 -331 0 
594 -830 311 0 
-404 -967 797 0 
580 -272 -328 0 
-720 -323 573 0 
364 473 736 0 
-279 -389 -962 0 
908 288 359 0 
-89 -510 -693 0 
-417 -151 -486 0 
-161 -191 -856 0 
-587 -434 -172 0 
448 230 -313 0 
-940 -783 -905 0 
-236 478 335 0 
12 -845 -489 0 
-944 -732 625 0 
-581 825 -829 0 
-198 406 -303 0 
631 636 756 0 
960 -568 560 0 
785 -97 -914 0 
858 -897 -562 0 
-214 200 -171 0 
-622 -907 -362 0 
527 906 75 0 
545 -974 -523 0 
254 15 -675 0 
985 986 -266 0 
-940 -206 -406 0 
-331 -139 339 0 
-878 171 136 0 
-836 267 813 0 
597 -647 -457 0 
-977 666 486 0 
-780 -736 359 0 
296 -711 -570 0 
-572 48 361 0 
457 -190 200 0 
-563 -783 541 0 
27 847 -48 0 
491 -767 957 0 
-294 -716 -482 0 
-735 126 360 0 
-829 -233 -624 0 
514 772 918 0 
402 -152 564 0 
741 -13 -803 0 
-593 178 691 0 
-634 493 -677 0 
-826 379 624 0 
-908 -232 716 0 
898 -809 -79 0 
32 560 -190 0 
271 987 -647 0 
-500 -77 389 0 
784 379 316 0 
-363 624 197 0 
68 573 -967 0 
958 821 992 0 
603 -79 -908 0 
752 959 26 0 
837 195 -489 0 
-328 475 -510 0 
673 -861 -988 0 
443 -577 -765 0 
-524 188 -579 0 
695 -662 141 0 
-520 597 -445 0 
838 364 -490 0 
-222 425 -817 0 
257 -168 -414 0 
153 -695 -317 0 
-709 -334 937 0 
-783 599 11 0 
-748 -640 -468 0 
-745 190 38 0 
-610 51 -52 0 
45 -306 298 0 
-988 -7 816 0 
122 -713 912 0 
-336 -93 -432 0 
-435 -601 985 0 
859 462 384 0 
-727 -661 998 0 
589 -678 -976 0 
673 -112 807 0 
142 -452 -87 0 
-372 -510 432 0 
-387 492 -436 0 
484 601 -421 0 
199 545 -209 0 
-863 -585 -766 0 
430 -914 -665 0 
-615 832 8 0 
685 175 -146 0 
9 -375 148 0 
166 -834 -507 0 
-890 495 954 0 
-570 -235 443 0 
521 -468 -774 0 
546 -672 295 0 
-508 727 809 0 
239 -417 341 0 
-966 -64 211 0 
4 -284 97 0 
256 -620 -534 0 
-652 942 -236 0 
-570 680 75 0 
881 472 -267 0 
-374 944 304 0 
-524 -70 652 0 
-390 38 -96 0 
823 -236 669 0 
-416 740 -82 0 
27 -579 347 0 
-921 -953 -46 0 
434 977 170 0 
-743 -989 957 0 
730 -164 250 0 
555 982 -937 0 
-329 484 21 0 
-94 -237 327 0 
510 -515 -154 0 
686 687 247 0 
-704 64 70 0 
684 68 607 0 
323 -524 -668 0 
-634 795 -27 0 
388 -65 -832 0 
790 -918 100 0 
137 -349 -601 0 
-777 821 -779 0 
-232 728 165 0 
-264 -352 601 0 
61 512 -302 0 
-584 826 -594 0 
-225 -504 967 0 
-308 631 789 0 
740 70 -647 0 
-686 563 295 0 
852 -540 54 0 
-102 -954 -321 0 
644 -880 -400 0 
-870 856 794 0 
584 31 -493 0 
-345 -900 -967 0 
-133 -65 -748 0 
-458 -174 -369 0 
490 -486 780 0 
850 90 802 0 
-971 948 605 0 
-243 149 722 0 
990 -693 -997 0 
-614 273 -622 0 
-782 -997 -834 0 
569 717 392 0 
-806 690 -855 0 
603 -766 228 0 
735 -407 377 0 
-698 -447 -988 0 
632 -747 -429 0 
-244 378 659 0 
428 -531 -167 0 
785 -437 -282 0 
-282 42 635 0 
256 -875 -1000 0 
312 -15 601 0 
-435 -20 52 0 
490 73 417 0 
81 -971 514 0 
-499 491 856 0 
527 892 -836 0 
625 731 474 0 
-539 796 -242 0 
406 -750 -180 0 
-297 419 -791 0 
-843 -923 452 0 
204 -826 235 0 
-978 263 796 0 
-712 953 -526 0 
969 874 170 0 
-817 -569 389 0 
699 -44 199 0 
348 682 -99 0 
262 136 -258 0 
-118 813 249 0 
-336 891 -866 0 
936 -728 511 0 
-31 -820 -17 0 
45 216 -819 0 
353 -514 -206 0 
-341 -389 567 0 
36 -639 19 0 
308 698 -90 0 
-922 647 378 0 
548 -814 -333 0 
-267 33 15 0 
246 605 -28 0 
435 -904 -272 0 
256 133 -787 0 
-792 -209 -167 0 
-986 382 507 0 
239 -459 210 0 
-210 529 -692 0 
-282 974 566 0 
847 -500 -802 0 
-997 -865 -27 0 
-938 262 333 0 
-394 426 -994 0 
16 465 584 0 
535 78 -500 0 
376 -897 -646 0 
205 -750 339 0 
993 -85 -192 0 
345 856 -495 0 
24 488 154 0 
295 494 73 0 
-319 589 -594 0 
642 -616 300 0 
831 -733 560 0 
157 342 -500 0 
688 893 -970 0 
-869 -133 631 0 
-757 -809 -382 0 
7 733 -18 0 
301 918 20 0 
-840 -995 386 0 
-5 -25 6 0 
628 25 -988 0 
-62 705 476 0 
-551 374 -152 0 
-466 -771 999 0 
-660 187 375 0 
428 -560 850 0 
510 -948 445 0 
-712 -991 178 0 
-261 -947 384 0 
619 979 -852 0 
-904 -259 747 0 
-210 -277 654 0 
803 -357 -82 0 
69 273 -757 0 
759 846 -815 0 
627 633 -505 0 
11 451 -465 0 
-990 -701 -626 0 
559 -130 -335 0 
-640 -19 476 0 
794 -821 347 0 
532 845 904 0 
-728 794 -881 0 
841 704 747 0 
375 -782 -648 0 
427 -338 998 0 
995 -582 149 0 
942 622 944 0 
-909 330 -464 0 
353 217 210 0 
226 206 -231 0 
805 998 -39 0 
512 -754 -904 0 
891 423 339 0 
500 847 -892 0 
-877 781 105 0 
687 -198 -333 0 
-279 -603 898 0 
401 -420 388 0 
-676 638 395 0 
178 991 189 0 
-40 -189 -296 0 
-32 -207 581 0 
-766 -896 349 0 
867 620 747 0 
-16 508 -66 0 
-953 13 653 0 
-535 -647 -869 0 
-156 -145 -250 0 
590 775 128 0 
247 53 -643 0 
-121 -119 584 0 
-52 -481 -44 0 
-808 440 466 0 
114 -656 -256 0 
214 202 -453 0 
156 -905 -401 0 
-649 -177 867 0 
-875 -153 3 0 
79 -836 -26 0 
-89 -447 -673 0 
409 -178 -960 0 
227 755 71 0 
847 780 -554 0 
-942 -209 -119 0 
-214 275 735 0 
-691 -11 -955 0 
296 169 -476 0 
-119 262 -38 0 
-157 -328 10 0 
559 603 231 0 
15 926 -815 0 
659 529 -461 0 
-184 324 502 0 
-486 492 -390 0 
545 469 40 0 
-279 -145 -810 0 
730 -62 -862 0 
763 -307 -833 0 
999 -874 229 0 
127 -418 -707 0 
256 -181 -237 0 
692 -852 783 0 
-786 -793 951 0 
57 589 -718 0 
-4 588 999 0 
314 -300 759 0 
-291 894 -793 0 
386 -55 774 0 
-604 820 -761 0 
216 -335 -986 0 
-731 537 -543 0 
317 -65 -516 0 
-167 -846 -367 0 
316 -590 527 0 
773 -690 -778 0 
903 -6 -87 0 
335 -632 -281 0 
694 -17 -801 0 
343 -726 -355 0 
-370 -687 546 0 
-525 566 362 0 
-352 -480 963 0 
-596 -718 -355 0 
491 46 982 0 
660 -351 10 0 
-524 -244 -335 0 
-277 -227 775 0 
-388 413 -500 0 
-975 -673 523 0 
-874 822 512 0 
777 -689 345 0 
988 -384 956 0 
-772 332 -570 0 
559 741 -170 0 
942 995 6 0 
-88 -98 -820 0 
-912 426 -901 0 
-977 -47 813 0 
-731 -449 675 0 
439 34 -213 0 
-896 40 401 0 
234 938 430 0 
352 -991 66 0 
-261 -351 -953 0 
-1 530 754 0 
508 920 -47 0 
-516 -453 780 0 
-930 277 31 0 
-328 -8 194 0 
640 -511 139 0 
-520 784 659 0 
824 40 380 0 
481 -357 587 0 
-216 -593 319 0 
-652 -590 -896 0 
-112 966 89 0 
-827 -926 -636 0 
-844 -805 -314 0 
771 357 583 0 
-840 -445 -617 0 
859 -750 -474 0 
56 29 205 0 
-857 -285 226 0 
-172 -627 651 0 
-156 858 -268 0 
-517 225 783 0 
-518 581 -340 0 
-402 -833 553 0 
-959 -48 45 0 
325 -952 -787 0 
-457 -639 558 0 
-416 -319 600 0 
351 -82 363 0 
-941 334 -965 0 
262 -28 -66 0 
80 625 -58 0 
488 -140 744 0 
-986 -715 149 0 
-18 760 -366 0 
623 281 -863 0 
426 -986 230 0 
-269 133 422 0 
957 331 352 0 
-234 763 29 0 
-215 515 92 0 
-975 -672 752 0 
697 805 -150 0 
110 -950 31 0 
897 -95 -954 0 
-677 -933 -191 0 
-652 -968 755 0 
-591 228 981 0 
-919 737 347 0 
-776 876 -243 0 
-316 688 -573 0 
713 605 -244 0 
-562 -721 952 0 
331 33 192 0 
638 981 -118 0 
278 -379 657 0 
312 27 879 0 
-859 -281 -417 0 
4 531 -958 0 
954 636 157 0 
358 605 129 0 
698 15 -294 0 
484 -603 -291 0 
920 450 -130 0 
773 17 -926 0 
88 -679 581 0 
65 -124 479 0 
-765 664 -929 0 
-942 766 251 0 
-131 614 590 0 
312 -422 413 0 
-555 9 -190 0 
84 400 92 0 
-809 986 453 0 
505 191 686 0 
-895 -751 94 0 
-543 333 -654 0 
425 889 -177 0 
283 -950 -373 0 
101 78 271 0 
-147 454 324 0 
-452 -716 -299 0 
-836 -358 71 0 
308 -827 -294 0 
-3 453 631 0 
666 -407 922 0 
-607 -29 -34 0 
-460 -384 -677 0 
29 663 168 0 
253 965 60 0 
-17 732 301 0 
-327 939 492 0 
-842 -741 -628 0 
460 159 574 0 
-184 427 670 0 
-441 -899 -443 0 
-389 -753 -822 0 
-481 965 95 0 
136 598 -966 0 
665 498 985 0 
-815 -462 339 0 
-190 -237 -557 0 
-536 -956 107 0 
-148 901 527 0 
-649 -988 885 0 
-112 -673 207 0 
-34 879 121 0 
660 -723 -45 0 
742 -7 -226 0 
965 112 -433 0 
395 204 80 0 
828 -545 -743 0 
-405 358 -465 0 
-975 109 853 0 
931 -867 416 0 
-40 68 763 0 
-343 -69 -608 0 
518 -849 -228 0 
96 -165 52 0 
554 945 -636 0 
-45 995 465 0 
-404 -68 162 0 
718 -699 -952 0 
-453 778 10 0 
-769 -309 -352 0 
-80 557 367 0 
341 427 -50 0 
229 -282 523 0 
-183 -600 -617 0 
729 -676 -49 0 
238 -393 496 0 
743 845 2 0 
518 753 -240 0 
202 618 531 0 
-871 -287 -718 0 
976 413 331 0 
811 87 -785 0 
-759 -96 -84 0 
-602 398 -507 0 
-76 946 595 0 
782 122 -828 0 
766 453 800 0 
-945 -647 -796 0 
240 635 -652 0 
90 -899 73 0 
596 -603 -504 0 
474 -914 -439 0 
127 739 140 0 
-852 432 275 0 
-589 448 -297 0 
-490 -514 1000 0 
846 -714 567 0 
152 590 69 0 
-344 -709 -478 0 
173 -428 4 0 
-374 885 551 0 
26 613 909 0 
847 -579 -918 0 
343 639 262 0 
412 -231 -366 0 
-228 624 -936 0 
211 -358 -87 0 
649 943 320 0 
434 -790 -164 0 
534 739 778 0 
-124 -661 295 0 
110 -717 761 0 
836 -53 548 0 
719 143 -132 0 
974 -421 940 0 
110 391 -233 0 
-812 -599 -206 0 
87 545 57 0 
312 347 573 0 
377 514 452 0 
840 -952 623 0 
974 475 -493 0 
514 -837 144 0 
-809 -756 410 0 
639 738 -464 0 
3 756 -66 0 
-888 -581 -183 0 
814 338 -343 0 
-270 911 660 0 
366 -388 -661 0 
849 -18 -220 0 
-548 252 159 0 
361 -74 849 0 
569 234 300 0 
987 741 778 0 
606 794 964 0 
-200 887 963 0 
-584 212 437 0 
642 373 -147 0 
807 -150 975 0 
8 415 315 0 
78 238 202 0 
-175 -763 599 0 
-282 14 601 0 
603 179 207 0 
-384 537 -256 0 
818 161 257 0 
706 -161 804 0 
24 -429 -14 0 
215 -316 -918 0 
-18 -271 -760 0 
-801 498 169 0 
283 -721 -238 0 
751 199 119 0 
61 -852 -515 0 
437 -653 25 0 
-864 -446 -168 0 
890 -538 672 0 
758 804 730 0 
329 14 474 0 
-855 952 -67 0 
366 794 -260 0 
113 -307 325 0 
-278 -829 998 0 
910 -499 643 0 
624 -976 460 0 
-486 -440 660 0 
-958 -468 -291 0 
-669 -113 676 0 
-658 -59 917 0 
-2 109 -221 0 
666 -671 -786 0 
-706 -881 -808 0 
995 -824 -182 0 
690 174 -676 0 
26 -88 502 0 
638 342 885 0 
833 128 980 0 
694 810 -809 0 
-737 45 788 0 
-467 679 -709 0 
-123 106 -34 0 
183 802 51 0 
-341 -781 -449 0 
-325 136 -585 0 
518 418 -864 0 
227 -858 -700 0 
-955 -812 191 0 
410 -413 481 0 
489 -686 -777 0 
242 -812 1 0 
1 781 -665 0 
276 342 -787 0 
-963 237 -216 0 
21 -110 -1000 0 
-307 -355 542 0 
611 181 -105 0 
-923 381 -848 0 
612 676 765 0 
798 -369 838 0 
73 668 -798 0 
-963 478 780 0 
113 -638 -148 0 
270 -324 983 0 
382 -633 -579 0 
-523 -648 -5 0 
-383 -576 -933 0 
-232 -365 223 0 
828 376 943 0 
-46 656 -798 0 
-275 234 444 0 
-46 -71 347 0 
-400 47 -722 0 
511 -56 906 0 
320 397 -620 0 
817 599 181 0 
-880 -197 316 0 
-221 591 611 0 
-13 456 -115 0 
-154 375 -582 0 
557 -292 31 0 
832 -967 560 0 
86 -345 -456 0 
737 -950 -480 0 
758 -909 268 0 
885 -27 960 0 
705 -436 364 0 
-421 611 -569 0 
-505 435 -237 0 
67 54 332 0 
768 46 320 0 
51 336 907 0 
530 -883 799 0 
-703 119 898 0 
685 631 -88 0 
289 978 204 0 
330 656 32 0 
183 -164 991 0 
-427 733 -300 0 
-779 -592 -537 0 
-567 435 772 0 
-322 45 662 0 
594 -668 454 0 
900 -694 782 0 
826 -8 -484 0 
534 101 441 0 
750 -937 -986 0 
417 865 497 0 
-77 261 899 0 
-774 -615 926 0 
555 -219 965 0 
-349 689 -259 0 
-727 691 -162 0 
161 921 -289 0 
761 901 167 0 
757 -784 -339 0 
356 533 37 0 
142 -728 -839 0 
17 360 871 0 
-251 -17 671 0 
88 671 -715 0 
819 -826 -951 0 
-17 366 96 0 
-22 -817 -287 0 
-846 -656 672 0 
-88 -454 842 0 
-251 -533 782 0 
-608 635 449 0 
246 -384 305 0 
555 -213 962 0 
-268 -655 -450 0 
-563 -633 847 0 
-856 870 -259 0 
73 -175 63 0 
-750 -862 142 0 
229 283 -129 0 
571 192 -395 0 
-325 -231 -599 0 
-150 821 915 0 
-209 -596 289 0 
348 -627 296 0 
-816 -21 756 0 
779 55 682 0 
625 -381 -378 0 
-117 -25 -599 0 
637 478 522 0 
634 37 -170 0 
250 118 -665 0 
-886 3 575 0 
-785 445 -605 0 
-182 137 478 0 
303 248 208 0 
-157 155 148 0 
256 535 619 0 
243 -328 891 0 
-572 -25 -939 0 
-215 438 -299 0 
-245 -65 -449 0 
582 -916 -627 0 
-131 -412 -930 0 
656 363 308 0 
-108 151 763 0 
-379 -907 -514 0 
826 -570 718 0 
925 595 -218 0 
275 521 -702 0 
651 894 498 0 
-720 -114 416 0 
-586 923 -247 0 
581 417 540 0 
-776 843 80 0 
-44 -806 206 0 
667 -690 -400 0 
-780 -249 539 0 
-599 -846 488 0 
809 -834 -956 0 
851 787 -993 0 
403 370 -996 0 
-52 -153 -43 0 
-645 -293 951 0 
-38 -144 515 0 
-112 -293 -883 0 
37 565 871 0 
-417 944 -497 0 
-259 842 -697 0 
957 -843 -445 0 
742 -56 -324 0 
437 -734 -784 0 
500 570 -125 0 
-208 784 -916 0 
-749 99 983 0 
-34 979 574 0 
-370 -286 -484 0 
2 551 372 0 
506 -545 146 0 
617 -304 627 0 
864 668 -351 0 
174 -936 -249 0 
384 -6 -847 0 
-45 -585 760 0 
-34 -530 278 0 
-809 -996 -358 0 
-127 244 957 0 
58 -326 -111 0 
-882 848 -222 0 
-384 108 507 0 
740 -846 -726 0 
