p cnf 1000 3000
-432 383 476 0 
520 910 -994 0 
-833 -216 75 0 
-416 -527 -198 0 
688 807 -965 0 
-563 -250 -297 0 
697 887 -345 0 
567 -12 -30 0 
713 55 46 0 
-132 950 -444 0 
-383 692 -841 0 
-707 -636 532 0 
-317 -687 -528 0 
-10 574 9 0 
256 -709 -321 0 
686 576 791 0 
-887 2 564 0 
-958 -750 11 0 
642 957 -988 0 
485 -60 42 0 
-292 491 -277 0 
-725 684 -590 0 
-111 -717 500 0 
708 -719 478 0 
512 378 -329 0 
-955 295 -934 0 
311 463 -305 0 
-57 140 610 0 
-927 499 797 0 
-173 72 -100 0 
145 102 -846 0 
342 -992 -133 0 
-514 990 120 0 
-264 -840 -614 0 
-872 -664 -398 0 
-222 -874 983 0 
241 884 -659 0 
756 -185 -765 0 
-403 422 347 0 
-997 485 515 0 
-515 -778 -915 0 
-649 -479 474 0 
257 135 492 0 
782 134 -493 0 
34 -996 -292 0 
-347 876 -286 0 
54 845 -761 0 
897 627 -523 0 
774 544 612 0 
591 -346 602 0 
-478 -971 -617 0 
-760 784 -931 0 
998 714 275 0 
-770 721 188 0 
-782 161 -672 0 
192 -400 16 0 
-900 -50 495 0 
-573 859 -86 0 
-455 -203 -353 0 
-45 107 708 0 
690 120 -565 0 
293 -946 -439 0 
282 -8 941 0 
-384 335 -586 0 
914 -461 -150 0 
299 903 -781 0 
167 -762 -933 0 
178 -522 -325 0 
474 222 962 0 
-108 613 -912 0 
613 797 -742 0 
-127 377 -845 0 
255 461 -121 0 
42 910 -160 0 
-950 -569 -797 0 
27 927 156 0 
-152 -228 -598 0 
-88 794 607 0 
-241 262 -419 0 
144 748 -808 0 
14 425 -194 0 
582 531 692 0 
60 -27 522 0 
-5 -54 676 0 
-978 197 503 0 
31 694 340 0 
249 -913 276 0 
-945 383 784 0 
-449 369 868 0 
53 342 778 0 
174 577 -192 0 
777 -628 658 0 
157 -491 -768 0 
-557 -891 359 0 
260 -933 730 0 
960 269 -942 0 
238 -586 -323 0 
815 -247 174 0 
165 178 -426 0 
-955 37 250 0 
814 391 -299 0 
-78 -44 -498 0 
-282 -507 275 0 
80 795 -138 0 
695 -712 -647 0 
-708 480 261 0 
843 -744 617 0 
993 -278 693 0 
-804 578 317 0 
-909 -631 -725 0 
-561 -896 244 0 
76 120 1 0 
464 485 -37 0 
-995 -229 288 0 
-805 34 -169 0 
-784 415 -506 0 
46 486 467 0 
-34 315 -40 0 
511 318 -806 0 
566 -118 813 0 
819 227 368 0 
321 25 995 0 
-437 -292 -139 0 
62 933 907 0 
762 -343 -596 0 
-348 972 193 0 
558 743 416 0 
305 -171 834 0 
-709 115 883 0 
-952 575 -411 0 
197 451 627 0 
622 -591 -357 0 
-601 343 4 0 
-104 10 -498 0 
-73 -643 999 0 
574 91 681 0 
516 197 -330 0 
-438 -135 -966 0 
-730 -784 -507 0 
380 389 775 0 
-265 337 976 0 
355 720 -739 0 
-937 -742 -478 0 
-68 188 -61 0 
567 284 83 0 
-45 453 888 0 
-345 -38 -850 0 
309 -500 237 0 
-28 272 -334 0 
-755 667 725 0 
542 -415 -245 0 
-109 -103 -453 0 
996 -853 -818 0 
-859 -935 -827 0 
136 -542 -898 0 
-298 837 12 0 
-229 103 228 0 
-31 -316 -271 0 
253 849 -456 0 
499 -306 316 0 
-329 -546 294 0 
5 -157 488 0 
49 985 -320 0 
-270 -424 -273 0 
396 -431 -880 0 
-983 -1 -144 0 
-814 -93 418 0 
196 -896 581 0 
33 845 -731 0 
839 994 390 0 
684 -543 688 0 
-80 303 917 0 
-709 -118 472 0 
-268 -570 -728 0 
173 -941 -116 0 
972 15 -513 0 
-416 152 431 0 
571 925 -816 0 
798 999 387 0 
-461 424 -111 0 
533 844 -906 0 
-773 -800 -754 0 
474 544 -538 0 
550 715 -566 0 
-942 375 -487 0 
481 -208 -183 0 
385 127 -987 0 
482 69 -154 0 
-702 -327 -523 0 
530 138 371 0 
-42 757 -706 0 
38 257 -528 0 
443 569 -639 0 
-542 -765 307 0 
-197 -287 806 0 
-915 365 -293 0 
512 -113 -719 0 
-267 993 725 0 
-697 437 -218 0 
-618 464 248 0 
717 737 402 0 
-968 -409 174 0 
-808 -305 793 0 
444 822 491 0 
238 115 -684 0 
584 649 -541 0 
-240 60 851 0 
-684 757 -961 0 
-257 792 -985 0 
877 -232 297 0 
200 937 18 0 
763 -463 -844 0 
-620 468 205 0 
-524 36 -359 0 
-99 -932 -404 0 
-529 -91 919 0 
-756 728 -506 0 
251 -241 -906 0 
-579 -2 -483 0 
506 -96 121 0 
-325 -935 696 0 
-750 -70 633 0 
895 -660 610 0 
485 717 -777 0 
778 240 830 0 
637 486 -296 0 
366 704 -700 0 
-118 775 2 0 
340 -789 621 0 
-369 -417 -844 0 
-284 804 409 0 
497 524 826 0 
287 -732 -511 0 
243 -839 40 0 
-854 380 515 0 
627 440 350 0 
-558 -757 51 0 
67 -777 374 0 
870 -380 994 0 
-844 311 669 0 
693 -344 644 0 
399 71 -132 0 
-769 -766 949 0 
-646 -387 640 0 
-846 771 489 0 
254 -122 -309 0 
516 -636 -877 0 
-281 -347 419 0 
-785 -269 -473 0 
215 -705 149 0 
720 -17 -225 0 
-151 284 -689 0 
-762 155 695 0 
117 -782 758 0 
24 -470 -761 0 
-550 855 234 0 
989 -671 565 0 
156 -932 950 0 
-128 585 -669 0 
185 769 -802 0 
552 601 303 0 
382 532 600 0 
91 -487 982 0 
751 484 -929 0 
266 -814 481 0 
-95 -120 633 0 
692 -617 564 0 
10 765 999 0 
-264 -883 412 0 
990 232 637 0 
725 -150 817 0 
-200 819 -382 0 
189 -382 -458 0 
-19 931 978 0 
-311 -255 -922 0 
587 -820 -713 0 
-868 664 395 0 
361 551 741 0 
554 67 -63 0 
-121 -429 -252 0 
-100 -221 -70 0 
393 -78 157 0 
-565 80 739 0 
-34 -728 592 0 
845 -734 -109 0 
-221 -259 -98 0 
-179 741 -791 0 
730 840 812 0 
613 -750 45 0 
822 -474 -886 0 
521 655 35 0 
404 -894 -167 0 
361 -630 661 0 
-568 -34 503 0 
253 35 -30 0 
18 -440 437 0 
696 144 805 0 
-28 147 401 0 
-511 -764 -278 0 
693 -44 -653 0 
151 457 -984 0 
531 424 802 0 
-471 -577 -913 0 
643 -310 745 0 
688 559 584 0 
401 746 259 0 
-933 -537 -800 0 
-228 -392 -737 0 
-518 -370 985 0 
48 -534 193 0 
-787 369 61 0 
-896 -74 -497 0 
148 492 173 0 
-363 443 -948 0 
446 -527 787 0 
-484 -162 -743 0 
-910 -646 400 0 
146 507 -995 0 
821 102 -302 0 
-674 420 812 0 
-608 160 828 0 
-478 -183 224 0 
-450 -511 502 0 
-696 -397 -346 0 
822 771 418 0 
-152 -636 -854 0 
-498 -61 -506 0 
13 238 -660 0 
-510 -507 -475 0 
862 929 326 0 
805 -286 -68 0 
7 -455 56 0 
575 975 -465 0 
956 362 -924 0 
-860 -583 -710 0 
541 16 548 0 
219 40 648 0 
746 835 -362 0 
-659 463 -617 0 
774 25 779 0 
862 -271 166 0 
67 -33 -681 0 
-503 -522 -401 0 
768 668 -943 0 
251 -151 261 0 
36 -61 135 0 
-557 480 -36 0 
-307 813 999 0 
-604 669 743 0 
667 -272 377 0 
597 905 -285 0 
996 -91 556 0 
895 125 -239 0 
82 760 -537 0 
473 315 -777 0 
-85 344 495 0 
895 919 -765 0 
-451 447 -336 0 
-726 -350 843 0 
658 -560 -598 0 
-470 639 -530 0 
-758 -594 -909 0 
-625 -692 -549 0 
739 962 -516 0 
392 997 -516 0 
820 961 -343 0 
270 -562 -72 0 
123 669 -736 0 
892 914 -315 0 
-462 849 547 0 
24 143 46 0 
620 184 933 0 
433 -78 -742 0 
849 783 809 0 
-937 839 -387 0 
-399 -191 981 0 
-789 247 -572 0 
-894 -957 -905 0 
-181 43 -595 0 
59 -183 220 0 
928 49 857 0 
36 -659 140 0 
-139 759 235 0 
-811 265 -391 0 
831 937 -632 0 
412 -866 663 0 
462 137 -79 0 
172 -995 405 0 
-663 -29 -1 0 
-475 -878 712 0 
-975 322 -203 0 
221 109 -522 0 
960 -585 -462 0 
-791 -483 -954 0 
520 -206 -22 0 
-817 -95 -105 0 
246 -902 -43 0 
671 -750 771 0 
318 986 -301 0 
-680 793 -622 0 
-885 -538 -49 0 
422 551 -587 0 
773 -408 591 0 
994 300 -298 0 
348 -543 -462 0 
-416 563 794 0 
638 958 -224 0 
863 -536 -181 0 
39 989 227 0 
-886 -338 827 0 
-223 488 -624 0 
-355 -247 956 0 
143 -454 231 0 
-702 766 551 0 
-634 409 -924 0 
-46 612 -901 0 
-94 -901 -413 0 
233 465 650 0 
815 -993 -540 0 
-405 -464 305 0 
569 116 -470 0 
623 -684 237 0 
649 615 -221 0 
-10 -816 349 0 
482 791 -902 0 
513 -454 933 0 
-419 630 -84 0 
-954 80 -415 0 
-317 800 -297 0 
59 556 213 0 
-161 166 -917 0 
144 298 -891 0 
870 855 23 0 
240 10 -582 0 
-389 453 -337 0 
-143 572 -366 0 
-772 507 -564 0 
-394 -994 -474 0 
263 -229 548 0 
230 817 38 0 
-789 65 -126 0 
-185 450 -29 0 
-905 -701 -834 0 
-856 -627 -264 0 
-630 -664 -772 0 
819 -797 -874 0 
-794 770 125 0 
741 -749 804 0 
-889 421 -179 0 
-226 -404 -946 0 
-302 151 -734 0 
655 96 -177 0 
855 -762 630 0 
-318 206 -436 0 
360 -707 568 0 
247 952 824 0 
15 -410 950 0 
591 -794 -567 0 
-551 806 -624 0 
752 -774 -982 0 
28 -838 95 0 
-664 -445 -299 0 
-322 -961 223 0 
-838 947 932 0 
399 111 -554 0 
-117 73 -863 0 
-272 -587 328 0 
-218 -185 -504 0 
-235 737 444 0 
294 341 901 0 
777 -941 740 0 
-675 -482 -387 0 
-987 288 -971 0 
37 -746 -978 0 
505 804 -650 0 
-534 637 553 0 
169 -428 -433 0 
-959 614 -2 0 
37 -418 -770 0 
633 53 776 0 
351 -551 -818 0 
-15 -677 668 0 
4 -209 -693 0 
-616 -808 167 0 
12 -743 -663 0 
-78 -454 -883 0 
745 -872 219 0 
558 -19 275 0 
-817 -999 -11 0 
-750 -705 379 0 
-311 -616 993 0 
-251 704 636 0 
592 695 739 0 
-734 -11 -711 0 
982 -259 -752 0 
-567 -737 -286 0 
608 408 -968 0 
-857 334 752 0 
-643 960 775 0 
-122 -687 13 0 
718 161 -898 0 
470 3 -963 0 
558 -194 -403 0 
174 -874 -860 0 
-648 -553 767 0 
802 -671 -843 0 
149 463 138 0 
690 615 -839 0 
-756 -696 640 0 
845 610 -677 0 
-178 218 457 0 
738 442 -179 0 
857 -723 -680 0 
728 -45 33 0 
-919 526 -957 0 
-842 138 -892 0 
874 71 37 0 
-721 -81 743 0 
-995 -318 955 0 
620 314 -167 0 
-571 130 189 0 
766 -127 -321 0 
-637 914 865 0 
844 -924 -865 0 
-349 637 -364 0 
-666 -157 445 0 
-735 145 -355 0 
646 757 99 0 
488 -828 -694 0 
544 -466 889 0 
-378 -650 962 0 
-545 -414 -268 0 
126 454 -661 0 
63 738 672 0 
-955 -514 -855 0 
440 -433 369 0 
-902 16 -290 0 
-485 416 -699 0 
-902 330 368 0 
607 818 -939 0 
846 505 474 0 
-962 381 -904 0 
-974 437 774 0 
-933 -17 20 0 
580 936 -630 0 
460 541 714 0 
-819 564 481 0 
823 834 -80 0 
-538 652 703 0 
325 -145 666 0 
624 -704 801 0 
-626 717 -574 0 
451 711 16 0 
-885 -592 279 0 
810 -845 278 0 
263 -708 564 0 
208 736 -84 0 
-467 -617 -160 0 
167 -470 814 0 
221 -906 448 0 
608 -399 528 0 
-573 -707 858 0 
-673 -529 -536 0 
-668 189 -302 0 
-720 188 527 0 
-970 812 981 0 
553 -720 -61 0 
845 931 -736 0 
773 191 37 0 
-361 -177 -580 0 
484 -807 646 0 
-616 -106 -297 0 
221 -965 847 0 
189 983 803 0 
-203 252 -550 0 
719 -179 -622 0 
211 557 602 0 
-798 -482 306 0 
-560 116 556 0 
585 -42 -53 0 
-140 -223 -47 0 
814 429 29 0 
338 -599 616 0 
562 242 -884 0 
724 -669 839 0 
399 112 -929 0 
338 94 -625 0 
415 -811 16 0 
-181 832 -395 0 
858 -890 997 0 
779 -808 144 0 
-87 -550 -961 0 
71 6 -728 0 
512 503 105 0 
743 -283 237 0 
-838 308 -693 0 
-702 639 -506 0 
-115 -443 -679 0 
345 -804 -457 0 
206 -105 -383 0 
-261 133 580 0 
56 364 344 0 
-655 775 41 0 
-962 275 -492 0 
-576 722 -375 0 
719 141 -694 0 
-785 658 720 0 
-972 -567 -201 0 
-114 -63 674 0 
-723 308 33 0 
599 -359 369 0 
87 -259 572 0 
186 -896 707 0 
252 -663 45 0 
927 -917 -670 0 
14 83 -363 0 
-184 100 -315 0 
85 -557 46 0 
924 -707 147 0 
213 332 659 0 
-576 -501 -416 0 
-159 -937 767 0 
-590 980 -407 0 
-956 -783 296 0 
305 970 320 0 
358 -934 -658 0 
366 687 -985 0 
351 107 950 0 
-181 877 751 0 
204 -616 895 0 
-811 463 954 0 
-898 -97 -364 0 
-351 -183 635 0 
774 145 -201 0 
-735 658 -950 0 
-773 -540 -408 0 
-8 4 -888 0 
411 817 -709 0 
-936 770 857 0 
906 -781 -686 0 
-55 -346 71 0 
-824 -537 53 0 
-984 -883 -606 0 
857 688 779 0 
-476 71 164 0 
-645 182 800 0 
-381 -890 -395 0 
854 -909 -422 0 
-339 -249 -457 0 
-885 -658 325 0 
-905 117 207 0 
376 316 475 0 
260 -606 -420 0 
-232 -272 -248 0 
-147 215 -615 0 
-526 -859 -815 0 
-503 623 -98 0 
589 465 546 0 
284 548 -512 0 
466 264 -151 0 
-272 -780 -984 0 
427 748 -89 0 
-636 299 -496 0 
862 869 418 0 
-142 -517 900 0 
-649 445 -602 0 
162 226 344 0 
-696 577 -955 0 
-436 634 -838 0 
-3 -647 378 0 
-88 -441 -460 0 
-826 -209 23 0 
215 -86 242 0 
902 -279 -595 0 
-901 -789 314 0 
-990 -817 914 0 
-296 974 -476 0 
246 -506 -129 0 
-387 -391 115 0 
335 536 220 0 
597 -773 -974 0 
-515 814 -980 0 
-506 -309 -890 0 
395 790 -941 0 
-7 -552 485 0 
199 -526 -419 0 
168 -438 571 0 
772 617 -679 0 
423 678 -682 0 
211 28 -390 0 
-240 974 -156 0 
246 207 -80 0 
263 733 944 0 
-430 -654 -631 0 
-490 -944 118 0 
114 717 795 0 
-906 594 976 0 
913 17 -227 0 
621 -938 9 0 
-265 -820 -986 0 
-488 -514 897 0 
548 642 -740 0 
582 318 382 0 
-781 795 602 0 
281 388 840 0 
-3 207 313 0 
745 315 243 0 
-99 -32 631 0 
53 343 -566 0 
-302 925 51 0 
-347 890 -771 0 
-983 778 -118 0 
-965 780 -311 0 
-83 808 600 0 
-305 -538 -67 0 
-578 -880 352 0 
211 -792 -295 0 
-490 -33 -846 0 
-595 650 814 0 
248 384 -368 0 
592 -664 -951 0 
-144 -623 427 0 
-975 -456 111 0 
326 -842 -77 0 
-822 -512 304 0 
-261 52 96 0 
-2 915 -598 0 
118 914 -513 0 
410 -768 878 0 
283 -141 172 0 
-77 -293 -744 0 
316 -6 89 0 
868 -507 892 0 
-149 -819 547 0 
724 529 -56 0 
672 -544 -307 0 
-973 -456 -777 0 
36 -563 330 0 
721 -786 -775 0 
-652 -458 -41 0 
244 392 -770 0 
663 -348 406 0 
424 35 61 0 
-372 507 -618 0 
-208 52 370 0 
-748 -581 -674 0 
389 -422 -957 0 
-894 621 343 0 
-244 -630 -80 0 
443 286 20 0 
130 -890 970 0 
264 -916 545 0 
-54 -300 -334 0 
962 855 -753 0 
289 957 842 0 
511 698 996 0 
-708 -762 -602 0 
444 -854 115 0 
940 -748 -984 0 
923 -62 -112 0 
-738 63 -592 0 
977 107 302 0 
127 136 299 0 
833 579 -14 0 
49 201 861 0 
-322 88 -734 0 
211 -207 -274 0 
663 262 296 0 
358 462 377 0 
523 -195 649 0 
344 -687 612 0 
-19 172 -598 0 
-544 -494 21 0 
-394 -361 113 0 
25 -644 -74 0 
375 -744 37 0 
534 297 -757 0 
-652 517 -185 0 
877 -119 -478 0 
733 -560 746 0 
-669 -278 922 0 
700 -128 589 0 
-491 -855 822 0 
144 -903 -874 0 
-65 875 -60 0 
-73 516 992 0 
184 67 -459 0 
213 997 -671 0 
859 352 637 0 
324 728 -599 0 
580 285 913 0 
-555 -956 -623 0 
-214 -996 986 0 
483 -424 -658 0 
-577 -940 66 0 
747 -429 -286 0 
-998 473 177 0 
-744 31 -625 0 
462 -354 789 0 
-430 -285 -812 0 
-808 -742 -797 0 
135 917 946 0 
477 -951 -335 0 
-376 -998 26 0 
127 361 -654 0 
752 406 -471 0 
627 829 570 0 
936 -863 -71 0 
-665 224 693 0 
-906 -537 -156 0 
969 -59 -824 0 
861 807 -292 0 
-472 -964 -231 0 
-263 922 337 0 
766 918 -599 0 
994 200 524 0 
-899 394 -485 0 
544 312 -262 0 
753 425 245 0 
-735 -299 -666 0 
-507 -708 947 0 
-222 663 151 0 
-243 708 -756 0 
423 232 -686 0 
-498 -772 922 0 
-464 -634 -660 0 
461 -254 -542 0 
-429 -623 -465 0 
-352 303 220 0 
81 153 603 0 
-125 577 -90 0 
-175 120 633 0 
-993 -292 -369 0 
641 -883 588 0 
-700 -216 792 0 
-124 887 841 0 
415 -39 -832 0 
-954 -172 991 0 
-732 -44 -579 0 
334 775 387 0 
-265 218 -459 0 
-350 726 -592 0 
51 -360 -842 0 
710 -44 443 0 
-337 -763 112 0 
471 126 -285 0 
-607 -431 141 0 
-557 834 -932 0 
-320 -304 162 0 
-812 -855 637 0 
-232 193 412 0 
639 243 -570 0 
534 -824 679 0 
496 -471 205 0 
566 -107 -424 0 
-989 -876 -30 0 
-997 -660 -810 0 
350 -962 -755 0 
558 858 -794 0 
901 -512 -251 0 
-360 -259 -98 0 
157 315 -273 0 
250 -324 405 0 
696 685 918 0 
462 -800 -884 0 
-912 -589 -50 0 
689 -11 133 0 
-824 -933 867 0 
-695 -648 476 0 
94 -639 144 0 
-77 667 -231 0 
-94 398 409 0 
512 557 -859 0 
340 -454 -147 0 
-649 -969 -648 0 
355 637 274 0 
-613 954 -636 0 
-345 -290 413 0 
924 -200 -844 0 
548 238 111 0 
-668 -924 334 0 
-450 -273 849 0 
-694 282 -607 0 
529 885 -648 0 
642 893 672 0 
-611 -542 -51 0 
769 -715 -36 0 
925 590 -290 0 
-971 -503 -349 0 
-267 -690 -217 0 
-859 596 -767 0 
-684 -764 597 0 
-238 851 -616 0 
895 -911 443 0 
564 480 -30 0 
484 -713 -872 0 
637 -818 -27 0 
699 -185 -328 0 
-449 885 -403 0 
-945 975 -274 0 
-677 141 -631 0 
671 984 942 0 
472 -453 356 0 
726 732 -706 0 
536 -629 -630 0 
-878 336 616 0 
-755 -614 927 0 
-161 -968 -316 0 
-186 -353 869 0 
-878 510 783 0 
291 -201 -90 0 
609 -148 866 0 
-110 -544 833 0 
-169 54 552 0 
469 727 249 0 
37 472 677 0 
665 190 -177 0 
-100 -447 -965 0 
363 101 274 0 
-633 900 -987 0 
645 -957 -634 0 
733 -910 -98 0 
36 587 -149 0 
-504 -186 -168 0 
-197 -170 -630 0 
441 -3 -180 0 
-66 -841 457 0 
915 -439 884 0 
-732 211 -102 0 
-462 -678 -524 0 
-297 514 -91 0 
-391 486 -662 0 
439 694 -499 0 
-695 -997 -425 0 
989 -294 -936 0 
528 644 -159 0 
-402 478 604 0 
892 208 -379 0 
-856 737 -879 0 
31 395 244 0 
-524 -327 -270 0 
-313 737 -907 0 
474 445 -748 0 
563 577 -778 0 
656 -558 -781 0 
-371 -11 -865 0 
-500 684 -335 0 
901 -194 -472 0 
-201 -387 338 0 
628 787 198 0 
-75 212 234 0 
478 -924 564 0 
-49 966 -233 0 
-138 224 603 0 
910 362 23 0 
-508 -896 -553 0 
989 99 704 0 
-652 -387 593 0 
-211 -428 -488 0 
-174 988 -64 0 
-390 -305 288 0 
-643 -176 902 0 
355 -129 -63 0 
-636 -595 990 0 
-932 521 402 0 
-385 529 -981 0 
-885 -673 -249 0 
583 -194 281 0 
-653 -937 -828 0 
-543 -967 443 0 
-652 903 -472 0 
386 -451 153 0 
-51 -713 -443 0 
-424 49 -850 0 
-389 -610 650 0 
71 28 349 0 
-513 -971 443 0 
-436 162 -391 0 
356 224 -923 0 
980 -333 -684 0 
230 -190 -148 0 
580 -84 -508 0 
-286 -971 837 0 
303 382 990 0 
-452 297 -479 0 
632 -535 510 0 
-489 28 835 0 
753 -531 155 0 
-99 -760 -848 0 
648 821 939 0 
811 104 -186 0 
388 792 -46 0 
233 -104 330 0 
-775 417 691 0 
-743 -96 -711 0 
93 32 -348 0 
541 542 -17 0 
-127 -117 247 0 
128 517 -325 0 
674 555 690 0 
558 -95 141 0 
397 209 -627 0 
-657 -336 -196 0 
203 121 -154 0 
-385 266 395 0 
108 539 -323 0 
183 -755 -235 0 
-427 315 35 0 
800 -200 398 0 
-990 273 932 0 
-496 -251 -148 0 
-704 -162 401 0 
-655 -395 879 0 
-158 -300 718 0 
304 -361 -713 0 
-198 161 148 0 
782 586 -195 0 
-113 -481 875 0 
-329 -21 -679 0 
490 -398 558 0 
-65 589 -157 0 
270 -527 305 0 
-819 295 -332 0 
-193 713 462 0 
884 848 169 0 
-85 -211 -36 0 
655 -412 -612 0 
522 640 746 0 
-182 95 -772 0 
841 -523 -4 0 
-721 -862 152 0 
954 662 -465 0 
592 -274 -804 0 
-964 -557 -359 0 
-986 21 -70 0 
120 132 -984 0 
-92 330 133 0 
-109 982 -695 0 
443 200 814 0 
126 82 391 0 
-716 835 761 0 
-101 -279 -751 0 
365 605 -834 0 
980 547 443 0 
-841 905 -322 0 
109 446 -849 0 
-42 865 89 0 
96 143 367 0 
-640 -697 226 0 
770 -889 -827 0 
645 -979 495 0 
-567 -98 -772 0 
-951 913 -795 0 
-113 295 -539 0 
-947 28 154 0 
-720 -712 -978 0 
-198 296 -118 0 
311 -633 71 0 
-934 938 634 0 
60 23 677 0 
782 527 -947 0 
889 -962 -379 0 
158 -139 515 0 
-476 -617 -130 0 
-637 -910 -881 0 
196 953 -223 0 
-777 -482 22 0 
-112 546 233 0 
336 617 -147 0 
691 481 -907 0 
-229 -377 156 0 
-250 -825 770 0 
627 77 867 0 
-16 758 96 0 
-8 -24 322 0 
946 998 490 0 
697 229 533 0 
727 326 -893 0 
165 593 -477 0 
-357 191 489 0 
630 -969 997 0 
333 214 -123 0 
657 453 -61 0 
-971 224 -446 0 
438 808 -911 0 
-485 -300 -867 0 
747 185 -630 0 
-633 -875 206 0 
467 -857 -518 0 
992 -423 668 0 
308 832 143 0 
-607 322 32 0 
-210 188 288 0 
222 798 -541 0 
-430 -634 615 0 
228 96 415 0 
-16 852 481 0 
970 -68 -592 0 
429 989 -403 0 
-948 144 -761 0 
552 822 -472 0 
665 -996 136 0 
462 920 40 0 
-88 46 -328 0 
-294 242 166 0 
-899 980 -762 0 
540 -662 -104 0 
148 412 439 0 
-454 -68 -967 0 
-351 784 -544 0 
928 -302 -455 0 
-802 630 -132 0 
871 65 103 0 
-351 37 718 0 
978 942 -133 0 
726 -525 -369 0 
795 780 -278 0 
-286 -333 38 0 
654 -872 523 0 
238 463 559 0 
-954 -736 105 0 
439 -44 175 0 
-335 -202 967 0 
-864 395 933 0 
469 776 584 0 
-465 699 864 0 
-413 -461 94 0 
-309 -149 19 0 
895 970 998 0 
-335 279 -148 0 
-25 -79 -111 0 
664 -930 -341 0 
-714 -908 563 0 
-943 713 -940 0 
208 506 220 0 
401 736 890 0 
236 -443 -532 0 
30 -865 930 0 
-642 893 748 0 
555 -499 -973 0 
-444 160 -93 0 
43 -125 643 0 
-36 989 188 0 
-477 -209 -736 0 
-126 929 -976 0 
868 -234 850 0 
-157 91 -981 0 
861 61 410 0 
112 -95 -63 0 
-303 -948 557 0 
884 155 508 0 
-518 -475 719 0 
-807 896 444 0 
805 -172 963 0 
893 884 -845 0 
309 -41 895 0 
363 469 -733 0 
-363 183 718 0 
-742 -932 518 0 
-592 -307 -896 0 
194 -688 -314 0 
988 973 482 0 
143 -969 682 0 
-642 -959 737 0 
590 820 -333 0 
-202 614 953 0 
972 -365 -497 0 
-114 684 -980 0 
715 -129 -252 0 
-702 113 512 0 
331 916 737 0 
8 185 403 0 
-259 653 -16 0 
165 19 -13 0 
-989 -926 817 0 
923 -213 960 0 
-556 -289 -128 0 
-413 -921 -147 0 
-330 -267 950 0 
459 -12 -241 0 
196 -256 -154 0 
220 -247 936 0 
-807 -919 -763 0 
265 -222 -135 0 
-939 -246 218 0 
194 20 889 0 
586 -96 -350 0 
-250 67 -468 0 
711 486 196 0 
463 -25 860 0 
387 -344 -684 0 
897 -146 658 0 
378 279 789 0 
-150 -181 -72 0 
-124 -212 -292 0 
753 175 -687 0 
-69 633 -947 0 
167 595 -270 0 
697 -407 361 0 
675 335 328 0 
-985 -916 479 0 
-945 -280 68 0 
203 367 560 0 
640 -166 -491 0 
-866 -774 426 0 
-626 505 -903 0 
142 977 -216 0 
-83 126 891 0 
263 -656 201 0 
847 67 886 0 
-858 -97 -855 0 
9 69 -687 0 
537 -819 287 0 
235 -58 735 0 
-165 253 695 0 
159 -302 732 0 
-829 148 340 0 
902 805 -613 0 
-292 -597 -191 0 
-141 -152 417 0 
-700 -518 670 0 
86 649 488 0 
41 482 -875 0 
970 881 -245 0 
-697 608 -176 0 
-388 -701 -751 0 
-170 -188 -719 0 
-499 850 907 0 
-439 -740 -769 0 
-533 -765 -447 0 
-929 -238 -795 0 
592 365 -600 0 
968 -688 -185 0 
-409 952 -930 0 
-10 -648 3 0 
-913 744 -279 0 
264 -867 712 0 
-11 15 831 0 
-443 -432 -305 0 
775 -532 821 0 
-63 748 767 0 
964 -890 -535 0 
-73 462 -934 0 
785 -93 156 0 
400 -856 -375 0 
-815 131 -743 0 
-124 212 833 0 
-935 -168 -232 0 
-685 -72 -867 0 
-454 -369 204 0 
766 -784 299 0 
-911 612 -888 0 
-615 -30 -11 0 
-648 573 863 0 
-964 972 567 0 
956 -752 528 0 
-613 -240 513 0 
-495 654 184 0 
924 -994 270 0 
-824 864 -895 0 
-416 850 943 0 
-202 476 -419 0 
501 538 465 0 
672 328 -656 0 
116 -98 -352 0 
-499 139 492 0 
-845 311 414 0 
-132 -950 843 0 
581 -536 279 0 
268 -76 -33 0 
-897 291 303 0 
126 128 -283 0 
633 -422 658 0 
-720 844 -546 0 
-455 472 143 0 
929 853 583 0 
-370 -484 862 0 
308 -865 307 0 
-945 -24 367 0 
-695 -532 -76 0 
-553 15 967 0 
-362 -83 966 0 
779 915 -28 0 
605 738 626 0 
-919 412 -987 0 
-636 804 621 0 
907 670 15 0 
-47 -479 537 0 
940 -355 -498 0 
-94 -243 316 0 
211 11 960 0 
-346 385 50 0 
436 604 -561 0 
-481 -99 82 0 
-882 876 -98 0 
432 799 -833 0 
-765 721 -366 0 
302 -514 941 0 
239 -620 -651 0 
-768 920 428 0 
666 -322 -222 0 
822 381 -775 0 
-482 622 -775 0 
-898 148 994 0 
-689 -569 712 0 
-370 -57 24 0 
-847 38 -296 0 
-850 548 206 0 
270 -359 836 0 
-33 568 923 0 
-638 720 763 0 
-257 -175 -144 0 
198 475 -47 0 
-91 881 -429 0 
2 -52 -955 0 
968 64 -893 0 
891 398 -259 0 
771 -371 -228 0 
157 -735 -54 0 
417 -295 298 0 
235 -1000 21 0 
-524 577 56 0 
971 774 -776 0 
750 -574 570 0 
471 734 51 0 
158 189 831 0 
-596 -265 -542 0 
802 981 700 0 
678 -56 -372 0 
-808 -720 -612 0 
-79 66 824 0 
794 -362 655 0 
726 -657 744 0 
-963 978 -859 0 
-729 -798 763 0 
-135 376 -883 0 
322 95 -829 0 
-167 768 751 0 
359 771 936 0 
112 -489 -852 0 
-992 -11 130 0 
557 -245 82 0 
530 535 465 0 
-646 -266 -148 0 
-988 -841 985 0 
563 605 -19 0 
936 744 658 0 
294 -85 -215 0 
287 658 891 0 
697 431 -996 0 
477 748 -863 0 
-149 53 945 0 
-590 -981 998 0 
83 -539 846 0 
417 856 -419 0 
-309 -924 370 0 
-999 -451 -864 0 
-866 -488 114 0 
668 452 983 0 
-899 143 856 0 
-937 843 -200 0 
648 247 885 0 
-154 -812 185 0 
833 382 -679 0 
463 668 -923 0 
-180 918 -816 0 
419 612 -262 0 
273 -586 -576 0 
118 -315 742 0 
-887 274 -616 0 
-98 -864 262 0 
-72 -32 -643 0 
908 207 701 0 
-792 841 752 0 
-77 18 585 0 
248 -543 936 0 
852 442 485 0 
810 74 -437 0 
-452 -133 494 0 
-703 -878 451 0 
-293 661 -415 0 
-575 568 184 0 
-370 270 449 0 
944 693 186 0 
-320 -260 614 0 
827 570 401 0 
-319 24 -496 0 
850 777 496 0 
-624 -784 -551 0 
-102 880 -892 0 
869 -977 629 0 
377 340 -284 0 
202 539 -385 0 
-495 -711 31 0 
-333 -933 15 0 
750 639 -1 0 
-242 316 -83 0 
-102 -819 -852 0 
-108 -411 214 0 
-42 422 51 0 
301 -359 937 0 
-580 207 -223 0 
769 -463 -510 0 
-679 -535 -28 0 
247 813 -848 0 
-769 -601 -788 0 
-525 -619 907 0 
509 860 862 0 
100 -710 -203 0 
700 -334 -848 0 
301 -748 442 0 
529 -865 -960 0 
-8 460 690 0 
-335 -70 580 0 
-458 -486 524 0 
354 236 678 0 
-922 -256 -672 0 
537 -751 -432 0 
875 763 315 0 
-303 -304 -762 0 
-110 -643 -411 0 
-478 319 -944 0 
125 51 -853 0 
876 449 37 0 
156 -540 -121 0 
570 32 -609 0 
-722 974 330 0 
-554 -417 787 0 
621 194 464 0 
716 616 253 0 
-150 -885 -658 0 
-540 -213 -137 0 
878 455 176 0 
-792 253 908 0 
23 197 -87 0 
196 -691 -280 0 
146 -469 983 0 
500 899 477 0 
-725 -57 -675 0 
174 -957 147 0 
567 -248 -870 0 
808 915 908 0 
802 570 -761 0 
371 -765 -363 0 
254 -211 640 0 
105 -852 35 0 
-86 -742 -153 0 
466 -54 492 0 
-858 338 -926 0 
-518 -1 -7 0 
-312 -983 231 0 
491 -478 312 0 
828 -369 358 0 
221 668 445 0 
704 -902 -607 0 
-660 -696 338 0 
-150 -370 -776 0 
-692 732 1 0 
192 -987 -410 0 
887 -211 851 0 
-626 824 211 0 
-572 764 515 0 
829 67 -668 0 
375 -382 -931 0 
302 274 666 0 
317 692 -356 0 
211 514 -105 0 
506 807 -160 0 
366 85 698 0 
-48 -798 -985 0 
-309 -813 266 0 
-280 303 -357 0 
460 49 -831 0 
776 -567 -127 0 
55 613 538 0 
-476 5 -686 0 
937 492 544 0 
-250 -441 -733 0 
-451 35 797 0 
-410 -663 -643 0 
381 -563 -709 0 
-715 164 -367 0 
980 -932 -695 0 
-252 -755 -834 0 
765 308 967 0 
-453 212 654 0 
-955 940 801 0 
-957 687 216 0 
478 -773 -751 0 
-739 -389 446 0 
-528 -694 256 0 
-706 485 -678 0 
245 212 95 0 
601 -857 141 0 
-854 369 237 0 
-184 508 803 0 
-94 64 595 0 
254 -91 -797 0 
414 110 -699 0 
-260 565 -886 0 
-168 301 -292 0 
555 -377 814 0 
604 494 -661 0 
-7 -655 418 0 
845 -31 924 0 
754 -63 606 0 
-356 -957 -509 0 
-985 -828 -8 0 
-161 -523 -252 0 
543 440 -151 0 
-935 886 -58 0 
151 -23 -880 0 
-576 -957 -694 0 
228 363 -890 0 
-51 891 250 0 
-950 193 772 0 
-380 532 -768 0 
756 -695 -732 0 
-644 -842 -21 0 
983 -358 -864 0 
701 -588 662 0 
-642 269 313 0 
-380 727 -294 0 
731 -759 642 0 
-719 990 10 0 
966 650 -432 0 
270 662 -500 0 
-654 -6 -878 0 
315 261 -626 0 
627 -108 -703 0 
531 -430 346 0 
-456 -826 8 0 
616 -819 -893 0 
57 515 511 0 
-557 265 238 0 
739 -89 88 0 
441 648 621 0 
-743 995 631 0 
-381 -727 443 0 
318 966 -708 0 
457 566 -61 0 
576 -523 505 0 
24 -139 -287 0 
968 -286 734 0 
757 -193 263 0 
391 509 881 0 
-382 -79 -229 0 
841 314 568 0 
188 226 -745 0 
-807 21 388 0 
745 -128 -633 0 
-111 127 934 0 
788 -22 667 0 
-246 -811 -59 0 
808 608 175 0 
17 495 280 0 
605 675 -390 0 
576 527 -221 0 
110 952 458 0 
629 50 -659 0 
-305 438 765 0 
543 709 539 0 
-673 329 439 0 
-693 538 389 0 
494 677 825 0 
537 -952 -747 0 
674 -772 -889 0 
76 -942 -19 0 
230 989 -728 0 
-407 -135 720 0 
262 -387 -202 0 
72 -197 819 0 
532 -726 -347 0 
556 -974 -537 0 
710 -29 150 0 
-866 -741 238 0 
893 739 98 0 
50 890 -39 0 
-601 123 -910 0 
418 -600 223 0 
-930 810 -220 0 
868 -351 12 0 
-988 188 24 0 
-302 -233 -894 0 
-682 -80 981 0 
581 -273 845 0 
-518 213 -468 0 
113 572 958 0 
940 642 -379 0 
-404 -442 460 0 
-186 264 618 0 
69 548 -351 0 
-802 590 -445 0 
-970 -939 -594 0 
935 919 -742 0 
-490 -159 -158 0 
926 -180 -779 0 
-424 81 -690 0 
-177 815 -824 0 
841 374 -171 0 
-288 -916 -159 0 
-490 -127 287 0 
206 -991 330 0 
835 -251 -44 0 
758 838 -835 0 
-629 -30 45 0 
103 612 73 0 
-619 -770 394 0 
630 693 -270 0 
-379 325 -506 0 
-614 -251 -994 0 
101 -984 938 0 
-21 8 355 0 
818 83 813 0 
-314 798 -446 0 
-601 191 236 0 
464 554 491 0 
15 -193 -199 0 
258 -621 738 0 
-323 568 324 0 
-220 870 699 0 
388 692 -818 0 
-594 672 411 0 
-913 -173 -870 0 
-502 -322 837 0 
300 953 -269 0 
-293 -64 -535 0 
-444 -437 54 0 
844 -128 936 0 
390 -481 55 0 
-444 71 371 0 
-933 628 65 0 
569 -624 743 0 
-314 -398 -726 0 
-726 -264 746 0 
-963 -131 442 0 
751 -75 590 0 
-859 986 823 0 
5 -394 -667 0 
325 57 -141 0 
-330 -287 627 0 
318 420 -199 0 
-727 423 -270 0 
-14 -545 337 0 
-469 -273 -816 0 
-286 -861 661 0 
842 -6 622 0 
19 -966 601 0 
563 585 152 0 
693 887 -38 0 
-240 -66 -366 0 
3 -891 -485 0 
-888 -302 -587 0 
-666 299 -78 0 
843 710 -628 0 
163 -126 -889 0 
643 12 -870 0 
332 -877 -878 0 
-319 42 368 0 
467 -580 -728 0 
469 -162 73 0 
113 -170 -131 0 
-658 308 948 0 
-431 -4 212 0 
-88 924 432 0 
390 -95 198 0 
314 225 989 0 
-165 -877 -853 0 
-595 -297 -639 0 
387 -88 -729 0 
-298 404 -309 0 
-687 182 -901 0 
-138 -546 -550 0 
974 -322 -226 0 
-306 -37 -89 0 
-496 -784 626 0 
-258 -763 -105 0 
-552 626 631 0 
-592 -441 2 0 
836 -490 697 0 
406 -403 239 0 
-752 59 335 0 
208 497 -114 0 
507 738 923 0 
-360 -354 33 0 
30 -24 65 0 
-161 -402 5 0 
293 -980 -733 0 
-172 581 887 0 
-446 563 -579 0 
-100 -287 46 0 
392 -524 177 0 
774 614 -898 0 
-114 -424 -161 0 
796 501 913 0 
-335 -827 -64 0 
-747 -924 235 0 
241 550 -468 0 
-624 -225 360 0 
-350 817 303 0 
991 -443 954 0 
-380 610 458 0 
576 -37 -364 0 
458 545 -367 0 
773 -65 -444 0 
870 360 -443 0 
-75 791 -945 0 
931 -696 -755 0 
221 637 -899 0 
857 -984 497 0 
-139 174 1 0 
714 821 717 0 
-550 -734 -539 0 
-469 -564 -483 0 
-479 734 557 0 
231 796 -537 0 
-192 -189 -359 0 
229 -352 118 0 
-857 -206 710 0 
-35 -338 -929 0 
-791 -465 142 0 
-731 849 554 0 
475 196 773 0 
286 -884 531 0 
594 416 -323 0 
495 -211 -482 0 
-870 645 911 0 
-734 122 617 0 
220 184 -945 0 
-919 790 412 0 
-502 -124 -821 0 
946 -340 -661 0 
938 673 -760 0 
338 -187 422 0 
388 130 187 0 
-230 -343 -17 0 
884 357 -894 0 
-344 810 -127 0 
-996 -722 304 0 
-618 -454 -724 0 
-886 73 848 0 
356 199 447 0 
-195 372 762 0 
103 -105 -352 0 
-664 133 -222 0 
659 658 -379 0 
875 426 336 0 
787 688 873 0 
827 3 -186 0 
-538 806 -59 0 
90 -292 641 0 
-850 -373 -794 0 
-255 451 529 0 
-832 318 96 0 
775 -622 -401 0 
909 -933 -176 0 
-719 505 -402 0 
-937 450 -421 0 
-611 481 744 0 
-236 -877 738 0 
-275 245 -811 0 
-124 809 38 0 
358 442 -944 0 
-970 548 -113 0 
-249 -984 -149 0 
556 707 -617 0 
255 -508 531 0 
407 -560 -519 0 
452 -659 -309 0 
-62 -781 795 0 
-404 974 -69 0 
-829 68 -420 0 
834 865 -244 0 
753 -810 -583 0 
704 84 -621 0 
-879 -395 743 0 
989 517 406 0 
-712 -798 986 0 
594 269 732 0 
567 -378 624 0 
953 -790 -30 0 
187 -369 -561 0 
-791 923 -135 0 
629 983 -953 0 
-608 619 466 0 
-487 497 -621 0 
433 931 -228 0 
-375 186 -280 0 
-311 967 -96 0 
329 385 419 0 
840 -715 -632 0 
-30 982 652 0 
634 945 -892 0 
-2 -107 355 0 
96 276 -823 0 
242 -177 -672 0 
237 693 544 0 
533 -546 -173 0 
-852 -94 181 0 
-80 -862 -339 0 
-289 -992 84 0 
503 -841 -304 0 
338 -48 -760 0 
127 -572 -937 0 
983 -691 -954 0 
126 92 -451 0 
584 -880 -725 0 
-751 -447 505 0 
-379 659 -143 0 
-58 -21 -549 0 
984 -744 -491 0 
221 -923 -755 0 
173 -464 -171 0 
-413 -232 -561 0 
529 -863 -63 0 
-953 -510 120 0 
-81 -842 482 0 
894 -254 -427 0 
-230 -128 295 0 
-256 -26 -231 0 
666 -993 96 0 
510 -605 -633 0 
629 -979 546 0 
753 806 -326 0 
-644 -493 987 0 
-200 -654 22 0 
279 847 -751 0 
-152 524 135 0 
-401 -706 125 0 
42 677 -62 0 
251 845 573 0 
725 888 267 0 
126 967 434 0 
509 -826 -790 0 
-439 -540 -850 0 
-270 274 351 0 
-925 658 599 0 
-582 972 -151 0 
-434 830 -474 0 
568 373 233 0 
-627 -664 655 0 
229 622 585 0 
2 -26 371 0 
-696 31 441 0 
395 -716 517 0 
-344 34 -467 0 
-115 765 -233 0 
534 -605 -213 0 
609 351 -253 0 
-635 -934 706 0 
581 989 620 0 
-971 623 785 0 
-253 129 508 0 
810 -566 -424 0 
855 298 -628 0 
659 -161 597 0 
-153 819 658 0 
598 -476 190 0 
-941 138 -734 0 
337 -734 61 0 
-250 -434 -615 0 
-122 -314 -533 0 
624 39 -369 0 
944 727 -88 0 
935 737 -645 0 
424 -608 -575 0 
-776 262 612 0 
166 -815 -388 0 
276 243 -960 0 
903 520 118 0 
-813 -125 -574 0 
-235 -531 -149 0 
-382 506 -59 0 
864 970 975 0 
312 455 -659 0 
566 -674 638 0 
343 -847 238 0 
536 -806 726 0 
-250 384 131 0 
-774 -931 476 0 
-232 -577 506 0 
-582 774 -225 0 
939 -252 255 0 
536 -783 -924 0 
-698 881 341 0 
569 -25 1 0 
756 723 -689 0 
297 438 -654 0 
-18 529 150 0 
339 854 376 0 
-68 855 -60 0 
196 -919 -748 0 
629 -30 612 0 
124 168 -104 0 
-49 269 -425 0 
-782 550 842 0 
-131 474 901 0 
585 248 -95 0 
154 -451 -218 0 
-31 152 -185 0 
746 47 -177 0 
-697 515 406 0 
836 -775 -710 0 
313 -645 -635 0 
-469 -971 217 0 
224 -339 570 0 
-919 48 -801 0 
-398 184 942 0 
895 312 538 0 
-458 -692 -722 0 
-189 -474 -339 0 
418 -457 548 0 
-249 482 -998 0 
961 603 -644 0 
-141 945 -667 0 
-846 -211 294 0 
-417 183 774 0 
11 -144 -911 0 
508 354 -443 0 
-428 -482 -502 0 
724 -981 -702 0 
37 -914 -895 0 
129 850 -817 0 
681 -457 237 0 
-770 585 -224 0 
364 653 -700 0 
599 797 -183 0 
296 -726 85 0 
334 -864 -572 0 
-739 -828 17 0 
407 262 859 0 
484 805 -365 0 
434 192 -416 0 
977 747 202 0 
97 552 -39 0 
-192 193 -187 0 
-772 905 629 0 
-781 64 -60 0 
794 506 406 0 
856 387 898 0 
-129 612 290 0 
443 361 -92 0 
601 634 -119 0 
-847 296 413 0 
569 -289 -5 0 
-286 399 -248 0 
792 745 866 0 
-855 -485 -361 0 
568 -422 126 0 
-135 984 -350 0 
-244 -187 776 0 
65 -489 -559 0 
804 -169 -951 0 
830 -609 -640 0 
290 381 -198 0 
-270 -286 -24 0 
-440 -564 -498 0 
440 -158 739 0 
-951 -587 20 0 
-846 690 734 0 
60 -35 -651 0 
-926 197 -468 0 
80 20 -336 0 
-112 437 52 0 
-229 -793 -851 0 
-427 -654 896 0 
-236 46 -802 0 
102 37 -905 0 
776 513 -412 0 
767 63 -196 0 
74 -287 -20 0 
357 -799 123 0 
-269 577 930 0 
635 510 -359 0 
-770 -947 295 0 
907 3 -155 0 
201 -210 531 0 
782 71 503 0 
-206 415 276 0 
834 -412 124 0 
154 -269 690 0 
-912 989 -8 0 
-426 154 -671 0 
-207 -210 406 0 
-817 -65 -761 0 
661 770 -101 0 
164 -604 -95 0 
-679 -568 871 0 
314 -438 762 0 
966 -809 -445 0 
384 -652 -385 0 
142 -805 467 0 
-9 121 675 0 
353 -495 919 0 
722 -313 848 0 
835 427 -209 0 
-959 -29 -221 0 
-982 -848 751 0 
-7 431 -621 0 
-646 -408 616 0 
-752 435 859 0 
-901 264 -807 0 
-560 -601 -885 0 
-332 -108 -775 0 
52 778 -29 0 
359 492 -500 0 
854 -720 298 0 
-989 -591 -742 0 
385 499 9 0 
-366 647 543 0 
-732 938 899 0 
834 889 527 0 
236 -251 -109 0 
261 -400 852 0 
-68 -765 396 0 
12 7 246 0 
-782 -376 -564 0 
-490 -95 -623 0 
-703 178 837 0 
856 -192 -340 0 
670 -860 -797 0 
836 10 -299 0 
555 -293 69 0 
-695 -928 98 0 
-355 816 360 0 
-131 13 -215 0 
244 -219 718 0 
123 -23 -490 0 
164 -17 -203 0 
-386 968 -986 0 
-804 233 -344 0 
-91 -270 -678 0 
744 249 529 0 
402 -447 -626 0 
-733 -826 521 0 
-451 118 -101 0 
652 -997 262 0 
-977 -279 610 0 
474 946 552 0 
-179 -569 278 0 
187 361 -388 0 
-166 -159 456 0 
894 -710 345 0 
-268 626 471 0 
-352 -969 114 0 
-851 -747 227 0 
795 -865 -792 0 
-737 625 945 0 
100 -828 476 0 
454 635 75 0 
-754 186 488 0 
664 655 -921 0 
-846 262 964 0 
116 478 79 0 
-229 -361 775 0 
806 214 -305 0 
868 -643 652 0 
294 -111 -899 0 
-22 -163 -806 0 
-748 -297 -348 0 
-159 309 545 0 
850 939 -287 0 
651 727 -577 0 
-557 430 -492 0 
247 180 -387 0 
-476 86 -399 0 
-171 -339 -145 0 
558 -107 977 0 
-465 135 -703 0 
672 273 -638 0 
701 -761 -539 0 
902 116 -450 0 
-603 -418 955 0 
-83 837 -823 0 
-423 734 783 0 
518 -433 -348 0 
614 12 337 0 
-787 520 -349 0 
909 490 -117 0 
-237 -120 -724 0 
-170 -294 610 0 
-43 949 136 0 
948 270 -292 0 
-1000 147 182 0 
-886 -518 -443 0 
361 -649 732 0 
804 891 71 0 
200 136 -968 0 
777 -572 204 0 
318 505 -813 0 
506 118 -275 0 
349 650 -842 0 
-504 616 120 0 
-828 -141 -961 0 
-995 566 325 0 
-508 205 -994 0 
562 210 625 0 
-218 -987 -59 0 
-853 -395 -388 0 
29 -392 157 0 
-409 200 419 0 
-709 -780 -511 0 
-237 -12 -971 0 
-159 969 -3 0 
351 -418 383 0 
195 509 -869 0 
-655 384 -284 0 
-879 460 266 0 
-437 536 -647 0 
-694 538 -726 0 
922 208 419 0 
79 120 309 0 
436 594 967 0 
579 -166 -853 0 
-739 190 747 0 
66 -210 -242 0 
-76 78 -653 0 
-441 -528 748 0 
95 -547 -765 0 
135 -31 239 0 
-858 706 -445 0 
393 -186 -694 0 
-235 238 82 0 
437 914 941 0 
-454 56 956 0 
-520 -561 -958 0 
-602 684 -722 0 
825 195 263 0 
828 128 620 0 
971 12 -697 0 
323 -842 249 0 
-731 -690 781 0 
648 -385 974 0 
-322 -229 417 0 
-995 -432 -649 0 
-731 870 -619 0 
-158 -153 -342 0 
561 887 -140 0 
547 -915 967 0 
-949 848 90 0 
986 283 -554 0 
782 628 659 0 
641 -221 153 0 
486 -553 -840 0 
703 -43 828 0 
378 -813 -128 0 
428 699 -546 0 
490 -571 160 0 
-959 866 969 0 
293 621 -342 0 
-73 -292 726 0 
-450 -587 -306 0 
938 -120 320 0 
-32 -423 630 0 
-733 564 -25 0 
-42 -591 896 0 
-893 598 15 0 
501 419 117 0 
264 891 -424 0 
839 -164 -947 0 
557 498 -391 0 
-383 -787 638 0 
-481 -452 916 0 
909 238 335 0 
-690 5 206 0 
499 35 -959 0 
111 -656 -331 0 
-288 -522 267 0 
333 -769 126 0 
-734 504 -431 0 
-569 -587 977 0 
103 15 18 0 
269 -700 -336 0 
-991 -77 424 0 
-253 530 648 0 
300 98 117 0 
321 -638 -647 0 
280 624 74 0 
945 267 340 0 
2 881 543 0 
854 165 937 0 
-169 -614 26 0 
-230 665 -500 0 
-325 720 660 0 
-138 261 119 0 
714 -1 797 0 
-904 136 -465 0 
-524 643 466 0 
-633 -795 843 0 
412 368 145 0 
-348 -628 619 0 
-686 -73 -581 0 
-405 -812 766 0 
876 -723 -358 0 
-865 697 598 0 
258 -684 -365 0 
210 552 724 0 
-370 -604 145 0 
-46 530 221 0 
47 591 557 0 
944 -523 625 0 
-342 -902 642 0 
-204 338 -913 0 
510 -801 -936 0 
776 -60 -442 0 
858 -476 572 0 
-419 331 93 0 
95 451 -130 0 
425 -282 -89 0 
356 588 509 0 
418 -751 -156 0 
-891 101 -86 0 
-690 745 817 0 
-337 29 -368 0 
744 367 -477 0 
713 -943 -346 0 
782 757 578 0 
309 22 -204 0 
609 -342 649 0 
-965 260 188 0 
111 697 357 0 
-155 -817 -573 0 
-825 -821 632 0 
640 -262 -853 0 
664 -552 500 0 
688 317 -164 0 
-673 604 -113 0 
240 772 -729 0 
915 285 823 0 
-141 -778 64 0 
-5 -813 -726 0 
-698 823 913 0 
960 -952 -442 0 
-997 460 733 0 
-146 -327 -572 0 
-772 422 376 0 
-842 -782 -24 0 
867 447 -343 0 
517 31 907 0 
439 -89 150 0 
32 211 -793 0 
22 -627 336 0 
-943 -484 479 0 
53 28 -640 0 
-908 237 392 0 
52 178 -190 0 
858 -435 -630 0 
-151 -39 -865 0 
253 818 92 0 
-7 -867 -774 0 
913 -222 564 0 
922 -662 407 0 
-559 -868 -513 0 
-265 368 44 0 
-218 875 715 0 
726 -721 606 0 
468 679 280 0 
-269 454 -723 0 
-948 -946 -934 0 
-353 -966 794 0 
565 979 738 0 
-722 939 758 0 
483 -245 595 0 
-559 541 158 0 
578 -546 298 0 
-235 878 441 0 
-239 -320 768 0 
-68 -627 284 0 
-164 -594 828 0 
354 -533 983 0 
-441 87 -465 0 
-550 -784 -652 0 
565 -737 -273 0 
847 351 314 0 
120 -869 -960 0 
-981 -942 -362 0 
-743 748 -425 0 
-597 -44 101 0 
-36 348 337 0 
-720 -266 -497 0 
817 539 -470 0 
-744 623 -753 0 
-349 -140 506 0 
-293 -369 -646 0 
-967 610 -885 0 
-187 -503 963 0 
-285 562 -506 0 
885 -421 190 0 
529 -858 -159 0 
-54 -299 3 0 
330 -443 -891 0 
59 -416 440 0 
-963 889 -276 0 
-718 -326 609 0 
-26 982 -288 0 
710 -859 663 0 
294 -223 -693 0 
368 475 -414 0 
823 -668 -675 0 
-52 628 -880 0 
920 317 -57 0 
129 -846 750 0 
-720 267 -757 0 
-676 278 -881 0 
713 696 -903 0 
35 -697 -929 0 
61 -994 -422 0 
-720 -150 -460 0 
321 -180 -375 0 
547 -35 982 0 
-192 -295 -293 0 
715 -491 99 0 
135 -781 -184 0 
917 864 340 0 
-230 466 -857 0 
999 -572 77 0 
216 426 984 0 
598 -24 -321 0 
-148 -563 568 0 
698 174 993 0 
105 -617 -640 0 
-450 -32 617 0 
212 455 -708 0 
-872 -34 -656 0 
-747 -545 -910 0 
257 -477 -62 0 
-891 524 333 0 
52 673 135 0 
-57 214 -819 0 
-820 526 -639 0 
989 584 299 0 
-625 668 -966 0 
307 -511 -997 0 
320 326 -580 0 
973 -387 744 0 
770 -147 33 0 
267 -894 -750 0 
346 973 -563 0 
-972 488 -878 0 
360 -744 802 0 
619 -424 -787 0 
-793 704 274 0 
218 755 -292 0 
323 628 -692 0 
736 7 -854 0 
-257 222 130 0 
445 -516 873 0 
621 -372 -441 0 
-853 -590 74 0 
-326 -941 -633 0 
65 822 872 0 
278 547 -565 0 
168 -393 -202 0 
-470 294 241 0 
547 -422 -534 0 
-978 759 -941 0 
957 -194 55 0 
-231 -2 -17 0 
-39 966 -957 0 
409 -220 898 0 
-415 969 989 0 
-461 -926 277 0 
663 -501 -450 0 
560 280 518 0 
158 445 840 0 
155 -781 -357 0 
344 314 -332 0 
-521 407 -785 0 
579 474 -607 0 
794 561 218 0 
956 268 -7 0 
-608 30 -597 0 
114 -506 16 0 
-398 889 474 0 
-394 -163 74 0 
-366 296 414 0 
-588 962 -677 0 
236 751 67 0 
469 -832 -42 0 
-923 -856 555 0 
-300 -524 -691 0 
529 -728 184 0 
-597 870 560 0 
152 590 -860 0 
68 -26 -522 0 
367 751 568 0 
308 -803 480 0 
-375 45 -461 0 
-730 234 -748 0 
-689 996 312 0 
481 -491 458 0 
-298 -246 -661 0 
-691 120 171 0 
537 504 780 0 
-452 619 663 0 
-145 -583 595 0 
309 852 -696 0 
-836 -418 693 0 
39 127 136 0 
-900 -213 -158 0 
-533 811 917 0 
-989 -463 -771 0 
-948 367 525 0 
-931 231 221 0 
87 92 -522 0 
-585 -785 -72 0 
-894 -242 -611 0 
-532 980 -59 0 
228 -635 -805 0 
747 413 530 0 
-471 -58 -974 0 
880 458 -836 0 
352 225 -450 0 
646 336 -889 0 
-362 -335 611 0 
-486 786 -781 0 
658 -674 375 0 
243 -327 281 0 
55 381 -29 0 
-448 -546 193 0 
-6 -785 287 0 
347 -26 -397 0 
-860 -140 -879 0 
840 -330 708 0 
-17 -345 -475 0 
-162 -17 738 0 
270 809 84 0 
-608 -217 -244 0 
-84 480 -577 0 
-794 324 527 0 
-151 -578 950 0 
-366 129 -206 0 
695 556 421 0 
-398 629 -130 0 
-501 883 697 0 
-838 378 -537 0 
-178 -860 -630 0 
876 203 -819 0 
159 131 -371 0 
-999 -569 -176 0 
236 -434 -686 0 
159 752 -87 0 
62 679 -590 0 
-635 430 -383 0 
-867 921 -159 0 
-929 776 659 0 
771 685 -927 0 
803 -904 463 0 
933 -577 755 0 
229 -497 105 0 
568 366 703 0 
852 38 -778 0 
609 161 732 0 
74 -118 591 0 
429 -992 -896 0 
420 685 719 0 
198 -160 -907 0 
-783 -233 -861 0 
-651 -592 38 0 
-379 -422 -245 0 
487 257 599 0 
-158 -3 -520 0 
-880 996 500 0 
438 -84 803 0 
-7 -262 -595 0 
296 -779 998 0 
-471 -504 -163 0 
241 903 -417 0 
647 -521 -308 0 
738 -637 -684 0 
-685 51 328 0 
332 -125 364 0 
-85 273 633 0 
21 -382 -251 0 
-691 -964 669 0 
-111 -41 244 0 
-792 -501 526 0 
930 748 917 0 
-750 -53 -789 0 
-578 -132 -233 0 
-963 918 771 0 
851 -621 691 0 
-159 -623 504 0 
654 474 866 0 
-644 156 63 0 
928 -922 -895 0 
-438 -202 -997 0 
-510 -334 756 0 
654 -924 979 0 
-92 98 -794 0 
520 -283 -589 0 
-807 620 688 0 
496 686 526 0 
751 523 -585 0 
-870 -931 377 0 
-701 467 956 0 
445 -843 533 0 
221 -50 -975 0 
758 647 -929 0 
-825 810 -863 0 
376 -639 -697 0 
455 67 -909 0 
-496 699 470 0 
800 712 -727 0 
867 120 857 0 
-909 -136 -183 0 
635 790 621 0 
270 -202 548 0 
62 891 -130 0 
-836 -435 237 0 
684 -28 880 0 
-988 476 -569 0 
130 360 -33 0 
-67 -64 665 0 
-473 558 -188 0 
-487 -759 908 0 
-141 865 -798 0 
627 774 -740 0 
46 520 217 0 
979 719 -843 0 
139 682 -453 0 
629 -34 135 0 
173 947 292 0 
879 370 -82 0 
604 109 -540 0 
589 -54 -211 0 
352 230 313 0 
-958 -602 -186 0 
-227 -491 258 0 
828 107 749 0 
215 633 -877 0 
258 -471 759 0 
-599 -347 597 0 
-917 927 -31 0 
12 615 -156 0 
-395 653 969 0 
-807 -46 -543 0 
366 -543 584 0 
180 17 -626 0 
-319 478 541 0 
-389 -406 -999 0 
-191 -872 924 0 
512 -550 549 0 
936 -170 318 0 
-204 -903 361 0 
-610 -840 -552 0 
133 -292 437 0 
-839 123 -14 0 
-421 467 -794 0 
459 -147 -132 0 
826 732 -330 0 
934 201 493 0 
505 679 218 0 
-883 -166 194 0 
-637 -258 -775 0 
871 178 -142 0 
29 -776 -10 0 
-140 194 741 0 
563 925 -14 0 
506 47 -58 0 
110 -183 712 0 
-956 606 -85 0 
994 -229 -397 0 
437 913 -277 0 
-59 -469 -69 0 
-462 40 833 0 
-387 -592 -49 0 
706 592 535 0 
-656 946 -461 0 
811 862 -566 0 
-769 522 -108 0 
-829 790 -849 0 
46 -258 -448 0 
420 -76 183 0 
291 627 63 0 
-467 -407 -485 0 
583 -64 -915 0 
626 639 703 0 
-609 165 404 0 
-687 -806 948 0 
-86 848 802 0 
279 217 730 0 
977 701 -487 0 
-9 467 957 0 
830 776 -677 0 
12 -856 -509 0 
-17 421 -389 0 
420 956 426 0 
-120 873 -418 0 
295 -951 525 0 
-272 -963 77 0 
-117 -798 258 0 
-589 -623 547 0 
73 -99 879 0 
-852 461 -705 0 
468 352 -704 0 
-674 642 -38 0 
658 -957 838 0 
401 -309 526 0 
494 38 457 0 
-895 864 -787 0 
-17 241 735 0 
68 -215 -127 0 
-557 -409 -131 0 
228 -945 -96 0 
304 968 365 0 
-356 -545 -337 0 
-632 -258 -621 0 
-141 436 -44 0 
-639 -987 -952 0 
-246 77 643 0 
-281 571 -286 0 
701 -936 -207 0 
735 10 752 0 
-296 -377 -75 0 
-345 861 -308 0 
-103 649 588 0 
456 -701 -487 0 
586 -544 -274 0 
642 966 903 0 
286 25 250 0 
-565 -772 -248 0 
-274 725 358 0 
540 -866 -691 0 
258 615 -685 0 
656 -835 853 0 
741 -892 -148 0 
820 -446 212 0 
13 565 -488 0 
-349 -469 -785 0 
-951 -262 -656 0 
602 -90 -817 0 
-506 -594 -233 0 
6 477 -488 0 
-746 212 959 0 
152 -691 980 0 
-293 -334 895 0 
31 214 107 0 
-185 792 595 0 
358 -1000 382 0 
-815 -802 339 0 
541 -60 351 0 
370 826 -888 0 
-789 422 752 0 
8 -352 -94 0 
-899 -341 890 0 
864 -492 -391 0 
582 -15 584 0 
628 -828 199 0 
510 -836 -907 0 
-789 -696 997 0 
-407 359 272 0 
-81 -95 857 0 
-937 -185 -510 0 
87 -367 -775 0 
688 -657 -415 0 
-931 555 337 0 
497 549 -193 0 
88 -451 219 0 
-844 752 588 0 
-99 -200 -341 0 
225 100 468 0 
-275 609 314 0 
974 194 -903 0 
388 -62 -939 0 
554 295 -470 0 
-775 -946 -223 0 
974 826 -960 0 
-284 803 269 0 
54 -487 695 0 
-901 -350 -939 0 
750 445 -30 0 
-497 -697 -51 0 
823 -100 452 0 
-634 667 -630 0 
-424 442 668 0 
148 696 -975 0 
-656 -694 -845 0 
-192 77 -35 0 
139 -691 -595 0 
359 -861 -308 0 
811 405 -460 0 
-754 -667 -524 0 
-478 153 -205 0 
-674 -107 745 0 
-97 -955 -388 0 
103 326 -918 0 
-575 810 648 0 
-347 353 -719 0 
-757 364 -332 0 
811 -953 762 0 
-215 -155 37 0 
-423 -668 -97 0 
667 -988 -840 0 
4 510 -980 0 
-499 -73 807 0 
718 -173 631 0 
-542 -844 549 0 
-361 247 155 0 
-512 -435 -393 0 
129 838 -382 0 
-599 -412 -265 0 
-592 448 739 0 
-840 538 -280 0 
-967 -158 -710 0 
733 -34 35 0 
-419 -216 -222 0 
-442 -576 782 0 
-409 -422 641 0 
406 754 688 0 
651 104 -825 0 
-238 -663 20 0 
-108 121 -62 0 
-161 -520 -85 0 
-912 -597 662 0 
184 204 -637 0 
600 387 939 0 
-303 -715 439 0 
250 10 -300 0 
-251 710 -482 0 
326 -192 -8 0 
-348 778 -228 0 
302 410 -130 0 
912 -120 -628 0 
996 -896 -44 0 
871 -839 718 0 
-174 70 -25 0 
-310 637 486 0 
-95 -328 472 0 
-322 999 -254 0 
767 -991 -262 0 
-779 -907 -346 0 
-754 257 685 0 
-727 -131 -547 0 
420 -844 35 0 
866 -605 -275 0 
-803 54 433 0 
872 212 -45 0 
474 -273 242 0 
100 -172 777 0 
201 -226 674 0 
581 469 -512 0 
-943 854 -546 0 
143 696 -288 0 
515 -997 -949 0 
498 -129 -25 0 
-830 -751 482 0 
769 -926 -783 0 
-616 92 -702 0 
445 -372 984 0 
-42 24 757 0 
275 411 970 0 
619 188 422 0 
-757 -613 23 0 
-221 887 196 0 
428 -365 484 0 
-998 -700 163 0 
-12 -629 -142 0 
-840 -189 746 0 
489 561 86 0 
-373 728 -927 0 
-548 41 -768 0 
666 353 -134 0 
-705 -226 198 0 
882 261 364 0 
-373 315 -140 0 
-339 -906 -820 0 
172 711 -248 0 
-151 141 51 0 
877 77 -153 0 
-153 984 116 0 
-839 -924 431 0 
450 -19 -878 0 
-60 -707 -218 0 
-921 926 -152 0 
-312 -867 71 0 
868 -404 -321 0 
-573 -425 543 0 
-146 -309 -943 0 
-870 -134 -300 0 
-49 803 511 0 
-263 -513 -616 0 
64 341 -245 0 
88 -745 -78 0 
-393 -627 -888 0 
-899 -613 -45 0 
195 -988 -916 0 
373 408 -237 0 
-360 755 799 0 
-702 -403 -213 0 
521 -124 -382 0 
-269 -616 -47 0 
781 -152 195 0 
-737 561 569 0 
458 -246 -303 0 
-780 -818 -967 0 
478 55 719 0 
672 495 428 0 
597 760 -263 0 
314 -33 9 0 
570 -878 226 0 
-757 -973 755 0 
909 -643 -354 0 
-600 -781 -352 0 
-563 181 898 0 
-769 -953 -661 0 
-297 511 345 0 
228 449 12 0 
-168 -443 -948 0 
836 307 436 0 
139 119 368 0 
580 -746 947 0 
550 -310 656 0 
424 199 320 0 
-291 -371 544 0 
479 -89 -173 0 
-270 944 -827 0 
-794 657 -78 0 
-634 782 474 0 
-932 -745 -842 0 
499 148 -972 0 
-787 556 -821 0 
-102 182 -151 0 
-821 902 962 0 
475 832 236 0 
-596 396 -207 0 
790 -819 -609 0 
-312 203 715 0 
-400 -953 617 0 
-554 -670 978 0 
-508 -602 741 0 
-562 -13 295 0 
-956 -804 -86 0 
-216 607 76 0 
434 -218 435 0 
-648 -798 -752 0 
-223 -960 268 0 
-940 489 377 0 
-197 -794 -345 0 
523 280 -128 0 
52 -627 -359 0 
-688 -514 709 0 
764 -537 125 0 
-358 672 441 0 
752 637 768 0 
205 27 822 0 
763 -860 -280 0 
-246 455 -283 0 
202 -280 847 0 
309 323 512 0 
700 -369 586 0 
114 240 -982 0 
-707 -398 -952 0 
-315 -181 294 0 
-978 612 -326 0 
745 229 152 0 
-313 -887 -754 0 
697 -157 663 0 
-294 -946 140 0 
93 420 -434 0 
242 104 735 0 
977 295 -587 0 
-719 153 -791 0 
-942 -916 178 0 
-885 -328 814 0 
913 -827 -135 0 
34 525 -872 0 
473 298 -474 0 
236 272 -291 0 
306 -864 414 0 
907 -150 853 0 
-864 88 -247 0 
682 968 33 0 
-407 -860 631 0 
613 434 -283 0 
76 696 171 0 
491 -95 928 0 
112 -731 -253 0 
248 -239 -861 0 
-144 -762 -566 0 
-404 631 -923 0 
-297 -941 -188 0 
-992 -739 -771 0 
-988 546 790 0 
73 553 529 0 
728 -545 597 0 
-157 -526 -902 0 
160 35 -68 0 
-831 512 -972 0 
-138 -19 690 0 
799 -885 -125 0 
-121 -274 -620 0 
-652 -742 -107 0 
-304 -150 345 0 
744 -340 792 0 
-321 -531 -210 0 
-771 -65 582 0 
914 -640 959 0 
-844 -816 -218 0 
-662 -200 -139 0 
643 127 -249 0 
-581 580 -529 0 
16 716 -45 0 
-386 181 682 0 
-960 496 132 0 
795 -165 -325 0 
-637 286 968 0 
301 158 991 0 
557 668 -598 0 
-974 -738 981 0 
499 772 901 0 
-532 -645 289 0 
608 517 235 0 
-901 653 847 0 
618 419 -621 0 
-159 -147 537 0 
-691 763 -181 0 
351 995 -697 0 
-992 616 192 0 
-313 499 343 0 
187 -886 -307 0 
760 419 -442 0 
-119 748 -483 0 
-202 299 -57 0 
357 551 212 0 
829 -599 -515 0 
272 -243 623 0 
94 599 -150 0 
-165 521 -183 0 
968 574 -387 0 
593 -949 -625 0 
407 -49 -756 0 
-682 -759 -136 0 
205 813 699 0 
-823 -477 756 0 
800 215 72 0 
-739 412 349 0 
-645 58 -568 0 
388 728 270 0 
184 -657 872 0 
164 -806 16 0 
668 918 -61 0 
-94 39 456 0 
267 -536 -973 0 
-79 -285 -393 0 
-476 357 -768 0 
-1 155 104 0 
470 26 573 0 
-82 148 -951 0 
376 -618 -331 0 
454 489 -73 0 
-632 841 915 0 
146 -42 435 0 
857 46 258 0 
-501 911 -447 0 
488 681 -179 0 
634 -186 609 0 
-521 150 -120 0 
390 -614 -476 0 
837 263 -215 0 
-916 -915 718 0 
-611 -480 -137 0 
-750 253 -180 0 
141 464 -782 0 
692 -875 729 0 
-14 387 158 0 
963 -977 371 0 
761 967 293 0 
-550 122 -120 0 
946 -297 914 0 
-667 -403 -43 0 
680 394 -437 0 
-894 805 -260 0 
-92 858 150 0 
316 437 -10 0 
980 -55 -902 0 
-369 -924 800 0 
137 -741 -226 0 
-435 -488 727 0 
-936 545 -979 0 
-700 910 -716 0 
-197 -422 -932 0 
-627 -255 820 0 
-514 -236 78 0 
-576 298 186 0 
586 461 899 0 
832 565 598 0 
-105 -780 986 0 
726 -945 823 0 
-327 62 -144 0 
99 125 -366 0 
-315 -862 -457 0 
-87 -199 -476 0 
699 55 -128 0 
-966 878 -21 0 
35 820 15 0 
612 908 819 0 
-460 976 305 0 
-293 -569 776 0 
-592 255 -976 0 
