p cnf 1000 2000
-96 -553 -116 0 
802 791 567 0 
-875 719 405 0 
439 -423 562 0 
949 567 -103 0 
214 -616 -33 0 
116 -409 840 0 
757 -557 -602 0 
-405 -74 917 0 
138 391 81 0 
-943 924 -344 0 
-4 923 -822 0 
-467 -533 -600 0 
-499 961 -306 0 
405 -424 44 0 
207 -713 568 0 
13 276 -926 0 
-14 -250 988 0 
674 -61 -318 0 
-104 -30 -69 0 
-356 -656 102 0 
-823 809 619 0 
-302 582 -91 0 
-749 436 155 0 
-36 -117 -613 0 
-685 -731 629 0 
210 -960 -2 0 
271 -118 -468 0 
156 391 952 0 
-639 -996 414 0 
102 56 956 0 
-133 978 -681 0 
232 501 271 0 
-163 76 995 0 
610 -410 -34 0 
333 825 51 0 
207 -196 -323 0 
-583 -3 -680 0 
-643 620 -146 0 
-267 -735 620 0 
-390 106 -870 0 
572 -507 442 0 
-226 -63 38 0 
30 -715 865 0 
129 414 -114 0 
183 551 310 0 
814 -923 587 0 
-732 -702 -355 0 
-69 116 649 0 
53 -405 450 0 
458 -97 624 0 
497 891 220 0 
702 -12 512 0 
408 264 -576 0 
532 -432 -167 0 
707 768 -808 0 
-175 -171 323 0 
-767 -322 567 0 
-256 167 522 0 
-597 -753 713 0 
647 -950 446 0 
504 809 76 0 
-901 247 809 0 
-542 161 -399 0 
-552 -979 -713 0 
769 977 91 0 
975 -309 -660 0 
-276 -208 -725 0 
947 769 -26 0 
-546 180 196 0 
501 -979 -143 0 
982 -48 -616 0 
89 885 -316 0 
774 246 -897 0 
487 290 -157 0 
443 -211 -716 0 
594 938 688 0 
549 572 501 0 
883 355 -648 0 
-195 82 -499 0 
-423 170 690 0 
902 -328 92 0 
-356 -465 -539 0 
-656 -858 745 0 
419 284 730 0 
781 -256 385 0 
-26 -628 442 0 
911 103 -56 0 
491 -252 976 0 
-374 435 128 0 
839 435 409 0 
978 -533 -423 0 
-951 250 216 0 
107 -540 -244 0 
-100 88 541 0 
-790 -930 225 0 
1 -646 52 0 
748 414 988 0 
698 -354 -535 0 
-130 -424 -61 0 
987 -111 -206 0 
-515 -243 904 0 
612 144 -893 0 
468 -553 -974 0 
-310 -606 -346 0 
-894 165 -765 0 
-139 -971 743 0 
-690 -22 520 0 
631 -758 -450 0 
922 -322 -391 0 
-538 428 -388 0 
-282 -52 429 0 
-96 -179 719 0 
369 743 -358 0 
357 -518 -42 0 
-127 -355 -824 0 
80 156 -924 0 
60 -459 395 0 
-914 -203 134 0 
-908 462 -545 0 
72 -701 -837 0 
254 -661 -316 0 
-113 -768 -618 0 
450 -435 349 0 
-243 681 -177 0 
-798 -725 -994 0 
702 344 -304 0 
503 11 -309 0 
871 -690 662 0 
-225 407 -258 0 
-532 423 -607 0 
-810 -786 691 0 
95 510 147 0 
-270 -353 1 0 
-408 -133 748 0 
-821 585 799 0 
816 -651 -813 0 
971 539 -589 0 
-354 832 322 0 
-511 -244 -976 0 
518 755 653 0 
-936 -499 418 0 
-364 -49 -32 0 
-564 809 12 0 
-132 50 -665 0 
-60 427 -135 0 
-173 -469 -857 0 
703 198 -401 0 
-640 -488 -375 0 
69 264 649 0 
498 9 389 0 
-682 970 715 0 
150 83 -359 0 
423 987 -847 0 
244 885 136 0 
-771 -513 -32 0 
-946 -335 -548 0 
942 -328 107 0 
814 798 -867 0 
919 -270 343 0 
63 -74 -984 0 
-339 -308 -680 0 
-719 -813 -988 0 
414 722 -18 0 
732 479 569 0 
47 -351 -374 0 
-982 -44 -585 0 
799 -19 679 0 
721 253 594 0 
106 547 268 0 
425 529 225 0 
-33 250 40 0 
997 -929 121 0 
670 -141 -719 0 
764 -566 409 0 
455 275 -732 0 
896 -651 -424 0 
354 373 666 0 
-389 -636 251 0 
302 937 595 0 
690 713 -440 0 
249 -432 -267 0 
-786 996 348 0 
-860 484 403 0 
-964 320 372 0 
-47 -283 -293 0 
-236 -610 157 0 
999 -366 716 0 
464 405 -331 0 
643 101 814 0 
185 -851 -709 0 
739 484 577 0 
538 -970 513 0 
-722 487 -814 0 
417 578 709 0 
-773 -533 779 0 
-236 637 412 0 
30 -934 -792 0 
-48 -517 -103 0 
-979 515 268 0 
331 519 285 0 
-829 -528 384 0 
829 -14 403 0 
-383 272 -275 0 
-747 -501 136 0 
911 -173 -29 0 
894 699 261 0 
311 -891 -429 0 
713 -893 -352 0 
700 858 609 0 
-682 317 838 0 
-28 396 256 0 
-29 -164 -275 0 
327 627 -545 0 
-380 879 -867 0 
-67 738 256 0 
641 -283 988 0 
556 379 100 0 
564 420 -517 0 
-34 -108 279 0 
-967 -707 -835 0 
-780 832 -350 0 
854 -9 -621 0 
-357 989 101 0 
-961 -282 -214 0 
-119 447 5 0 
-995 -615 68 0 
801 352 760 0 
-461 -113 252 0 
215 -487 470 0 
-314 -40 -909 0 
954 623 634 0 
-847 -76 353 0 
720 312 -664 0 
800 -969 632 0 
-573 91 -305 0 
-660 646 -497 0 
-262 755 -563 0 
572 -550 331 0 
-594 -580 616 0 
626 -343 92 0 
429 595 405 0 
506 325 -101 0 
944 146 700 0 
-848 608 -359 0 
870 -663 -992 0 
-308 439 -950 0 
-446 -603 -813 0 
424 -659 758 0 
898 905 -823 0 
407 -546 -820 0 
-403 -843 356 0 
-313 949 479 0 
-68 924 -319 0 
480 801 233 0 
4 398 -727 0 
320 399 961 0 
162 318 211 0 
643 854 140 0 
-879 198 955 0 
-606 -230 329 0 
360 717 -84 0 
-349 3 -19 0 
-607 -258 -389 0 
163 500 19 0 
-239 -478 683 0 
-644 -88 -350 0 
823 -660 444 0 
777 213 238 0 
324 770 -85 0 
-337 166 4 0 
-192 110 305 0 
531 673 804 0 
552 -678 -793 0 
-828 314 833 0 
999 -575 -317 0 
-370 -982 -341 0 
-25 670 -504 0 
-117 364 -977 0 
-949 -126 -298 0 
535 624 -632 0 
-33 -502 -553 0 
-172 -460 -444 0 
303 -65 -890 0 
-927 461 838 0 
-720 -154 635 0 
-728 -749 500 0 
-855 264 -510 0 
-719 -494 -112 0 
388 576 524 0 
987 -835 -811 0 
317 378 469 0 
-88 -54 -473 0 
-222 -264 906 0 
-408 -903 -833 0 
728 12 -341 0 
505 131 -579 0 
-314 463 -279 0 
-128 111 -274 0 
-578 32 -97 0 
313 682 421 0 
892 -874 -885 0 
-628 395 -906 0 
-292 -562 -385 0 
958 256 459 0 
-233 992 68 0 
175 -819 -550 0 
-771 -349 889 0 
958 341 -576 0 
524 93 671 0 
-116 -935 -711 0 
617 -601 -65 0 
-543 -454 -501 0 
587 634 904 0 
-1 717 -13 0 
259 776 96 0 
842 -206 -303 0 
514 183 -892 0 
140 -550 887 0 
198 983 876 0 
996 508 773 0 
-949 -905 76 0 
58 371 465 0 
-430 457 -322 0 
-667 453 -605 0 
130 387 25 0 
160 -418 -696 0 
188 -940 802 0 
-756 883 -105 0 
-71 710 -240 0 
-145 -928 171 0 
-178 -539 725 0 
-129 -863 -203 0 
-273 459 -676 0 
400 599 -869 0 
-411 329 567 0 
611 -875 188 0 
-888 969 191 0 
-887 -484 898 0 
535 499 -835 0 
-214 812 -31 0 
-657 -763 -667 0 
-135 987 438 0 
443 -542 863 0 
-647 -939 201 0 
-706 -282 -477 0 
563 -954 436 0 
-487 239 -376 0 
93 -440 -240 0 
468 -698 937 0 
612 -962 -534 0 
706 -875 837 0 
-656 -606 -921 0 
787 -782 290 0 
221 -443 967 0 
969 -625 -178 0 
739 530 499 0 
125 -823 324 0 
349 -751 929 0 
-3 108 -983 0 
371 -425 169 0 
-500 -469 160 0 
-405 -593 -834 0 
-437 -214 -592 0 
-700 139 745 0 
978 907 825 0 
39 -240 221 0 
561 -455 -434 0 
809 -905 625 0 
593 -918 913 0 
920 830 678 0 
-895 -561 -219 0 
461 -148 295 0 
593 -127 -867 0 
158 -700 440 0 
416 345 -441 0 
-417 572 920 0 
522 -758 -463 0 
-16 705 -614 0 
780 997 998 0 
986 291 148 0 
750 -976 -396 0 
346 -74 792 0 
350 -206 -61 0 
-890 417 543 0 
98 -648 -472 0 
-892 -426 -813 0 
-553 734 -402 0 
476 117 -108 0 
469 616 -632 0 
-83 603 613 0 
958 -348 423 0 
69 608 827 0 
435 -517 -321 0 
128 613 -45 0 
-12 -609 -849 0 
-185 159 -38 0 
853 675 660 0 
-214 -899 -449 0 
763 375 166 0 
60 -347 -708 0 
381 -890 -813 0 
-839 814 -459 0 
456 420 -260 0 
-665 413 -83 0 
163 528 159 0 
-72 806 -212 0 
-750 257 -810 0 
412 -921 482 0 
-608 -780 571 0 
-961 -793 -238 0 
697 760 796 0 
500 -242 -769 0 
660 159 750 0 
731 -709 852 0 
124 -788 -206 0 
401 -618 -634 0 
140 111 -951 0 
-173 -282 -63 0 
744 -247 -94 0 
-851 -630 -66 0 
543 -66 478 0 
-495 179 -449 0 
-818 834 90 0 
-667 -738 -40 0 
879 661 -688 0 
805 635 -191 0 
-354 -640 648 0 
407 -818 -430 0 
-373 601 -823 0 
-736 217 975 0 
151 589 -993 0 
-199 672 585 0 
347 284 326 0 
-108 -837 -636 0 
-833 455 532 0 
-371 549 -156 0 
-976 -634 54 0 
-431 927 731 0 
-63 697 681 0 
-742 -156 -598 0 
-164 -5 -960 0 
678 514 -238 0 
4 118 109 0 
530 -923 522 0 
-439 -933 -515 0 
-29 -941 -202 0 
-145 456 -356 0 
57 -878 901 0 
398 632 104 0 
593 539 -369 0 
386 172 -868 0 
412 -981 -834 0 
-892 530 -180 0 
-699 -152 862 0 
479 -704 -156 0 
857 -826 -374 0 
-739 332 -18 0 
-383 967 -928 0 
66 412 -618 0 
-76 -963 -53 0 
464 -659 -501 0 
121 -275 -599 0 
-113 -365 -948 0 
736 -995 -74 0 
906 -404 -137 0 
-623 824 292 0 
783 -88 267 0 
246 563 -64 0 
-109 -882 941 0 
78 623 -394 0 
11 -782 968 0 
-827 -683 920 0 
-871 -63 -838 0 
-179 -444 -675 0 
367 -612 -418 0 
281 -228 -481 0 
88 580 -134 0 
564 177 -73 0 
-100 357 -858 0 
542 -164 828 0 
80 193 -384 0 
-820 -555 -142 0 
336 -910 651 0 
-554 -120 -426 0 
-605 -620 977 0 
-470 -724 -293 0 
-93 36 116 0 
635 265 689 0 
-775 -56 563 0 
-654 -76 178 0 
493 -718 772 0 
-585 -396 601 0 
284 -520 -943 0 
-442 240 938 0 
783 -680 -220 0 
58 12 874 0 
-521 -253 -593 0 
-127 33 -883 0 
566 519 556 0 
439 494 117 0 
661 -619 -860 0 
-950 -776 189 0 
-713 822 13 0 
860 964 -781 0 
319 114 251 0 
-321 -674 -873 0 
-143 -639 -197 0 
242 912 -623 0 
-249 351 -483 0 
557 -239 -732 0 
794 -155 729 0 
-852 682 481 0 
233 -190 79 0 
290 -874 129 0 
855 427 892 0 
398 38 -634 0 
53 901 65 0 
702 -634 989 0 
-317 -385 -260 0 
318 381 386 0 
66 -598 -952 0 
589 904 -406 0 
-171 -462 589 0 
-346 -37 420 0 
571 603 261 0 
203 -374 982 0 
794 -181 -752 0 
519 -194 -621 0 
-938 -595 -858 0 
-724 -261 800 0 
-130 870 -707 0 
610 412 666 0 
-617 208 828 0 
-895 913 490 0 
457 -301 -977 0 
617 134 -524 0 
-970 -586 -560 0 
8 938 -395 0 
-774 467 222 0 
554 -951 -528 0 
-802 675 128 0 
566 -122 144 0 
-773 120 -721 0 
-895 -824 -699 0 
-958 268 -888 0 
753 -879 231 0 
271 -251 837 0 
738 38 -379 0 
963 -970 -164 0 
-513 570 103 0 
-539 -103 -829 0 
413 -372 -338 0 
-268 -1000 -346 0 
-788 -14 586 0 
-758 -382 -654 0 
660 -504 245 0 
-962 574 396 0 
513 975 294 0 
364 -374 -641 0 
474 219 298 0 
-35 -389 346 0 
-531 -256 763 0 
506 860 764 0 
-593 136 -573 0 
-476 -253 538 0 
-148 -618 154 0 
569 73 -94 0 
-440 49 84 0 
331 -124 524 0 
359 481 397 0 
310 -402 277 0 
388 -785 -685 0 
-285 -174 909 0 
-210 674 -532 0 
-119 454 510 0 
-335 -825 354 0 
-524 -814 181 0 
-281 -528 350 0 
406 -181 908 0 
708 -372 47 0 
-831 -196 -32 0 
-448 598 -579 0 
-200 -310 -728 0 
-60 465 -411 0 
651 587 -403 0 
197 -791 -191 0 
463 -688 636 0 
352 308 -291 0 
255 -924 -863 0 
-310 766 -472 0 
-241 -838 -247 0 
669 258 -81 0 
-246 -67 -75 0 
254 -415 -706 0 
-638 882 147 0 
-441 -126 -910 0 
848 869 -874 0 
-87 322 716 0 
252 -64 60 0 
-355 -529 -241 0 
92 -52 -810 0 
-349 -582 -92 0 
364 -688 472 0 
589 400 306 0 
700 -379 726 0 
-622 -228 516 0 
729 307 -352 0 
-813 -748 -851 0 
-959 -879 -449 0 
139 618 -336 0 
-752 267 -930 0 
299 -576 337 0 
747 909 325 0 
610 800 -616 0 
185 952 37 0 
-968 442 831 0 
38 -450 -156 0 
-702 313 -88 0 
-275 -482 -119 0 
-619 771 -573 0 
-189 956 613 0 
536 -4 -144 0 
697 -662 122 0 
-255 406 -194 0 
597 851 -639 0 
367 -229 505 0 
109 378 664 0 
558 -241 566 0 
109 -289 192 0 
-88 858 -776 0 
154 -395 648 0 
506 -441 436 0 
-199 -667 -103 0 
-544 -469 315 0 
603 -203 857 0 
395 881 846 0 
-671 -827 -47 0 
-941 -602 -114 0 
-846 -553 -90 0 
-240 983 -819 0 
-922 509 -495 0 
-797 -984 -701 0 
969 -485 -315 0 
902 -399 -668 0 
117 968 13 0 
771 -805 -43 0 
-83 -177 68 0 
-525 780 591 0 
-143 453 419 0 
919 -138 879 0 
-833 34 -96 0 
179 -428 -380 0 
-205 172 -890 0 
88 974 -135 0 
864 -626 930 0 
656 862 914 0 
948 236 128 0 
987 -628 212 0 
-129 -1000 176 0 
-888 -906 -394 0 
291 555 407 0 
-251 -432 -133 0 
295 -169 -757 0 
56 -349 -856 0 
-327 -994 58 0 
463 659 243 0 
-84 967 496 0 
208 2 -509 0 
693 -618 -428 0 
-682 49 374 0 
-753 15 212 0 
-794 -86 -724 0 
363 -310 -75 0 
138 -311 -495 0 
739 -125 790 0 
210 107 13 0 
-393 445 267 0 
561 -953 853 0 
875 791 -584 0 
994 -678 260 0 
16 -27 898 0 
-46 131 -901 0 
214 -358 -657 0 
-870 856 -593 0 
58 -27 342 0 
-831 588 386 0 
151 322 -543 0 
538 672 452 0 
-312 -158 636 0 
-283 300 -443 0 
-955 -687 -366 0 
-409 -9 -806 0 
-514 -490 -213 0 
-488 450 -454 0 
-353 100 -959 0 
336 -292 -3 0 
-534 -552 561 0 
71 697 -122 0 
103 108 119 0 
-718 -636 -889 0 
697 437 995 0 
415 -213 132 0 
-426 956 -410 0 
-793 -579 -105 0 
141 -526 444 0 
-975 141 758 0 
-72 -519 355 0 
-114 -913 788 0 
-856 -274 509 0 
-959 479 771 0 
-424 -285 733 0 
740 213 235 0 
-152 -553 -344 0 
25 701 713 0 
-731 498 -727 0 
156 -989 -605 0 
-484 -564 -441 0 
832 737 905 0 
-322 -228 -561 0 
940 944 -113 0 
-115 -454 80 0 
668 -767 -216 0 
129 403 -42 0 
-646 -759 -175 0 
958 -545 93 0 
164 -147 -156 0 
758 -668 97 0 
-98 863 544 0 
113 531 -386 0 
-712 387 823 0 
-729 249 -454 0 
559 697 561 0 
-534 147 -822 0 
-508 760 -755 0 
-631 258 -975 0 
-175 699 -811 0 
-212 345 -205 0 
369 -3 -615 0 
-405 -833 208 0 
-607 964 865 0 
-811 -461 645 0 
-328 -831 -188 0 
-500 504 656 0 
497 -468 726 0 
-435 -710 438 0 
-386 151 -435 0 
-802 -288 569 0 
-879 159 899 0 
-361 -408 432 0 
-141 -856 -243 0 
409 7 -485 0 
986 318 214 0 
-209 571 222 0 
206 355 -392 0 
-132 -359 922 0 
173 -158 -89 0 
598 172 323 0 
374 -399 -162 0 
-859 512 -642 0 
472 501 97 0 
870 944 -86 0 
-11 -456 -173 0 
-894 537 372 0 
110 574 -153 0 
285 414 -681 0 
-522 388 17 0 
164 217 -327 0 
662 -286 853 0 
423 -472 -625 0 
-186 -214 -378 0 
639 -850 182 0 
977 400 -191 0 
243 -525 173 0 
-132 399 -860 0 
506 -483 200 0 
331 553 104 0 
881 776 244 0 
-866 494 567 0 
900 -639 517 0 
-716 -720 -972 0 
6 -414 337 0 
-204 956 -210 0 
234 669 -422 0 
-114 909 862 0 
-607 503 628 0 
-868 -418 716 0 
978 -332 210 0 
-179 -767 -873 0 
113 -412 -876 0 
-412 821 -822 0 
299 -734 960 0 
-110 901 180 0 
-797 499 70 0 
288 661 -971 0 
913 868 -812 0 
32 370 -147 0 
-543 -79 826 0 
-363 677 -272 0 
-796 -404 -310 0 
-314 -884 375 0 
-782 -377 390 0 
515 -138 -171 0 
492 953 -322 0 
127 243 -318 0 
-970 299 200 0 
-506 -409 497 0 
691 889 468 0 
320 861 283 0 
600 -691 -501 0 
262 -144 -736 0 
-727 720 771 0 
-678 -375 -283 0 
-538 967 -261 0 
5 -202 -862 0 
325 -664 769 0 
262 -491 -221 0 
71 -718 -685 0 
544 626 818 0 
-17 -266 635 0 
-412 -171 704 0 
-636 -149 -644 0 
-600 -926 -825 0 
168 732 -670 0 
-575 957 -697 0 
-487 -91 -231 0 
-845 395 672 0 
633 197 295 0 
520 563 -238 0 
-579 708 -608 0 
-395 -870 168 0 
-589 701 471 0 
598 -389 -58 0 
265 27 -406 0 
462 -606 497 0 
-516 -257 461 0 
647 -450 353 0 
-873 -129 485 0 
-296 275 -809 0 
710 184 -605 0 
-939 876 88 0 
164 -130 399 0 
965 -302 -897 0 
647 86 177 0 
917 210 -776 0 
-790 -536 -870 0 
-497 936 711 0 
-672 405 -977 0 
-845 789 -949 0 
426 349 -64 0 
-323 863 20 0 
-957 -889 343 0 
750 160 766 0 
160 108 390 0 
-718 616 -354 0 
-13 -480 -411 0 
918 687 390 0 
531 88 738 0 
-16 712 -960 0 
560 -989 309 0 
559 -396 -136 0 
128 363 120 0 
385 -48 2 0 
722 -576 -375 0 
-418 -570 545 0 
438 -263 -156 0 
-310 163 837 0 
467 378 104 0 
74 148 507 0 
709 828 213 0 
63 -347 798 0 
935 506 130 0 
269 -551 616 0 
-545 419 759 0 
567 500 551 0 
-931 -393 -511 0 
309 950 -713 0 
799 -765 -682 0 
-25 -707 311 0 
-844 -555 -533 0 
-376 -782 934 0 
750 -648 387 0 
-493 448 -267 0 
-916 -180 829 0 
-412 53 831 0 
-429 489 -18 0 
-496 510 -292 0 
-299 -358 -337 0 
-847 -348 -85 0 
607 617 -47 0 
-101 -174 147 0 
-543 913 532 0 
-107 611 -291 0 
-497 -672 396 0 
-727 121 960 0 
431 747 790 0 
-420 -944 -865 0 
563 187 474 0 
124 887 -415 0 
-691 -714 -759 0 
-421 -755 572 0 
305 -480 100 0 
729 711 127 0 
158 -243 507 0 
400 244 -309 0 
586 681 -498 0 
-953 -239 713 0 
-321 939 -57 0 
-76 -865 951 0 
737 427 -393 0 
-267 -915 -209 0 
-814 547 -607 0 
112 129 400 0 
884 -31 -790 0 
-222 -528 -51 0 
643 469 214 0 
60 418 -997 0 
405 -98 798 0 
320 -634 96 0 
779 941 259 0 
953 -216 968 0 
-390 814 943 0 
382 472 419 0 
-174 -781 -138 0 
918 873 -950 0 
973 -213 697 0 
-38 -3 426 0 
435 912 71 0 
910 -488 -308 0 
-96 -623 405 0 
495 35 161 0 
526 -646 718 0 
-82 121 -673 0 
189 249 429 0 
517 466 213 0 
403 -251 994 0 
-580 -561 950 0 
558 967 -295 0 
-415 -549 393 0 
-916 887 534 0 
-81 -933 353 0 
849 17 -509 0 
-509 -332 -184 0 
903 866 904 0 
627 -844 -681 0 
284 -463 615 0 
795 -22 -783 0 
776 676 -653 0 
-64 -340 -454 0 
-778 -944 673 0 
516 -606 584 0 
-714 41 -838 0 
802 -205 728 0 
601 -837 -216 0 
515 -580 -269 0 
823 -73 441 0 
825 -222 798 0 
418 -277 840 0 
169 -553 352 0 
554 -44 768 0 
-557 963 381 0 
-935 359 21 0 
482 -655 876 0 
877 58 756 0 
595 -505 -474 0 
-2 -847 -591 0 
658 -51 -712 0 
-503 579 -404 0 
-399 199 278 0 
35 -563 839 0 
-421 -617 340 0 
-101 732 -646 0 
-536 191 -623 0 
-29 -222 479 0 
-203 165 -700 0 
243 343 611 0 
-142 775 -532 0 
-602 -288 -211 0 
655 304 -140 0 
-775 814 634 0 
-40 601 16 0 
-20 10 -496 0 
-358 -947 -372 0 
315 -484 -709 0 
664 947 227 0 
236 -485 688 0 
862 777 -629 0 
920 811 976 0 
-965 -619 -984 0 
927 -636 162 0 
-824 856 358 0 
-673 909 -737 0 
883 130 246 0 
625 213 -586 0 
505 -846 594 0 
470 887 298 0 
990 157 -246 0 
-174 212 -59 0 
988 342 -271 0 
711 198 638 0 
909 -167 -326 0 
-88 -610 -274 0 
222 -691 -946 0 
-279 312 -624 0 
615 241 -858 0 
-328 608 740 0 
649 -545 916 0 
318 -621 -998 0 
-176 -17 -468 0 
-852 -340 -447 0 
744 950 -525 0 
-74 664 -118 0 
588 -119 -516 0 
-36 853 761 0 
236 156 365 0 
44 -955 917 0 
535 -197 -638 0 
-735 -870 464 0 
179 -634 -544 0 
126 -107 967 0 
-743 85 -898 0 
-146 999 945 0 
-985 615 -303 0 
400 414 -807 0 
616 738 -626 0 
386 -338 878 0 
844 -687 -818 0 
-416 -819 -563 0 
430 845 -369 0 
-606 -9 473 0 
-25 -129 276 0 
103 -451 70 0 
-199 58 -677 0 
-835 399 -43 0 
748 -896 -851 0 
171 632 976 0 
941 642 -504 0 
109 -499 -911 0 
-662 56 -428 0 
-365 66 -226 0 
-153 913 889 0 
487 931 -869 0 
-814 767 896 0 
-358 -945 666 0 
-177 -377 818 0 
-613 806 905 0 
-818 -59 481 0 
-530 -679 299 0 
-854 -459 -309 0 
858 -243 517 0 
801 -581 730 0 
427 -70 665 0 
78 775 325 0 
-322 544 -621 0 
-693 342 708 0 
-340 475 -44 0 
61 -503 -558 0 
273 788 738 0 
633 -216 373 0 
-367 -46 -393 0 
-436 -48 900 0 
-387 954 -630 0 
-202 -479 319 0 
423 -279 -783 0 
-517 146 -474 0 
-607 847 871 0 
157 790 114 0 
-903 -521 652 0 
-239 589 671 0 
-568 137 -350 0 
740 -633 535 0 
968 -204 969 0 
-438 886 -439 0 
808 414 298 0 
593 260 962 0 
-915 587 606 0 
660 252 535 0 
-380 719 418 0 
-733 -769 -151 0 
323 -532 -204 0 
551 559 -892 0 
346 -921 -30 0 
-776 -591 -306 0 
-767 784 321 0 
-465 -266 -577 0 
780 794 472 0 
428 160 -134 0 
-899 405 -451 0 
-351 -403 85 0 
782 -199 -806 0 
291 45 533 0 
-438 799 -639 0 
-556 -206 696 0 
498 -215 989 0 
-612 -500 677 0 
-650 449 983 0 
62 236 461 0 
181 -288 189 0 
713 753 165 0 
557 -982 449 0 
-712 -138 -811 0 
435 405 -411 0 
-966 -277 259 0 
814 -616 -203 0 
807 -390 -248 0 
-270 -971 -709 0 
-572 -862 524 0 
-324 -858 -598 0 
628 -678 723 0 
364 269 423 0 
-831 699 -681 0 
103 -680 149 0 
-517 -469 750 0 
-271 -521 742 0 
-626 530 -303 0 
-734 826 706 0 
-53 -584 679 0 
-877 -359 734 0 
-595 -349 -24 0 
926 -319 425 0 
3 404 -568 0 
-574 179 -739 0 
237 -7 -226 0 
275 34 -377 0 
-461 960 591 0 
-659 869 -494 0 
756 987 892 0 
-581 -886 358 0 
265 -658 -144 0 
-58 -733 712 0 
461 396 168 0 
-572 451 2 0 
284 -379 50 0 
499 187 -792 0 
-374 267 -225 0 
168 -914 -292 0 
220 -396 -899 0 
-298 47 97 0 
-48 828 588 0 
173 11 2 0 
249 -388 -160 0 
-722 -720 -606 0 
-305 961 -346 0 
920 727 239 0 
212 331 -198 0 
-191 -781 -396 0 
-491 604 434 0 
670 -506 -886 0 
172 -303 132 0 
491 11 375 0 
-594 -751 -483 0 
-829 -364 -964 0 
786 971 176 0 
23 308 -816 0 
896 730 53 0 
-50 170 351 0 
-880 -305 -806 0 
-196 321 -454 0 
-191 -452 -385 0 
-309 768 -373 0 
668 -345 119 0 
-960 475 -279 0 
165 -778 -85 0 
250 -131 329 0 
389 557 420 0 
-458 340 -365 0 
368 -815 782 0 
-255 -270 22 0 
-962 843 975 0 
-999 587 -621 0 
-714 -237 948 0 
679 -328 618 0 
-733 -442 11 0 
251 115 461 0 
-353 509 911 0 
-996 -486 -181 0 
-40 -798 -170 0 
833 -968 -490 0 
157 870 -639 0 
352 718 -955 0 
686 -344 -34 0 
578 -579 -970 0 
-185 463 599 0 
-106 -808 421 0 
-402 592 -466 0 
791 -252 137 0 
-891 -380 -89 0 
125 -371 95 0 
326 856 -356 0 
528 -181 331 0 
-956 360 -464 0 
676 -213 -685 0 
867 983 514 0 
-806 897 790 0 
654 -223 -228 0 
-581 -337 176 0 
-114 184 -47 0 
-341 303 337 0 
19 202 949 0 
-838 -745 905 0 
-611 -650 -455 0 
554 916 832 0 
-919 -99 165 0 
-243 -85 -669 0 
-287 -393 92 0 
-557 -139 -724 0 
117 458 -653 0 
-955 116 424 0 
-956 -621 -865 0 
952 -344 942 0 
849 445 -30 0 
407 471 -53 0 
90 518 649 0 
-488 425 547 0 
-462 827 -228 0 
728 393 951 0 
450 -902 -617 0 
628 661 481 0 
-69 516 -981 0 
47 -895 231 0 
-414 137 -990 0 
-2 -887 775 0 
-299 -561 -965 0 
-402 179 261 0 
898 644 -481 0 
-118 -922 192 0 
763 253 -976 0 
639 -109 -828 0 
633 269 656 0 
693 -448 -182 0 
-934 -16 -671 0 
-569 227 729 0 
508 -111 -598 0 
60 386 -708 0 
798 -100 -851 0 
-164 -819 854 0 
-553 -632 438 0 
-52 -63 373 0 
-680 -460 -544 0 
365 -914 948 0 
-482 108 499 0 
904 475 844 0 
898 -72 -693 0 
-493 -80 -379 0 
-507 713 -660 0 
-511 371 254 0 
-969 -967 -486 0 
-929 269 744 0 
-503 -285 821 0 
974 593 240 0 
710 82 652 0 
-284 505 -340 0 
603 -815 128 0 
128 -362 56 0 
-416 -791 -154 0 
-85 -932 224 0 
-14 593 -753 0 
-323 -44 480 0 
923 804 -65 0 
-869 886 514 0 
-1000 218 -769 0 
-82 -209 -244 0 
908 10 -720 0 
-137 632 100 0 
922 -599 257 0 
288 -834 -404 0 
581 -34 775 0 
904 850 -983 0 
535 625 -245 0 
-332 635 571 0 
406 -874 227 0 
842 -756 943 0 
-643 -989 748 0 
290 -298 963 0 
926 -386 972 0 
353 -103 -488 0 
821 -458 -282 0 
-334 -685 -926 0 
-726 -946 4 0 
942 635 946 0 
-690 -410 576 0 
65 -945 837 0 
-998 610 230 0 
568 228 475 0 
-972 900 182 0 
-790 887 -750 0 
-392 -362 30 0 
759 853 -789 0 
-136 834 105 0 
267 104 315 0 
212 374 -768 0 
-838 -201 889 0 
-413 672 111 0 
969 977 -782 0 
-473 -272 -918 0 
807 66 267 0 
603 585 -377 0 
539 621 801 0 
326 -982 129 0 
23 312 667 0 
475 798 371 0 
964 -972 -654 0 
-758 770 451 0 
-130 -840 276 0 
627 881 -156 0 
-932 709 285 0 
-491 621 629 0 
615 -214 -660 0 
-274 894 -648 0 
-471 800 995 0 
193 874 -64 0 
429 -511 -890 0 
712 488 23 0 
610 738 -883 0 
-914 -176 976 0 
-728 293 113 0 
-323 -369 -929 0 
427 -158 207 0 
-518 -260 504 0 
713 -21 905 0 
234 231 503 0 
-327 -675 992 0 
703 72 -89 0 
958 -962 847 0 
-182 714 165 0 
-685 202 -58 0 
-182 -367 438 0 
522 -659 -856 0 
758 -390 -581 0 
-463 852 -798 0 
-85 516 -269 0 
-828 -446 -637 0 
512 952 410 0 
-371 429 -890 0 
-348 696 788 0 
518 -912 141 0 
-615 -583 76 0 
-753 -27 -455 0 
236 -998 -977 0 
-558 -795 641 0 
-306 -894 875 0 
381 -630 -765 0 
-434 -146 -995 0 
184 -569 -130 0 
249 20 -758 0 
388 -732 847 0 
-838 465 -870 0 
650 505 642 0 
25 -245 -374 0 
137 762 919 0 
-713 158 -951 0 
-453 909 -346 0 
525 481 797 0 
-72 -51 885 0 
561 714 919 0 
505 12 415 0 
-491 -682 656 0 
-25 506 -552 0 
249 -256 176 0 
-993 772 -236 0 
4 -260 799 0 
-461 -859 164 0 
31 439 -749 0 
85 759 339 0 
829 859 -904 0 
-558 -132 922 0 
605 902 335 0 
-606 -118 -225 0 
830 824 769 0 
-145 -444 -722 0 
-259 18 182 0 
-866 -466 -966 0 
274 446 853 0 
-770 553 -543 0 
112 102 -334 0 
939 172 -169 0 
801 196 -964 0 
395 823 529 0 
-194 228 672 0 
-378 561 -676 0 
-67 -286 -198 0 
286 975 66 0 
-958 -414 673 0 
341 373 -183 0 
-765 573 654 0 
-238 476 -893 0 
-265 714 230 0 
809 -997 -935 0 
365 -227 -612 0 
807 194 -437 0 
-147 -642 -713 0 
357 162 926 0 
394 -589 -774 0 
-178 235 -218 0 
-395 -754 107 0 
-102 -354 -441 0 
768 -933 -487 0 
300 -152 928 0 
33 -122 729 0 
642 -39 190 0 
-854 -131 -663 0 
681 450 -893 0 
-753 -979 -451 0 
-833 790 -472 0 
60 432 296 0 
733 -280 65 0 
834 281 597 0 
549 -274 367 0 
264 820 -832 0 
101 947 570 0 
363 667 272 0 
778 17 -535 0 
-765 607 -294 0 
126 580 -385 0 
76 91 -47 0 
443 714 646 0 
858 -994 -546 0 
-342 -639 195 0 
831 762 -860 0 
-148 399 -499 0 
849 -853 -464 0 
-775 287 102 0 
-342 -680 926 0 
-709 -951 83 0 
404 416 653 0 
-940 -428 528 0 
-709 -421 -256 0 
-443 -707 -40 0 
-568 -249 453 0 
-819 -44 -929 0 
979 -524 293 0 
-941 -122 554 0 
-860 -692 -113 0 
141 763 -888 0 
762 -645 411 0 
-743 152 110 0 
-829 -9 -147 0 
620 836 478 0 
395 37 303 0 
-731 -527 -493 0 
812 -923 -466 0 
268 -606 51 0 
41 539 -335 0 
393 -641 -460 0 
-838 -71 602 0 
603 -238 169 0 
324 812 -909 0 
395 664 -64 0 
812 128 -306 0 
-8 101 835 0 
-667 490 275 0 
650 133 -9 0 
416 -633 359 0 
-669 617 -385 0 
-262 -801 -199 0 
-983 -507 878 0 
911 678 649 0 
-340 -75 -89 0 
-94 615 935 0 
594 697 -493 0 
727 -628 548 0 
-120 -183 -818 0 
189 495 -677 0 
-613 -643 -775 0 
569 -621 694 0 
-8 544 -794 0 
578 763 -568 0 
800 596 -348 0 
-367 76 -330 0 
-497 693 74 0 
-105 -867 53 0 
-680 527 179 0 
450 -266 433 0 
-697 560 293 0 
372 80 558 0 
560 -691 -886 0 
48 -735 -44 0 
-415 644 -807 0 
400 566 3 0 
242 -259 -707 0 
367 941 599 0 
754 -455 -749 0 
147 52 348 0 
-118 282 216 0 
33 -205 -950 0 
-995 -63 34 0 
-411 242 -902 0 
-206 -640 -383 0 
886 707 846 0 
-841 -140 298 0 
189 931 -887 0 
-393 -685 259 0 
933 -896 226 0 
-624 -166 -314 0 
364 579 -384 0 
-519 198 906 0 
-504 -859 -744 0 
225 -908 -44 0 
-478 -679 947 0 
-251 931 -211 0 
989 875 45 0 
-525 -108 -620 0 
764 -365 -24 0 
-318 429 1000 0 
787 290 -779 0 
435 -914 -237 0 
804 427 -520 0 
-931 -76 273 0 
951 806 958 0 
-617 -597 -164 0 
-431 428 -443 0 
617 150 -830 0 
195 -667 -623 0 
-78 968 -660 0 
21 455 -102 0 
511 -224 -19 0 
-551 807 59 0 
-16 -204 -627 0 
136 -60 808 0 
-850 64 -185 0 
-562 -996 -589 0 
-515 548 786 0 
-346 382 -37 0 
-354 -405 634 0 
-978 641 51 0 
653 -461 -751 0 
742 -61 -812 0 
283 -446 -580 0 
-117 730 -749 0 
2 696 274 0 
-356 985 -773 0 
-987 -668 725 0 
-306 -660 269 0 
-548 821 -198 0 
-770 867 -316 0 
778 154 533 0 
-418 304 403 0 
-218 -661 417 0 
922 136 274 0 
778 302 -554 0 
-716 -123 -461 0 
274 764 64 0 
-722 949 966 0 
-850 478 902 0 
380 101 27 0 
730 -449 -287 0 
847 403 616 0 
584 -580 498 0 
605 -106 -186 0 
131 -501 -896 0 
445 2 924 0 
307 270 118 0 
-362 -394 618 0 
748 -835 -975 0 
526 118 433 0 
-574 855 695 0 
412 163 673 0 
759 -271 160 0 
-705 156 -245 0 
299 -79 629 0 
-711 -418 -999 0 
-409 455 443 0 
99 -237 74 0 
-802 -111 -583 0 
-483 760 -994 0 
610 300 632 0 
-977 -157 808 0 
-576 357 -968 0 
928 603 -3 0 
972 -276 524 0 
-45 916 -488 0 
718 137 -303 0 
290 -488 90 0 
-829 -450 99 0 
1 -142 505 0 
-888 -844 23 0 
-589 -198 -113 0 
-812 -670 -818 0 
-819 -945 -948 0 
313 623 -632 0 
962 198 734 0 
220 311 907 0 
748 -573 651 0 
57 684 199 0 
-296 78 227 0 
961 -226 648 0 
822 428 623 0 
859 654 -204 0 
-564 -540 -281 0 
746 192 -252 0 
-68 -744 -622 0 
-446 566 973 0 
853 -103 -512 0 
-594 -865 -924 0 
468 414 -80 0 
-42 -285 -404 0 
-286 221 732 0 
-825 216 -595 0 
-558 -410 -583 0 
-798 -217 -807 0 
-136 -702 -733 0 
185 350 -44 0 
24 -850 -848 0 
-907 626 -831 0 
97 385 522 0 
138 663 -419 0 
737 860 -621 0 
529 151 996 0 
98 682 -519 0 
-532 538 -856 0 
-252 -589 -207 0 
-93 705 -826 0 
-387 -505 -367 0 
886 -779 650 0 
567 -814 -72 0 
-925 520 -842 0 
827 -265 432 0 
563 848 156 0 
745 521 848 0 
-172 115 168 0 
-188 801 139 0 
209 -958 -379 0 
657 -380 561 0 
-330 735 128 0 
381 965 -255 0 
957 -60 469 0 
-693 593 927 0 
729 -922 -654 0 
-643 845 614 0 
359 -761 -625 0 
-542 -568 628 0 
353 -404 695 0 
-353 -511 -799 0 
-123 -737 740 0 
534 475 463 0 
-197 -551 -655 0 
467 894 826 0 
442 -483 436 0 
-961 403 -562 0 
-608 -244 411 0 
260 -641 -657 0 
-628 120 -498 0 
899 -223 -152 0 
-628 -971 615 0 
712 876 848 0 
916 -272 -77 0 
-861 -584 -384 0 
-205 -89 433 0 
30 -101 -507 0 
920 423 105 0 
530 -601 468 0 
-222 -436 -110 0 
477 985 565 0 
-40 570 -829 0 
118 -354 281 0 
-410 571 -264 0 
-721 553 303 0 
-584 -970 -733 0 
76 -888 826 0 
419 716 514 0 
281 887 -425 0 
-659 353 -205 0 
-114 -69 819 0 
934 -205 102 0 
395 -803 -959 0 
307 361 -973 0 
-827 -447 482 0 
88 -463 160 0 
-213 -334 717 0 
-34 300 346 0 
907 -936 923 0 
-282 -432 930 0 
-511 434 -680 0 
-558 -680 -534 0 
-309 985 -770 0 
-514 -353 710 0 
991 942 628 0 
-678 840 -450 0 
22 -405 810 0 
130 -855 -721 0 
-847 -749 35 0 
974 -612 -688 0 
766 417 -812 0 
300 -334 291 0 
44 74 82 0 
240 792 458 0 
-459 938 506 0 
-117 -250 518 0 
-396 -431 -244 0 
-786 -180 702 0 
724 315 -211 0 
879 -623 -605 0 
378 -239 -943 0 
-112 -376 -228 0 
891 468 -603 0 
736 -980 186 0 
454 -799 517 0 
-760 -62 703 0 
365 355 8 0 
689 677 -952 0 
-364 -106 794 0 
-988 226 -375 0 
-752 530 -668 0 
405 194 -886 0 
345 -738 324 0 
-423 910 432 0 
97 768 -278 0 
-538 -135 -862 0 
881 -608 -121 0 
-953 -309 -269 0 
-849 573 -508 0 
-264 -592 581 0 
-518 172 126 0 
-73 -725 -946 0 
-164 -999 437 0 
-968 931 -683 0 
-544 -299 -817 0 
968 768 -364 0 
-943 -151 -519 0 
682 352 -365 0 
-540 341 152 0 
-953 191 5 0 
656 973 300 0 
43 -798 -938 0 
320 54 586 0 
-360 -718 820 0 
380 -407 -268 0 
378 979 -101 0 
517 -672 -427 0 
635 -667 -5 0 
426 -104 415 0 
-430 -350 -279 0 
-210 581 949 0 
588 589 702 0 
-876 -886 -615 0 
-259 962 -347 0 
-289 75 -839 0 
235 -624 -565 0 
-648 195 -451 0 
561 921 753 0 
685 44 990 0 
778 -674 -908 0 
-668 531 219 0 
357 -601 343 0 
-770 -579 -119 0 
-589 754 372 0 
-324 579 -224 0 
-955 -997 -765 0 
482 151 -704 0 
456 -912 69 0 
443 389 -505 0 
-662 -638 -893 0 
-473 -719 467 0 
-654 487 57 0 
240 479 -288 0 
-584 -731 737 0 
531 830 -107 0 
-722 558 -929 0 
-812 -356 990 0 
380 -405 743 0 
-795 -840 455 0 
-314 -821 -504 0 
494 -66 410 0 
621 282 314 0 
76 -425 -723 0 
627 -298 -302 0 
248 -386 -265 0 
-552 823 -270 0 
-681 314 -580 0 
-308 -902 -182 0 
-767 821 -443 0 
543 956 301 0 
298 -448 -6 0 
-397 -654 128 0 
-372 256 6 0 
745 875 -846 0 
-645 825 403 0 
-160 -450 -117 0 
453 -656 -409 0 
552 454 -14 0 
-206 807 348 0 
-162 -696 377 0 
479 245 -501 0 
727 -390 -55 0 
106 723 -705 0 
248 615 -80 0 
-764 118 -311 0 
437 758 -394 0 
-109 -420 -572 0 
660 -741 711 0 
-818 83 603 0 
-666 -991 851 0 
91 577 -740 0 
307 429 -495 0 
303 -41 606 0 
-750 -786 872 0 
685 -32 405 0 
376 -388 -575 0 
-22 332 -914 0 
542 790 -368 0 
-959 -13 -950 0 
557 -562 -552 0 
-446 253 -495 0 
265 -406 911 0 
532 42 625 0 
314 -63 545 0 
-580 149 401 0 
913 -442 678 0 
200 170 -958 0 
-988 868 -240 0 
-229 594 -349 0 
-93 -798 -810 0 
-768 339 -505 0 
-971 840 515 0 
-140 232 607 0 
325 152 134 0 
-319 511 -159 0 
386 -670 745 0 
-709 637 906 0 
897 -172 428 0 
-554 -310 -415 0 
-543 -259 -290 0 
271 -55 -761 0 
-729 946 894 0 
-924 842 -158 0 
945 -23 838 0 
253 826 912 0 
404 -192 -362 0 
-428 -877 759 0 
531 -899 762 0 
-931 41 -838 0 
-208 -177 -229 0 
229 101 272 0 
749 430 -204 0 
-998 538 -535 0 
348 824 -547 0 
-379 -268 322 0 
943 684 -680 0 
875 -609 149 0 
-482 -914 -440 0 
950 -811 -613 0 
-288 -258 587 0 
679 -496 962 0 
-424 -771 257 0 
-910 -594 -572 0 
-663 -401 -606 0 
-388 906 485 0 
702 142 325 0 
535 846 422 0 
11 628 59 0 
-308 599 -387 0 
-128 -223 642 0 
-840 491 242 0 
54 -83 -732 0 
604 -246 -988 0 
995 641 -650 0 
333 791 196 0 
-425 -392 -6 0 
-586 259 17 0 
446 216 949 0 
-18 136 647 0 
-481 107 378 0 
-787 -339 117 0 
-948 -205 807 0 
-569 -455 11 0 
479 424 -796 0 
-530 -724 -414 0 
784 663 733 0 
-515 727 -910 0 
-559 -132 -954 0 
735 -283 573 0 
-256 -825 -955 0 
812 -917 -557 0 
-399 755 -499 0 
-220 7 -298 0 
334 -173 240 0 
-386 269 551 0 
-961 906 -811 0 
-213 860 -919 0 
-262 352 -215 0 
172 791 -329 0 
119 -99 318 0 
-580 240 511 0 
-264 -537 -893 0 
-386 540 460 0 
-658 -94 -459 0 
619 872 151 0 
957 505 -885 0 
-128 981 440 0 
-461 -3 136 0 
-876 422 642 0 
-689 -783 43 0 
134 942 -198 0 
99 726 -772 0 
-248 -853 142 0 
60 390 398 0 
-120 677 646 0 
-315 -342 273 0 
509 152 578 0 
-164 618 -40 0 
271 -336 -254 0 
241 764 -537 0 
-259 590 -604 0 
978 136 111 0 
238 -289 -28 0 
-158 -919 -777 0 
616 -35 115 0 
113 -352 -303 0 
-483 420 638 0 
-923 336 93 0 
135 151 -133 0 
348 382 805 0 
-418 484 -78 0 
-241 388 -826 0 
15 170 -918 0 
811 -33 538 0 
790 203 205 0 
54 239 975 0 
895 -767 670 0 
873 -366 -402 0 
842 797 518 0 
859 72 467 0 
204 804 -738 0 
-395 471 533 0 
-235 883 -643 0 
335 -687 -371 0 
478 -71 691 0 
974 760 -211 0 
-989 444 -271 0 
-455 206 -566 0 
623 157 -938 0 
-244 -540 -165 0 
-477 390 -805 0 
-190 561 -370 0 
-748 334 405 0 
-902 -586 -992 0 
931 238 95 0 
844 -552 743 0 
639 431 371 0 
-318 -532 119 0 
256 -701 -209 0 
117 532 -589 0 
729 -200 27 0 
595 564 836 0 
-394 -957 227 0 
-888 -47 575 0 
825 511 -662 0 
-906 -629 332 0 
-817 -327 -245 0 
8 841 862 0 
-7 -613 -364 0 
264 -568 811 0 
-859 -943 -229 0 
-222 791 -208 0 
-519 744 -259 0 
-447 56 -47 0 
-598 -818 -789 0 
-272 719 18 0 
-5 -283 148 0 
243 94 -435 0 
-574 77 554 0 
-589 898 -94 0 
531 -335 464 0 
-206 -728 -157 0 
-347 -533 -934 0 
-583 380 -367 0 
-774 678 -809 0 
72 -535 -359 0 
550 36 -329 0 
984 245 -394 0 
-414 -349 -210 0 
381 -45 551 0 
-245 872 -205 0 
637 208 415 0 
-263 -190 780 0 
782 995 282 0 
179 -116 842 0 
335 691 -664 0 
317 933 742 0 
-765 790 917 0 
-829 202 568 0 
328 -436 920 0 
-319 -201 496 0 
509 -488 366 0 
551 -416 -197 0 
551 -785 855 0 
656 -888 -844 0 
-154 789 517 0 
-66 236 516 0 
-741 -103 -961 0 
-350 5 -440 0 
-864 402 574 0 
-371 -38 207 0 
-797 -302 -844 0 
853 -4 826 0 
-209 -642 539 0 
401 348 341 0 
-110 606 666 0 
-575 905 69 0 
-645 618 527 0 
