p cnf 1000 2400
180 -563 289 0 
769 54 74 0 
-552 64 754 0 
-233 -504 -276 0 
260 583 573 0 
-704 -149 -329 0 
323 534 -884 0 
-853 942 -486 0 
-303 211 -139 0 
-489 -827 264 0 
547 314 -636 0 
417 -914 -146 0 
579 817 197 0 
-215 -780 80 0 
569 -534 -97 0 
977 588 -453 0 
-816 407 110 0 
842 -854 372 0 
909 596 -473 0 
520 242 485 0 
-778 -900 -660 0 
-394 886 36 0 
888 308 157 0 
507 -980 857 0 
-490 809 185 0 
148 445 182 0 
-885 789 234 0 
651 742 851 0 
473 309 137 0 
-885 512 966 0 
-181 591 937 0 
988 487 115 0 
-503 -753 -110 0 
378 -346 538 0 
519 613 -815 0 
-521 -160 490 0 
-53 -538 -840 0 
-77 -464 -732 0 
-951 -651 -730 0 
-461 -508 472 0 
446 -298 -652 0 
-643 -472 -468 0 
249 213 606 0 
229 314 420 0 
-532 918 -966 0 
37 -573 625 0 
-357 235 797 0 
335 -659 -446 0 
-760 -314 -762 0 
-177 -588 -911 0 
-643 -187 -288 0 
984 48 602 0 
73 910 574 0 
391 387 639 0 
823 -835 -368 0 
-103 523 74 0 
728 -980 468 0 
928 -798 -5 0 
-35 187 -377 0 
-908 -885 -811 0 
710 -775 -842 0 
657 -187 -283 0 
932 974 103 0 
-157 -203 638 0 
-510 -807 -887 0 
610 -40 -275 0 
-379 -248 961 0 
-632 513 41 0 
-237 660 891 0 
-642 -483 879 0 
-873 -557 311 0 
-444 -955 -279 0 
213 903 -784 0 
508 94 -415 0 
-706 -430 899 0 
-58 -247 451 0 
-566 -934 -884 0 
-550 582 743 0 
-719 -399 -378 0 
466 755 480 0 
980 22 -360 0 
-648 -850 455 0 
394 764 27 0 
878 -861 -940 0 
442 -27 721 0 
524 571 -714 0 
-64 -151 -60 0 
-6 120 -676 0 
171 694 795 0 
-922 -776 -763 0 
-93 -255 -79 0 
193 -627 471 0 
-22 212 880 0 
-148 862 103 0 
-819 -981 646 0 
773 -92 -854 0 
-66 -990 -978 0 
979 862 197 0 
-370 -842 658 0 
250 -245 66 0 
237 548 765 0 
-195 810 -586 0 
-12 66 818 0 
347 -476 532 0 
-850 786 344 0 
235 -48 -252 0 
180 -581 95 0 
761 -972 974 0 
-977 468 260 0 
265 -566 -330 0 
693 -258 956 0 
-663 -613 72 0 
-564 977 465 0 
-230 -725 367 0 
-610 -112 -526 0 
11 50 713 0 
-133 -217 -709 0 
264 -443 659 0 
952 -51 -339 0 
370 479 -308 0 
188 740 35 0 
780 -667 201 0 
-889 -515 37 0 
211 -926 645 0 
-227 371 -234 0 
243 -325 629 0 
305 724 597 0 
-403 125 316 0 
-364 879 -603 0 
505 -981 378 0 
270 275 -105 0 
-877 -457 -994 0 
441 -730 423 0 
708 693 -957 0 
-576 -120 -609 0 
-901 454 966 0 
-533 -530 275 0 
479 139 -953 0 
19 854 583 0 
-738 836 751 0 
-516 -306 539 0 
-201 -4 535 0 
522 -972 452 0 
470 1000 627 0 
168 -951 -798 0 
-519 -289 -344 0 
-352 515 -164 0 
663 619 -314 0 
-365 -985 906 0 
-214 828 -166 0 
395 -845 178 0 
-355 -552 922 0 
687 -65 -325 0 
-327 -337 811 0 
-733 -522 -244 0 
599 -472 397 0 
-26 -488 863 0 
862 675 789 0 
-49 703 -738 0 
-53 -589 -884 0 
256 -253 -361 0 
-989 -29 643 0 
-568 790 382 0 
257 433 -859 0 
741 -606 -622 0 
-374 479 463 0 
-771 -635 846 0 
985 -308 -65 0 
631 -6 -59 0 
-731 469 -883 0 
582 -77 771 0 
-807 719 -957 0 
107 56 -229 0 
-525 79 734 0 
-341 865 29 0 
574 -670 -356 0 
-351 -252 -413 0 
-618 267 -997 0 
-418 -813 -297 0 
521 801 991 0 
943 -78 -232 0 
-377 -533 -358 0 
7 404 -919 0 
238 580 886 0 
-138 363 463 0 
-9 -694 681 0 
969 734 -644 0 
365 -946 -836 0 
-305 129 -460 0 
-879 684 726 0 
220 879 -547 0 
88 729 -290 0 
230 -360 568 0 
624 -832 676 0 
-272 48 760 0 
-374 465 -581 0 
-220 988 -903 0 
-438 205 -622 0 
204 -700 -410 0 
201 711 511 0 
-507 -741 -128 0 
-221 752 -182 0 
-141 237 471 0 
-379 -297 -63 0 
-782 -573 -754 0 
301 953 -566 0 
514 853 -337 0 
-188 960 26 0 
-369 995 920 0 
-541 250 -451 0 
971 -594 556 0 
-101 787 109 0 
-346 -873 -877 0 
-200 91 173 0 
973 624 -722 0 
-959 114 -136 0 
-261 -365 556 0 
-738 518 -594 0 
622 -892 -950 0 
-427 -671 -149 0 
-60 134 -748 0 
639 473 985 0 
766 671 -313 0 
237 -855 786 0 
658 -718 953 0 
-978 682 420 0 
30 756 -997 0 
823 -398 -10 0 
-699 -73 671 0 
143 -722 -679 0 
-584 671 -780 0 
-351 -709 362 0 
-14 335 918 0 
-853 -975 560 0 
466 -905 -775 0 
406 219 58 0 
-804 318 618 0 
-238 -351 -340 0 
666 89 -886 0 
-167 -293 99 0 
-965 -286 -132 0 
-82 740 -678 0 
536 669 889 0 
417 -679 -60 0 
-470 -435 737 0 
303 574 -560 0 
-234 475 111 0 
-698 195 -8 0 
232 721 -657 0 
167 351 -112 0 
-892 723 -461 0 
429 578 516 0 
-841 656 -454 0 
-219 -484 882 0 
654 822 -180 0 
-706 -712 256 0 
21 143 -634 0 
800 548 -83 0 
151 -957 211 0 
300 870 92 0 
121 50 679 0 
539 -686 487 0 
22 237 912 0 
-737 -963 -918 0 
-167 522 -813 0 
-19 963 -930 0 
191 837 -441 0 
-477 171 702 0 
252 -7 -367 0 
-325 -218 -928 0 
816 -654 -880 0 
707 -528 317 0 
806 395 -109 0 
-103 -762 488 0 
-512 330 963 0 
-244 837 493 0 
255 -75 -366 0 
234 -25 276 0 
711 370 -253 0 
-665 -410 -244 0 
-192 -922 806 0 
-161 989 16 0 
733 -600 487 0 
768 899 -5 0 
83 -727 -377 0 
-26 64 579 0 
-210 -599 250 0 
608 -250 42 0 
-233 561 -265 0 
-613 -867 771 0 
-939 -796 -794 0 
-307 513 -378 0 
362 -638 885 0 
872 -574 -581 0 
-323 419 330 0 
-22 -739 -175 0 
-458 -657 -28 0 
-709 -940 -578 0 
-159 13 161 0 
47 876 -985 0 
85 345 115 0 
548 -686 391 0 
-955 -333 82 0 
-673 122 969 0 
602 -537 97 0 
-956 -287 809 0 
-788 423 937 0 
268 -629 120 0 
173 -935 -49 0 
-615 -938 -358 0 
-96 -187 -606 0 
578 41 -471 0 
-731 -251 818 0 
934 -602 -270 0 
-163 -708 -504 0 
865 -436 -731 0 
886 -437 -942 0 
341 -972 280 0 
527 152 82 0 
942 -131 654 0 
638 -346 -761 0 
-734 230 -10 0 
-32 2 -183 0 
-289 -733 662 0 
-243 867 -740 0 
-614 -153 937 0 
349 410 225 0 
434 -42 889 0 
333 -709 671 0 
-773 64 558 0 
502 -309 -488 0 
-276 -578 503 0 
-470 -530 -730 0 
-916 -94 627 0 
320 762 411 0 
758 321 -776 0 
-291 -934 -43 0 
227 -216 35 0 
999 -875 -323 0 
26 -87 936 0 
763 -604 746 0 
13 93 900 0 
-792 453 -692 0 
509 -920 989 0 
408 546 780 0 
17 -583 538 0 
555 -45 757 0 
-559 -612 -27 0 
-443 -216 394 0 
-395 -508 799 0 
-127 -88 -958 0 
-890 359 40 0 
-555 658 -49 0 
-454 -909 -917 0 
-438 153 609 0 
-561 -619 -659 0 
105 -799 388 0 
-781 -72 -169 0 
187 306 442 0 
-868 -700 543 0 
41 978 888 0 
690 -919 -655 0 
-896 967 845 0 
42 623 45 0 
972 288 744 0 
794 -65 160 0 
318 -282 835 0 
-778 727 832 0 
29 -392 -603 0 
-978 648 845 0 
415 49 366 0 
-67 -270 -886 0 
611 -585 95 0 
843 340 -980 0 
-229 -123 -523 0 
978 -947 -266 0 
101 -313 -641 0 
-446 -591 -61 0 
-810 789 -589 0 
-100 161 -674 0 
-518 -167 847 0 
167 834 -484 0 
-569 -967 -225 0 
204 835 701 0 
-508 -20 468 0 
438 -565 245 0 
-452 -721 -691 0 
-183 787 980 0 
-910 864 728 0 
-161 118 -937 0 
-664 -584 -286 0 
126 691 -89 0 
648 875 -364 0 
291 790 -385 0 
-884 -818 -371 0 
308 960 -217 0 
-805 455 860 0 
244 -55 499 0 
-489 10 -147 0 
772 275 -747 0 
-765 526 -442 0 
-569 -26 -499 0 
-387 -550 967 0 
92 -598 -939 0 
157 82 -595 0 
880 508 -810 0 
-134 -315 743 0 
-253 -922 439 0 
-459 -204 157 0 
505 -88 358 0 
300 -897 -771 0 
281 668 950 0 
742 844 -590 0 
-979 -381 -643 0 
984 808 -75 0 
922 380 -802 0 
-378 -689 920 0 
807 378 -23 0 
-218 -865 121 0 
-39 246 439 0 
-996 -482 643 0 
-994 -700 -806 0 
-63 -762 287 0 
-313 -158 667 0 
680 -82 748 0 
480 770 -203 0 
-380 294 -729 0 
181 -215 -630 0 
-995 149 -76 0 
262 45 -737 0 
-162 -558 -93 0 
-201 -473 -259 0 
-271 -738 -82 0 
-691 -285 -382 0 
863 -530 -978 0 
-941 -916 -524 0 
319 807 -739 0 
-36 -242 -848 0 
735 -160 -141 0 
-453 509 -671 0 
-223 652 -357 0 
-452 226 702 0 
-355 -22 -909 0 
-940 -266 364 0 
377 929 992 0 
838 642 -895 0 
394 -93 -448 0 
863 -284 706 0 
857 -139 -924 0 
-382 641 -505 0 
82 -396 -656 0 
-109 159 474 0 
718 524 413 0 
793 -755 -563 0 
735 256 113 0 
-394 901 142 0 
54 -918 674 0 
-848 630 -953 0 
998 -868 -812 0 
172 -51 741 0 
338 -95 137 0 
-481 -402 529 0 
896 -37 878 0 
523 579 -128 0 
111 956 854 0 
-328 -787 -742 0 
-635 -895 823 0 
-2 -570 726 0 
41 -711 -662 0 
172 -921 -924 0 
782 527 -288 0 
-179 486 -172 0 
-443 263 458 0 
107 -656 -348 0 
-293 586 -680 0 
-555 -626 129 0 
-216 -490 7 0 
-50 -57 562 0 
-828 56 724 0 
559 584 -959 0 
716 -136 486 0 
-624 -780 -980 0 
-747 528 502 0 
-461 933 -815 0 
-887 -990 -418 0 
-556 -812 93 0 
-422 -889 50 0 
-494 725 -290 0 
-670 -185 -168 0 
-356 -22 -252 0 
408 929 992 0 
-183 -997 355 0 
-105 -502 52 0 
331 407 -921 0 
261 557 -132 0 
832 986 -895 0 
-972 163 2 0 
626 -605 456 0 
-112 167 493 0 
-457 999 44 0 
-26 -818 -114 0 
-906 683 -126 0 
-183 -1000 -358 0 
960 995 -607 0 
-100 13 -34 0 
-878 456 872 0 
751 811 -931 0 
-779 488 845 0 
-863 808 18 0 
176 -796 -582 0 
-636 -426 1 0 
463 -384 905 0 
-427 772 281 0 
-634 643 -424 0 
-649 143 -389 0 
-291 -29 679 0 
-645 23 36 0 
340 -271 894 0 
-909 13 141 0 
843 310 502 0 
-729 -844 571 0 
-24 -97 463 0 
-986 789 -867 0 
726 576 -818 0 
367 622 -546 0 
719 -415 -570 0 
29 -672 262 0 
-848 -463 -149 0 
57 -857 -193 0 
-529 -864 -725 0 
-906 657 324 0 
490 -1000 -74 0 
461 374 285 0 
941 136 490 0 
-682 -536 -555 0 
716 753 402 0 
-615 598 -268 0 
536 729 908 0 
-75 -159 -225 0 
180 128 -616 0 
-542 881 -769 0 
942 -172 522 0 
955 -481 -267 0 
-14 178 -781 0 
-952 -174 -503 0 
-815 395 -389 0 
919 -636 -4 0 
-126 -443 662 0 
-239 -237 700 0 
738 173 525 0 
-981 -83 -363 0 
-228 741 636 0 
-993 -796 914 0 
-863 374 -763 0 
-61 7 -15 0 
427 -813 971 0 
-229 903 -367 0 
583 -570 -516 0 
-297 -929 953 0 
961 -439 -528 0 
722 -576 62 0 
834 174 173 0 
21 438 611 0 
-475 -802 466 0 
348 -652 378 0 
225 -10 -100 0 
-653 -40 163 0 
118 -147 824 0 
-141 496 -418 0 
-409 -467 596 0 
-112 504 560 0 
-62 679 -238 0 
-902 -22 810 0 
-535 365 -39 0 
665 -514 374 0 
586 -499 360 0 
-623 -269 165 0 
-999 430 57 0 
-491 -967 560 0 
-451 711 -263 0 
-481 -95 -198 0 
-436 732 -228 0 
-433 -685 765 0 
821 -59 405 0 
-716 436 724 0 
431 99 -453 0 
616 667 -167 0 
-733 -918 -40 0 
-196 277 590 0 
-886 841 783 0 
246 932 -152 0 
388 -296 889 0 
-515 1 -629 0 
775 292 696 0 
830 740 -470 0 
702 -930 -669 0 
77 715 345 0 
150 443 -995 0 
-237 148 -940 0 
-695 -983 146 0 
-212 -606 -597 0 
-594 945 -471 0 
549 533 -301 0 
-84 -301 723 0 
398 -175 449 0 
-528 -967 -3 0 
820 -577 -334 0 
-706 213 477 0 
-539 707 -465 0 
166 447 -759 0 
-923 960 -155 0 
721 -602 641 0 
-938 98 -988 0 
979 371 -598 0 
334 -884 60 0 
841 -347 170 0 
835 797 73 0 
-837 -527 -899 0 
-91 -265 -423 0 
-801 109 -790 0 
-640 142 -316 0 
227 -631 -854 0 
-114 -795 -806 0 
341 -957 -869 0 
481 872 -576 0 
-146 -793 -7 0 
865 -726 -662 0 
-580 -208 328 0 
748 797 -723 0 
53 697 465 0 
982 -482 -797 0 
512 -200 -725 0 
-243 584 -754 0 
-543 339 -83 0 
537 898 883 0 
942 -180 -829 0 
439 -2 374 0 
-807 652 -420 0 
-174 -435 383 0 
-788 -932 706 0 
291 247 689 0 
-498 -920 -192 0 
29 942 416 0 
-917 873 -669 0 
597 -670 -723 0 
253 578 -462 0 
125 455 -747 0 
-743 818 -798 0 
-889 -741 -282 0 
351 -270 237 0 
554 593 489 0 
400 69 164 0 
-643 922 75 0 
837 -789 350 0 
-828 40 467 0 
-463 568 186 0 
194 -609 388 0 
-86 -73 -364 0 
48 271 546 0 
675 -996 -242 0 
826 302 841 0 
98 691 170 0 
-102 -378 -683 0 
-150 -2 328 0 
500 -260 672 0 
-438 944 -67 0 
966 -221 412 0 
-888 130 -901 0 
-733 436 445 0 
222 -762 -402 0 
-955 -924 929 0 
-481 443 -625 0 
-236 670 -341 0 
589 573 -941 0 
-773 603 459 0 
-12 929 -429 0 
688 837 208 0 
731 623 -174 0 
529 -163 -502 0 
-993 -144 837 0 
432 677 643 0 
745 623 207 0 
988 -961 349 0 
-756 424 -788 0 
-361 -442 977 0 
512 700 816 0 
-617 234 -422 0 
-181 -72 131 0 
98 397 320 0 
-540 608 -264 0 
-76 -791 -458 0 
-519 379 418 0 
191 536 916 0 
107 -530 -441 0 
127 6 -355 0 
-727 -325 552 0 
408 477 324 0 
-503 940 -993 0 
233 609 -286 0 
-138 -63 135 0 
-490 511 -718 0 
-436 421 -697 0 
727 -212 447 0 
-64 111 438 0 
-917 987 67 0 
-617 -938 -876 0 
79 118 275 0 
-246 555 16 0 
215 -492 -212 0 
672 -592 -671 0 
869 774 -794 0 
122 731 215 0 
-201 -89 -898 0 
184 185 940 0 
-498 875 380 0 
-929 -376 257 0 
-520 -635 -556 0 
601 391 727 0 
534 -184 428 0 
-183 54 -256 0 
661 200 -161 0 
774 271 479 0 
198 91 493 0 
617 949 884 0 
-726 -883 -864 0 
943 -866 -524 0 
560 475 930 0 
789 -627 620 0 
-830 -314 202 0 
-272 -317 -997 0 
367 -85 762 0 
-802 -5 -44 0 
-55 -10 138 0 
-323 -805 -568 0 
-97 64 980 0 
-419 -692 534 0 
-777 -264 701 0 
320 73 -290 0 
-903 -123 645 0 
744 -933 -548 0 
830 -291 844 0 
-994 953 206 0 
-259 -889 475 0 
-831 -241 -335 0 
628 485 -573 0 
-989 -695 781 0 
-902 853 -835 0 
868 -290 -625 0 
825 -717 64 0 
196 -778 -941 0 
59 -778 911 0 
-659 -788 695 0 
-715 -278 614 0 
631 816 -910 0 
167 975 -974 0 
-297 726 871 0 
-221 974 -269 0 
178 -961 773 0 
816 -211 -683 0 
-441 -426 942 0 
264 131 -407 0 
-577 -534 -985 0 
9 481 -640 0 
688 77 -176 0 
257 -218 905 0 
442 511 -898 0 
-77 143 -841 0 
172 875 -282 0 
838 -512 205 0 
-916 -80 684 0 
87 -610 661 0 
343 -201 -722 0 
244 774 34 0 
853 -165 -938 0 
-851 122 541 0 
283 -590 721 0 
273 -43 -248 0 
611 -5 233 0 
220 -377 -395 0 
-942 -467 -779 0 
736 832 300 0 
-215 127 -327 0 
180 -266 30 0 
48 32 718 0 
898 -99 559 0 
112 -719 316 0 
-153 -740 418 0 
-215 688 723 0 
-100 -929 -250 0 
61 -877 354 0 
-264 482 528 0 
-980 -736 -584 0 
-18 -338 -573 0 
-403 630 -941 0 
-998 -387 820 0 
-669 -308 988 0 
819 -578 -884 0 
174 424 802 0 
-328 -124 -723 0 
622 -465 -42 0 
-228 -810 -689 0 
81 759 -491 0 
-135 33 858 0 
113 839 -210 0 
851 725 398 0 
535 -325 -984 0 
-396 -159 -460 0 
289 449 -981 0 
566 196 646 0 
670 -584 849 0 
35 213 338 0 
591 -320 310 0 
453 519 28 0 
-623 -603 -167 0 
154 -778 -735 0 
392 430 -495 0 
523 -351 -271 0 
463 -447 233 0 
933 -997 517 0 
830 -105 -538 0 
690 610 442 0 
210 -635 30 0 
-861 448 -3 0 
345 -83 -633 0 
-201 -539 31 0 
535 -786 -702 0 
199 -278 894 0 
-793 930 259 0 
-927 645 379 0 
762 970 -509 0 
806 -758 908 0 
-434 -51 817 0 
814 217 885 0 
-167 717 -265 0 
-181 525 -577 0 
-226 860 136 0 
-287 856 -868 0 
563 -133 -643 0 
-653 805 -157 0 
753 -93 -983 0 
169 -202 -333 0 
-751 967 93 0 
285 -193 -905 0 
-335 430 -993 0 
151 -389 115 0 
438 473 798 0 
-30 -133 -286 0 
158 -775 -922 0 
426 -807 857 0 
684 -448 -118 0 
516 -22 791 0 
-441 43 -497 0 
-49 190 -292 0 
886 -693 -438 0 
805 725 555 0 
864 493 -213 0 
147 940 -468 0 
454 -546 -299 0 
578 782 -362 0 
-979 795 -498 0 
535 -311 -617 0 
476 262 -890 0 
-391 -248 -951 0 
-293 -830 792 0 
-825 807 -711 0 
-583 -781 143 0 
968 -978 -55 0 
348 195 -117 0 
-772 541 928 0 
908 560 923 0 
739 751 -16 0 
-457 -576 677 0 
515 -123 376 0 
-771 389 -224 0 
-363 350 48 0 
-664 161 -173 0 
2 -124 500 0 
-746 -253 537 0 
-228 -803 -368 0 
-890 -509 -512 0 
811 278 132 0 
691 -871 -353 0 
896 -986 -993 0 
-407 112 447 0 
425 811 -618 0 
861 -125 818 0 
236 -394 80 0 
549 434 93 0 
842 -162 316 0 
-154 883 237 0 
183 -958 -875 0 
-707 62 -157 0 
-511 997 956 0 
971 -886 -29 0 
826 15 -781 0 
620 -200 -624 0 
-482 811 -373 0 
916 186 -852 0 
346 115 -494 0 
466 963 -13 0 
-344 -668 -1 0 
202 -718 -872 0 
-334 -517 641 0 
41 713 -961 0 
963 121 -460 0 
766 -142 444 0 
724 -645 -749 0 
954 -725 -633 0 
-498 452 166 0 
-693 35 137 0 
606 -718 992 0 
-192 484 -234 0 
435 -344 -856 0 
-447 -995 -215 0 
978 383 730 0 
-51 -467 573 0 
292 722 -828 0 
22 -322 226 0 
-776 -126 704 0 
-131 -520 930 0 
927 791 -797 0 
-906 -646 -431 0 
308 879 -140 0 
-204 699 954 0 
807 -341 871 0 
311 -756 325 0 
-728 495 675 0 
-785 92 290 0 
-724 224 -666 0 
666 486 -184 0 
-487 910 -622 0 
681 56 -256 0 
505 427 -792 0 
711 219 233 0 
-415 562 368 0 
-390 347 809 0 
-491 160 -472 0 
953 20 397 0 
-93 -592 897 0 
-426 -285 -292 0 
-731 142 255 0 
618 801 730 0 
-175 306 135 0 
-489 304 135 0 
564 779 669 0 
350 382 -654 0 
-468 -759 -597 0 
62 -243 -840 0 
32 -585 -816 0 
201 -965 -510 0 
-217 509 -551 0 
385 -342 933 0 
-200 -107 445 0 
531 794 -613 0 
-581 789 645 0 
760 618 709 0 
893 680 713 0 
-938 879 -354 0 
525 -970 -699 0 
-426 -146 -138 0 
-175 633 -982 0 
-581 -649 -478 0 
917 774 561 0 
-715 101 165 0 
294 -935 -936 0 
-759 546 -469 0 
-769 -420 -931 0 
-28 -280 952 0 
-10 636 210 0 
27 -415 -660 0 
722 867 -536 0 
-724 -709 -382 0 
539 316 266 0 
-195 -176 -983 0 
-943 328 609 0 
-227 -834 253 0 
-809 -715 -56 0 
-635 -35 11 0 
-815 -403 -942 0 
-187 -469 -56 0 
817 963 -21 0 
-56 -300 -519 0 
-433 -926 865 0 
850 895 282 0 
-735 357 -517 0 
-48 307 991 0 
645 388 258 0 
96 851 -574 0 
933 832 776 0 
-16 -152 -367 0 
518 659 -988 0 
-425 370 -936 0 
181 -785 362 0 
782 878 -430 0 
195 -970 -112 0 
534 250 -883 0 
-553 738 274 0 
-288 388 -43 0 
-722 -941 690 0 
-712 -751 -312 0 
-547 -116 210 0 
493 595 -101 0 
-735 -376 633 0 
-711 900 76 0 
946 -635 -865 0 
-637 -182 739 0 
958 553 497 0 
996 635 -366 0 
234 119 -573 0 
658 604 -145 0 
231 660 531 0 
273 -263 518 0 
-324 -949 592 0 
-798 -39 -571 0 
739 -622 86 0 
-565 -234 879 0 
-387 979 -823 0 
547 852 -223 0 
-156 903 395 0 
-685 -141 -684 0 
-990 -515 301 0 
-339 276 -14 0 
-354 -476 836 0 
841 736 -679 0 
-271 882 100 0 
-300 812 692 0 
937 -856 201 0 
691 -794 377 0 
903 683 -448 0 
-54 -48 409 0 
191 812 412 0 
-307 -641 408 0 
-851 236 203 0 
-652 -777 490 0 
-64 732 -96 0 
-826 165 -361 0 
320 -506 -705 0 
489 -479 -555 0 
40 148 140 0 
531 -534 -451 0 
-110 -250 593 0 
673 -416 -373 0 
145 482 828 0 
101 -537 586 0 
-611 292 -753 0 
-106 -85 -619 0 
107 327 -529 0 
-278 867 167 0 
974 -630 -213 0 
98 -204 145 0 
-731 -954 430 0 
361 908 668 0 
-35 166 -134 0 
-701 412 556 0 
-756 206 -213 0 
764 -870 781 0 
30 156 -438 0 
107 -554 -600 0 
-465 195 -738 0 
-526 -319 744 0 
631 -240 -379 0 
-707 891 -333 0 
-552 -283 863 0 
727 -269 -135 0 
619 -425 162 0 
-10 500 836 0 
644 799 325 0 
205 -392 631 0 
526 703 -127 0 
519 -182 782 0 
-258 51 326 0 
131 663 688 0 
-770 958 259 0 
-598 -841 464 0 
794 -968 161 0 
-955 488 604 0 
-432 -29 -661 0 
-910 958 -205 0 
-169 109 -732 0 
-880 -933 740 0 
288 714 766 0 
248 470 -228 0 
949 749 543 0 
227 207 108 0 
904 378 557 0 
590 -465 -495 0 
717 -890 -844 0 
733 -896 968 0 
609 -333 -965 0 
-929 -466 283 0 
-826 124 708 0 
-725 887 -899 0 
-281 -216 543 0 
-28 -380 931 0 
-751 -260 933 0 
-118 910 639 0 
563 837 -961 0 
727 -248 469 0 
-174 922 253 0 
94 -572 -670 0 
290 967 501 0 
678 218 320 0 
-466 -927 173 0 
138 -63 -144 0 
-668 -703 -439 0 
127 -449 257 0 
-340 -379 -641 0 
-834 -630 -68 0 
-946 672 -395 0 
19 -638 -103 0 
56 -401 -256 0 
164 852 -229 0 
-185 -641 -898 0 
-858 -683 763 0 
242 -530 386 0 
854 -119 -92 0 
318 -505 902 0 
309 993 -83 0 
274 471 520 0 
-280 -743 -477 0 
247 32 -46 0 
-963 989 343 0 
569 632 -54 0 
-573 -826 -500 0 
-998 123 793 0 
786 735 -884 0 
895 -110 252 0 
-96 362 898 0 
-584 -284 814 0 
-233 321 476 0 
-439 -843 581 0 
868 750 658 0 
-462 -595 423 0 
530 473 35 0 
-803 -464 375 0 
830 -153 890 0 
-129 175 999 0 
757 536 -18 0 
543 -178 -253 0 
-657 -759 -969 0 
-827 -778 465 0 
-387 -270 39 0 
-797 466 -813 0 
988 476 -691 0 
-335 -635 306 0 
-101 697 203 0 
147 976 -40 0 
-760 -797 596 0 
522 -161 242 0 
-582 -716 970 0 
1 406 -39 0 
68 -793 503 0 
-965 -107 -280 0 
532 748 549 0 
-856 -465 -945 0 
-474 956 510 0 
983 -294 622 0 
202 -807 -209 0 
714 -568 -740 0 
-588 -490 -102 0 
-110 -889 -686 0 
226 -824 783 0 
-608 -61 778 0 
-405 -479 362 0 
745 722 713 0 
583 -587 45 0 
-890 -664 478 0 
150 -397 841 0 
22 -1000 -915 0 
-899 -122 426 0 
-915 -952 -917 0 
460 -43 -7 0 
-975 759 -175 0 
963 486 -883 0 
-78 -202 -416 0 
294 113 849 0 
-606 -272 -964 0 
-850 -83 350 0 
-556 254 -755 0 
269 -88 -187 0 
-96 174 648 0 
886 976 -884 0 
-68 116 497 0 
-534 939 314 0 
-895 743 -379 0 
-637 -736 617 0 
199 -995 -828 0 
-864 -635 -127 0 
74 -262 -833 0 
-242 868 -833 0 
244 -224 -161 0 
-971 484 -31 0 
-659 -509 794 0 
605 718 33 0 
888 950 -602 0 
223 -378 290 0 
-565 -31 -465 0 
-626 566 -258 0 
-748 47 514 0 
-89 29 -833 0 
-918 702 523 0 
-550 -660 139 0 
-409 -562 713 0 
674 102 -347 0 
123 -588 930 0 
-681 -201 -668 0 
250 222 -119 0 
-331 -529 -538 0 
-123 2 347 0 
-633 552 181 0 
-465 -70 -261 0 
-567 -692 876 0 
-131 -846 735 0 
290 888 828 0 
-155 -887 -7 0 
-150 550 -925 0 
242 102 -519 0 
560 232 962 0 
9 -401 -580 0 
758 -954 708 0 
-463 -121 700 0 
239 588 -449 0 
585 -370 -469 0 
507 -216 822 0 
425 -938 -405 0 
818 34 -851 0 
19 -771 490 0 
817 -313 -500 0 
454 -877 -860 0 
-913 -562 -290 0 
289 -222 -757 0 
196 166 825 0 
-618 538 -11 0 
-359 598 -497 0 
-747 525 398 0 
-745 -250 -764 0 
567 -411 -624 0 
-726 -717 628 0 
199 561 680 0 
-593 501 147 0 
784 -242 131 0 
-280 -901 -121 0 
-509 251 -763 0 
-5 550 511 0 
957 -503 218 0 
886 -509 933 0 
-671 642 125 0 
-346 -834 -428 0 
960 -407 70 0 
163 -754 825 0 
264 766 883 0 
551 -537 -952 0 
-608 -225 -555 0 
78 832 985 0 
-907 80 -494 0 
-803 748 951 0 
669 799 56 0 
755 474 493 0 
-759 244 -15 0 
820 278 509 0 
146 -917 -236 0 
-402 148 915 0 
233 -384 -722 0 
492 -677 -179 0 
125 -109 463 0 
-951 -959 -961 0 
-684 747 963 0 
425 286 333 0 
-188 -557 732 0 
-611 177 -148 0 
-22 679 -785 0 
881 -711 184 0 
-192 -601 10 0 
796 -282 -163 0 
-945 515 720 0 
582 -743 -146 0 
-592 982 921 0 
-74 504 -186 0 
144 -297 709 0 
67 -611 187 0 
604 364 855 0 
929 -571 655 0 
-869 -896 823 0 
-238 -218 978 0 
-620 -641 -56 0 
-280 872 625 0 
829 -756 -23 0 
-144 -548 231 0 
-903 581 -885 0 
-551 750 -257 0 
-519 -400 -56 0 
-105 326 593 0 
-338 -407 -291 0 
39 -656 -357 0 
-507 288 154 0 
-78 865 678 0 
397 -804 -633 0 
29 474 290 0 
-975 -199 -212 0 
181 -280 -189 0 
555 -361 -833 0 
-913 -133 -642 0 
-666 -503 -355 0 
52 773 -323 0 
-820 361 -530 0 
50 -62 703 0 
-935 38 893 0 
386 662 -185 0 
216 -423 -843 0 
-875 687 216 0 
-154 862 214 0 
185 -684 -879 0 
120 -752 -502 0 
987 791 945 0 
-603 810 490 0 
530 -944 888 0 
-845 849 992 0 
-597 410 -802 0 
404 323 -626 0 
436 -979 894 0 
-809 735 -879 0 
-127 -888 22 0 
-1000 -81 -859 0 
726 372 118 0 
372 464 -824 0 
-550 357 771 0 
-742 -476 -643 0 
225 104 -494 0 
419 39 -211 0 
358 -59 -355 0 
-905 -678 -352 0 
-759 -689 468 0 
974 -744 -413 0 
490 -262 -126 0 
-802 -748 504 0 
-538 -814 255 0 
-543 536 573 0 
531 -893 -242 0 
88 -756 -32 0 
-764 -442 440 0 
-665 -291 -86 0 
-576 -991 215 0 
486 543 572 0 
936 -18 -786 0 
-561 738 -977 0 
870 -560 371 0 
-596 -220 -263 0 
-759 181 268 0 
945 15 -257 0 
633 48 443 0 
984 -138 -598 0 
278 982 -27 0 
-675 -7 761 0 
-816 916 674 0 
4 -319 -935 0 
807 538 888 0 
951 887 69 0 
180 727 -923 0 
683 -406 -968 0 
-190 -270 -99 0 
-55 886 813 0 
-439 219 268 0 
-971 -502 -432 0 
193 194 -349 0 
482 -797 -920 0 
-970 134 -109 0 
-718 -572 774 0 
-542 -879 281 0 
-196 -703 -500 0 
630 715 -73 0 
622 -116 -208 0 
-910 -520 372 0 
132 41 200 0 
278 -697 -825 0 
292 624 20 0 
36 387 -759 0 
515 -292 894 0 
-248 -929 897 0 
-24 718 374 0 
972 270 -243 0 
48 -101 -163 0 
-570 981 478 0 
806 780 242 0 
-198 -912 -64 0 
105 136 -360 0 
-527 875 334 0 
957 197 -711 0 
825 -301 772 0 
-560 -936 -900 0 
-467 -452 73 0 
-714 237 63 0 
-422 136 414 0 
-768 -603 417 0 
-808 -675 -389 0 
-275 321 452 0 
-293 -547 -46 0 
-709 -176 -32 0 
411 -63 -141 0 
-723 267 -429 0 
76 640 -536 0 
-165 229 997 0 
113 -130 789 0 
197 -406 25 0 
145 869 -964 0 
-925 94 384 0 
-439 -215 -685 0 
-10 -662 736 0 
222 -79 -730 0 
-603 -952 438 0 
457 191 4 0 
-619 617 -513 0 
-744 -803 215 0 
870 -419 214 0 
707 663 -93 0 
-134 233 -514 0 
-567 -158 82 0 
29 -355 -354 0 
-911 390 852 0 
-247 260 769 0 
-369 -477 -743 0 
-781 241 -705 0 
-346 193 -692 0 
-24 174 180 0 
-600 -222 253 0 
628 -802 213 0 
729 -159 -312 0 
-971 -182 639 0 
671 208 -453 0 
-453 195 -657 0 
734 -108 287 0 
-575 -303 -88 0 
-815 -463 446 0 
-61 -332 -587 0 
110 457 481 0 
-524 590 730 0 
-905 983 396 0 
868 -514 316 0 
-226 -750 -117 0 
306 -456 -740 0 
-178 996 529 0 
840 777 -921 0 
792 605 -440 0 
-360 652 65 0 
-944 -751 152 0 
-240 114 542 0 
414 519 53 0 
-803 150 -609 0 
253 174 -245 0 
-705 -167 231 0 
-122 -940 -316 0 
506 451 -373 0 
-318 -468 -441 0 
302 -764 -723 0 
-741 45 -822 0 
247 272 -288 0 
-903 -558 49 0 
-219 544 538 0 
957 450 894 0 
-490 -432 209 0 
109 -891 523 0 
-634 -189 397 0 
-369 532 750 0 
-156 157 23 0 
882 571 766 0 
-437 -520 -81 0 
-882 942 301 0 
377 331 188 0 
-946 -539 194 0 
989 -299 -570 0 
73 -523 -22 0 
804 -422 515 0 
993 950 -179 0 
-236 -272 618 0 
229 -948 -313 0 
-82 950 355 0 
-947 -150 -761 0 
705 239 -282 0 
643 261 -689 0 
948 534 837 0 
-288 -572 663 0 
-788 108 -618 0 
-977 143 990 0 
-698 -906 -892 0 
829 -471 -24 0 
-773 -966 343 0 
-875 916 -121 0 
214 721 27 0 
-874 592 -891 0 
-20 -323 645 0 
813 812 -944 0 
766 632 431 0 
442 115 544 0 
541 -993 326 0 
774 -153 412 0 
-571 164 620 0 
629 477 -166 0 
606 54 724 0 
691 -77 425 0 
95 -704 -59 0 
-816 -605 223 0 
151 627 -34 0 
-79 -803 154 0 
759 -757 -225 0 
196 145 39 0 
202 644 -230 0 
989 -948 223 0 
-182 -258 985 0 
-481 -748 447 0 
772 822 -108 0 
312 537 444 0 
571 -552 530 0 
200 712 765 0 
-778 -367 -482 0 
181 975 -3 0 
23 782 -224 0 
927 552 -876 0 
-538 -625 -160 0 
-751 458 492 0 
-874 32 -394 0 
895 -870 -496 0 
730 -84 173 0 
-565 375 559 0 
-881 912 -650 0 
-663 11 -980 0 
906 433 426 0 
-519 399 369 0 
489 -531 -70 0 
-636 337 488 0 
-66 -708 73 0 
-2 125 709 0 
-83 -936 605 0 
-703 223 365 0 
191 -481 -123 0 
898 99 -779 0 
897 -942 37 0 
665 44 -892 0 
141 187 785 0 
729 401 -896 0 
233 -229 648 0 
-366 -777 -242 0 
927 673 868 0 
-652 -452 -942 0 
-38 486 -665 0 
-551 -636 -934 0 
-774 -397 -575 0 
783 571 -131 0 
-491 -442 153 0 
331 -231 220 0 
990 -486 -883 0 
-163 -262 675 0 
484 -83 -295 0 
227 687 547 0 
-408 -621 107 0 
-659 964 718 0 
639 65 1000 0 
-671 -243 -144 0 
-223 15 -438 0 
745 -126 -725 0 
-611 200 284 0 
-372 865 -707 0 
-744 -44 -27 0 
-702 518 323 0 
478 -803 -987 0 
594 -57 782 0 
-491 503 480 0 
-955 115 -491 0 
-501 -649 -623 0 
-648 -659 -960 0 
-235 -834 -312 0 
-76 15 -976 0 
790 136 317 0 
-338 939 500 0 
938 -504 -380 0 
-561 230 -13 0 
364 528 -790 0 
932 433 623 0 
881 604 752 0 
515 162 283 0 
-30 -158 -730 0 
-244 638 879 0 
-390 -769 -926 0 
-294 495 709 0 
868 226 -472 0 
-167 980 684 0 
-313 492 862 0 
-910 75 -382 0 
-69 -996 -51 0 
636 550 -310 0 
-91 593 695 0 
-988 -13 -812 0 
325 717 545 0 
-332 786 969 0 
-441 987 -520 0 
446 932 216 0 
9 -271 -50 0 
592 273 652 0 
-582 -447 -962 0 
642 -331 839 0 
-96 -198 -252 0 
331 35 713 0 
-49 -205 460 0 
493 73 -302 0 
-880 426 -551 0 
248 357 -149 0 
650 372 506 0 
292 -25 -408 0 
261 -19 248 0 
386 -446 653 0 
-79 383 -441 0 
275 -237 -246 0 
467 -498 539 0 
921 -351 -394 0 
42 131 -803 0 
-373 745 -494 0 
665 133 564 0 
34 310 625 0 
-549 -520 -299 0 
287 399 -967 0 
-249 -716 957 0 
-549 956 325 0 
-677 -170 962 0 
-689 -473 16 0 
-485 -11 -581 0 
136 492 -241 0 
249 195 -549 0 
667 831 -789 0 
485 995 -803 0 
-559 204 -834 0 
-998 309 -903 0 
-843 932 -923 0 
918 -500 -80 0 
351 -906 -282 0 
-260 686 298 0 
-192 521 -114 0 
-952 -594 630 0 
-311 -675 1 0 
846 -44 -916 0 
277 161 855 0 
-655 661 657 0 
149 508 834 0 
-669 474 -948 0 
-560 928 -566 0 
397 964 889 0 
-960 -555 302 0 
47 -733 816 0 
-397 -155 987 0 
-520 -593 -839 0 
-827 878 -532 0 
675 -739 903 0 
67 13 -603 0 
-677 508 -407 0 
774 259 -671 0 
486 -869 691 0 
583 117 -913 0 
-884 638 -607 0 
412 -84 -946 0 
105 59 -532 0 
324 -596 829 0 
557 693 -25 0 
431 110 698 0 
-742 699 -586 0 
654 -17 274 0 
409 -574 68 0 
830 -396 -609 0 
564 -651 -768 0 
-654 989 717 0 
883 -951 -272 0 
38 106 -136 0 
-943 -12 839 0 
-938 -889 -893 0 
922 -744 312 0 
-565 398 -475 0 
991 -925 148 0 
469 684 563 0 
265 762 207 0 
-646 649 919 0 
-75 461 364 0 
423 -599 1 0 
-93 -421 -494 0 
165 269 -397 0 
423 -473 704 0 
948 -133 288 0 
251 429 -11 0 
-133 -203 -48 0 
-96 11 -595 0 
516 260 -366 0 
-541 950 -505 0 
412 333 124 0 
123 940 906 0 
-622 565 701 0 
406 643 -317 0 
673 803 936 0 
-67 -360 733 0 
171 53 117 0 
-646 -36 438 0 
469 3 409 0 
236 -109 280 0 
702 835 621 0 
-933 -395 436 0 
-821 -574 -38 0 
640 951 981 0 
909 -728 755 0 
-582 900 -489 0 
468 773 464 0 
-104 -285 -54 0 
-183 29 687 0 
941 114 386 0 
744 693 114 0 
-817 992 -813 0 
798 -746 287 0 
945 -856 297 0 
-798 504 203 0 
-277 958 120 0 
-840 354 335 0 
205 594 665 0 
-374 -909 686 0 
598 -675 929 0 
724 -594 -467 0 
-521 354 163 0 
523 820 -663 0 
-617 549 -193 0 
880 186 -221 0 
-638 -134 350 0 
839 484 -955 0 
-500 361 904 0 
-157 -379 995 0 
-477 478 -433 0 
-407 -64 -827 0 
655 902 -998 0 
-99 239 685 0 
494 -198 971 0 
873 943 550 0 
476 -69 59 0 
-416 -307 -216 0 
223 -655 -939 0 
101 384 -887 0 
822 269 499 0 
-669 889 -39 0 
-177 292 582 0 
-566 -281 263 0 
-705 141 -424 0 
-756 198 -45 0 
278 981 -378 0 
739 274 531 0 
272 659 270 0 
-145 431 -105 0 
-371 -623 254 0 
-111 -594 353 0 
412 -292 -417 0 
685 291 419 0 
-461 -571 -481 0 
-737 21 -17 0 
67 606 -237 0 
-692 -258 -339 0 
-293 -466 -920 0 
-1000 -869 -178 0 
-832 -738 -904 0 
662 158 -686 0 
918 518 -431 0 
55 808 -470 0 
971 217 425 0 
799 379 79 0 
815 55 -805 0 
-952 -114 887 0 
-872 -200 209 0 
-410 -722 -666 0 
758 767 -575 0 
-633 316 -116 0 
-806 441 537 0 
532 -966 331 0 
-484 80 203 0 
819 308 353 0 
217 199 -315 0 
-51 979 651 0 
-643 -973 446 0 
653 845 517 0 
-928 -191 -167 0 
-841 -102 840 0 
-558 459 -255 0 
835 778 -541 0 
-669 508 491 0 
-439 779 -963 0 
-431 566 -230 0 
881 613 -948 0 
544 -393 434 0 
198 660 -918 0 
-990 606 967 0 
-272 76 -365 0 
64 252 307 0 
-536 154 336 0 
-941 -956 123 0 
-840 -595 693 0 
-795 777 613 0 
-437 -86 -921 0 
-612 768 280 0 
-211 -323 217 0 
-277 910 991 0 
786 -388 -793 0 
907 -594 -129 0 
224 338 267 0 
-962 643 555 0 
629 -898 -916 0 
-807 627 248 0 
505 397 496 0 
169 553 133 0 
981 607 240 0 
-740 -533 -687 0 
-951 -284 -269 0 
42 453 819 0 
-814 -498 679 0 
464 -232 -370 0 
774 883 -844 0 
488 136 48 0 
840 -666 956 0 
-862 -711 -624 0 
97 -979 -744 0 
471 -733 279 0 
-339 849 -203 0 
723 -328 100 0 
123 -194 405 0 
190 -201 -491 0 
493 -154 -44 0 
-421 -246 -262 0 
58 -868 -143 0 
971 -640 912 0 
554 -342 776 0 
406 103 -786 0 
679 945 -560 0 
752 -267 -207 0 
-548 305 727 0 
871 -948 728 0 
-118 576 85 0 
-172 -8 -715 0 
45 310 -277 0 
-599 -860 719 0 
799 520 -780 0 
-535 820 14 0 
-676 132 447 0 
-855 -681 -203 0 
408 924 423 0 
-503 352 -837 0 
434 666 435 0 
362 610 -511 0 
-797 -828 -656 0 
-760 -300 88 0 
157 297 -958 0 
-369 423 -147 0 
-74 -328 939 0 
441 -719 -552 0 
-514 529 -140 0 
-711 643 94 0 
368 -128 195 0 
646 -636 764 0 
-376 625 -562 0 
-104 -783 631 0 
-208 297 -776 0 
310 -590 461 0 
934 -904 -197 0 
238 -867 651 0 
144 874 232 0 
-792 -881 -993 0 
316 -160 -786 0 
-743 -598 -851 0 
-760 -125 -858 0 
174 -275 -146 0 
248 552 -221 0 
924 -115 842 0 
199 986 -263 0 
424 -726 -642 0 
-472 390 -596 0 
-220 365 724 0 
651 -42 -128 0 
243 -647 295 0 
-764 752 655 0 
720 -602 -121 0 
-415 843 187 0 
161 511 -304 0 
-248 -12 -875 0 
700 355 135 0 
504 -224 798 0 
790 -859 -504 0 
-138 428 675 0 
555 562 171 0 
919 -890 3 0 
192 157 715 0 
203 -760 386 0 
684 -452 815 0 
433 -621 -700 0 
-665 279 -458 0 
798 -571 47 0 
-56 -213 506 0 
207 -545 -932 0 
-780 24 747 0 
-213 647 -916 0 
649 513 31 0 
176 395 831 0 
-108 691 -810 0 
600 -643 -603 0 
-741 -65 713 0 
-91 -212 -427 0 
-777 -776 897 0 
-282 -196 234 0 
296 565 617 0 
-413 93 -785 0 
318 548 352 0 
858 -101 410 0 
712 -532 -995 0 
100 -316 174 0 
-161 808 -409 0 
667 76 -961 0 
211 328 -798 0 
-877 -157 -472 0 
368 -500 -274 0 
-587 897 -849 0 
-615 -950 153 0 
-225 523 189 0 
818 549 -783 0 
321 362 -606 0 
756 440 241 0 
183 -895 246 0 
-440 517 -990 0 
-73 777 -789 0 
-822 -398 596 0 
616 145 -748 0 
-624 797 883 0 
-698 114 816 0 
-758 941 -533 0 
761 -949 -15 0 
593 384 -586 0 
124 -929 708 0 
646 466 348 0 
740 986 667 0 
-764 390 125 0 
-26 376 931 0 
-778 457 -218 0 
399 -503 364 0 
576 866 492 0 
757 917 -963 0 
357 -999 -874 0 
322 306 36 0 
940 -987 974 0 
-126 170 374 0 
-185 663 284 0 
-653 713 552 0 
-952 964 -39 0 
948 -419 -731 0 
-986 -33 335 0 
-624 -274 737 0 
-892 434 -182 0 
677 -329 246 0 
-496 -327 434 0 
-20 617 -575 0 
973 -317 462 0 
-388 595 -492 0 
-836 273 -974 0 
447 -703 674 0 
568 560 12 0 
-241 750 274 0 
90 -428 23 0 
-721 159 879 0 
979 -801 450 0 
471 -81 387 0 
284 158 -547 0 
-9 219 471 0 
163 153 -390 0 
893 200 410 0 
-431 -958 -41 0 
104 236 -96 0 
-214 556 -350 0 
879 498 951 0 
586 -465 409 0 
-344 -169 10 0 
162 -107 650 0 
874 902 -63 0 
728 190 -684 0 
102 850 142 0 
-298 311 -550 0 
-543 -260 -62 0 
989 60 -102 0 
562 982 -852 0 
931 396 723 0 
296 393 171 0 
552 -883 964 0 
733 321 -449 0 
260 510 -972 0 
-15 -608 652 0 
427 -404 -812 0 
603 525 169 0 
387 -639 734 0 
952 -436 578 0 
-468 636 53 0 
747 937 -538 0 
-45 -225 430 0 
-556 43 186 0 
-645 144 654 0 
859 -453 -297 0 
-717 736 395 0 
460 -663 357 0 
869 619 877 0 
705 -667 694 0 
-655 -210 -190 0 
237 486 390 0 
62 -725 236 0 
-859 996 484 0 
312 -878 781 0 
852 -36 -156 0 
780 -110 -518 0 
255 -786 340 0 
630 323 884 0 
-486 -986 801 0 
-451 -823 186 0 
166 -364 543 0 
-607 93 -428 0 
253 655 214 0 
612 192 -904 0 
-69 93 908 0 
-713 -2 -374 0 
-153 -674 328 0 
893 -290 837 0 
-188 -710 582 0 
473 826 -225 0 
-745 407 -935 0 
853 -609 -512 0 
936 -76 -492 0 
-537 -489 590 0 
390 -283 575 0 
-617 785 -467 0 
-84 -881 966 0 
-898 -687 -689 0 
-133 902 76 0 
682 -332 918 0 
-196 30 -611 0 
-752 -483 -133 0 
327 98 385 0 
568 -758 308 0 
-295 -197 934 0 
-973 -178 423 0 
-820 -193 999 0 
768 -317 671 0 
-534 959 261 0 
-864 -228 371 0 
656 -174 304 0 
122 -233 -950 0 
-420 762 -624 0 
961 -226 -869 0 
304 286 457 0 
430 -855 438 0 
374 -126 -943 0 
-915 -630 -608 0 
-143 733 131 0 
658 -445 -289 0 
-562 364 -615 0 
853 604 -890 0 
402 87 -460 0 
-557 -99 -797 0 
-4 -793 759 0 
85 705 -921 0 
746 931 524 0 
-508 317 374 0 
-859 653 -632 0 
-444 77 527 0 
375 -738 693 0 
55 98 267 0 
842 -845 -170 0 
-903 37 803 0 
668 -802 -989 0 
109 -603 -249 0 
-579 486 -749 0 
-300 -232 -112 0 
-792 -376 -803 0 
780 557 195 0 
-776 576 -977 0 
813 -742 -66 0 
-634 342 -943 0 
384 -406 703 0 
-189 -795 -926 0 
-886 -328 994 0 
523 -238 -433 0 
-294 -468 -975 0 
226 62 834 0 
759 850 900 0 
388 -107 454 0 
-798 146 931 0 
502 377 -671 0 
-769 663 319 0 
-817 -937 381 0 
-875 -391 -352 0 
-894 -476 -359 0 
-92 -456 -543 0 
503 -841 -199 0 
374 -463 655 0 
-684 -875 580 0 
491 615 4 0 
225 -729 255 0 
67 -890 -621 0 
116 330 -449 0 
772 672 -915 0 
903 -908 39 0 
707 213 470 0 
25 -171 349 0 
-381 975 -2 0 
418 349 936 0 
-502 881 316 0 
992 -136 684 0 
988 839 195 0 
753 795 -22 0 
637 -400 49 0 
160 302 18 0 
-434 -386 903 0 
-138 -429 -871 0 
464 -374 -211 0 
970 -868 766 0 
359 373 721 0 
-414 636 -793 0 
-339 -47 -609 0 
614 -352 -387 0 
-681 -690 217 0 
918 -343 793 0 
839 401 -527 0 
154 814 -435 0 
173 -994 -883 0 
-295 253 -483 0 
-7 -351 -308 0 
932 -717 -602 0 
360 -434 -57 0 
-26 977 -846 0 
459 404 -93 0 
-255 321 416 0 
-531 -381 -280 0 
-774 913 -510 0 
578 -195 223 0 
946 -964 -216 0 
461 941 684 0 
103 -657 -328 0 
-670 890 -349 0 
-697 781 1000 0 
147 -55 662 0 
689 -206 932 0 
440 404 -861 0 
682 190 -836 0 
368 -767 203 0 
24 -108 -795 0 
-846 488 108 0 
-804 228 108 0 
-551 -933 -709 0 
260 -154 -870 0 
-818 23 212 0 
-106 -115 585 0 
337 918 757 0 
-544 19 2 0 
847 -541 -919 0 
-330 555 -366 0 
169 -668 282 0 
650 -370 48 0 
-941 358 510 0 
9 -93 74 0 
665 -359 -581 0 
-267 -893 916 0 
146 -361 -37 0 
808 691 -979 0 
-53 132 27 0 
-745 221 -665 0 
749 -983 170 0 
165 882 404 0 
-689 198 -134 0 
639 541 -547 0 
-126 -165 -270 0 
810 499 -542 0 
-217 463 876 0 
952 677 -380 0 
403 210 -890 0 
643 -741 341 0 
796 -623 523 0 
-837 151 -12 0 
-689 -727 704 0 
-856 757 -55 0 
254 -997 542 0 
-955 857 412 0 
553 -608 -35 0 
-7 -744 -553 0 
-887 -664 569 0 
-890 427 250 0 
-980 387 -661 0 
203 -817 -804 0 
-676 294 467 0 
285 467 -665 0 
-205 244 -691 0 
384 -541 782 0 
309 -151 678 0 
-635 27 417 0 
142 -587 -959 0 
518 99 -279 0 
202 -887 974 0 
890 -673 -514 0 
-818 -787 -520 0 
172 -513 -5 0 
537 -684 -991 0 
885 50 531 0 
103 -344 -350 0 
112 914 -648 0 
-943 689 509 0 
994 236 -850 0 
533 528 -979 0 
-449 244 14 0 
965 257 872 0 
94 -638 -200 0 
-895 -491 969 0 
-595 869 -842 0 
596 824 735 0 
582 -278 -550 0 
286 280 768 0 
960 646 -199 0 
240 952 548 0 
-646 -577 -31 0 
391 -868 -141 0 
813 -17 -900 0 
945 -665 463 0 
568 -106 -143 0 
1000 -608 469 0 
-652 374 -176 0 
284 -306 242 0 
-131 -635 -405 0 
337 845 -502 0 
-725 298 -238 0 
-273 -696 -752 0 
-347 -519 695 0 
651 -301 745 0 
-860 -772 -506 0 
131 606 773 0 
-936 471 419 0 
-840 -459 -911 0 
543 569 792 0 
-434 545 -828 0 
-795 -7 647 0 
-189 578 629 0 
367 196 411 0 
897 -616 -606 0 
609 -193 -454 0 
647 190 996 0 
305 -868 808 0 
-420 809 -662 0 
-27 173 -819 0 
-571 477 -703 0 
628 -28 -307 0 
850 -957 -759 0 
-113 1 916 0 
835 323 -599 0 
-955 -958 -517 0 
209 275 130 0 
-439 419 -504 0 
-547 -9 457 0 
538 855 403 0 
-473 813 418 0 
62 -259 979 0 
898 -787 952 0 
-505 -772 654 0 
106 676 769 0 
-401 820 345 0 
794 653 446 0 
-351 615 495 0 
756 -559 936 0 
-617 -321 32 0 
755 -592 -497 0 
-31 -410 416 0 
-300 -756 -340 0 
775 -816 792 0 
683 930 721 0 
564 115 -943 0 
-491 457 -854 0 
800 -337 869 0 
378 794 328 0 
-377 451 203 0 
337 903 467 0 
846 397 878 0 
821 -254 -764 0 
783 -252 370 0 
430 2 -128 0 
364 -144 -619 0 
-130 259 57 0 
386 -619 -726 0 
822 -803 -42 0 
-267 584 826 0 
407 584 -216 0 
272 -984 101 0 
-732 -192 -476 0 
949 -333 -178 0 
445 -956 -189 0 
601 -313 -459 0 
118 959 912 0 
626 970 -413 0 
-805 -523 467 0 
-839 940 503 0 
-817 77 922 0 
292 -176 -800 0 
-959 589 -451 0 
-920 848 605 0 
427 -552 -961 0 
-563 77 -741 0 
-169 -557 -269 0 
471 955 -313 0 
212 -951 -943 0 
38 -644 -725 0 
-558 -161 -491 0 
-790 -41 -319 0 
113 -12 -804 0 
-85 -371 -664 0 
618 628 -914 0 
750 -612 907 0 
-121 295 949 0 
743 345 -290 0 
-470 168 396 0 
-554 -363 757 0 
-223 -694 -878 0 
732 506 894 0 
657 -450 371 0 
-627 -739 -509 0 
419 -474 -499 0 
520 -402 -979 0 
347 -586 -712 0 
817 -712 244 0 
382 -198 586 0 
-552 -88 677 0 
-600 677 509 0 
-421 -832 787 0 
-629 808 853 0 
-591 -901 566 0 
-340 -140 586 0 
-892 -403 749 0 
-756 -823 603 0 
170 -928 349 0 
322 541 -566 0 
-317 605 -329 0 
-634 641 -4 0 
-975 -826 881 0 
552 127 530 0 
206 34 913 0 
-24 -539 471 0 
-53 256 -148 0 
276 -538 510 0 
583 -587 999 0 
776 899 280 0 
-741 -63 176 0 
564 -375 658 0 
-61 -997 950 0 
184 -234 673 0 
-823 -50 -541 0 
-965 -273 -981 0 
-306 749 -985 0 
296 -903 297 0 
806 -977 -982 0 
-61 357 884 0 
-875 443 -776 0 
2 834 456 0 
27 -267 256 0 
14 449 -687 0 
-668 372 497 0 
955 -277 929 0 
656 -96 194 0 
-530 -295 -945 0 
-755 906 -586 0 
-101 956 16 0 
213 -432 -133 0 
408 -612 126 0 
291 307 -950 0 
-970 784 915 0 
413 868 -499 0 
869 -535 -625 0 
-442 359 651 0 
43 -283 -853 0 
663 366 20 0 
-421 490 -317 0 
-741 203 -610 0 
282 -2 -996 0 
-837 681 526 0 
-942 124 648 0 
-847 591 -273 0 
433 -626 245 0 
-318 -333 -785 0 
-85 -833 413 0 
826 324 -558 0 
-80 -473 747 0 
-454 -179 844 0 
266 -616 -435 0 
378 21 62 0 
-904 -743 668 0 
541 694 -435 0 
-957 118 -698 0 
-911 -595 -376 0 
-520 234 955 0 
-102 -410 142 0 
-522 719 -714 0 
-806 -447 -961 0 
-392 494 7 0 
-346 637 -621 0 
956 -470 305 0 
478 97 951 0 
-516 185 886 0 
451 -426 -214 0 
-717 862 402 0 
-128 637 884 0 
