p cnf 1000 3400
-540 -31 -210 0 
356 -590 790 0 
-538 -393 227 0 
-139 380 443 0 
-45 -909 584 0 
-784 156 949 0 
244 388 847 0 
-524 106 -160 0 
450 191 511 0 
-980 590 186 0 
-900 -550 -533 0 
990 -781 181 0 
262 -248 -293 0 
711 -376 -504 0 
-551 451 -875 0 
663 550 -806 0 
-52 -874 593 0 
-144 -985 -673 0 
219 818 -767 0 
600 -697 953 0 
-757 -966 442 0 
548 -648 297 0 
769 -418 634 0 
453 619 -842 0 
106 -730 526 0 
-489 615 -308 0 
-684 476 173 0 
302 -324 558 0 
362 -866 733 0 
-130 164 45 0 
-748 -11 -196 0 
-2 20 -385 0 
950 -51 958 0 
767 647 233 0 
238 209 -373 0 
963 -481 594 0 
-396 447 -988 0 
485 -508 888 0 
-586 213 -482 0 
-369 11 -926 0 
460 -965 640 0 
-550 -319 -179 0 
-272 77 732 0 
-421 819 -913 0 
-179 -363 -608 0 
-984 -789 615 0 
-157 129 791 0 
213 598 358 0 
-302 -323 -460 0 
240 852 -566 0 
-863 -761 -178 0 
552 39 -974 0 
-944 364 -778 0 
733 248 441 0 
583 -512 -14 0 
414 -629 999 0 
550 208 -696 0 
221 116 -29 0 
-254 -722 623 0 
885 -804 146 0 
-462 823 -237 0 
710 249 -92 0 
704 559 -650 0 
-887 -875 -741 0 
643 -231 -836 0 
-894 -683 -277 0 
345 -423 933 0 
-137 -477 -440 0 
144 445 -113 0 
-84 -672 996 0 
-578 751 486 0 
-624 -476 -910 0 
605 959 419 0 
39 18 849 0 
152 83 554 0 
690 -515 412 0 
-93 -124 -999 0 
-274 -84 967 0 
707 992 -683 0 
-838 -953 713 0 
887 -252 886 0 
-571 -495 23 0 
-496 866 -595 0 
-937 254 -391 0 
-196 -42 807 0 
-696 852 -12 0 
876 699 783 0 
713 553 599 0 
337 -23 -607 0 
971 -771 939 0 
-496 -148 -203 0 
508 655 -78 0 
884 778 -30 0 
504 55 98 0 
194 573 -76 0 
-226 209 697 0 
855 -258 -394 0 
113 309 -511 0 
449 -12 871 0 
770 -693 -51 0 
959 -607 -288 0 
-460 -687 -897 0 
-286 -703 721 0 
-310 280 -928 0 
763 435 983 0 
833 -913 681 0 
-238 576 -925 0 
336 849 118 0 
-715 511 -364 0 
-858 -708 841 0 
792 -894 1 0 
717 673 -907 0 
-833 562 -468 0 
664 108 282 0 
988 107 -106 0 
854 -594 -387 0 
151 -275 63 0 
271 645 -889 0 
639 -231 505 0 
-710 -79 -34 0 
828 422 -375 0 
-96 -684 871 0 
-316 -792 -231 0 
453 770 -976 0 
-449 535 729 0 
-700 77 27 0 
-927 529 -302 0 
825 -585 -50 0 
689 306 325 0 
-59 -668 465 0 
725 -263 623 0 
614 761 -825 0 
-904 792 -55 0 
-181 -301 364 0 
545 4 122 0 
888 -366 698 0 
-532 -917 -212 0 
-102 886 -997 0 
185 -183 -620 0 
-588 949 -245 0 
858 -11 101 0 
997 354 -176 0 
238 229 672 0 
-276 438 879 0 
-205 -144 -11 0 
732 190 208 0 
456 986 -493 0 
-801 -51 344 0 
-191 -455 -763 0 
78 -175 -544 0 
-421 -514 91 0 
-793 148 -661 0 
-146 -298 207 0 
700 -974 -145 0 
-80 -49 -422 0 
-134 975 927 0 
-888 -211 -411 0 
-618 635 -614 0 
541 658 -419 0 
-329 -70 -471 0 
782 921 -744 0 
210 446 447 0 
769 351 -96 0 
435 203 -985 0 
-583 -15 360 0 
-912 -71 569 0 
-144 -788 -269 0 
236 57 -968 0 
256 295 -131 0 
611 163 529 0 
-273 -196 445 0 
993 -195 654 0 
88 -995 -105 0 
-353 -675 -740 0 
401 -563 529 0 
385 480 -772 0 
508 -780 526 0 
-21 837 323 0 
750 -903 264 0 
333 -288 -371 0 
-258 -352 515 0 
-210 -476 -3 0 
927 223 528 0 
-404 337 -538 0 
-316 748 454 0 
-213 -366 -455 0 
-189 -77 625 0 
-887 -868 123 0 
-903 106 -599 0 
-264 366 -493 0 
54 -439 821 0 
-468 -915 -435 0 
-717 39 510 0 
926 -208 436 0 
98 -351 971 0 
218 980 112 0 
-960 467 -24 0 
927 735 109 0 
80 -547 358 0 
98 -234 671 0 
-165 215 831 0 
-669 780 -844 0 
447 367 650 0 
-846 421 -464 0 
-761 -395 -588 0 
449 35 159 0 
-743 -240 566 0 
494 -718 -859 0 
480 -519 -934 0 
319 -625 844 0 
-151 -116 -402 0 
-145 -655 -653 0 
732 722 -144 0 
-572 -805 231 0 
957 -481 389 0 
875 315 -566 0 
488 179 -101 0 
-600 -941 237 0 
-642 275 -761 0 
-506 230 191 0 
-286 667 826 0 
960 -744 -187 0 
-69 418 185 0 
173 150 -536 0 
-178 476 -228 0 
284 570 -923 0 
-478 -341 752 0 
-32 111 643 0 
816 -776 492 0 
-932 -724 989 0 
-58 -573 -121 0 
-185 -726 -796 0 
-598 606 -999 0 
-772 -256 591 0 
194 -116 -730 0 
254 225 334 0 
133 127 -245 0 
464 -995 -704 0 
-153 773 -322 0 
-433 -274 829 0 
-499 936 443 0 
-361 -189 197 0 
316 157 -742 0 
708 775 926 0 
-471 -653 -838 0 
-577 -365 -399 0 
415 -832 -535 0 
-368 -525 -17 0 
886 376 -678 0 
659 937 -240 0 
360 -885 -9 0 
-454 -686 -726 0 
-552 163 476 0 
-233 615 659 0 
402 -88 692 0 
-741 550 -753 0 
-723 717 519 0 
-386 858 375 0 
-450 279 -362 0 
47 -361 -234 0 
172 310 -154 0 
855 469 374 0 
-171 -858 141 0 
349 -835 921 0 
-812 134 394 0 
343 -929 941 0 
516 119 -566 0 
979 509 -859 0 
-724 -99 916 0 
-890 574 -847 0 
116 127 -131 0 
611 456 -721 0 
426 -595 840 0 
668 -909 -962 0 
-394 -754 232 0 
-97 -244 268 0 
-869 429 -520 0 
-156 111 1000 0 
-326 653 791 0 
-551 -562 627 0 
671 15 637 0 
-923 -6 -21 0 
436 479 -992 0 
-58 775 -268 0 
-355 -443 -268 0 
227 44 988 0 
-761 529 156 0 
186 -22 521 0 
-924 834 732 0 
-34 -910 75 0 
615 -219 -101 0 
85 355 -318 0 
-466 -775 -813 0 
-770 629 463 0 
-32 -698 844 0 
26 -673 247 0 
568 -977 685 0 
241 -488 -72 0 
894 -680 730 0 
926 -452 -80 0 
19 -358 -207 0 
918 124 -27 0 
43 968 777 0 
-632 -185 169 0 
567 -393 -854 0 
563 -186 -610 0 
-932 -719 750 0 
-597 53 -444 0 
-793 -579 56 0 
-305 -656 -350 0 
-521 75 823 0 
653 38 802 0 
-204 26 151 0 
-283 610 82 0 
-870 880 9 0 
-15 -999 145 0 
-958 730 -667 0 
746 378 -502 0 
450 -505 968 0 
-243 558 -531 0 
-565 64 337 0 
-169 690 748 0 
9 769 314 0 
336 -812 -128 0 
830 -254 497 0 
-346 506 167 0 
76 -163 -671 0 
368 307 -987 0 
263 541 153 0 
-401 -204 50 0 
982 -267 -780 0 
-345 -381 -289 0 
887 939 256 0 
-633 -455 648 0 
769 -103 733 0 
-735 -197 404 0 
206 68 411 0 
27 -206 297 0 
283 -368 -628 0 
850 658 -732 0 
347 -106 778 0 
193 673 -374 0 
436 143 -601 0 
980 905 401 0 
-21 -290 -37 0 
-996 -982 -33 0 
437 -703 772 0 
341 -487 -512 0 
789 -592 -951 0 
-735 523 895 0 
460 -522 789 0 
143 34 -52 0 
-42 -662 -503 0 
-953 147 602 0 
565 718 -699 0 
576 724 223 0 
164 845 -772 0 
909 305 141 0 
-901 -747 -514 0 
-387 183 -849 0 
309 -449 -911 0 
-30 -621 269 0 
-130 292 189 0 
564 456 -590 0 
-256 -781 502 0 
289 -533 89 0 
-644 47 -581 0 
-403 299 -67 0 
-39 42 -903 0 
202 287 -72 0 
623 463 -671 0 
-605 -40 487 0 
913 -241 -930 0 
-52 302 283 0 
372 898 -668 0 
-573 654 282 0 
421 -79 -793 0 
172 475 355 0 
998 995 -72 0 
-903 595 -518 0 
289 -906 996 0 
56 60 572 0 
-387 -414 -907 0 
-598 -635 264 0 
807 642 -295 0 
-748 224 335 0 
649 302 -11 0 
309 268 -899 0 
901 -385 910 0 
-1 699 -269 0 
-739 -149 942 0 
450 642 444 0 
434 -683 529 0 
537 -204 -705 0 
-381 -120 -659 0 
-684 -159 58 0 
-391 139 -644 0 
-459 765 940 0 
800 156 130 0 
-952 221 408 0 
-757 -751 -599 0 
333 -166 271 0 
240 821 370 0 
480 439 399 0 
185 -204 -642 0 
658 287 -670 0 
617 406 -803 0 
-609 908 759 0 
-898 -442 272 0 
576 181 306 0 
-749 781 -532 0 
-735 619 -11 0 
-815 384 -834 0 
-928 269 4 0 
-949 -765 -323 0 
-377 97 -62 0 
654 97 276 0 
528 88 -155 0 
-584 -204 500 0 
-314 172 792 0 
281 -865 460 0 
-132 511 508 0 
-238 -148 695 0 
-919 85 960 0 
547 -374 -638 0 
-94 339 -502 0 
444 982 -475 0 
194 -501 877 0 
-840 734 25 0 
-409 -622 -61 0 
-154 -480 -235 0 
-784 590 -804 0 
-235 -128 -309 0 
448 730 -506 0 
-453 -971 -478 0 
295 275 -340 0 
356 567 -24 0 
-274 -818 663 0 
704 -430 763 0 
-793 -471 -596 0 
332 238 -197 0 
-550 -308 -291 0 
-11 407 -26 0 
876 -607 108 0 
-376 -65 -759 0 
-174 458 709 0 
-62 996 -316 0 
570 31 -460 0 
677 -930 -195 0 
-201 419 -68 0 
973 440 331 0 
545 171 -827 0 
180 -664 -32 0 
-439 -475 -171 0 
364 -211 456 0 
962 -816 161 0 
-435 -272 -261 0 
957 187 900 0 
851 609 -74 0 
-444 617 -477 0 
-277 -482 866 0 
588 739 -46 0 
-994 -716 -816 0 
423 786 -715 0 
-934 762 -354 0 
-617 982 -282 0 
299 -798 -297 0 
901 856 -890 0 
-119 271 648 0 
-762 -780 -76 0 
684 261 465 0 
558 475 438 0 
-663 -383 -421 0 
-924 -845 -312 0 
-787 -241 287 0 
849 275 -951 0 
459 -508 -102 0 
-63 758 777 0 
-359 -200 -289 0 
-59 -84 500 0 
-623 -957 -369 0 
-107 247 -977 0 
299 942 -167 0 
-703 -55 -257 0 
119 489 81 0 
907 -864 -498 0 
91 -961 -26 0 
-144 669 -761 0 
670 -310 783 0 
472 700 768 0 
54 214 -477 0 
31 140 -211 0 
-390 231 811 0 
-927 69 242 0 
-710 49 -252 0 
-248 284 -646 0 
-755 -628 -595 0 
750 701 -707 0 
404 -401 -598 0 
157 -361 934 0 
102 915 934 0 
928 -189 -860 0 
983 -272 575 0 
418 -23 -339 0 
-320 -482 -518 0 
-786 -963 300 0 
833 -912 414 0 
911 -155 558 0 
840 -586 -191 0 
82 -375 -50 0 
532 598 554 0 
-539 212 37 0 
-167 531 -218 0 
-855 154 -268 0 
-84 -786 -762 0 
-502 481 652 0 
971 -390 -185 0 
345 893 -542 0 
-307 -189 2 0 
373 233 861 0 
818 -619 330 0 
-777 341 -718 0 
-969 429 204 0 
163 631 571 0 
119 -58 418 0 
463 138 329 0 
660 59 662 0 
525 603 -819 0 
54 880 -386 0 
-710 -338 317 0 
-528 670 -540 0 
197 570 432 0 
-658 -238 -614 0 
955 468 900 0 
253 607 -979 0 
457 679 -69 0 
-422 628 -149 0 
-837 280 556 0 
655 809 -826 0 
803 437 995 0 
591 760 -104 0 
-480 -909 439 0 
-84 -376 74 0 
198 -369 -993 0 
-506 519 -323 0 
837 767 -512 0 
57 -679 -964 0 
493 591 -833 0 
602 -593 -731 0 
699 933 584 0 
-250 131 -755 0 
-784 723 151 0 
-871 -589 -714 0 
-129 847 -229 0 
53 -223 274 0 
-304 41 -894 0 
462 -370 -479 0 
-32 639 -987 0 
-271 -284 906 0 
-651 399 950 0 
506 -832 -135 0 
848 423 -181 0 
-203 937 -304 0 
758 830 690 0 
-226 -118 -60 0 
601 310 -319 0 
872 248 29 0 
-517 -340 828 0 
80 -760 -432 0 
17 459 -399 0 
-160 -684 -651 0 
-459 576 936 0 
-195 -377 -133 0 
-302 935 16 0 
-641 752 668 0 
640 207 70 0 
-868 972 798 0 
891 681 -57 0 
-108 -827 45 0 
-65 959 -11 0 
183 26 423 0 
820 399 732 0 
-175 -544 -133 0 
608 -136 -364 0 
-286 -19 786 0 
116 41 195 0 
-179 621 466 0 
81 951 -575 0 
133 -115 -810 0 
-90 -12 -636 0 
-7 418 -309 0 
371 67 -543 0 
643 705 884 0 
176 -530 650 0 
-20 332 -153 0 
716 -112 884 0 
-332 -414 -10 0 
-673 -215 -178 0 
855 -699 354 0 
-57 -782 -483 0 
-667 -201 -992 0 
892 283 -25 0 
568 -160 311 0 
-466 -877 130 0 
297 -393 -672 0 
872 -567 -675 0 
690 537 362 0 
-813 -765 -737 0 
80 820 93 0 
-609 852 -103 0 
-270 20 311 0 
-122 511 439 0 
-21 111 -541 0 
-135 15 -562 0 
-504 181 586 0 
-856 -250 -85 0 
649 -932 -844 0 
-512 -337 -729 0 
-289 456 481 0 
-297 778 -226 0 
213 -95 419 0 
612 -386 461 0 
-948 -243 60 0 
459 730 535 0 
-844 341 -843 0 
931 -258 775 0 
617 -202 -746 0 
88 -756 8 0 
-799 -240 -950 0 
-946 434 -296 0 
-587 572 -483 0 
310 -383 652 0 
-649 908 -131 0 
-342 850 941 0 
-887 518 696 0 
910 -251 142 0 
254 922 -419 0 
-979 -762 352 0 
570 852 -819 0 
309 911 -127 0 
873 152 -506 0 
873 -382 721 0 
934 -210 -217 0 
888 731 -647 0 
-418 -164 458 0 
-410 897 111 0 
-111 -506 -198 0 
-187 488 -202 0 
796 434 166 0 
-882 785 61 0 
487 61 -240 0 
-385 -143 -548 0 
513 -711 66 0 
-151 -837 -769 0 
-35 875 851 0 
-467 159 854 0 
-342 126 -820 0 
720 696 346 0 
614 -133 -618 0 
543 -36 -220 0 
-264 -27 -872 0 
768 356 731 0 
194 350 -372 0 
-32 297 101 0 
-304 -524 207 0 
570 -23 -303 0 
444 -322 909 0 
49 -695 -794 0 
838 -807 766 0 
379 540 -667 0 
978 -741 688 0 
462 -725 -187 0 
6 -687 820 0 
820 337 -570 0 
409 -970 837 0 
201 -19 -468 0 
-312 78 224 0 
616 -537 -997 0 
-647 188 431 0 
932 -351 264 0 
470 89 -828 0 
806 426 345 0 
894 347 -96 0 
245 644 317 0 
604 -238 -758 0 
-291 -879 -348 0 
323 654 492 0 
416 -224 31 0 
547 369 -451 0 
-469 -173 682 0 
-135 782 118 0 
-709 996 166 0 
-726 -892 19 0 
-498 531 -61 0 
878 960 413 0 
-926 654 -936 0 
645 46 179 0 
-112 -95 -435 0 
-699 991 35 0 
-884 -337 475 0 
764 -444 187 0 
-845 216 -808 0 
385 769 -1000 0 
250 579 -772 0 
-536 -786 -46 0 
-173 -794 -175 0 
-490 423 -150 0 
499 136 -316 0 
-99 -416 924 0 
-130 224 530 0 
928 -724 888 0 
-333 374 -355 0 
833 961 -480 0 
-973 -486 -167 0 
-301 773 -356 0 
351 576 -813 0 
-115 262 -431 0 
721 -702 -111 0 
-55 -215 -219 0 
-718 -317 498 0 
-783 95 998 0 
472 664 608 0 
-220 -664 -956 0 
557 -175 -83 0 
-818 -478 -369 0 
718 -531 -541 0 
-221 769 -985 0 
548 -296 174 0 
496 453 351 0 
794 -477 -307 0 
-206 -731 -993 0 
494 543 -358 0 
-987 -506 -152 0 
-333 615 171 0 
60 -702 770 0 
-329 983 57 0 
-735 -514 -804 0 
-772 691 -237 0 
-662 573 -222 0 
-467 193 759 0 
233 789 78 0 
331 572 -872 0 
-716 499 -42 0 
-621 698 -290 0 
-197 832 626 0 
-764 -477 -598 0 
-592 -768 -32 0 
-105 735 65 0 
-501 983 -991 0 
45 -328 -159 0 
-69 216 -103 0 
884 -40 -347 0 
871 -529 -683 0 
90 673 347 0 
-324 627 -472 0 
791 68 359 0 
-925 998 650 0 
-144 -522 -61 0 
-2 147 614 0 
64 4 38 0 
213 660 -514 0 
-671 367 316 0 
400 -616 -242 0 
562 940 521 0 
-765 -547 -262 0 
892 -306 853 0 
-236 -391 -363 0 
368 289 596 0 
-222 -985 -832 0 
59 -205 742 0 
168 -200 -340 0 
308 -782 -204 0 
983 -412 -886 0 
-377 627 678 0 
705 11 822 0 
-924 -431 -652 0 
753 -496 -367 0 
-348 -674 -635 0 
971 296 -196 0 
-664 -875 626 0 
527 770 -201 0 
-164 -215 707 0 
857 807 65 0 
-269 640 -629 0 
125 443 -198 0 
-290 903 962 0 
-427 -802 -818 0 
789 -783 729 0 
796 -848 -124 0 
436 636 445 0 
594 976 -462 0 
-681 -142 328 0 
-349 -842 -965 0 
-490 913 355 0 
-308 -690 801 0 
-479 -452 -243 0 
178 908 132 0 
-524 -637 -765 0 
159 -575 429 0 
-743 472 -891 0 
515 -616 -904 0 
645 673 995 0 
479 820 -887 0 
-729 797 -356 0 
709 756 827 0 
872 -853 -434 0 
-51 -290 91 0 
990 -907 -879 0 
-536 -926 -316 0 
40 443 -985 0 
81 951 982 0 
-198 883 861 0 
-449 -835 -32 0 
171 253 -460 0 
140 -289 26 0 
497 -274 626 0 
903 -267 774 0 
522 -694 -157 0 
-880 201 904 0 
-197 -282 578 0 
478 419 460 0 
-91 358 989 0 
392 -742 235 0 
-984 -929 771 0 
170 356 -831 0 
889 652 -117 0 
500 -810 -132 0 
307 -48 -756 0 
880 50 507 0 
-257 -330 735 0 
-581 -710 -147 0 
107 -245 451 0 
-271 512 -937 0 
-634 -150 843 0 
-238 -855 -466 0 
-919 352 589 0 
-474 489 126 0 
-274 -857 713 0 
-154 -512 185 0 
-977 -318 735 0 
-515 107 -432 0 
-259 676 807 0 
343 926 428 0 
-180 -125 -281 0 
-934 -223 -85 0 
-984 139 -669 0 
261 -942 -75 0 
-195 548 -802 0 
745 -349 -29 0 
276 -92 320 0 
-955 -173 518 0 
225 -174 286 0 
-721 598 -200 0 
-275 -382 -745 0 
-814 533 -959 0 
-512 288 340 0 
194 587 85 0 
925 753 306 0 
742 -608 -887 0 
3 -809 711 0 
936 -316 -387 0 
12 951 -219 0 
386 -896 -548 0 
11 -134 -176 0 
599 781 -7 0 
-889 -351 -393 0 
-129 117 118 0 
-300 61 911 0 
837 139 -690 0 
-203 -978 -766 0 
372 -273 708 0 
-897 -74 575 0 
386 -223 293 0 
-995 450 -84 0 
965 -857 533 0 
916 454 759 0 
-888 -25 502 0 
-303 475 -286 0 
904 -224 -960 0 
244 938 -581 0 
-550 172 -813 0 
830 773 -211 0 
-407 972 61 0 
977 -114 612 0 
-593 -48 301 0 
781 178 871 0 
238 489 904 0 
426 -636 190 0 
-180 -208 528 0 
811 402 -776 0 
-719 -952 977 0 
-38 287 -102 0 
-265 -836 383 0 
595 577 17 0 
51 907 644 0 
-143 -762 850 0 
-135 714 -832 0 
831 -802 -346 0 
768 462 -393 0 
630 871 -446 0 
506 -966 230 0 
126 666 -478 0 
-613 927 395 0 
567 -754 -539 0 
-987 659 236 0 
-502 -510 532 0 
72 -541 138 0 
-263 359 -137 0 
72 94 350 0 
955 884 457 0 
123 902 -749 0 
234 -430 -617 0 
-848 813 -320 0 
923 -135 -773 0 
-945 565 -412 0 
803 -485 642 0 
332 -701 -318 0 
-961 -438 230 0 
-533 -592 -305 0 
-938 -623 -452 0 
-190 230 591 0 
818 -606 -604 0 
540 259 -81 0 
935 -836 847 0 
786 -683 499 0 
610 -258 -853 0 
272 776 -374 0 
-595 847 819 0 
-262 121 536 0 
74 -896 844 0 
738 134 -252 0 
-76 604 -182 0 
803 -758 -340 0 
943 -448 570 0 
-926 -411 95 0 
529 -280 118 0 
-81 518 882 0 
341 767 32 0 
-976 -727 136 0 
-995 777 -59 0 
403 -808 -859 0 
-853 525 235 0 
732 203 942 0 
673 987 -54 0 
-813 268 512 0 
-663 -281 429 0 
-782 775 -201 0 
-453 489 -389 0 
-497 -815 306 0 
539 -710 -825 0 
394 -779 720 0 
-356 -652 -881 0 
-529 823 -652 0 
-143 195 669 0 
1000 -148 134 0 
-326 253 -710 0 
965 94 -613 0 
-911 -144 -643 0 
-938 -150 877 0 
-536 488 219 0 
-287 684 -281 0 
-268 -657 -36 0 
-350 835 574 0 
971 231 693 0 
-824 -599 -93 0 
-84 -661 338 0 
-446 -516 -383 0 
-542 -858 428 0 
-802 821 -808 0 
-510 36 -753 0 
-782 486 212 0 
-988 -140 261 0 
595 -645 -670 0 
-199 741 -634 0 
370 -121 -526 0 
651 44 376 0 
-532 -995 425 0 
-854 982 612 0 
63 -517 -938 0 
417 560 -346 0 
633 326 -781 0 
153 217 -981 0 
647 -329 356 0 
-676 -231 -885 0 
531 340 -786 0 
299 -808 341 0 
-111 905 923 0 
-291 -25 211 0 
995 -142 -97 0 
452 746 -907 0 
-72 195 -514 0 
-985 444 965 0 
-91 -886 -663 0 
-697 428 -698 0 
729 -39 888 0 
-149 301 -583 0 
238 930 1 0 
855 8 -577 0 
642 -491 -467 0 
-444 760 -848 0 
-785 527 866 0 
340 610 799 0 
-951 895 -619 0 
210 789 -335 0 
-500 -329 -58 0 
-893 -227 422 0 
-855 330 159 0 
-838 -496 243 0 
187 -571 -115 0 
-521 648 -259 0 
302 334 23 0 
662 258 -677 0 
-601 311 672 0 
886 787 910 0 
921 -769 -752 0 
-852 633 -162 0 
-937 873 104 0 
-995 -814 856 0 
-454 -729 -375 0 
824 -876 319 0 
131 263 18 0 
674 343 807 0 
-509 -306 -458 0 
383 -645 441 0 
-854 877 883 0 
86 339 -396 0 
-848 -658 -826 0 
409 -16 -361 0 
894 -965 -697 0 
-487 679 417 0 
-293 224 303 0 
68 -196 341 0 
-786 968 -989 0 
-481 608 684 0 
-279 633 -544 0 
-752 378 537 0 
952 -842 -613 0 
-841 492 -410 0 
-978 -352 -133 0 
-665 40 99 0 
902 -290 -723 0 
-514 517 -308 0 
495 -901 -460 0 
-579 -902 609 0 
251 -352 -264 0 
-696 365 396 0 
-636 -778 391 0 
-491 247 -372 0 
300 -674 -944 0 
-239 316 678 0 
306 536 857 0 
-155 528 460 0 
-814 -496 118 0 
929 156 -166 0 
-375 594 111 0 
376 967 -383 0 
-565 -876 -169 0 
-227 938 -249 0 
29 597 149 0 
32 574 -632 0 
893 -350 15 0 
640 53 -101 0 
-416 310 -19 0 
927 437 274 0 
898 159 -257 0 
993 -17 -842 0 
373 -86 927 0 
731 -114 729 0 
741 499 -692 0 
803 536 194 0 
-135 22 908 0 
392 -442 -679 0 
380 854 -96 0 
-929 -634 -368 0 
-374 -417 -403 0 
749 -751 336 0 
919 -608 -332 0 
-112 883 611 0 
381 -611 -632 0 
636 549 371 0 
-159 969 577 0 
-690 404 -885 0 
-744 585 519 0 
-16 757 -743 0 
-605 -399 -296 0 
663 -773 112 0 
-302 -476 544 0 
9 -863 -182 0 
-813 195 -941 0 
562 -527 -707 0 
-848 -136 -18 0 
-268 923 -17 0 
789 476 199 0 
-726 309 -328 0 
255 236 445 0 
596 200 -814 0 
389 -340 762 0 
-399 -61 -533 0 
703 -515 -988 0 
-133 626 441 0 
350 -810 -587 0 
-214 -102 -356 0 
950 543 -979 0 
279 -994 -136 0 
-278 599 891 0 
131 -317 -36 0 
-223 -436 176 0 
-434 -658 -832 0 
579 -100 667 0 
-324 -92 -326 0 
726 -371 575 0 
-197 302 796 0 
68 -69 995 0 
783 476 -326 0 
651 84 729 0 
495 -623 905 0 
972 -879 499 0 
-811 903 -362 0 
597 -957 -972 0 
333 -726 -35 0 
670 136 -368 0 
420 -257 -652 0 
421 646 -890 0 
-195 -676 -449 0 
891 248 -256 0 
737 -132 2 0 
-461 -80 -851 0 
-933 284 -796 0 
-738 -528 498 0 
-54 -223 -82 0 
707 696 955 0 
319 481 521 0 
188 -578 -236 0 
-73 63 236 0 
332 16 594 0 
72 -642 -165 0 
-84 -866 -517 0 
-158 -892 -110 0 
-631 912 -462 0 
-485 -519 225 0 
854 -681 826 0 
308 -198 -606 0 
-146 -209 219 0 
-651 -926 321 0 
484 -551 449 0 
744 -906 307 0 
-947 239 -19 0 
-328 -519 -650 0 
915 -336 -80 0 
295 758 -939 0 
934 -176 847 0 
-761 -584 154 0 
-136 -431 -180 0 
-178 334 627 0 
59 101 -593 0 
-895 -512 -211 0 
-257 825 26 0 
137 471 421 0 
-993 -724 392 0 
540 -122 485 0 
-810 477 -497 0 
-778 480 403 0 
-249 -33 -963 0 
14 433 75 0 
-375 -464 -555 0 
279 -941 -862 0 
787 426 926 0 
-943 451 -922 0 
-234 -469 -815 0 
-151 917 -77 0 
-546 232 -199 0 
-656 934 -764 0 
-743 429 -228 0 
624 911 -304 0 
-668 258 -164 0 
702 -311 501 0 
-426 999 -659 0 
265 -92 110 0 
-532 -824 -680 0 
-745 -9 -282 0 
787 -621 639 0 
638 -229 832 0 
-779 720 275 0 
-876 378 -47 0 
386 399 656 0 
638 925 -647 0 
99 500 893 0 
559 -66 580 0 
868 -42 -389 0 
-542 -163 -509 0 
202 975 -23 0 
658 314 686 0 
-292 185 -301 0 
-163 4 -604 0 
-849 -319 -26 0 
-740 -454 640 0 
-808 871 991 0 
-928 626 598 0 
-496 -630 -662 0 
-834 -254 965 0 
175 481 567 0 
442 -133 -893 0 
336 -212 -431 0 
33 -836 -584 0 
-115 11 -98 0 
974 440 -721 0 
879 736 -636 0 
-31 -415 -653 0 
733 889 -732 0 
455 836 486 0 
851 -801 -347 0 
-89 -664 -118 0 
-815 56 910 0 
-552 -391 -277 0 
114 -649 -139 0 
-636 -217 -106 0 
841 495 -914 0 
-268 -367 -577 0 
-596 439 408 0 
-511 377 -440 0 
286 -484 -452 0 
739 314 -433 0 
-993 468 -536 0 
944 -870 -5 0 
-688 -946 -249 0 
897 320 872 0 
-377 127 -393 0 
-241 56 -408 0 
-554 491 994 0 
-41 623 -399 0 
-649 442 -264 0 
-199 -3 46 0 
757 608 94 0 
-867 880 -92 0 
603 678 -97 0 
-268 575 949 0 
235 428 684 0 
-675 899 -68 0 
-378 -565 561 0 
513 333 -502 0 
163 -213 -815 0 
-391 -415 -936 0 
167 954 -717 0 
76 -409 -396 0 
-674 -322 -19 0 
-804 -99 30 0 
-171 172 -370 0 
-809 649 -473 0 
907 -384 -509 0 
52 184 203 0 
337 685 954 0 
-443 508 -276 0 
-330 342 493 0 
80 138 40 0 
603 -130 -624 0 
568 789 329 0 
-208 962 795 0 
-984 912 -488 0 
-645 -2 22 0 
690 845 787 0 
849 170 106 0 
-235 382 100 0 
554 -688 962 0 
534 -31 779 0 
-70 740 -587 0 
-388 -654 170 0 
514 336 398 0 
272 831 735 0 
-565 -381 -909 0 
135 -467 -819 0 
951 -69 -844 0 
112 -194 -416 0 
-598 -261 256 0 
-368 -463 792 0 
-992 799 663 0 
-905 296 73 0 
-984 -359 -894 0 
288 -608 -242 0 
-12 -243 -363 0 
-669 -980 -370 0 
16 934 545 0 
274 -660 -943 0 
470 346 290 0 
356 2 -94 0 
176 -726 978 0 
242 189 -146 0 
-974 -433 -312 0 
-508 114 320 0 
-412 -331 661 0 
-939 635 921 0 
-826 987 -935 0 
144 289 -585 0 
953 951 -326 0 
259 -806 -456 0 
256 509 -786 0 
577 -821 -829 0 
977 29 -94 0 
404 -913 -843 0 
192 94 851 0 
-706 -275 -373 0 
-483 344 953 0 
-29 -679 908 0 
85 822 -937 0 
-848 -258 -200 0 
-771 274 315 0 
-739 -518 -878 0 
-686 -292 61 0 
-88 -361 613 0 
714 975 48 0 
713 -132 909 0 
751 403 925 0 
594 -487 -299 0 
670 -697 -686 0 
243 517 676 0 
-775 -342 795 0 
-767 644 -375 0 
782 -391 -137 0 
970 63 -580 0 
-60 213 907 0 
851 -762 332 0 
-804 -74 -323 0 
-25 872 517 0 
-793 -7 934 0 
500 -623 702 0 
-565 736 41 0 
-701 -434 392 0 
731 474 -833 0 
-41 -253 -760 0 
-369 -672 -868 0 
616 406 405 0 
-544 -525 -368 0 
586 112 -452 0 
-706 178 -883 0 
926 -833 883 0 
238 739 -972 0 
-985 149 -31 0 
-355 254 413 0 
681 228 752 0 
-101 -220 -407 0 
268 224 -134 0 
849 -303 -120 0 
-968 -261 115 0 
562 -391 -314 0 
-822 214 -437 0 
23 -543 -89 0 
576 205 636 0 
-431 671 95 0 
-236 -904 -529 0 
633 -44 -113 0 
-304 629 69 0 
-486 -809 -701 0 
126 688 -426 0 
980 434 861 0 
-612 185 394 0 
126 211 297 0 
684 245 207 0 
519 -690 -987 0 
620 863 554 0 
235 570 862 0 
165 -293 216 0 
826 -532 145 0 
-694 -940 314 0 
462 201 -134 0 
-227 -731 676 0 
534 -644 783 0 
-192 -832 -791 0 
-688 385 648 0 
807 -188 37 0 
972 -169 -949 0 
-357 -569 -465 0 
-742 -218 -839 0 
-665 314 31 0 
-459 -840 -815 0 
-767 -892 -382 0 
494 -419 -967 0 
348 874 203 0 
-750 287 -937 0 
-358 -170 -842 0 
891 224 -215 0 
-620 22 965 0 
320 -88 -272 0 
701 193 498 0 
162 920 -550 0 
-550 -79 34 0 
184 -696 -999 0 
-301 668 16 0 
-875 -415 666 0 
-382 48 475 0 
-360 -800 616 0 
588 -649 -66 0 
639 603 873 0 
326 -435 140 0 
100 -878 -62 0 
805 -572 -215 0 
-965 533 329 0 
284 281 -735 0 
382 -991 -926 0 
-933 861 -928 0 
-342 -213 682 0 
-778 304 147 0 
57 953 231 0 
-447 -103 -808 0 
-844 888 -694 0 
921 732 932 0 
218 -488 -327 0 
-865 367 936 0 
748 -816 -659 0 
-988 -384 -317 0 
-541 -875 83 0 
-882 404 136 0 
670 -879 -758 0 
-8 -967 267 0 
-40 -182 -657 0 
-778 737 560 0 
-617 -905 -407 0 
618 852 662 0 
355 -789 -637 0 
-747 -345 19 0 
106 -448 953 0 
-671 857 -717 0 
-582 -798 956 0 
-550 -62 775 0 
-923 -661 619 0 
-414 906 634 0 
998 971 -606 0 
-761 -578 26 0 
993 968 -251 0 
-591 -299 144 0 
-825 335 982 0 
596 58 -4 0 
-956 151 -350 0 
950 -7 -608 0 
358 535 95 0 
506 197 3 0 
-976 -409 -347 0 
-622 870 903 0 
345 233 -273 0 
-587 197 -700 0 
829 830 347 0 
-198 169 972 0 
-841 695 -597 0 
-413 -844 783 0 
-568 997 -691 0 
-618 -586 940 0 
-205 -140 -639 0 
-632 167 71 0 
166 -812 -396 0 
936 437 -173 0 
260 -922 -755 0 
-722 -825 175 0 
251 -319 -121 0 
-762 -70 197 0 
-814 -790 803 0 
487 58 -828 0 
-891 -275 -956 0 
367 599 -53 0 
513 -578 -742 0 
-56 -685 935 0 
709 956 226 0 
903 -29 332 0 
592 92 115 0 
-898 932 418 0 
211 314 -144 0 
383 134 -84 0 
-132 967 46 0 
-849 820 -151 0 
918 -981 -617 0 
-504 -426 325 0 
735 -789 529 0 
-252 37 -236 0 
-510 837 846 0 
292 31 -139 0 
943 -177 -622 0 
700 551 849 0 
-364 -975 -803 0 
-76 -445 238 0 
55 -291 -221 0 
-775 -176 605 0 
-178 462 -940 0 
-525 549 -445 0 
232 849 -27 0 
717 -260 -767 0 
638 -438 -142 0 
-619 499 842 0 
807 437 -688 0 
-731 -90 580 0 
890 -582 319 0 
119 -945 167 0 
-149 -98 297 0 
-62 424 -456 0 
488 -257 -659 0 
6 -715 -10 0 
-199 -823 624 0 
789 -600 776 0 
623 -383 552 0 
-779 203 -164 0 
162 -442 -707 0 
744 538 -865 0 
102 -472 -924 0 
305 864 -433 0 
437 617 578 0 
641 355 -512 0 
555 310 774 0 
456 -749 605 0 
852 441 -319 0 
-530 -819 -589 0 
712 945 -932 0 
-217 542 824 0 
-924 -218 51 0 
237 166 -35 0 
-794 648 738 0 
-314 -339 -558 0 
-586 -944 -848 0 
-169 -93 406 0 
116 -273 -908 0 
-662 315 -822 0 
-173 460 -816 0 
-313 234 -612 0 
-392 433 235 0 
-696 699 -293 0 
411 993 391 0 
906 -997 -970 0 
-478 -154 -423 0 
-430 71 602 0 
-479 888 236 0 
-718 321 477 0 
844 -385 -139 0 
-269 -760 -921 0 
4 -520 623 0 
-142 -870 821 0 
-614 849 571 0 
-678 -336 -483 0 
-617 964 151 0 
-872 228 712 0 
573 -356 -997 0 
165 177 -485 0 
971 -804 -13 0 
-888 777 -391 0 
356 812 895 0 
109 -656 351 0 
-411 -537 -683 0 
-73 -417 -404 0 
559 -518 -523 0 
900 -87 164 0 
518 718 358 0 
629 -608 -922 0 
222 765 119 0 
629 -939 768 0 
-515 694 668 0 
-87 63 -986 0 
-499 -349 -106 0 
572 431 -544 0 
-75 -637 -982 0 
452 878 -670 0 
495 -223 -824 0 
735 857 975 0 
990 -844 -364 0 
851 -817 82 0 
64 518 557 0 
-723 -742 418 0 
488 -789 -390 0 
-324 -651 231 0 
787 -425 37 0 
-229 309 930 0 
950 399 -11 0 
-545 110 684 0 
362 718 -735 0 
641 871 231 0 
596 -33 894 0 
-514 -559 136 0 
-343 -973 546 0 
-33 680 -525 0 
611 224 628 0 
-240 -74 207 0 
85 -315 -537 0 
-661 2 -18 0 
608 826 209 0 
259 -86 -520 0 
-598 -662 230 0 
-499 530 826 0 
274 438 -17 0 
-677 1 579 0 
-379 -725 363 0 
798 -661 375 0 
-519 -923 -13 0 
-338 602 -460 0 
-55 912 387 0 
-973 -508 -879 0 
-752 -347 917 0 
894 -990 911 0 
-843 204 -456 0 
20 -170 62 0 
-722 -662 387 0 
-52 -642 219 0 
-409 -549 777 0 
-418 -687 576 0 
-853 147 272 0 
-843 -733 -632 0 
540 -801 431 0 
-648 -970 -577 0 
-779 -766 164 0 
488 -737 -536 0 
703 -652 -940 0 
59 -139 -562 0 
315 -763 -858 0 
39 862 -762 0 
-157 470 823 0 
177 771 -596 0 
-600 57 587 0 
998 888 751 0 
261 -515 631 0 
952 -99 491 0 
-355 884 691 0 
521 -114 -655 0 
173 576 181 0 
-483 -361 -655 0 
666 -35 -865 0 
-551 63 350 0 
466 -711 -743 0 
92 -278 138 0 
529 -179 -593 0 
934 672 -467 0 
-313 615 100 0 
-221 487 31 0 
-30 -156 87 0 
358 297 317 0 
-466 -994 403 0 
177 136 -738 0 
-721 -29 -272 0 
-897 -116 774 0 
831 316 525 0 
515 -620 -195 0 
-438 -478 -238 0 
-142 -962 689 0 
-107 -539 428 0 
249 93 -168 0 
957 658 -786 0 
-425 -959 -730 0 
-474 774 -649 0 
-96 907 135 0 
182 980 323 0 
116 663 177 0 
-600 357 -822 0 
65 411 789 0 
745 -185 -291 0 
383 547 -612 0 
254 532 811 0 
69 -704 -923 0 
564 774 -799 0 
48 251 972 0 
349 -657 142 0 
48 911 -859 0 
661 -270 402 0 
247 -385 -754 0 
-689 -459 525 0 
766 969 348 0 
-818 -8 562 0 
-773 -870 747 0 
-394 -166 -778 0 
966 386 102 0 
-775 337 -436 0 
72 127 506 0 
86 731 403 0 
311 210 843 0 
639 -269 624 0 
-191 622 -426 0 
-95 363 -789 0 
-370 -472 336 0 
2 395 413 0 
746 841 30 0 
7 -876 88 0 
379 -251 309 0 
-983 588 572 0 
-72 -252 460 0 
579 644 -56 0 
457 -973 284 0 
-28 48 -180 0 
456 431 -900 0 
-600 467 9 0 
6 939 -666 0 
-639 -500 -622 0 
-906 -30 168 0 
-48 583 732 0 
-602 -546 -668 0 
86 510 -913 0 
214 -670 806 0 
-118 -427 -334 0 
-613 -220 63 0 
-64 -675 779 0 
669 561 -414 0 
-465 935 562 0 
729 -261 -442 0 
-95 -923 46 0 
46 -984 -503 0 
757 410 -201 0 
445 626 -688 0 
-327 732 753 0 
217 70 -403 0 
-9 -429 -207 0 
-792 -576 -97 0 
-792 -397 -771 0 
-170 -342 104 0 
804 151 249 0 
602 -739 -34 0 
361 -745 -400 0 
89 -882 -869 0 
877 -617 317 0 
789 637 840 0 
926 695 -992 0 
-409 -954 -291 0 
-14 -603 703 0 
985 979 -897 0 
828 131 -163 0 
63 77 -968 0 
-461 26 -399 0 
-661 809 269 0 
-633 258 150 0 
647 762 919 0 
372 852 -627 0 
-909 871 292 0 
362 -920 805 0 
239 -834 -244 0 
77 331 -424 0 
306 189 -156 0 
930 967 709 0 
-872 891 401 0 
-5 437 -828 0 
315 -739 418 0 
-953 364 843 0 
-682 -779 -546 0 
418 -263 -227 0 
426 -268 -55 0 
441 -21 886 0 
253 976 -311 0 
423 -370 356 0 
607 -687 144 0 
-496 677 -312 0 
-487 -236 -119 0 
-383 -42 842 0 
807 -279 439 0 
748 528 -25 0 
-970 831 -733 0 
-191 825 639 0 
-299 532 530 0 
-879 -861 264 0 
582 759 -416 0 
-920 165 365 0 
-853 232 207 0 
-441 -861 479 0 
-779 -545 138 0 
-579 421 915 0 
-424 -724 671 0 
-75 -342 -702 0 
-503 -501 -955 0 
1000 580 466 0 
93 609 560 0 
-31 -426 -116 0 
961 -793 -482 0 
175 920 -730 0 
-694 17 529 0 
-414 911 -103 0 
564 -1000 587 0 
-600 18 30 0 
-244 -828 204 0 
-640 676 821 0 
509 -619 -851 0 
-325 387 -409 0 
-773 654 510 0 
-240 -399 -651 0 
-470 -726 511 0 
-496 990 457 0 
-189 463 -797 0 
-762 11 -274 0 
936 932 46 0 
161 -31 130 0 
-57 -518 -8 0 
-230 856 550 0 
-562 -959 542 0 
-802 -717 942 0 
962 -885 183 0 
-22 -287 -337 0 
539 -631 284 0 
366 404 281 0 
767 -677 -159 0 
624 -72 175 0 
687 223 429 0 
829 -184 -907 0 
232 137 410 0 
-364 656 685 0 
-751 784 272 0 
-445 -151 -732 0 
592 886 93 0 
373 -354 -597 0 
749 -935 349 0 
-159 -91 559 0 
934 482 364 0 
-203 674 -520 0 
-672 -955 -794 0 
-813 618 132 0 
-122 -893 -768 0 
746 -537 -380 0 
59 -209 -599 0 
933 173 766 0 
103 -335 547 0 
-610 680 -835 0 
-702 176 -791 0 
-109 676 225 0 
802 -758 396 0 
-630 -458 621 0 
-224 135 -521 0 
266 53 -70 0 
-363 950 -253 0 
-653 306 823 0 
-129 410 -890 0 
-510 -60 481 0 
725 507 678 0 
117 375 802 0 
932 -471 139 0 
60 433 -217 0 
-830 736 -253 0 
560 -222 -410 0 
823 692 -709 0 
-32 -552 -332 0 
297 -10 -903 0 
-624 862 -164 0 
-778 277 43 0 
-283 688 607 0 
-377 305 -53 0 
-976 -688 329 0 
-858 940 967 0 
-264 405 947 0 
-60 941 -37 0 
-549 671 -345 0 
-493 815 851 0 
-755 712 -299 0 
219 777 -239 0 
434 -13 520 0 
155 -44 -685 0 
621 -2 410 0 
-274 534 -950 0 
897 -965 -713 0 
-90 983 845 0 
-648 -835 -669 0 
539 498 -707 0 
421 -502 -339 0 
-327 -614 -603 0 
-733 -245 -937 0 
-812 355 308 0 
-719 176 143 0 
839 -904 -92 0 
306 -954 -438 0 
-30 -154 687 0 
-220 943 -411 0 
-996 108 485 0 
806 -519 720 0 
559 -782 265 0 
-568 571 -372 0 
-806 -83 -685 0 
-638 -320 -391 0 
110 -126 821 0 
313 426 422 0 
4 -219 -162 0 
142 -202 -621 0 
66 786 -147 0 
436 982 -615 0 
859 556 19 0 
282 -914 -17 0 
184 -611 -879 0 
115 -531 542 0 
523 -414 112 0 
246 -773 381 0 
671 722 655 0 
-428 606 240 0 
931 -741 837 0 
344 624 -629 0 
541 518 420 0 
-269 -802 -701 0 
-167 -438 86 0 
194 -389 -75 0 
-912 786 174 0 
986 839 -297 0 
997 -98 -591 0 
829 545 -141 0 
461 666 88 0 
508 -291 -28 0 
391 -411 773 0 
159 -681 -777 0 
-583 471 861 0 
758 -359 -223 0 
612 -790 -278 0 
222 -767 -196 0 
823 331 -499 0 
-142 -691 -296 0 
805 -475 494 0 
-115 -660 -696 0 
4 183 921 0 
239 681 842 0 
-720 -980 61 0 
370 902 -580 0 
-221 -892 617 0 
421 -498 807 0 
217 635 93 0 
527 -636 -478 0 
201 970 -416 0 
737 825 -8 0 
-97 -122 745 0 
114 -924 583 0 
691 921 363 0 
-13 157 472 0 
592 770 -191 0 
-737 -578 953 0 
65 -943 907 0 
281 860 703 0 
-751 -575 21 0 
-901 -627 -370 0 
964 -762 45 0 
-222 -750 -973 0 
58 -895 349 0 
728 -903 -877 0 
421 833 841 0 
313 570 101 0 
-485 -389 703 0 
-6 198 -75 0 
-485 -203 147 0 
-657 -899 -170 0 
290 -299 9 0 
-667 372 850 0 
-54 -409 -465 0 
-895 303 189 0 
-682 539 120 0 
832 970 948 0 
992 -560 947 0 
828 507 -560 0 
861 -624 -130 0 
753 820 -859 0 
687 -786 -782 0 
404 -543 79 0 
602 -405 619 0 
-308 -195 -978 0 
-63 -491 -298 0 
81 696 156 0 
780 -832 -324 0 
799 352 513 0 
-991 -953 703 0 
-950 188 -178 0 
-113 86 -293 0 
-491 478 709 0 
699 23 -216 0 
98 -834 -520 0 
-531 -117 -960 0 
-363 -702 -871 0 
66 -897 -811 0 
150 -947 -448 0 
372 -635 799 0 
491 187 830 0 
790 -440 -491 0 
314 317 -759 0 
-386 -562 940 0 
-940 455 992 0 
243 -806 205 0 
-658 364 -129 0 
745 -776 622 0 
-903 -792 -44 0 
-729 -972 -823 0 
756 145 -91 0 
-557 -364 108 0 
-683 81 -185 0 
293 -442 443 0 
-389 -322 993 0 
-282 -877 806 0 
759 25 98 0 
574 -622 -226 0 
-939 -75 360 0 
-440 -133 -386 0 
934 -812 172 0 
179 585 717 0 
-931 912 876 0 
116 -329 256 0 
-853 -201 -816 0 
-442 501 202 0 
248 195 593 0 
-595 -86 848 0 
18 -757 759 0 
615 128 -3 0 
-15 -307 384 0 
880 -982 343 0 
-494 -152 959 0 
-309 -679 -128 0 
-899 -787 -721 0 
417 309 684 0 
263 -430 -735 0 
-931 669 889 0 
-182 -575 -709 0 
-599 -647 376 0 
-636 200 664 0 
965 373 192 0 
-484 445 21 0 
-967 -694 333 0 
-944 797 -120 0 
-338 294 -372 0 
588 656 -232 0 
30 -652 -471 0 
336 257 123 0 
282 -388 -286 0 
749 -109 365 0 
156 363 -105 0 
246 242 305 0 
93 -284 -778 0 
229 -311 162 0 
-434 193 570 0 
-380 147 187 0 
-304 731 299 0 
476 325 66 0 
-609 431 369 0 
598 -183 -654 0 
-994 -147 798 0 
598 997 -717 0 
370 -682 -217 0 
752 -696 375 0 
-386 -851 -865 0 
-698 411 619 0 
-720 910 -309 0 
-129 -260 190 0 
341 -1000 -187 0 
-901 -880 965 0 
-928 -63 511 0 
-225 137 367 0 
399 -86 -924 0 
612 -439 897 0 
-748 241 527 0 
539 -493 -185 0 
420 622 189 0 
-211 -963 -811 0 
916 -382 -171 0 
-763 789 -79 0 
-997 -705 -788 0 
373 429 914 0 
131 -699 636 0 
-545 -396 765 0 
167 -610 -244 0 
-749 -95 -34 0 
-451 686 -770 0 
214 435 356 0 
-892 100 -514 0 
-35 613 86 0 
-762 353 -420 0 
-187 -657 -176 0 
-253 -550 577 0 
-428 759 438 0 
-611 -785 909 0 
304 184 629 0 
-147 158 -27 0 
862 -337 236 0 
919 320 -881 0 
-878 -485 -693 0 
395 30 -291 0 
-342 -386 618 0 
927 708 333 0 
26 227 311 0 
302 -973 191 0 
731 -549 -962 0 
238 894 -208 0 
644 740 -342 0 
-29 782 995 0 
158 369 940 0 
408 -372 -57 0 
-785 -895 263 0 
-801 -549 -45 0 
-770 -293 937 0 
92 185 -445 0 
-153 474 151 0 
-873 275 651 0 
309 -548 351 0 
450 852 -65 0 
535 -769 574 0 
-289 4 -150 0 
-908 890 155 0 
-82 -861 -267 0 
380 508 945 0 
677 -453 -741 0 
379 -40 866 0 
799 -338 951 0 
723 172 -136 0 
841 290 -981 0 
759 -752 -392 0 
274 30 -22 0 
68 -215 -921 0 
279 901 -291 0 
190 -719 -318 0 
-350 863 980 0 
504 601 -972 0 
577 1000 -494 0 
-116 392 517 0 
-985 796 -451 0 
-421 166 -38 0 
653 858 862 0 
-913 -6 759 0 
315 -618 -824 0 
164 -311 211 0 
513 -355 -57 0 
-869 -291 -707 0 
-326 -781 359 0 
225 937 554 0 
6 558 628 0 
54 -307 -10 0 
-141 572 271 0 
950 -506 218 0 
-80 904 -822 0 
-807 -866 50 0 
711 -516 -126 0 
136 487 785 0 
-78 -487 772 0 
-883 -424 -961 0 
313 373 -522 0 
399 -66 25 0 
826 272 -892 0 
-442 -42 672 0 
-295 -738 -101 0 
586 918 914 0 
-678 630 -130 0 
410 977 403 0 
579 -916 -130 0 
-106 -956 337 0 
-18 -760 919 0 
-719 605 253 0 
494 357 -450 0 
-366 -375 123 0 
-647 272 -903 0 
901 -25 20 0 
431 357 -98 0 
-419 -746 235 0 
-172 484 -321 0 
-463 206 -746 0 
-918 -400 334 0 
-180 157 562 0 
-327 -921 -162 0 
-769 -358 -364 0 
-185 349 -790 0 
418 -41 -190 0 
222 -468 -156 0 
-536 991 -174 0 
102 -259 -909 0 
-76 -485 -231 0 
-952 -542 -239 0 
382 115 684 0 
-754 645 -682 0 
314 28 18 0 
126 233 -103 0 
-625 -637 672 0 
722 -320 -377 0 
-445 677 -893 0 
-730 343 -427 0 
69 508 440 0 
-728 234 -330 0 
-391 936 29 0 
-323 -745 -493 0 
963 -224 567 0 
-310 555 -876 0 
449 -355 56 0 
-658 967 -221 0 
313 -803 -884 0 
290 -409 118 0 
84 194 28 0 
657 15 767 0 
-138 -425 -402 0 
249 908 370 0 
-277 51 540 0 
228 916 819 0 
-410 320 -10 0 
-518 -42 -997 0 
577 -527 -603 0 
-266 -332 -685 0 
-492 -581 660 0 
-315 -218 -543 0 
928 209 344 0 
-760 -402 897 0 
-967 -422 -864 0 
-658 590 -158 0 
-816 -802 104 0 
161 674 564 0 
-97 380 106 0 
-21 101 -959 0 
-710 80 698 0 
-562 712 -110 0 
236 560 876 0 
589 97 -879 0 
-460 597 891 0 
913 -531 22 0 
-612 -97 -270 0 
-131 -390 -386 0 
-321 -619 33 0 
-994 335 -761 0 
-382 -111 910 0 
668 -837 430 0 
508 -755 -265 0 
-782 -287 258 0 
375 97 745 0 
-882 -157 166 0 
-807 -512 42 0 
-580 265 -194 0 
654 959 818 0 
562 642 -225 0 
389 -783 -167 0 
294 903 591 0 
873 297 -748 0 
-170 268 363 0 
-47 -404 -270 0 
-705 -75 892 0 
-189 574 -555 0 
-590 209 -15 0 
633 585 -582 0 
-748 -894 -458 0 
568 795 -552 0 
440 -728 -948 0 
739 149 594 0 
-214 288 -629 0 
-877 204 212 0 
-338 637 166 0 
-273 866 -987 0 
960 -71 243 0 
-552 -834 555 0 
-861 262 971 0 
963 -465 33 0 
797 -157 -202 0 
352 -917 -998 0 
-566 -350 630 0 
473 -575 -522 0 
101 -412 -289 0 
-691 245 383 0 
200 -112 342 0 
587 -553 -368 0 
-486 410 922 0 
366 346 849 0 
-198 -772 481 0 
193 -446 -539 0 
875 536 400 0 
405 -821 -417 0 
447 -513 -347 0 
900 -149 667 0 
700 -328 317 0 
-887 -902 -446 0 
-46 446 -597 0 
-868 213 504 0 
807 -820 -154 0 
974 128 541 0 
-394 -965 -516 0 
-643 -114 717 0 
95 735 608 0 
-844 -415 -845 0 
291 -493 -949 0 
-654 848 541 0 
2 -328 949 0 
-856 145 386 0 
-211 -949 -414 0 
-822 -130 -42 0 
155 -356 -748 0 
786 776 355 0 
-353 -468 -417 0 
801 -744 324 0 
-178 -785 -662 0 
339 773 -833 0 
-228 -259 501 0 
842 -164 418 0 
-10 114 -425 0 
516 487 -253 0 
-110 -181 -213 0 
130 -366 49 0 
474 -686 -578 0 
116 515 916 0 
-761 324 -287 0 
874 -747 -491 0 
785 -160 -51 0 
-902 -774 319 0 
157 966 8 0 
971 -484 -962 0 
-202 760 548 0 
-449 446 906 0 
-969 -396 -701 0 
-608 482 538 0 
-604 -778 -948 0 
-375 -892 -532 0 
-918 -309 800 0 
-784 220 -997 0 
-783 -674 29 0 
-45 -735 -322 0 
-146 627 -701 0 
167 -787 -238 0 
342 -446 408 0 
531 -188 -109 0 
889 -537 78 0 
-167 808 -80 0 
585 -734 -227 0 
746 629 -514 0 
-299 896 -709 0 
86 940 577 0 
-402 240 -503 0 
913 -159 -689 0 
-283 -179 404 0 
-567 -341 121 0 
870 -430 276 0 
-449 -164 584 0 
966 -109 -939 0 
-232 130 7 0 
-205 391 -378 0 
419 -858 -287 0 
-505 -154 266 0 
959 201 -710 0 
-336 737 739 0 
-901 638 212 0 
398 908 -621 0 
146 484 810 0 
-40 447 -739 0 
443 833 890 0 
-505 -482 -251 0 
697 251 -453 0 
-146 -285 -128 0 
-919 751 -770 0 
106 -696 -502 0 
-648 -309 -510 0 
-670 -443 -827 0 
49 654 -124 0 
-547 303 624 0 
266 -560 -337 0 
330 -731 -479 0 
122 303 -696 0 
956 265 -462 0 
-515 -155 517 0 
-922 -359 822 0 
-69 -633 326 0 
-906 -14 -776 0 
639 249 445 0 
70 -801 243 0 
-703 -921 -463 0 
338 12 -254 0 
26 722 -266 0 
-649 -826 -808 0 
-247 -215 -223 0 
862 606 -88 0 
302 -81 -384 0 
918 -334 -781 0 
630 585 842 0 
404 -564 -79 0 
851 -400 381 0 
-514 658 -829 0 
178 81 912 0 
-454 -449 313 0 
511 -303 -886 0 
655 -233 -426 0 
315 -40 -81 0 
-153 -231 497 0 
-903 711 336 0 
-113 436 174 0 
90 -819 208 0 
385 -554 310 0 
-454 -94 -7 0 
895 38 32 0 
-819 202 -872 0 
-674 -606 -595 0 
634 -531 -356 0 
496 -443 -878 0 
-129 493 749 0 
968 -921 -934 0 
-500 118 -889 0 
990 -87 -463 0 
-460 -827 -155 0 
-727 678 -454 0 
568 -392 -142 0 
735 -97 -308 0 
902 956 310 0 
463 104 -444 0 
-54 119 395 0 
-754 750 833 0 
-244 976 781 0 
369 -726 -76 0 
805 880 145 0 
-228 433 -731 0 
55 -424 401 0 
68 -886 410 0 
-600 800 -212 0 
352 791 140 0 
94 898 -402 0 
182 -99 576 0 
541 -818 808 0 
-912 503 950 0 
-99 556 159 0 
-793 -730 -835 0 
-966 -264 -788 0 
-22 566 -847 0 
30 -166 342 0 
408 -707 -969 0 
-530 -514 -806 0 
408 185 -793 0 
460 -393 523 0 
-559 5 -283 0 
-244 -871 297 0 
-38 -691 -786 0 
-147 248 830 0 
-424 154 -348 0 
-312 491 -444 0 
602 -738 33 0 
18 -611 -974 0 
-446 814 -942 0 
173 285 183 0 
-423 773 -907 0 
-784 -74 147 0 
-39 888 183 0 
699 -42 157 0 
324 -692 392 0 
-390 858 -143 0 
-163 -493 841 0 
-236 -313 887 0 
769 -376 991 0 
-100 -483 400 0 
-929 777 -877 0 
258 -885 -379 0 
-501 -127 804 0 
-335 540 580 0 
204 -440 421 0 
492 -511 866 0 
-491 707 671 0 
400 624 -344 0 
222 577 -24 0 
-860 -401 466 0 
712 322 -844 0 
-990 -172 992 0 
601 319 514 0 
-196 -262 -667 0 
515 111 350 0 
634 -953 -288 0 
-67 -707 -873 0 
21 397 -326 0 
17 449 -113 0 
363 746 -956 0 
769 827 -774 0 
887 830 -315 0 
-185 -566 -722 0 
613 102 435 0 
639 -83 16 0 
-171 -644 30 0 
953 -294 -461 0 
-661 -409 -54 0 
692 -181 283 0 
735 -615 -379 0 
677 -149 -500 0 
533 -564 -394 0 
129 -846 -158 0 
-949 -940 -407 0 
-655 -601 -975 0 
-327 -614 -242 0 
902 680 442 0 
-196 -863 811 0 
313 754 -554 0 
-129 -327 631 0 
-497 110 -25 0 
155 165 471 0 
653 -775 368 0 
-322 -791 -63 0 
199 509 -33 0 
-492 -987 -937 0 
-537 -347 887 0 
850 -275 -926 0 
-929 -107 -768 0 
821 -765 -731 0 
-896 -891 840 0 
347 192 144 0 
395 198 243 0 
-917 991 463 0 
-881 659 -238 0 
-202 -715 45 0 
-121 677 207 0 
-922 639 -311 0 
874 196 478 0 
124 209 -126 0 
-88 -152 -278 0 
212 -380 -904 0 
-212 304 -439 0 
-818 -959 -991 0 
853 -97 -282 0 
999 -47 -646 0 
-250 -469 -21 0 
778 -711 -804 0 
741 -987 756 0 
-44 -247 -144 0 
599 958 -902 0 
-799 615 -756 0 
689 -192 977 0 
-29 482 -651 0 
-322 -796 107 0 
-4 -105 -361 0 
-513 85 -251 0 
-327 85 -345 0 
835 578 -967 0 
493 -757 846 0 
-795 -707 940 0 
-785 -858 -123 0 
-354 -888 -41 0 
-422 736 544 0 
70 140 114 0 
525 297 -294 0 
-75 362 353 0 
30 -500 944 0 
-385 -288 600 0 
438 -128 -482 0 
9 856 -224 0 
127 564 324 0 
394 14 876 0 
586 -803 -654 0 
-169 759 -589 0 
589 948 -726 0 
483 -370 876 0 
72 242 -724 0 
-434 -115 622 0 
-40 574 966 0 
-198 -105 -337 0 
20 -743 -499 0 
-623 6 310 0 
19 827 -103 0 
-79 -583 465 0 
-649 -294 895 0 
-218 634 -577 0 
-128 -186 -965 0 
639 -586 762 0 
786 339 830 0 
75 -896 701 0 
108 -336 -587 0 
-702 -670 977 0 
-191 -817 -148 0 
963 48 299 0 
475 798 -961 0 
10 -640 -108 0 
-751 -122 -796 0 
-436 -250 944 0 
-368 -949 865 0 
340 -715 -573 0 
341 -40 85 0 
-566 21 847 0 
-819 -467 -294 0 
45 974 -247 0 
309 293 -324 0 
319 -916 254 0 
-708 79 -478 0 
-37 -167 542 0 
-562 -780 -393 0 
-463 -149 -496 0 
-867 426 -39 0 
-45 -506 13 0 
-252 555 161 0 
315 11 -165 0 
45 -977 -202 0 
18 236 -500 0 
-109 409 904 0 
863 -130 423 0 
-556 -353 -801 0 
282 358 726 0 
915 -6 770 0 
599 -527 330 0 
675 471 589 0 
-557 -353 387 0 
144 -563 -40 0 
-640 -641 164 0 
-927 -376 637 0 
689 -600 -825 0 
679 -879 -963 0 
351 543 441 0 
-899 -554 205 0 
674 -142 -121 0 
614 281 772 0 
592 -493 -498 0 
-465 -817 -745 0 
-26 -8 -589 0 
667 200 111 0 
-975 412 -319 0 
-126 -102 -941 0 
-399 420 -458 0 
-618 171 536 0 
-282 -567 -863 0 
281 36 -935 0 
481 -138 354 0 
-169 888 945 0 
394 456 -699 0 
473 -169 -249 0 
-690 -816 -348 0 
333 342 -450 0 
-995 -457 400 0 
380 -138 346 0 
501 887 -160 0 
601 -312 114 0 
-149 -717 614 0 
-209 387 187 0 
-514 791 74 0 
921 721 658 0 
-218 -139 -25 0 
-890 646 -911 0 
-304 -45 235 0 
-155 -857 -364 0 
-265 363 295 0 
-985 51 538 0 
-866 162 -45 0 
546 -60 861 0 
610 305 66 0 
-768 -540 -942 0 
158 -552 325 0 
698 -222 750 0 
-761 573 -286 0 
-717 573 630 0 
649 756 -497 0 
-681 -716 597 0 
-66 928 877 0 
753 917 66 0 
811 215 -91 0 
-750 950 543 0 
-154 -17 -152 0 
-553 -385 740 0 
-15 686 -42 0 
59 -778 485 0 
541 1000 620 0 
-732 -168 514 0 
690 768 -847 0 
-349 192 673 0 
-824 917 -378 0 
152 -919 -486 0 
-297 30 947 0 
378 844 -387 0 
-324 -940 815 0 
-207 -538 -795 0 
-871 127 263 0 
-672 -995 969 0 
-944 850 245 0 
920 -837 -188 0 
144 -45 860 0 
34 730 622 0 
-18 314 -532 0 
124 889 495 0 
-210 -825 493 0 
334 -546 475 0 
-922 909 -503 0 
951 361 898 0 
-327 -319 277 0 
-485 327 -865 0 
-462 -599 721 0 
-62 479 -594 0 
453 -645 889 0 
791 602 175 0 
-962 76 218 0 
999 -211 -161 0 
-621 -405 47 0 
804 -261 390 0 
882 118 -94 0 
948 -66 -681 0 
-64 -771 110 0 
358 -887 -874 0 
26 -73 -560 0 
-148 -446 460 0 
808 752 -350 0 
845 586 446 0 
645 557 -297 0 
-238 -454 694 0 
-52 -357 663 0 
-43 -801 2 0 
-730 -79 626 0 
331 -393 -383 0 
-717 -314 -262 0 
-218 -208 -284 0 
-957 141 679 0 
688 -572 -464 0 
-958 53 -367 0 
760 422 -877 0 
891 795 218 0 
-626 -551 -160 0 
-215 -995 -68 0 
-152 -491 -175 0 
-81 432 -908 0 
-339 73 -880 0 
437 138 -315 0 
-397 534 644 0 
921 32 -904 0 
-841 209 -521 0 
570 -927 -50 0 
775 -343 -79 0 
-138 -362 266 0 
853 -852 467 0 
243 -848 -994 0 
-601 -808 144 0 
-99 -133 575 0 
448 -609 118 0 
988 -981 -946 0 
-525 -722 450 0 
31 -920 855 0 
-789 812 -222 0 
-506 -767 -57 0 
-436 -347 -705 0 
-519 529 478 0 
366 -448 -961 0 
599 -358 -655 0 
421 -234 -41 0 
540 -924 -667 0 
-38 -829 -922 0 
-586 -545 -161 0 
-584 501 345 0 
202 -415 -825 0 
-455 -923 -601 0 
-391 598 -457 0 
537 -370 -709 0 
-542 -928 -470 0 
-728 811 -635 0 
287 -688 539 0 
553 -121 -648 0 
-20 -412 447 0 
22 -584 -261 0 
661 -689 -503 0 
417 837 38 0 
721 524 609 0 
-363 95 144 0 
-274 935 150 0 
782 -410 9 0 
-929 -521 343 0 
907 -976 813 0 
-59 296 382 0 
683 139 -168 0 
-549 137 718 0 
-571 306 -32 0 
-396 -340 -563 0 
817 909 -504 0 
668 392 277 0 
172 100 -627 0 
884 302 -606 0 
849 294 -501 0 
761 567 995 0 
685 -28 322 0 
-882 958 200 0 
280 160 324 0 
-25 139 -562 0 
-636 -783 -847 0 
-988 326 -267 0 
273 692 187 0 
-766 520 197 0 
719 -169 750 0 
-968 60 314 0 
-648 -966 -50 0 
113 -309 657 0 
-851 -115 -594 0 
314 -795 -782 0 
-456 -199 589 0 
-890 853 673 0 
-565 -793 -78 0 
-755 -754 932 0 
663 417 -85 0 
-198 340 93 0 
-993 265 -658 0 
-160 121 888 0 
-218 -242 -758 0 
646 -395 -387 0 
464 647 -183 0 
923 -469 -720 0 
374 902 289 0 
530 390 327 0 
-870 -448 378 0 
278 -792 -436 0 
-249 -662 -194 0 
360 -430 -796 0 
537 542 533 0 
-298 308 930 0 
543 901 -858 0 
-992 453 415 0 
357 -318 -493 0 
-297 684 -310 0 
-392 653 532 0 
626 -32 -9 0 
254 -188 -503 0 
712 482 857 0 
225 -220 914 0 
641 942 733 0 
230 408 -605 0 
-115 184 -324 0 
615 -430 -854 0 
-405 126 -273 0 
-995 331 -774 0 
-479 849 -2 0 
-654 -271 422 0 
32 -642 -254 0 
563 -296 309 0 
-902 -815 -379 0 
428 109 788 0 
-547 738 -329 0 
35 953 217 0 
60 -252 238 0 
-613 -896 187 0 
430 -469 -555 0 
32 270 489 0 
-32 530 -135 0 
-904 545 -471 0 
30 159 -918 0 
503 984 -325 0 
-337 -549 479 0 
-302 566 -472 0 
-185 -165 -491 0 
-766 882 -715 0 
-689 703 313 0 
-312 -26 597 0 
954 -292 -540 0 
-860 -397 -495 0 
356 -522 -557 0 
-424 181 445 0 
558 -283 -644 0 
699 -591 370 0 
-791 -50 -592 0 
-197 830 298 0 
-491 -498 564 0 
709 -475 7 0 
-666 464 493 0 
856 -936 -590 0 
483 457 -385 0 
-871 -869 -451 0 
324 818 869 0 
-791 789 -461 0 
-870 -526 385 0 
-313 990 -223 0 
-409 934 -782 0 
348 -264 792 0 
-125 -979 928 0 
58 -201 671 0 
-968 288 -539 0 
667 399 620 0 
841 887 576 0 
451 -315 -943 0 
-92 -810 -817 0 
-600 390 -797 0 
721 -408 -303 0 
-504 -24 720 0 
585 -567 -616 0 
-41 -735 271 0 
-535 -575 -929 0 
-8 -526 -373 0 
-562 -238 -979 0 
-610 -633 -10 0 
-302 -70 -791 0 
-411 605 876 0 
627 412 444 0 
267 52 -103 0 
-803 877 -746 0 
-343 -794 182 0 
-242 -64 920 0 
-389 1 263 0 
957 -354 856 0 
-752 686 -248 0 
23 83 -194 0 
435 914 -753 0 
788 -887 562 0 
-219 854 215 0 
-985 641 -840 0 
-126 806 -43 0 
-336 49 -924 0 
-932 -80 -42 0 
359 398 859 0 
352 -848 818 0 
-621 -440 843 0 
272 605 -838 0 
962 286 878 0 
137 822 -578 0 
-359 -401 -354 0 
183 -147 -267 0 
383 -880 -222 0 
489 393 -932 0 
938 792 322 0 
-976 -705 -697 0 
-480 -619 500 0 
-291 -72 -369 0 
302 -383 230 0 
486 59 -364 0 
429 -89 -530 0 
-322 -588 564 0 
-41 -845 888 0 
637 -388 -8 0 
416 -705 -965 0 
748 408 36 0 
977 -25 -459 0 
835 941 120 0 
-616 -784 344 0 
-605 -67 -895 0 
846 -711 -813 0 
-816 -75 717 0 
-80 -162 107 0 
467 585 -356 0 
149 526 -489 0 
130 -50 825 0 
624 856 -257 0 
240 730 -286 0 
-343 206 -420 0 
388 -500 -481 0 
3 -544 491 0 
-447 994 -813 0 
-839 316 -65 0 
590 -223 205 0 
106 492 273 0 
925 -32 702 0 
241 -258 64 0 
-258 -918 -266 0 
-259 373 -402 0 
758 428 468 0 
943 -802 -324 0 
-328 510 666 0 
-427 -11 -812 0 
500 -298 -884 0 
847 94 652 0 
-271 -839 -194 0 
-382 -225 782 0 
796 773 332 0 
-955 91 732 0 
-197 688 -5 0 
-488 -833 549 0 
66 -590 -100 0 
580 -126 102 0 
-161 942 121 0 
-254 -573 -397 0 
144 746 231 0 
-802 -850 370 0 
313 912 665 0 
554 -291 -570 0 
579 -389 -574 0 
-538 -436 -28 0 
-985 -289 -433 0 
-687 96 33 0 
-872 779 -824 0 
-686 527 -502 0 
1000 -97 -34 0 
489 72 543 0 
-956 63 -415 0 
958 -891 364 0 
886 194 474 0 
572 793 248 0 
-643 -40 247 0 
-42 882 -998 0 
147 -556 979 0 
-348 -513 556 0 
359 -587 385 0 
-328 -495 88 0 
-451 -409 -648 0 
254 964 -545 0 
908 760 -986 0 
-401 16 147 0 
-612 792 600 0 
-804 -281 -628 0 
-87 -749 -682 0 
-426 -124 -297 0 
136 98 269 0 
-342 -341 -517 0 
-284 -362 -833 0 
-418 -357 -57 0 
463 347 35 0 
-40 630 645 0 
-697 -393 378 0 
-32 286 -363 0 
-63 872 -93 0 
712 -514 70 0 
-278 483 -771 0 
-420 -722 897 0 
-65 -957 185 0 
-210 987 765 0 
152 935 -307 0 
750 842 745 0 
-462 -993 -243 0 
60 -95 -902 0 
882 525 -821 0 
761 -466 2 0 
54 601 -552 0 
356 434 897 0 
-195 -824 -937 0 
280 757 947 0 
409 808 -235 0 
273 -333 498 0 
719 743 840 0 
41 640 -232 0 
595 -8 -68 0 
-613 -68 -924 0 
768 -125 131 0 
-854 -941 820 0 
-220 -369 869 0 
-590 241 909 0 
-927 -903 944 0 
-739 634 327 0 
583 1000 867 0 
-461 -573 825 0 
-814 118 -788 0 
-223 -4 -549 0 
800 -51 405 0 
-601 157 696 0 
709 -317 -995 0 
290 126 -100 0 
27 -815 968 0 
-968 644 -441 0 
100 873 -359 0 
841 -87 -819 0 
-189 15 -275 0 
-921 882 774 0 
996 -655 947 0 
343 -278 180 0 
720 267 902 0 
943 378 748 0 
14 -956 891 0 
712 -358 933 0 
-407 226 252 0 
407 -864 -776 0 
-914 764 -153 0 
21 932 -566 0 
-87 430 -389 0 
982 -460 625 0 
198 9 -356 0 
-83 -865 -292 0 
-653 96 182 0 
-48 -417 -984 0 
-900 326 -739 0 
717 385 119 0 
268 -41 161 0 
-8 -420 -393 0 
-892 -463 906 0 
941 619 -385 0 
-212 732 315 0 
593 -814 -298 0 
392 477 -366 0 
452 988 -752 0 
-599 345 156 0 
-748 -864 175 0 
-366 600 901 0 
-915 968 -748 0 
268 188 -834 0 
722 594 252 0 
453 -563 -751 0 
-468 -289 473 0 
-600 -400 949 0 
65 817 321 0 
-932 -451 -969 0 
-727 -828 182 0 
285 -38 65 0 
921 919 451 0 
-292 135 609 0 
-658 437 241 0 
852 -64 -11 0 
543 -304 129 0 
770 -251 979 0 
922 364 -748 0 
-86 -885 187 0 
-127 639 154 0 
-927 -962 -449 0 
-410 -840 957 0 
363 270 725 0 
834 -332 380 0 
-577 656 695 0 
-622 -986 730 0 
-787 743 253 0 
-666 -303 248 0 
566 -95 -863 0 
-602 746 325 0 
687 -892 566 0 
379 -174 -836 0 
638 129 574 0 
-592 818 -884 0 
-193 -428 -922 0 
-340 86 -929 0 
-833 754 -294 0 
882 -785 -422 0 
20 376 -523 0 
-696 34 473 0 
-545 -658 -940 0 
917 698 -231 0 
129 752 -480 0 
181 690 -462 0 
-892 -231 -103 0 
-830 593 -607 0 
-928 -689 875 0 
-825 -333 445 0 
61 -335 89 0 
-566 697 -626 0 
-915 -170 430 0 
111 290 953 0 
-606 420 301 0 
808 203 329 0 
-40 -749 -799 0 
-714 891 -142 0 
264 -64 498 0 
-127 34 220 0 
-84 -521 -253 0 
-500 -249 -856 0 
-527 646 163 0 
474 -425 -16 0 
-247 -777 -179 0 
456 520 22 0 
-507 334 -390 0 
787 262 -594 0 
272 312 607 0 
125 -513 958 0 
-64 -305 -862 0 
971 564 442 0 
591 -870 -841 0 
-805 121 828 0 
-405 -352 277 0 
533 -845 150 0 
125 -212 -359 0 
374 180 464 0 
763 812 -942 0 
437 306 580 0 
-850 -601 -210 0 
-215 -70 -734 0 
-553 953 -351 0 
-454 993 865 0 
313 116 -2 0 
404 934 506 0 
-582 -417 858 0 
-165 -716 277 0 
-474 -953 793 0 
756 931 -457 0 
595 596 -223 0 
-524 345 -219 0 
-826 -410 -243 0 
-866 563 197 0 
-5 734 237 0 
994 -352 57 0 
-973 67 -95 0 
364 657 -983 0 
197 -638 781 0 
-727 670 377 0 
440 887 715 0 
604 -391 -253 0 
716 -444 -320 0 
140 -955 -527 0 
-247 760 1 0 
-178 800 -246 0 
253 -222 367 0 
872 842 -527 0 
-658 260 -668 0 
-419 -656 -258 0 
-245 927 659 0 
202 418 990 0 
799 -166 186 0 
286 -189 906 0 
785 693 740 0 
263 -192 805 0 
354 654 933 0 
148 -42 901 0 
-949 846 -448 0 
80 -112 -162 0 
-279 624 590 0 
515 -402 598 0 
-29 882 -863 0 
446 -263 867 0 
-111 493 115 0 
638 701 -351 0 
144 -359 -4 0 
984 195 684 0 
763 -738 -508 0 
-337 -457 -249 0 
-502 -636 89 0 
-200 -168 315 0 
899 -722 772 0 
-668 -556 -874 0 
883 388 -633 0 
-789 125 936 0 
-718 885 -776 0 
-900 38 -811 0 
-988 218 563 0 
-426 447 -122 0 
-193 986 963 0 
791 -183 -90 0 
-951 376 -701 0 
-31 -358 -599 0 
-532 -371 311 0 
723 -305 -537 0 
484 677 -96 0 
504 21 -251 0 
356 604 882 0 
985 739 718 0 
-574 -701 -203 0 
396 -161 -289 0 
500 -604 -895 0 
539 -789 298 0 
712 -814 -480 0 
-965 839 953 0 
508 -24 -809 0 
800 -210 298 0 
51 -914 967 0 
542 -988 -904 0 
-960 -698 -34 0 
184 -647 -186 0 
-848 782 436 0 
-309 362 -595 0 
180 28 -503 0 
-632 -568 637 0 
146 -97 -792 0 
-480 251 -656 0 
482 -662 -29 0 
180 -511 299 0 
439 353 -896 0 
660 -804 817 0 
580 -827 -600 0 
-243 -207 803 0 
-554 -430 -192 0 
705 510 -255 0 
-362 275 59 0 
149 498 -92 0 
352 -86 684 0 
-84 -72 890 0 
379 795 -422 0 
456 672 -151 0 
580 -579 -993 0 
-814 369 -751 0 
77 -923 305 0 
339 -261 305 0 
-659 999 572 0 
384 -601 -801 0 
-73 495 41 0 
211 448 -684 0 
21 626 -42 0 
626 -243 -852 0 
221 330 -606 0 
647 -362 -264 0 
839 -858 -888 0 
-773 210 -539 0 
-903 -260 159 0 
519 830 839 0 
924 402 64 0 
-735 -92 499 0 
-854 -572 57 0 
769 865 -65 0 
-833 -2 901 0 
-164 -776 200 0 
-873 4 775 0 
737 32 785 0 
-258 56 721 0 
-489 -840 32 0 
-429 -803 186 0 
-714 -933 -415 0 
-627 241 -526 0 
363 435 263 0 
-376 488 417 0 
785 -175 -136 0 
-946 -584 -923 0 
-628 -136 267 0 
680 -633 -94 0 
-435 467 -466 0 
507 -293 -614 0 
-320 -137 -1000 0 
882 -384 525 0 
225 -812 -668 0 
146 526 600 0 
-477 -935 -801 0 
594 -119 -978 0 
623 764 850 0 
21 409 444 0 
40 305 12 0 
-664 -413 730 0 
474 -11 -320 0 
-145 -679 923 0 
875 361 431 0 
-422 -26 -830 0 
377 268 853 0 
139 -233 972 0 
775 -609 -315 0 
-972 -467 -49 0 
503 -337 738 0 
-714 -574 -125 0 
-826 527 -868 0 
-705 545 955 0 
-776 918 -217 0 
-196 -863 -936 0 
-419 741 -50 0 
137 457 777 0 
403 -233 6 0 
-211 498 130 0 
-886 737 485 0 
-676 961 -540 0 
59 -401 187 0 
-802 -771 514 0 
-294 779 -366 0 
-385 -718 -970 0 
171 438 -235 0 
-173 25 348 0 
549 -294 -167 0 
-648 561 924 0 
-375 928 672 0 
-723 -20 -67 0 
346 -392 924 0 
628 438 -860 0 
-524 114 -639 0 
623 696 164 0 
-392 -951 -355 0 
-577 981 -942 0 
491 -363 -411 0 
-29 -665 -402 0 
665 532 -345 0 
-502 -140 360 0 
-34 5 -923 0 
-734 475 572 0 
-955 -528 871 0 
3 -853 436 0 
16 919 473 0 
-396 -820 -759 0 
-916 -1 536 0 
-274 843 -160 0 
-838 -126 762 0 
-535 -187 567 0 
-666 -975 726 0 
202 -335 409 0 
82 864 384 0 
-840 467 -242 0 
722 255 871 0 
-940 889 538 0 
-417 -823 -236 0 
483 -124 -194 0 
-686 652 -893 0 
-193 -93 -583 0 
401 -758 -884 0 
-774 -425 38 0 
380 723 252 0 
-125 -14 342 0 
441 -155 567 0 
-888 998 444 0 
716 117 -351 0 
-915 -711 -259 0 
-1 -891 -251 0 
979 -595 -696 0 
128 392 535 0 
-785 708 566 0 
884 -900 828 0 
63 -785 -898 0 
-84 791 870 0 
316 -75 851 0 
239 -356 -259 0 
-365 -309 -845 0 
357 -899 329 0 
478 521 -265 0 
-716 -131 156 0 
775 220 -98 0 
276 735 618 0 
-481 -354 -841 0 
944 187 258 0 
124 315 504 0 
671 247 -234 0 
9 -921 -325 0 
-861 608 1000 0 
711 269 777 0 
45 639 695 0 
175 -318 -971 0 
-945 -265 239 0 
125 -368 215 0 
149 359 -691 0 
977 646 22 0 
844 -696 81 0 
-702 861 208 0 
-216 154 199 0 
854 -949 -799 0 
816 771 -150 0 
-594 -618 702 0 
-10 -483 960 0 
-583 427 712 0 
-292 398 575 0 
423 -114 -34 0 
221 585 -586 0 
-1000 -642 460 0 
774 -378 283 0 
-894 935 -236 0 
630 -106 -362 0 
712 677 442 0 
679 -149 247 0 
979 694 -230 0 
216 -221 443 0 
381 -218 -885 0 
-253 981 -40 0 
994 198 -36 0 
934 432 384 0 
289 -781 81 0 
-822 744 799 0 
506 339 -985 0 
-132 -870 -215 0 
39 -482 -283 0 
308 553 -765 0 
22 -669 -596 0 
-736 -133 -503 0 
354 -621 -535 0 
237 851 -956 0 
778 -917 868 0 
-318 -467 -638 0 
-188 -879 -153 0 
-225 -214 -961 0 
599 941 -628 0 
-205 760 -944 0 
980 704 -106 0 
-120 300 -758 0 
566 773 537 0 
-929 187 657 0 
671 595 453 0 
-642 -272 -462 0 
135 -298 834 0 
989 -56 348 0 
623 -230 -270 0 
748 -933 -409 0 
-478 -844 -175 0 
825 -342 -277 0 
608 -408 -743 0 
670 986 326 0 
984 -961 262 0 
188 623 -994 0 
