p cnf 1000 3600
-636 521 -95 0 
449 811 444 0 
855 956 653 0 
984 465 450 0 
-756 -687 608 0 
852 -650 513 0 
-129 635 601 0 
-544 -955 390 0 
-268 -562 -950 0 
259 -644 -357 0 
57 742 962 0 
853 -458 824 0 
987 731 275 0 
181 232 -636 0 
-227 394 -176 0 
-735 798 620 0 
-375 361 865 0 
367 124 127 0 
641 -157 618 0 
579 350 -821 0 
799 326 -574 0 
124 -870 -69 0 
-888 936 377 0 
751 200 -451 0 
357 177 -816 0 
237 743 -467 0 
-209 -825 104 0 
516 -978 187 0 
915 215 -789 0 
498 416 967 0 
903 435 -391 0 
-713 -18 223 0 
-102 412 -793 0 
-69 388 931 0 
-754 170 -510 0 
-859 783 -91 0 
-178 -461 183 0 
50 896 58 0 
-657 -831 -209 0 
-243 573 -267 0 
100 763 705 0 
-634 -161 534 0 
-909 993 -145 0 
-578 -300 -262 0 
-848 -213 524 0 
-778 984 309 0 
946 973 173 0 
503 -401 256 0 
200 412 -128 0 
492 291 -393 0 
-173 -657 -964 0 
-134 651 -216 0 
131 606 -275 0 
-768 360 -860 0 
949 -997 380 0 
952 411 -756 0 
-462 828 -427 0 
-35 973 -971 0 
-774 -648 -174 0 
-295 327 -759 0 
951 -674 -892 0 
794 884 -571 0 
-510 624 459 0 
526 -69 256 0 
-803 232 81 0 
-989 -310 128 0 
353 -687 -66 0 
277 -742 -144 0 
-107 -781 -879 0 
382 -742 -101 0 
-367 -389 589 0 
38 884 344 0 
56 -198 -757 0 
756 -565 -412 0 
-975 -484 836 0 
375 426 93 0 
-928 767 -12 0 
155 779 886 0 
388 -642 221 0 
333 -695 -624 0 
690 399 192 0 
-171 -788 869 0 
766 16 828 0 
486 13 -478 0 
-943 -33 -376 0 
154 739 -590 0 
-826 -687 590 0 
48 -552 -34 0 
640 742 252 0 
-405 774 -191 0 
648 611 -974 0 
676 -79 -587 0 
-696 725 75 0 
328 426 424 0 
-697 -60 -977 0 
-331 354 579 0 
351 520 841 0 
274 -568 -158 0 
-513 -156 -969 0 
917 -216 -163 0 
532 695 -33 0 
-856 -575 -136 0 
-483 950 -889 0 
45 58 850 0 
-464 351 91 0 
-297 -249 -607 0 
-480 -482 -934 0 
557 -949 -872 0 
-642 -34 -947 0 
-233 510 -897 0 
834 -814 86 0 
164 -797 -268 0 
802 -675 -15 0 
596 35 -273 0 
-996 810 -847 0 
665 342 124 0 
887 623 -827 0 
-106 -143 54 0 
-166 -861 352 0 
575 538 -670 0 
502 -508 630 0 
73 -316 -107 0 
-415 -9 2 0 
-772 -31 -139 0 
259 -434 887 0 
-463 233 -102 0 
894 -372 -587 0 
-25 -571 271 0 
-422 -828 720 0 
830 719 522 0 
581 -531 -104 0 
-567 569 -373 0 
-813 -706 522 0 
-171 118 -454 0 
657 56 -148 0 
294 786 284 0 
-811 -948 -264 0 
371 -117 153 0 
-983 894 -61 0 
62 323 -311 0 
112 670 -418 0 
795 613 490 0 
987 -192 832 0 
812 -176 -282 0 
-891 76 -757 0 
582 -96 611 0 
-173 54 -175 0 
-771 184 802 0 
-706 568 623 0 
34 -896 -962 0 
-523 28 794 0 
-694 235 885 0 
-47 848 -85 0 
-707 -918 -592 0 
604 -130 383 0 
-148 873 765 0 
725 -309 171 0 
-844 -324 775 0 
984 -438 339 0 
693 485 -637 0 
-188 -546 235 0 
-673 621 723 0 
706 -280 759 0 
105 -367 -539 0 
273 -985 485 0 
-310 929 758 0 
782 -460 38 0 
-39 689 198 0 
-367 -226 950 0 
872 910 -579 0 
39 -365 712 0 
-755 -145 676 0 
-17 -308 831 0 
-941 512 360 0 
453 -580 981 0 
-419 906 -27 0 
211 36 271 0 
-988 347 -317 0 
-896 -864 875 0 
-785 23 -598 0 
976 935 734 0 
-139 748 -265 0 
-226 419 404 0 
-995 886 721 0 
-374 75 -916 0 
-883 354 -729 0 
108 924 -577 0 
543 -324 -49 0 
-634 306 525 0 
-926 -605 697 0 
723 -407 38 0 
469 -956 360 0 
-977 91 -49 0 
-691 -877 -544 0 
606 -567 863 0 
-752 -696 -51 0 
788 214 -731 0 
-783 -807 203 0 
918 426 -196 0 
-811 -321 190 0 
-889 653 -621 0 
-143 81 165 0 
301 -857 -537 0 
-129 866 -463 0 
-908 -456 -599 0 
985 -610 337 0 
-34 -373 -808 0 
667 542 -169 0 
9 463 -833 0 
108 -133 -592 0 
-357 -524 -213 0 
165 419 -16 0 
-521 241 117 0 
-50 62 185 0 
-717 967 -822 0 
-523 219 -861 0 
180 -870 429 0 
-578 248 -561 0 
-598 -400 318 0 
654 -289 830 0 
-957 -61 -477 0 
-983 375 255 0 
-772 2 394 0 
226 -436 896 0 
-170 -465 692 0 
88 912 -225 0 
-510 -883 -749 0 
-482 729 -245 0 
-651 667 565 0 
-173 747 679 0 
88 -79 -209 0 
295 -368 -47 0 
-616 322 111 0 
705 -330 936 0 
-850 -654 839 0 
-581 382 -466 0 
-572 -279 -664 0 
156 -697 75 0 
-498 -754 -711 0 
-278 -590 -948 0 
209 778 -837 0 
-89 -27 346 0 
783 -373 913 0 
369 -465 107 0 
-972 -715 988 0 
-293 998 202 0 
-779 805 305 0 
865 -298 482 0 
-593 938 984 0 
655 -783 -497 0 
-767 -649 -209 0 
172 174 -533 0 
-106 747 -945 0 
4 -583 175 0 
870 291 -590 0 
-752 -619 747 0 
743 -639 -103 0 
-506 23 -778 0 
-846 380 872 0 
-560 129 -939 0 
115 -562 -417 0 
117 -945 257 0 
-542 -973 582 0 
-123 779 452 0 
-515 867 -582 0 
-50 -462 -713 0 
-510 843 746 0 
-313 -772 -711 0 
530 -536 -884 0 
-592 90 266 0 
31 376 -477 0 
-671 414 14 0 
306 -571 450 0 
388 -525 -585 0 
-888 -210 910 0 
113 -618 372 0 
-825 248 830 0 
-250 -895 -369 0 
-456 -867 206 0 
-178 872 406 0 
792 106 52 0 
-331 -508 -851 0 
-326 -78 346 0 
135 -426 -246 0 
70 -38 961 0 
-818 -368 472 0 
-962 644 861 0 
156 825 289 0 
-118 -336 -620 0 
481 774 325 0 
-993 579 944 0 
-399 -267 -377 0 
980 -752 -511 0 
-764 412 -427 0 
788 -244 -39 0 
365 -388 917 0 
-599 911 -524 0 
397 964 994 0 
749 53 355 0 
558 773 -93 0 
-268 255 270 0 
820 -801 -817 0 
957 -665 51 0 
-442 -673 723 0 
874 -680 551 0 
-211 857 341 0 
808 683 724 0 
299 -7 280 0 
-439 734 -635 0 
700 402 -577 0 
748 -766 268 0 
893 706 278 0 
-713 -395 556 0 
-135 -387 594 0 
-505 205 -107 0 
-155 382 126 0 
818 -993 -568 0 
4 815 -355 0 
586 874 -969 0 
965 -436 -752 0 
-35 -61 -914 0 
827 -887 -944 0 
-936 806 779 0 
-622 34 -11 0 
-715 44 671 0 
-588 165 94 0 
249 385 481 0 
927 -315 297 0 
988 -452 334 0 
-968 -400 401 0 
611 -360 180 0 
998 -657 926 0 
568 468 519 0 
-81 417 -991 0 
458 36 -694 0 
242 -182 643 0 
-325 292 536 0 
-305 -661 987 0 
32 -428 -366 0 
-211 777 -223 0 
-238 -592 828 0 
-361 46 330 0 
583 994 -542 0 
-930 -110 335 0 
-816 945 -473 0 
-240 -284 -626 0 
-996 -632 118 0 
-851 647 -140 0 
-658 16 -325 0 
544 -250 -722 0 
795 235 195 0 
752 72 980 0 
831 -126 4 0 
31 775 168 0 
971 -936 593 0 
-228 632 257 0 
-22 227 607 0 
-902 -8 35 0 
968 -497 -605 0 
640 718 -80 0 
594 -915 222 0 
811 905 -496 0 
-29 981 -496 0 
315 577 -522 0 
360 -863 -343 0 
743 -753 958 0 
229 -77 213 0 
345 -800 729 0 
127 350 -128 0 
896 835 172 0 
-136 562 556 0 
781 20 644 0 
21 98 759 0 
-288 -869 558 0 
-65 485 -379 0 
-221 625 -154 0 
222 -274 856 0 
-734 -513 -316 0 
-580 -259 -612 0 
-944 -429 -170 0 
-163 208 774 0 
620 489 -965 0 
-991 -505 -549 0 
661 363 658 0 
-405 906 -983 0 
915 -461 -764 0 
-329 17 646 0 
-329 -402 621 0 
940 793 920 0 
640 649 604 0 
-583 106 538 0 
-647 -691 -838 0 
-933 161 590 0 
465 553 838 0 
722 -106 -48 0 
-20 -700 622 0 
235 -115 772 0 
-716 852 -771 0 
-341 8 535 0 
364 -322 157 0 
-257 124 -97 0 
259 832 628 0 
337 528 823 0 
-331 438 -817 0 
422 995 865 0 
-984 -521 489 0 
279 411 38 0 
-783 -449 180 0 
287 259 896 0 
264 261 -263 0 
-715 591 -381 0 
-377 -308 -856 0 
-232 553 -730 0 
-352 807 -378 0 
75 890 861 0 
-96 50 -548 0 
-57 792 987 0 
-368 -55 -122 0 
297 454 378 0 
-362 22 770 0 
36 44 -881 0 
-213 -353 960 0 
-355 -177 602 0 
200 848 -366 0 
-850 137 -636 0 
-4 -293 828 0 
-27 932 84 0 
-770 569 -938 0 
-526 -675 -433 0 
-60 -438 23 0 
610 926 -405 0 
-510 -134 -594 0 
7 -468 533 0 
-479 892 340 0 
401 -817 196 0 
-395 12 106 0 
255 -154 -266 0 
553 -893 -952 0 
-306 -65 -695 0 
-816 -415 290 0 
-772 242 730 0 
-86 544 -892 0 
-377 -344 844 0 
-472 -980 559 0 
-491 227 171 0 
-603 -539 491 0 
-806 836 821 0 
-133 469 -327 0 
218 568 162 0 
-791 485 -879 0 
-770 -138 74 0 
227 323 366 0 
953 809 -754 0 
-148 -949 549 0 
-696 251 -42 0 
125 -829 64 0 
-513 755 541 0 
-863 -240 -922 0 
-124 443 965 0 
-745 -138 -812 0 
-731 917 -223 0 
-648 920 409 0 
-856 632 -51 0 
737 -523 -680 0 
-238 -493 -160 0 
-834 -670 830 0 
-949 869 871 0 
-327 -62 480 0 
214 4 697 0 
-728 -546 228 0 
-290 520 -770 0 
90 179 131 0 
-60 -26 -942 0 
-797 393 557 0 
-784 -702 -602 0 
937 -396 -313 0 
-792 -390 273 0 
536 684 -761 0 
276 894 637 0 
-95 -230 986 0 
-901 971 130 0 
88 819 540 0 
671 -426 -641 0 
467 752 130 0 
390 -808 -818 0 
-902 -232 608 0 
-339 356 833 0 
421 89 -364 0 
602 -188 806 0 
628 991 -673 0 
-569 632 123 0 
554 495 -547 0 
336 330 901 0 
800 856 -344 0 
592 55 74 0 
927 -636 696 0 
-137 607 809 0 
534 -65 617 0 
-639 223 613 0 
558 -156 -483 0 
461 834 625 0 
-914 -304 362 0 
-855 415 -168 0 
-671 596 -551 0 
-177 -573 885 0 
297 499 -559 0 
519 250 954 0 
439 866 -789 0 
648 502 -694 0 
-651 254 168 0 
-842 -469 -309 0 
389 -727 74 0 
341 -196 -692 0 
-751 256 19 0 
-156 182 913 0 
-343 24 -651 0 
-405 108 592 0 
-40 -119 544 0 
166 861 717 0 
-780 -401 371 0 
-718 203 -878 0 
930 -221 886 0 
-553 -282 89 0 
-889 927 607 0 
-286 456 -888 0 
-287 -751 970 0 
-749 368 -241 0 
-861 -247 163 0 
781 496 264 0 
-831 -627 -310 0 
-284 -190 612 0 
343 -681 -175 0 
-100 140 497 0 
830 -604 274 0 
374 -116 494 0 
-215 -970 -127 0 
-48 -515 -64 0 
579 536 247 0 
-878 -21 -55 0 
115 -991 547 0 
718 -947 975 0 
-936 -554 941 0 
-41 -263 -333 0 
-607 -796 813 0 
201 587 -373 0 
-659 1000 -955 0 
368 532 182 0 
43 -483 -419 0 
430 100 903 0 
-644 805 328 0 
-121 -654 986 0 
-725 144 314 0 
-135 -396 360 0 
465 -73 968 0 
-939 276 41 0 
-784 -929 237 0 
594 274 -103 0 
210 -148 563 0 
614 -689 497 0 
-325 -950 976 0 
674 -904 -153 0 
609 883 763 0 
-309 511 367 0 
-806 488 132 0 
-538 28 613 0 
-764 -927 -40 0 
-363 -852 -399 0 
-398 371 -465 0 
-639 -885 809 0 
-919 788 -503 0 
298 -863 438 0 
621 -338 400 0 
478 519 213 0 
-491 364 -418 0 
-387 961 -461 0 
-489 -628 669 0 
-574 231 380 0 
527 -130 55 0 
-561 568 -922 0 
-533 -321 -35 0 
394 82 78 0 
852 398 96 0 
780 -282 -82 0 
200 -770 -919 0 
-58 547 -229 0 
-2 -965 -961 0 
119 599 793 0 
894 885 967 0 
28 -378 551 0 
-93 -689 -99 0 
424 457 -708 0 
-628 -42 -256 0 
759 -424 -701 0 
-616 -489 -59 0 
-650 713 469 0 
-680 698 -255 0 
506 -64 791 0 
-570 867 -300 0 
-987 548 -807 0 
664 -417 551 0 
172 594 727 0 
-812 -870 751 0 
21 -52 123 0 
-242 134 -532 0 
-959 352 -331 0 
-15 -331 27 0 
555 881 292 0 
-399 -998 -465 0 
-683 -234 -317 0 
694 -75 727 0 
-463 -279 254 0 
511 -842 96 0 
666 815 700 0 
-483 -588 839 0 
-68 579 202 0 
979 706 428 0 
-617 296 728 0 
-547 -582 911 0 
272 -137 4 0 
856 666 -33 0 
-250 -275 834 0 
349 923 693 0 
987 902 -875 0 
421 -78 -741 0 
147 -986 -835 0 
25 -723 252 0 
969 -69 721 0 
914 -346 867 0 
-196 -917 -397 0 
135 -907 -781 0 
397 -826 -843 0 
-211 -917 -518 0 
39 -635 -489 0 
-798 9 -628 0 
-34 -564 344 0 
215 -443 181 0 
147 -755 768 0 
933 901 69 0 
727 -951 703 0 
-380 -860 -531 0 
62 337 191 0 
470 -311 -321 0 
-259 -631 725 0 
-653 -215 832 0 
609 37 832 0 
-79 35 842 0 
-374 225 -685 0 
-994 -329 -662 0 
-428 -771 347 0 
275 -128 795 0 
592 429 -614 0 
-902 691 503 0 
216 794 158 0 
404 394 243 0 
-657 -428 224 0 
983 964 -184 0 
-29 -154 919 0 
64 -901 62 0 
-798 -364 339 0 
80 229 377 0 
-328 -991 950 0 
889 -659 564 0 
-301 -941 -556 0 
94 -922 -380 0 
-497 -644 891 0 
-919 -847 -929 0 
691 -983 -91 0 
-198 -767 510 0 
792 -865 674 0 
716 282 576 0 
289 630 149 0 
430 -394 -177 0 
-925 82 457 0 
918 -452 -586 0 
253 619 -746 0 
-616 -947 671 0 
-162 -384 946 0 
660 235 -895 0 
726 133 178 0 
-818 28 -145 0 
610 -843 -360 0 
261 -369 -424 0 
716 -23 875 0 
233 19 521 0 
569 650 -869 0 
-866 -755 -734 0 
-50 890 78 0 
-679 295 -428 0 
-929 -953 408 0 
-389 83 -255 0 
149 23 -704 0 
319 328 941 0 
-177 -12 5 0 
-927 -158 -371 0 
-19 839 672 0 
14 592 612 0 
326 -451 49 0 
359 700 679 0 
958 -180 503 0 
-479 418 -52 0 
535 889 -342 0 
832 831 -499 0 
33 -327 -792 0 
925 -451 -735 0 
-437 -441 708 0 
-715 -977 -783 0 
-546 -340 550 0 
597 -113 -854 0 
-430 -924 436 0 
720 -245 -881 0 
759 -905 800 0 
-905 660 -508 0 
796 268 50 0 
-213 507 -155 0 
763 424 479 0 
219 -549 368 0 
887 -359 -757 0 
253 552 -987 0 
542 631 845 0 
-341 972 -233 0 
-600 465 114 0 
-290 596 -896 0 
-563 660 -341 0 
206 -279 850 0 
287 642 -602 0 
-906 689 -164 0 
24 -615 415 0 
915 -628 810 0 
599 526 147 0 
-13 605 464 0 
-162 -692 439 0 
-648 683 -234 0 
662 -193 800 0 
-821 -934 828 0 
-586 324 977 0 
-337 -975 -630 0 
-880 -334 370 0 
-104 -326 367 0 
235 861 -273 0 
904 -954 893 0 
334 889 50 0 
-551 502 -481 0 
-511 649 362 0 
-705 517 415 0 
-210 102 -755 0 
860 284 -120 0 
541 -199 -956 0 
910 575 -227 0 
203 72 -413 0 
-799 -363 472 0 
494 -931 88 0 
56 68 -722 0 
492 -233 -238 0 
620 920 809 0 
-493 -733 583 0 
684 -904 -427 0 
-215 342 -932 0 
389 129 -686 0 
-852 109 -514 0 
56 -216 609 0 
-607 -309 -503 0 
39 366 714 0 
218 266 -369 0 
82 -516 459 0 
-657 549 66 0 
480 731 -835 0 
-63 778 -630 0 
349 -281 776 0 
456 526 -21 0 
-502 707 -128 0 
12 -937 -855 0 
-584 47 924 0 
790 972 -97 0 
361 -946 589 0 
796 -992 974 0 
-254 -824 -103 0 
93 761 325 0 
-970 801 822 0 
-673 -400 -117 0 
-261 638 -779 0 
642 638 376 0 
-966 -235 392 0 
-589 457 -434 0 
329 -273 -284 0 
245 648 306 0 
-677 388 -872 0 
-684 528 -968 0 
-519 -95 -444 0 
105 -20 770 0 
203 688 -109 0 
3 -57 -565 0 
-786 355 -56 0 
539 923 775 0 
-177 -486 -410 0 
-196 -278 -858 0 
-955 -750 -371 0 
47 -859 948 0 
-456 354 -185 0 
-628 143 -577 0 
-519 541 678 0 
-131 52 636 0 
-197 639 -715 0 
66 47 302 0 
150 278 781 0 
-858 458 734 0 
398 -232 460 0 
632 767 -77 0 
-313 866 -217 0 
-625 56 -183 0 
580 845 912 0 
156 884 872 0 
-455 898 -180 0 
407 -823 18 0 
-105 -286 337 0 
996 295 705 0 
-909 -579 -410 0 
-390 452 -928 0 
852 -383 580 0 
-566 372 -48 0 
483 -848 851 0 
-59 -914 618 0 
498 361 850 0 
682 165 573 0 
-493 18 -911 0 
39 -319 752 0 
-505 320 -953 0 
-776 778 209 0 
834 -857 -216 0 
-159 -55 -764 0 
510 -183 117 0 
481 860 -556 0 
-896 139 -401 0 
-900 -366 55 0 
322 -225 267 0 
-411 -588 -551 0 
-99 828 -825 0 
-763 -393 600 0 
193 716 738 0 
938 -94 -68 0 
451 -285 -203 0 
-870 -147 -383 0 
-678 664 -154 0 
-312 284 188 0 
83 817 -72 0 
-970 -842 -383 0 
343 -612 122 0 
610 300 -976 0 
-59 -524 -367 0 
-573 69 -479 0 
468 -40 -29 0 
-833 360 790 0 
930 207 -435 0 
789 456 465 0 
-138 -457 587 0 
-897 -461 698 0 
-958 -474 -636 0 
421 -976 -595 0 
803 -630 61 0 
785 -29 -176 0 
-800 -131 222 0 
-497 -231 390 0 
-755 -470 746 0 
279 209 6 0 
-582 -659 -553 0 
409 -30 -29 0 
-567 -445 896 0 
21 -206 -996 0 
105 -128 910 0 
-827 798 668 0 
539 -584 -3 0 
-420 568 -93 0 
-715 759 336 0 
-483 -594 -75 0 
-80 -898 -647 0 
776 925 -217 0 
440 323 652 0 
-255 -798 821 0 
30 754 702 0 
246 106 -286 0 
-627 -650 -621 0 
-447 -737 -171 0 
-699 511 -175 0 
-980 -449 -312 0 
937 -251 809 0 
-577 -549 -162 0 
779 492 835 0 
841 -73 124 0 
-412 636 -187 0 
-881 -397 -700 0 
26 863 -740 0 
758 709 -819 0 
359 227 824 0 
-224 168 -63 0 
158 -362 -74 0 
-656 529 282 0 
789 168 -994 0 
-451 199 -734 0 
-897 -859 528 0 
-138 -174 192 0 
207 -234 -63 0 
-584 -937 377 0 
-57 274 492 0 
936 200 311 0 
357 266 -95 0 
921 663 -870 0 
562 -344 315 0 
378 -586 -166 0 
447 -946 -349 0 
-681 -129 396 0 
590 -585 192 0 
-745 21 882 0 
-387 219 -612 0 
-854 646 478 0 
310 582 -666 0 
-627 754 260 0 
-995 -311 -341 0 
171 742 952 0 
505 36 712 0 
-300 167 -834 0 
-849 -399 -674 0 
-748 357 107 0 
-161 -438 -715 0 
857 -759 -758 0 
-352 391 700 0 
-227 -308 -398 0 
-995 8 -67 0 
-961 92 515 0 
-995 -778 275 0 
808 -787 -778 0 
412 41 685 0 
-786 768 -299 0 
-594 816 -524 0 
-202 -394 561 0 
-19 -394 424 0 
-502 217 -15 0 
-299 239 654 0 
718 -131 -289 0 
193 -105 -5 0 
-635 303 -950 0 
15 509 -351 0 
-266 -731 -558 0 
185 530 -85 0 
900 -752 301 0 
-678 -585 -202 0 
-742 299 -715 0 
-745 468 -526 0 
-617 866 -721 0 
822 -634 318 0 
945 -814 -422 0 
-975 817 -500 0 
921 772 -109 0 
105 -407 -79 0 
207 534 -95 0 
-412 -31 40 0 
424 375 902 0 
96 -457 148 0 
354 921 509 0 
-353 -524 243 0 
2 884 -625 0 
-976 146 -813 0 
48 512 641 0 
973 -12 -555 0 
988 -522 -682 0 
-185 -612 80 0 
-225 -18 -416 0 
-384 644 884 0 
606 716 809 0 
-536 714 586 0 
737 548 -143 0 
96 -929 215 0 
-688 539 -361 0 
534 407 -436 0 
-183 -121 73 0 
555 -21 -352 0 
187 164 696 0 
197 -812 -654 0 
684 -243 -163 0 
-194 494 -156 0 
-247 317 710 0 
-48 736 840 0 
-471 -853 239 0 
865 641 -561 0 
-863 243 -481 0 
-504 -383 959 0 
-727 -909 430 0 
-667 522 917 0 
-648 601 681 0 
533 -349 357 0 
172 264 223 0 
900 -809 862 0 
782 -780 849 0 
-352 -693 833 0 
-429 476 -896 0 
-695 -827 -867 0 
-295 -17 472 0 
164 828 -967 0 
229 -273 -959 0 
-249 -401 820 0 
-707 766 -833 0 
-389 332 996 0 
774 361 -753 0 
-693 -635 894 0 
-929 848 -567 0 
-102 -575 -396 0 
-540 957 -849 0 
-734 447 -572 0 
607 451 -509 0 
298 -567 -998 0 
894 -90 -319 0 
442 -654 -143 0 
502 860 -459 0 
-984 480 -662 0 
642 518 -157 0 
778 -337 688 0 
80 -278 836 0 
434 -530 -496 0 
-162 268 248 0 
111 -342 -191 0 
436 87 -47 0 
-862 819 -200 0 
733 -947 -88 0 
127 -679 791 0 
-934 -340 570 0 
-543 150 249 0 
-919 -243 -668 0 
651 -273 845 0 
420 346 -470 0 
-277 -188 -87 0 
940 -653 -470 0 
-88 -766 -357 0 
-432 651 360 0 
-462 -47 448 0 
-198 -206 699 0 
870 206 -996 0 
-651 448 -661 0 
852 918 708 0 
-990 403 67 0 
222 -292 -493 0 
206 967 -173 0 
308 305 710 0 
-637 -723 739 0 
631 -46 518 0 
989 -626 990 0 
651 -507 680 0 
-127 361 968 0 
807 -363 -770 0 
-453 -69 -615 0 
-577 -396 -211 0 
-736 -143 145 0 
781 -915 659 0 
-816 173 838 0 
-207 -735 159 0 
865 457 -568 0 
154 513 -608 0 
-32 -502 814 0 
-982 858 537 0 
135 -544 158 0 
744 975 872 0 
562 94 942 0 
-180 -379 -960 0 
-384 113 -103 0 
-278 29 310 0 
-190 658 -962 0 
657 419 -620 0 
-343 -235 -217 0 
-211 129 -17 0 
-723 -390 793 0 
-606 -647 -989 0 
-314 -533 -745 0 
44 822 493 0 
543 696 -634 0 
961 -364 -598 0 
368 511 156 0 
936 -336 -384 0 
568 -268 139 0 
-536 -31 -554 0 
114 -529 1 0 
-236 -870 405 0 
-864 -238 411 0 
-280 -511 867 0 
349 -431 -565 0 
-691 -634 274 0 
830 -455 -490 0 
-125 723 -386 0 
-76 -425 476 0 
-563 -798 18 0 
815 291 253 0 
245 -549 -425 0 
-119 760 -730 0 
406 203 -222 0 
-352 823 270 0 
-732 -642 -29 0 
-386 666 -181 0 
270 -255 -954 0 
-85 -790 877 0 
7 616 -220 0 
-876 447 337 0 
443 -308 368 0 
-292 -315 65 0 
-787 -386 -82 0 
-637 774 -826 0 
-904 151 -819 0 
793 -447 -22 0 
702 570 -262 0 
782 -921 899 0 
-585 44 -117 0 
-786 -390 -192 0 
-508 -319 -180 0 
982 -270 724 0 
336 694 -472 0 
-869 973 -396 0 
-731 -640 -952 0 
-827 -886 -273 0 
-284 685 891 0 
970 -377 -244 0 
604 -895 -344 0 
-92 -31 470 0 
718 -657 -131 0 
-861 -485 -184 0 
197 208 -759 0 
952 862 428 0 
-353 -560 -928 0 
-891 -898 557 0 
-44 913 -19 0 
-905 278 153 0 
-646 -596 -358 0 
-346 705 -429 0 
-452 -108 919 0 
162 98 988 0 
222 -153 503 0 
427 712 -178 0 
-404 395 773 0 
-717 -286 -953 0 
624 47 48 0 
20 718 360 0 
-303 205 -647 0 
-317 -974 436 0 
-724 -782 755 0 
-745 -599 -674 0 
91 -491 777 0 
-818 -69 -995 0 
-974 246 167 0 
-84 704 -430 0 
-891 171 760 0 
-199 -955 -932 0 
559 449 -275 0 
407 -713 -623 0 
-777 918 517 0 
-295 -70 -717 0 
-142 137 208 0 
-581 -319 657 0 
-570 -552 -487 0 
-319 -819 -440 0 
465 -199 -537 0 
901 -857 -270 0 
-315 -356 -732 0 
908 110 392 0 
379 188 -757 0 
-809 893 550 0 
-438 899 965 0 
497 285 77 0 
-872 174 -365 0 
-158 -640 -926 0 
-944 90 -67 0 
-190 897 -222 0 
-605 -642 -38 0 
497 -415 -532 0 
994 -225 546 0 
-182 -205 -110 0 
-718 -226 635 0 
-685 -454 -71 0 
-314 493 411 0 
25 492 -522 0 
819 -571 931 0 
-114 827 -505 0 
720 397 -56 0 
-237 -215 470 0 
-353 379 -925 0 
408 771 -136 0 
-627 -133 282 0 
-176 58 -607 0 
641 380 89 0 
-633 511 5 0 
276 750 -260 0 
-370 -547 -698 0 
48 -759 -38 0 
-461 -993 -478 0 
37 -392 -54 0 
736 533 -60 0 
507 -425 -331 0 
-596 -892 -157 0 
-561 -549 -130 0 
-760 -725 45 0 
-655 852 -298 0 
-892 156 -190 0 
641 -756 480 0 
330 616 -863 0 
-10 949 -566 0 
325 65 -16 0 
879 801 160 0 
976 371 -907 0 
-307 -723 528 0 
-648 569 674 0 
-728 -336 278 0 
-583 -166 140 0 
-732 338 117 0 
-830 -855 -767 0 
-228 -501 -803 0 
797 -310 -372 0 
-923 -463 285 0 
-637 -1000 879 0 
-904 438 -339 0 
417 221 -669 0 
-151 394 -66 0 
776 51 945 0 
-82 414 564 0 
79 689 -501 0 
565 -23 -776 0 
756 503 -757 0 
20 555 -133 0 
638 -720 -106 0 
-568 756 -462 0 
-611 585 931 0 
843 -639 -549 0 
-228 -428 -362 0 
-531 977 725 0 
-976 -268 -711 0 
-678 -666 248 0 
-367 -403 -43 0 
-472 787 -779 0 
150 -618 303 0 
-198 257 69 0 
63 358 941 0 
390 217 -941 0 
763 -43 -891 0 
-97 -609 -909 0 
-72 -185 -68 0 
-866 -995 141 0 
394 283 400 0 
-77 322 -629 0 
694 -284 -442 0 
-464 273 947 0 
-522 178 -921 0 
446 -74 -281 0 
-574 459 933 0 
798 -603 395 0 
256 -68 -407 0 
-196 -129 605 0 
158 -459 3 0 
-143 393 569 0 
584 -783 -465 0 
-413 -2 811 0 
519 -45 799 0 
644 -503 555 0 
162 558 -804 0 
546 -759 -461 0 
-407 329 80 0 
-538 -918 -600 0 
190 -768 916 0 
-878 330 69 0 
-246 405 -13 0 
823 192 -807 0 
-905 -989 -733 0 
-512 243 663 0 
-265 -946 348 0 
336 423 316 0 
106 -528 63 0 
-70 796 868 0 
725 -354 754 0 
204 214 756 0 
-814 -809 630 0 
-385 700 -815 0 
1000 -84 369 0 
995 86 175 0 
330 401 -777 0 
-586 -315 -314 0 
-612 454 -582 0 
-912 -266 381 0 
335 945 60 0 
-259 -613 -283 0 
-164 954 275 0 
-357 155 -870 0 
309 688 -730 0 
761 722 986 0 
819 466 198 0 
-724 131 574 0 
-16 -127 -43 0 
336 -803 -41 0 
932 156 998 0 
851 -605 -21 0 
-444 765 373 0 
431 939 805 0 
334 663 82 0 
127 -834 -423 0 
129 -924 633 0 
-648 -750 338 0 
94 -824 -934 0 
587 299 311 0 
302 381 551 0 
932 104 90 0 
-851 -630 875 0 
26 -546 -729 0 
625 687 -346 0 
386 665 325 0 
305 -900 281 0 
-386 646 100 0 
-93 -304 523 0 
-217 383 558 0 
-72 -724 879 0 
477 -945 -430 0 
415 -551 193 0 
769 762 702 0 
-798 -702 -946 0 
624 195 618 0 
-548 -180 -449 0 
783 523 -92 0 
634 -727 -228 0 
86 401 -180 0 
-666 621 -818 0 
-681 -248 484 0 
189 507 -182 0 
-648 -213 303 0 
-447 16 -356 0 
405 661 -624 0 
-428 981 8 0 
-101 333 84 0 
-798 137 -39 0 
-9 -677 -394 0 
-279 -457 779 0 
415 555 290 0 
-828 366 769 0 
-260 -914 -265 0 
-627 -918 -516 0 
495 -437 -391 0 
163 -639 -214 0 
-275 917 -626 0 
-646 -679 107 0 
-58 -108 -826 0 
-23 -465 25 0 
-259 -513 683 0 
-806 600 550 0 
801 -965 -826 0 
-59 313 72 0 
499 696 475 0 
183 378 40 0 
824 41 -978 0 
240 -281 -445 0 
696 455 -899 0 
-452 203 214 0 
734 -664 77 0 
-812 216 795 0 
-588 -630 865 0 
-565 75 792 0 
-873 317 -885 0 
708 576 -825 0 
-346 -6 401 0 
953 -870 250 0 
-17 395 -988 0 
-346 825 -792 0 
170 -925 491 0 
140 211 -870 0 
528 492 -463 0 
622 -44 139 0 
-639 -932 721 0 
28 -780 -9 0 
280 -649 948 0 
756 -973 -835 0 
592 8 891 0 
-440 -341 922 0 
-322 53 778 0 
-660 -513 585 0 
-474 -501 381 0 
-493 -517 346 0 
-116 -7 559 0 
367 156 -563 0 
-275 874 447 0 
19 753 -812 0 
541 199 150 0 
27 195 491 0 
-304 -611 -471 0 
82 -23 447 0 
-70 -195 -647 0 
-326 -870 887 0 
683 -943 -675 0 
-86 871 -308 0 
-887 -158 914 0 
844 600 -277 0 
-444 426 394 0 
-459 474 -922 0 
-469 178 574 0 
268 898 -258 0 
10 188 575 0 
-760 708 127 0 
773 603 619 0 
407 -990 832 0 
443 -460 952 0 
520 549 -717 0 
293 637 743 0 
-888 -499 -497 0 
-239 -870 92 0 
71 7 -156 0 
-796 628 111 0 
662 -802 -557 0 
761 512 477 0 
961 -21 -601 0 
598 -177 -802 0 
-763 -727 875 0 
483 -259 64 0 
-609 218 -129 0 
328 72 -830 0 
335 -458 -878 0 
432 -375 483 0 
-619 469 178 0 
584 204 -329 0 
604 26 833 0 
200 968 337 0 
144 -573 283 0 
428 641 853 0 
-627 244 838 0 
-895 394 598 0 
-623 146 343 0 
223 -788 581 0 
-168 902 -224 0 
-177 -625 -665 0 
86 876 80 0 
364 -608 294 0 
48 81 843 0 
-685 510 448 0 
122 -675 -976 0 
926 66 156 0 
557 423 916 0 
-181 132 482 0 
175 -102 934 0 
841 -403 -787 0 
-6 67 -472 0 
-912 -412 679 0 
881 -266 128 0 
-128 649 -221 0 
-66 -265 -874 0 
-655 128 770 0 
-726 -668 249 0 
-60 687 -373 0 
631 -820 -674 0 
-942 -608 -447 0 
991 73 130 0 
-450 661 -285 0 
723 903 -807 0 
237 -708 801 0 
-878 -852 -113 0 
658 -87 614 0 
897 -416 804 0 
828 -484 -560 0 
941 159 981 0 
-276 399 -325 0 
-975 464 -713 0 
719 346 655 0 
864 -225 -974 0 
-830 61 279 0 
507 -873 981 0 
55 91 20 0 
96 -1000 631 0 
-327 -732 -105 0 
412 934 -252 0 
201 802 -962 0 
-231 415 -323 0 
-468 -681 -505 0 
260 -52 124 0 
-867 920 646 0 
225 69 -97 0 
-893 -354 -454 0 
-471 348 377 0 
-336 778 -121 0 
8 765 -754 0 
299 -21 822 0 
786 -604 -718 0 
834 -264 571 0 
-205 605 -998 0 
-513 80 -465 0 
-918 972 -939 0 
322 651 513 0 
-796 713 793 0 
-411 817 647 0 
-524 -189 596 0 
-212 709 -293 0 
-899 995 -804 0 
392 825 880 0 
815 -388 600 0 
263 -452 314 0 
196 -761 893 0 
950 -341 -9 0 
-772 -220 -270 0 
523 793 885 0 
-170 -965 -82 0 
280 334 -475 0 
-888 431 164 0 
-898 -200 -867 0 
-528 -319 -267 0 
-408 393 764 0 
181 796 670 0 
-821 406 447 0 
216 -257 -593 0 
886 -813 -621 0 
-595 -241 -73 0 
527 391 991 0 
496 503 90 0 
-394 -376 232 0 
-894 20 -678 0 
823 882 546 0 
657 638 -31 0 
766 -334 -415 0 
769 319 -912 0 
-75 -251 849 0 
-639 -501 185 0 
-178 -879 -59 0 
-916 370 -72 0 
-173 325 463 0 
460 -391 -342 0 
141 843 -295 0 
737 -106 833 0 
-509 765 -750 0 
-453 454 475 0 
-102 160 -751 0 
-143 -870 766 0 
-322 775 -1 0 
291 -913 -436 0 
-409 -211 638 0 
-602 -97 454 0 
240 377 175 0 
311 677 -304 0 
-972 806 -434 0 
947 -541 288 0 
895 -278 -570 0 
-432 952 -761 0 
-862 71 -358 0 
394 -843 -532 0 
-903 -890 -409 0 
430 -958 -305 0 
-587 -533 -879 0 
-899 -459 -117 0 
83 -656 -469 0 
398 846 431 0 
-915 654 810 0 
110 -29 886 0 
77 564 -592 0 
477 -253 711 0 
818 -635 345 0 
963 -649 290 0 
-423 366 -992 0 
982 -888 577 0 
-877 1 -593 0 
71 -329 -934 0 
-757 -547 413 0 
6 999 646 0 
-315 -483 -857 0 
-764 66 804 0 
-779 507 -594 0 
204 -249 572 0 
503 -302 466 0 
-801 -628 99 0 
197 960 -43 0 
210 -916 663 0 
616 -659 -742 0 
475 404 -61 0 
730 -9 -394 0 
-609 899 898 0 
214 842 -737 0 
-92 433 685 0 
621 -654 -760 0 
418 -716 797 0 
-604 -302 600 0 
728 -942 781 0 
-725 -50 228 0 
348 907 595 0 
2 -291 366 0 
504 -545 280 0 
670 729 -134 0 
-169 -382 -855 0 
-627 237 571 0 
-531 -855 71 0 
-424 284 -303 0 
-99 -340 874 0 
457 -528 836 0 
538 771 147 0 
914 371 -798 0 
473 -930 810 0 
-833 20 -6 0 
-717 219 888 0 
121 576 -612 0 
876 -136 758 0 
817 316 -366 0 
-194 879 309 0 
-825 -352 501 0 
-798 165 186 0 
-917 -461 690 0 
291 -324 -68 0 
978 713 77 0 
314 631 -756 0 
-819 891 111 0 
-869 314 -862 0 
-542 -529 479 0 
-783 -766 -587 0 
398 -635 829 0 
-142 -879 -764 0 
-633 736 144 0 
-80 -932 243 0 
-691 -202 -896 0 
697 912 -576 0 
-528 -500 905 0 
451 935 413 0 
396 595 -954 0 
451 -614 227 0 
44 -369 -732 0 
-808 -776 598 0 
406 442 -178 0 
-904 -233 -388 0 
821 -595 -144 0 
615 -502 -726 0 
-78 267 -797 0 
-168 860 -573 0 
924 42 801 0 
-298 7 -702 0 
-18 903 817 0 
-764 970 924 0 
720 270 578 0 
-619 -971 890 0 
980 -780 656 0 
-48 536 227 0 
-851 -976 -965 0 
-971 -590 595 0 
-741 -96 -438 0 
429 -551 -609 0 
934 -291 -325 0 
-601 918 536 0 
972 431 -871 0 
92 -658 -953 0 
812 628 -854 0 
-846 68 -675 0 
273 140 -250 0 
-915 -698 654 0 
249 294 78 0 
124 658 -826 0 
700 -637 -740 0 
707 -778 -351 0 
-16 530 76 0 
631 -300 -229 0 
-957 -348 -985 0 
-369 -9 962 0 
-468 -141 -317 0 
969 736 565 0 
-280 -363 -196 0 
-100 -123 274 0 
-334 895 503 0 
-888 780 -607 0 
433 961 -342 0 
-324 457 604 0 
-704 -557 59 0 
970 364 -69 0 
127 987 558 0 
502 -614 -581 0 
777 903 757 0 
-356 -670 771 0 
-138 -600 487 0 
162 -253 -150 0 
-311 999 588 0 
-262 -831 790 0 
-258 -72 36 0 
-300 -500 -443 0 
918 -201 405 0 
-161 -284 -156 0 
195 903 928 0 
-998 -860 195 0 
-790 1 -938 0 
-495 -831 69 0 
185 -930 -641 0 
121 -812 642 0 
375 6 426 0 
844 -92 665 0 
760 -936 -531 0 
216 225 -125 0 
649 -152 -150 0 
-535 58 -15 0 
785 -284 -694 0 
-831 581 -217 0 
-839 -190 773 0 
-337 940 -888 0 
462 436 -916 0 
-330 294 -381 0 
815 -279 -523 0 
-677 -87 -303 0 
-966 -577 493 0 
-729 -324 708 0 
630 -591 -715 0 
56 -320 953 0 
-919 -196 -786 0 
528 -658 -773 0 
-794 -786 859 0 
507 635 586 0 
439 -824 549 0 
132 369 361 0 
-977 -501 -565 0 
468 -760 -370 0 
35 -781 -874 0 
-608 -177 938 0 
-338 -434 31 0 
-88 356 627 0 
-504 479 -297 0 
-735 52 528 0 
596 -211 -17 0 
714 -805 -339 0 
-132 826 -210 0 
-710 -606 -659 0 
301 762 294 0 
-276 -808 674 0 
-605 312 251 0 
552 -25 936 0 
-260 -365 655 0 
324 -179 -165 0 
-312 603 407 0 
-320 -637 -167 0 
-43 -358 -469 0 
-376 930 -366 0 
-88 435 -730 0 
-811 559 548 0 
-394 -30 464 0 
766 554 396 0 
604 121 -129 0 
-235 570 746 0 
924 872 903 0 
-449 600 -343 0 
-395 274 -303 0 
523 438 410 0 
35 -757 837 0 
-694 274 350 0 
-366 407 415 0 
-574 13 212 0 
-496 372 895 0 
-20 869 330 0 
-254 -300 179 0 
309 -142 138 0 
205 553 -601 0 
-410 -866 -870 0 
-887 -617 128 0 
-337 985 118 0 
-907 186 581 0 
222 657 -620 0 
-995 509 482 0 
453 -121 48 0 
-744 683 521 0 
693 442 325 0 
178 197 35 0 
893 -392 -918 0 
-588 404 -75 0 
-171 -280 -422 0 
-416 -410 -444 0 
-857 -48 -296 0 
-802 -145 940 0 
523 -127 -305 0 
-618 905 -80 0 
-720 -769 -248 0 
-904 364 -773 0 
709 -868 689 0 
-78 -282 -571 0 
-335 366 -223 0 
-10 -391 -352 0 
250 -659 -477 0 
-863 323 426 0 
8 -472 -744 0 
929 6 -553 0 
-749 147 -124 0 
-524 239 -3 0 
-400 -909 -276 0 
730 -391 -204 0 
-714 -988 -899 0 
-705 382 386 0 
264 -964 416 0 
437 -632 764 0 
242 -864 -697 0 
-264 418 991 0 
-90 327 -272 0 
775 411 -639 0 
-987 -928 514 0 
730 878 -116 0 
953 396 -809 0 
409 -368 -654 0 
-317 -929 -261 0 
667 -386 -891 0 
-710 232 -715 0 
290 -582 798 0 
935 251 152 0 
113 610 438 0 
-5 -310 760 0 
259 -667 -817 0 
-402 533 311 0 
930 -662 141 0 
473 -823 180 0 
-288 432 980 0 
134 -718 -342 0 
-856 -309 -841 0 
-787 -563 -486 0 
326 -789 -565 0 
-206 -111 -52 0 
848 -183 788 0 
-446 54 511 0 
-222 508 603 0 
-567 661 -116 0 
315 850 -770 0 
-485 -78 585 0 
-373 4 -291 0 
-544 233 518 0 
-589 -618 765 0 
-570 -452 672 0 
-133 547 733 0 
-916 -818 433 0 
962 -957 310 0 
-880 298 -339 0 
-976 864 -948 0 
-147 -54 -595 0 
230 876 -451 0 
975 -632 -298 0 
992 314 -480 0 
-636 -994 362 0 
20 -132 213 0 
-20 -55 -864 0 
-644 -618 865 0 
941 527 315 0 
861 713 216 0 
-60 -543 -176 0 
-644 255 760 0 
506 297 -434 0 
-380 -932 417 0 
-34 -815 -319 0 
801 124 490 0 
-939 405 319 0 
870 350 941 0 
-629 188 -936 0 
-365 334 987 0 
511 184 -386 0 
-777 -562 400 0 
-355 945 -835 0 
-28 2 252 0 
-860 -492 891 0 
-801 789 161 0 
762 -665 -664 0 
-204 654 645 0 
-372 -287 315 0 
-841 526 -848 0 
794 56 973 0 
671 813 186 0 
591 592 813 0 
-88 -195 766 0 
161 593 474 0 
-492 284 247 0 
-730 -203 132 0 
264 -741 -510 0 
-391 514 -574 0 
-536 -739 694 0 
153 -232 -642 0 
-33 -949 414 0 
479 -929 -92 0 
221 20 200 0 
-470 352 453 0 
-367 -338 416 0 
129 -403 -492 0 
838 699 122 0 
44 103 521 0 
560 235 972 0 
-760 -784 702 0 
761 -749 855 0 
-563 -566 -424 0 
-887 -25 -230 0 
858 565 680 0 
597 279 590 0 
910 949 -171 0 
261 266 507 0 
288 -253 538 0 
-572 -10 -214 0 
398 279 799 0 
963 720 -610 0 
-74 840 76 0 
-361 -819 -940 0 
-9 179 -20 0 
431 -94 537 0 
-918 -296 164 0 
-917 354 290 0 
-759 256 -718 0 
64 627 -568 0 
-587 -861 761 0 
-543 151 774 0 
-896 -913 516 0 
910 -680 -488 0 
-641 -985 -559 0 
-528 729 615 0 
670 -622 -584 0 
47 877 -180 0 
879 912 -394 0 
-603 -572 835 0 
203 -295 906 0 
709 512 857 0 
-925 419 409 0 
-759 321 -158 0 
-199 -576 -220 0 
210 -134 -276 0 
-496 -883 650 0 
-904 -253 -446 0 
310 82 933 0 
-378 122 841 0 
-257 748 -46 0 
-34 793 502 0 
-695 103 -380 0 
515 800 -929 0 
-212 511 -434 0 
776 208 -440 0 
888 33 -21 0 
-850 -685 -825 0 
-336 -507 -913 0 
-67 -735 441 0 
696 568 516 0 
981 -679 -98 0 
-235 -226 -266 0 
-441 -352 -634 0 
274 348 -982 0 
748 425 964 0 
754 227 956 0 
-578 -165 94 0 
347 663 463 0 
814 -517 -44 0 
-830 569 953 0 
232 -508 261 0 
592 106 -228 0 
-294 -870 192 0 
993 -318 528 0 
-10 -719 689 0 
-946 -696 486 0 
-131 531 872 0 
356 928 976 0 
-800 273 147 0 
-283 534 593 0 
-639 849 -165 0 
-605 205 -293 0 
688 -151 -948 0 
-235 656 174 0 
234 -113 -149 0 
16 224 -54 0 
725 796 515 0 
163 -929 661 0 
-82 -348 -500 0 
665 -625 -269 0 
-161 -773 -486 0 
513 478 132 0 
-936 14 -620 0 
-271 790 -718 0 
-893 -205 868 0 
-791 480 -475 0 
621 -883 -261 0 
833 -569 -214 0 
623 806 -502 0 
-210 -67 -23 0 
181 -976 -932 0 
-676 212 -525 0 
-301 563 328 0 
184 171 -313 0 
-575 -26 -348 0 
-696 -78 -807 0 
783 166 -804 0 
375 532 168 0 
-840 -328 -562 0 
497 513 -282 0 
223 881 -737 0 
752 -736 -677 0 
-996 -689 -98 0 
-443 994 323 0 
410 992 752 0 
-984 -327 -935 0 
951 770 -331 0 
650 266 -164 0 
79 120 526 0 
-586 -736 111 0 
355 765 353 0 
381 740 142 0 
-591 -250 531 0 
429 217 -191 0 
723 962 40 0 
-431 57 -92 0 
297 -318 -34 0 
-831 959 89 0 
919 -480 -848 0 
-12 -159 51 0 
252 603 68 0 
-889 -305 -893 0 
980 -126 763 0 
-327 317 893 0 
-957 626 -532 0 
-158 -80 -366 0 
-328 451 860 0 
-747 403 23 0 
-829 -518 -552 0 
489 -327 276 0 
-527 910 414 0 
-957 -468 254 0 
540 650 -200 0 
-873 860 -477 0 
-978 281 717 0 
768 -59 -868 0 
-701 525 248 0 
-326 269 -635 0 
824 -91 -398 0 
-929 -585 -62 0 
-727 -989 -802 0 
-819 56 -232 0 
294 524 14 0 
-625 -372 949 0 
164 17 327 0 
716 -81 318 0 
-780 674 513 0 
446 590 318 0 
629 -620 920 0 
-982 -430 -633 0 
917 -707 642 0 
450 416 249 0 
-990 475 134 0 
-512 -376 346 0 
-142 197 728 0 
-107 460 -567 0 
-43 -552 -676 0 
-984 733 14 0 
-2 586 156 0 
885 404 425 0 
791 -367 -901 0 
779 -904 109 0 
-401 -252 -62 0 
90 323 493 0 
904 -936 -322 0 
825 -317 -39 0 
658 -338 -716 0 
553 -90 17 0 
-494 697 -713 0 
-916 -860 109 0 
57 262 103 0 
-691 -281 -353 0 
992 -652 -959 0 
182 -361 423 0 
-718 843 -722 0 
919 287 -125 0 
479 -807 -912 0 
717 145 283 0 
403 366 817 0 
-821 115 -22 0 
84 175 696 0 
333 653 620 0 
601 404 -740 0 
29 397 334 0 
677 541 -461 0 
609 -251 -463 0 
-588 -856 451 0 
908 69 478 0 
420 633 -808 0 
860 -812 -215 0 
-1000 36 -930 0 
738 -6 -165 0 
301 769 296 0 
160 -741 196 0 
-369 266 177 0 
803 1000 -388 0 
466 569 -140 0 
-155 998 169 0 
592 -228 -391 0 
-468 -683 -164 0 
-108 109 -55 0 
760 -664 423 0 
-11 -587 -925 0 
-445 -155 -720 0 
-992 322 -887 0 
-629 4 461 0 
637 657 -700 0 
294 -137 799 0 
-864 908 -794 0 
93 -396 -459 0 
-480 274 30 0 
812 36 -968 0 
628 610 355 0 
-834 177 -441 0 
430 252 778 0 
432 -84 -626 0 
521 -952 -194 0 
39 -272 512 0 
793 89 787 0 
-149 -117 339 0 
-810 -862 -576 0 
655 221 276 0 
244 -880 -109 0 
-701 -667 -779 0 
215 692 118 0 
153 110 725 0 
-396 -567 -401 0 
693 -598 376 0 
896 -807 153 0 
-991 -199 353 0 
758 677 -511 0 
-148 479 949 0 
-179 275 753 0 
542 735 -507 0 
912 308 -272 0 
809 32 -152 0 
421 -986 -408 0 
-318 645 -404 0 
253 651 -975 0 
-254 -13 -493 0 
-89 -76 245 0 
50 131 -63 0 
-850 -277 -396 0 
351 -532 445 0 
-270 643 -857 0 
115 518 -567 0 
228 -252 746 0 
639 314 721 0 
538 232 388 0 
-736 614 -795 0 
-487 582 -851 0 
-732 -266 -83 0 
442 -587 98 0 
-217 812 -848 0 
620 -167 -772 0 
619 20 -303 0 
-303 -342 -520 0 
-207 -775 -381 0 
-504 64 -482 0 
-870 -419 60 0 
-542 141 441 0 
-779 -499 203 0 
-593 748 -700 0 
317 -164 793 0 
-89 -847 922 0 
-59 -795 -728 0 
-5 -913 -1 0 
-509 -117 -957 0 
632 768 818 0 
198 -352 730 0 
98 -907 -605 0 
-88 -889 -86 0 
671 48 957 0 
484 -401 -816 0 
630 551 890 0 
621 600 51 0 
-62 -154 314 0 
-14 642 -33 0 
-184 671 -729 0 
98 -754 -256 0 
-376 -90 -900 0 
203 -6 715 0 
-780 -878 565 0 
848 681 822 0 
-650 -874 -289 0 
534 913 167 0 
-171 144 41 0 
377 -465 344 0 
250 -174 -102 0 
361 -829 -391 0 
-934 455 -625 0 
-369 -914 -772 0 
919 -133 286 0 
182 908 -65 0 
997 180 -184 0 
403 -755 564 0 
984 -134 997 0 
627 57 -345 0 
538 -463 112 0 
586 -700 980 0 
-657 -90 -815 0 
667 506 406 0 
709 -11 -61 0 
-572 -911 -867 0 
341 -495 -584 0 
-19 -164 917 0 
687 -816 792 0 
-558 -144 -44 0 
579 -887 329 0 
43 794 -895 0 
-523 162 -424 0 
399 -622 -662 0 
-487 61 274 0 
617 436 33 0 
-97 -325 -726 0 
-344 -420 695 0 
144 692 -478 0 
-894 428 478 0 
-296 649 532 0 
901 322 869 0 
971 -326 504 0 
158 -331 114 0 
-460 542 -406 0 
-291 969 18 0 
-409 278 -10 0 
-848 750 -676 0 
-608 589 -676 0 
25 -396 585 0 
-300 -255 -368 0 
565 678 563 0 
-123 -695 471 0 
-696 -398 -870 0 
63 -53 -38 0 
-280 226 -656 0 
838 182 168 0 
-483 732 191 0 
497 -614 881 0 
996 49 671 0 
696 -343 364 0 
521 208 896 0 
-416 -849 300 0 
319 645 38 0 
-848 870 241 0 
784 -842 218 0 
-133 -200 326 0 
-293 -913 -755 0 
-538 -907 166 0 
728 -281 8 0 
-949 187 -533 0 
-921 -867 517 0 
483 505 914 0 
572 373 44 0 
-811 896 -683 0 
209 -827 -417 0 
-671 815 622 0 
126 -576 -857 0 
-974 301 894 0 
273 -39 -96 0 
398 351 840 0 
631 -983 714 0 
367 197 233 0 
244 -962 -497 0 
-907 -218 662 0 
-694 -449 463 0 
526 785 -383 0 
225 -831 -447 0 
105 405 -577 0 
-51 834 -401 0 
47 143 368 0 
-725 -154 637 0 
-875 770 -181 0 
-564 -107 406 0 
-173 907 -263 0 
-277 502 542 0 
-730 -908 523 0 
266 -133 -84 0 
126 -404 214 0 
-395 -774 -314 0 
-121 556 43 0 
-74 -359 -559 0 
-827 420 -167 0 
-523 389 21 0 
-581 -470 -385 0 
732 639 -107 0 
-735 -447 -216 0 
-759 -628 -934 0 
-961 665 306 0 
867 -489 -446 0 
878 436 452 0 
-991 813 847 0 
102 -146 -338 0 
-120 -407 787 0 
-243 68 -557 0 
-816 357 -504 0 
307 -356 -909 0 
-908 362 617 0 
178 778 -58 0 
-104 -662 -380 0 
-109 -905 207 0 
-157 -952 832 0 
29 662 -114 0 
-347 61 -340 0 
813 149 -334 0 
-419 806 667 0 
-40 -308 92 0 
-160 208 193 0 
214 159 -671 0 
-19 458 2 0 
-34 -250 -963 0 
-317 390 -834 0 
-600 -239 309 0 
-392 357 -21 0 
-481 -238 -753 0 
-582 -469 789 0 
514 -189 44 0 
92 788 -323 0 
-589 139 122 0 
338 -658 -397 0 
-418 -577 -652 0 
369 296 -849 0 
-771 -710 965 0 
-661 -519 -453 0 
759 247 -537 0 
-151 967 -899 0 
-203 313 -290 0 
969 -173 234 0 
631 139 2 0 
-815 122 210 0 
-291 -423 -695 0 
-217 -515 -979 0 
250 838 -52 0 
-328 -364 16 0 
560 966 543 0 
445 -469 30 0 
-865 663 267 0 
792 419 567 0 
864 -174 -195 0 
-546 168 -123 0 
-371 308 -612 0 
815 305 -954 0 
-590 -954 864 0 
596 866 -503 0 
-351 -898 724 0 
-373 164 314 0 
637 532 -455 0 
407 597 -343 0 
-304 338 -349 0 
-664 550 -113 0 
-873 -930 -750 0 
-823 -863 335 0 
538 340 -991 0 
-253 515 907 0 
-619 938 -972 0 
705 -393 10 0 
-490 -10 -858 0 
-737 -619 -507 0 
-360 508 -729 0 
-765 -146 276 0 
267 726 624 0 
865 447 548 0 
130 943 -784 0 
92 -359 -18 0 
-932 316 -473 0 
225 764 -903 0 
-482 -750 787 0 
-512 -27 695 0 
-316 -112 94 0 
-279 -161 -658 0 
478 -212 479 0 
-746 -725 -144 0 
-893 -825 -698 0 
612 774 321 0 
29 328 270 0 
-314 584 941 0 
147 271 635 0 
-240 -866 324 0 
-254 24 46 0 
309 944 -706 0 
-775 772 -7 0 
695 -710 810 0 
-565 124 -144 0 
-40 819 230 0 
-808 231 10 0 
-70 -609 197 0 
988 36 -926 0 
-879 -114 900 0 
379 674 -317 0 
534 572 292 0 
536 -407 763 0 
-20 742 543 0 
993 856 -447 0 
-597 320 645 0 
333 -226 124 0 
973 512 479 0 
431 178 83 0 
590 -22 92 0 
-787 -151 6 0 
-471 174 -845 0 
-995 -367 622 0 
755 -845 955 0 
673 -261 -450 0 
-293 -626 -280 0 
464 -442 708 0 
913 568 -586 0 
-911 951 -784 0 
-146 767 576 0 
109 -785 318 0 
923 411 -936 0 
-593 891 -800 0 
420 243 823 0 
753 194 -218 0 
-272 -624 260 0 
-241 752 -512 0 
305 -761 50 0 
166 -797 951 0 
65 -289 -66 0 
636 383 -33 0 
-513 524 667 0 
-993 -445 139 0 
-842 -227 812 0 
-361 887 459 0 
-794 612 -539 0 
296 -354 961 0 
113 -467 -382 0 
882 -233 -332 0 
-801 -496 -566 0 
-547 756 -143 0 
-546 -951 125 0 
71 -559 -942 0 
659 206 -21 0 
-435 -706 85 0 
-102 32 456 0 
971 568 139 0 
-400 -718 613 0 
559 822 15 0 
-673 -980 992 0 
-984 316 920 0 
782 345 76 0 
-240 -835 -770 0 
530 -949 -606 0 
-505 -934 -283 0 
-747 -117 -468 0 
181 -489 -894 0 
-51 122 257 0 
-613 -230 785 0 
628 -511 747 0 
404 -774 110 0 
789 -52 -928 0 
-324 -549 -257 0 
194 -513 317 0 
422 -205 -820 0 
154 631 -749 0 
-510 -310 541 0 
-390 -336 -536 0 
-145 717 -751 0 
-760 -411 997 0 
725 -931 -412 0 
779 -246 305 0 
776 822 328 0 
-851 587 -673 0 
356 -871 -79 0 
-37 912 -345 0 
842 683 738 0 
353 155 -378 0 
-760 352 -5 0 
-729 -788 444 0 
251 -489 994 0 
569 231 -446 0 
-455 843 -425 0 
-747 -198 -521 0 
-136 -354 37 0 
-454 -573 -902 0 
264 -48 -266 0 
272 294 293 0 
460 -255 -556 0 
858 768 -998 0 
30 -147 -83 0 
60 -124 -860 0 
-607 389 -783 0 
-885 -129 -617 0 
-304 -838 752 0 
468 -241 501 0 
-942 -454 -983 0 
256 28 322 0 
-800 -798 -618 0 
574 11 -701 0 
473 -429 -653 0 
-646 760 -139 0 
391 -886 417 0 
772 -791 -227 0 
940 -139 173 0 
675 618 985 0 
-549 71 198 0 
854 -626 -541 0 
566 471 -858 0 
-569 -159 573 0 
-801 -872 -583 0 
-811 -685 874 0 
-211 874 -277 0 
16 566 -449 0 
-894 -75 -652 0 
-258 911 845 0 
46 -688 956 0 
-67 110 252 0 
485 444 183 0 
-863 38 517 0 
167 160 527 0 
50 833 -230 0 
921 293 331 0 
-380 -668 573 0 
-156 -397 -827 0 
530 696 815 0 
-369 344 -530 0 
266 -135 626 0 
461 -866 730 0 
246 708 458 0 
943 -435 -717 0 
574 -189 -879 0 
182 -47 886 0 
-458 900 -781 0 
267 -28 76 0 
212 -568 716 0 
138 701 581 0 
544 -140 287 0 
863 -850 -223 0 
272 958 857 0 
564 95 -245 0 
480 -747 -87 0 
-327 -147 -385 0 
-189 278 161 0 
-946 -884 -960 0 
-993 197 872 0 
-460 440 845 0 
6 845 511 0 
799 592 897 0 
-181 575 -574 0 
210 307 130 0 
-331 405 603 0 
639 625 -516 0 
-620 -355 -280 0 
-623 -793 360 0 
880 626 317 0 
-819 -760 559 0 
-738 337 -833 0 
-79 231 -837 0 
609 -196 -848 0 
-148 271 70 0 
-153 -592 -321 0 
830 65 132 0 
-346 644 -27 0 
544 961 -508 0 
103 640 163 0 
216 -123 97 0 
807 -808 834 0 
-560 624 -334 0 
368 -265 46 0 
947 -939 495 0 
-66 437 879 0 
35 662 181 0 
-532 -234 539 0 
475 343 668 0 
-479 -528 908 0 
-256 667 -755 0 
840 288 -425 0 
-283 -771 728 0 
-824 133 53 0 
-192 -596 206 0 
142 910 -147 0 
203 -900 -730 0 
-526 304 -284 0 
372 -23 -643 0 
-970 588 -417 0 
-807 -51 722 0 
-950 976 -475 0 
-22 397 683 0 
-829 638 29 0 
892 -858 332 0 
-638 -100 328 0 
-526 799 114 0 
-209 965 -675 0 
-851 -628 293 0 
243 40 -962 0 
-655 -147 -641 0 
-97 -543 198 0 
828 741 949 0 
-27 3 -773 0 
-329 -389 991 0 
228 -79 495 0 
-85 236 -377 0 
776 376 -878 0 
-285 -806 811 0 
-798 -163 587 0 
-586 194 -464 0 
-716 731 477 0 
-762 -597 241 0 
-796 -144 -300 0 
934 736 -334 0 
-919 845 97 0 
-259 613 -558 0 
516 309 545 0 
247 409 -837 0 
759 -744 -811 0 
-66 -283 -172 0 
914 459 -781 0 
85 -605 -759 0 
653 -770 748 0 
834 875 -71 0 
-581 420 -415 0 
962 743 821 0 
727 939 -25 0 
178 -36 -282 0 
196 -375 993 0 
-846 -229 -932 0 
-639 -213 -538 0 
696 -848 772 0 
104 -551 428 0 
167 462 -785 0 
103 -885 -626 0 
-416 725 -572 0 
435 255 -39 0 
541 653 -802 0 
-588 506 518 0 
-998 410 127 0 
36 289 -55 0 
-72 754 -238 0 
279 692 708 0 
603 7 891 0 
-799 -803 647 0 
-301 -976 584 0 
-361 975 631 0 
-65 -158 -638 0 
-324 -764 -748 0 
-296 598 -708 0 
743 -183 944 0 
118 -292 866 0 
765 424 219 0 
835 -819 -970 0 
882 -858 139 0 
-992 499 588 0 
-144 -421 142 0 
934 37 -186 0 
530 23 -414 0 
373 -333 -341 0 
-144 -384 -755 0 
-419 -615 -895 0 
-402 -997 208 0 
57 -435 177 0 
745 -279 -797 0 
307 -967 -143 0 
-834 423 235 0 
-499 -998 -833 0 
-446 919 228 0 
-219 -852 -466 0 
700 587 -704 0 
624 754 -65 0 
522 -107 -390 0 
-133 74 -110 0 
-759 -858 652 0 
-619 159 165 0 
657 264 994 0 
-415 -814 -122 0 
-97 340 770 0 
966 -92 -959 0 
113 -66 446 0 
132 -245 973 0 
485 897 263 0 
406 588 -786 0 
746 -182 -935 0 
575 452 -365 0 
783 21 -171 0 
120 -60 -725 0 
724 571 -893 0 
-707 923 -738 0 
419 -257 -773 0 
-789 898 -89 0 
-363 -154 30 0 
469 -756 -670 0 
668 -489 -459 0 
190 348 958 0 
268 -623 306 0 
-600 -296 16 0 
626 325 -294 0 
293 -737 924 0 
859 377 -713 0 
436 83 -716 0 
-292 121 932 0 
801 -913 183 0 
56 -961 945 0 
-12 513 213 0 
-350 234 571 0 
458 539 -564 0 
525 -331 -445 0 
73 389 864 0 
48 116 998 0 
588 463 859 0 
181 786 386 0 
670 -800 -197 0 
-732 -432 689 0 
317 -370 869 0 
701 583 975 0 
-742 954 -761 0 
-277 519 43 0 
-119 417 133 0 
89 147 634 0 
322 -797 763 0 
-122 -407 532 0 
-405 824 935 0 
879 -93 -963 0 
833 -570 837 0 
-469 -705 316 0 
-902 -420 -965 0 
-591 -11 -374 0 
-710 883 361 0 
950 -189 -56 0 
-624 -135 -803 0 
808 293 211 0 
673 -431 -949 0 
-217 -74 580 0 
524 863 923 0 
976 -231 210 0 
108 430 559 0 
461 200 -117 0 
-916 -624 418 0 
-211 -564 985 0 
718 830 828 0 
-394 -594 712 0 
911 -962 -470 0 
560 795 -990 0 
346 351 -706 0 
-867 333 -997 0 
-708 -714 -486 0 
-417 -358 -841 0 
-369 -836 695 0 
802 760 191 0 
930 469 110 0 
715 22 -583 0 
464 -916 77 0 
-568 679 -423 0 
-931 -151 -19 0 
-4 -461 -973 0 
-583 403 -306 0 
981 779 821 0 
643 915 -240 0 
586 -778 730 0 
-662 138 -398 0 
-510 -894 -476 0 
74 -454 -661 0 
303 -210 -586 0 
-554 -395 -422 0 
162 180 -834 0 
-751 742 -823 0 
358 -908 -391 0 
866 375 -668 0 
614 -473 -757 0 
425 705 -621 0 
-940 -558 519 0 
-962 670 -147 0 
933 958 -842 0 
995 -859 -971 0 
847 -505 -427 0 
-388 63 -422 0 
134 -489 62 0 
858 -867 758 0 
-19 -78 -561 0 
-456 -649 -146 0 
-615 -695 -840 0 
-479 984 -112 0 
79 -471 -297 0 
421 -854 -151 0 
274 -855 908 0 
419 -414 274 0 
-68 967 -252 0 
-184 273 115 0 
-153 -858 436 0 
-696 -553 -630 0 
-291 -986 -818 0 
823 267 -334 0 
-786 756 754 0 
685 -907 -248 0 
-985 -829 -84 0 
-635 971 221 0 
-773 -609 882 0 
-292 965 237 0 
-519 -87 304 0 
720 -179 -9 0 
-57 100 -895 0 
-138 -354 -705 0 
-171 258 206 0 
-660 999 532 0 
-518 -931 788 0 
-464 930 -439 0 
208 -371 -325 0 
863 541 408 0 
774 161 -343 0 
-312 38 -532 0 
911 -763 -351 0 
-482 -592 -304 0 
-658 -130 368 0 
289 504 -38 0 
-775 54 570 0 
720 59 -200 0 
-688 -291 9 0 
600 -720 -760 0 
755 431 -578 0 
389 930 -645 0 
911 257 -579 0 
63 814 743 0 
-489 -923 141 0 
166 369 231 0 
603 -747 -901 0 
-45 829 76 0 
-908 -386 132 0 
837 -775 888 0 
-504 682 615 0 
-657 -63 -10 0 
-809 128 -17 0 
619 70 539 0 
949 -912 -460 0 
-208 -291 666 0 
-274 -43 -246 0 
-519 578 -88 0 
-40 -589 -342 0 
-348 534 -70 0 
45 -267 130 0 
-705 206 533 0 
-146 -969 -230 0 
-741 -893 863 0 
-952 -182 283 0 
369 205 -561 0 
-717 -553 374 0 
356 746 -80 0 
235 620 -4 0 
-705 278 601 0 
-692 718 923 0 
46 414 -787 0 
923 539 -325 0 
-232 581 222 0 
-613 174 -885 0 
-433 -271 808 0 
53 485 619 0 
-252 798 -628 0 
-914 1000 -335 0 
855 -726 -694 0 
583 -341 -177 0 
-873 -322 -38 0 
-381 489 54 0 
353 248 -821 0 
274 795 233 0 
494 759 432 0 
674 898 803 0 
-659 -51 581 0 
-633 -907 -721 0 
-207 13 -127 0 
-825 -307 450 0 
-516 796 -122 0 
238 855 -206 0 
-138 613 -376 0 
-181 -892 356 0 
498 -701 484 0 
492 89 -438 0 
585 -256 527 0 
987 -229 198 0 
-433 651 275 0 
36 -527 560 0 
-312 -946 -994 0 
817 439 -730 0 
718 437 480 0 
586 -274 -842 0 
-679 651 668 0 
-644 -736 778 0 
-220 751 -859 0 
475 -855 -554 0 
-108 171 -942 0 
435 321 -315 0 
-46 812 -288 0 
-694 -523 920 0 
867 -37 821 0 
178 -434 801 0 
371 996 486 0 
-651 -682 202 0 
-807 656 6 0 
-767 -787 -538 0 
-267 -392 563 0 
677 -557 26 0 
-715 -171 -413 0 
760 -201 367 0 
-343 301 -45 0 
-685 -681 6 0 
361 -769 -258 0 
559 -51 655 0 
219 -647 -596 0 
-146 873 -143 0 
660 -33 630 0 
-336 -239 -182 0 
-311 192 379 0 
817 -253 -35 0 
-469 633 -216 0 
-444 125 -159 0 
-5 248 -159 0 
390 -99 -357 0 
-338 -549 -450 0 
98 -614 185 0 
-5 -164 69 0 
-690 -868 745 0 
-18 743 -304 0 
-199 899 250 0 
812 -382 357 0 
-432 941 808 0 
631 -271 -607 0 
-385 209 -541 0 
-612 -586 -306 0 
-153 310 -994 0 
-545 35 -991 0 
-530 -438 -522 0 
295 -565 797 0 
19 750 474 0 
-469 765 132 0 
134 -58 -786 0 
449 959 -368 0 
-275 49 457 0 
147 615 114 0 
843 -960 -451 0 
722 125 -1 0 
240 1000 -630 0 
-650 -882 -190 0 
-188 845 143 0 
243 351 829 0 
388 -509 -750 0 
-423 -470 440 0 
-794 425 167 0 
867 729 -724 0 
549 -950 -649 0 
-892 367 -124 0 
911 866 332 0 
-214 770 9 0 
327 -42 612 0 
-990 -27 678 0 
-76 782 -777 0 
-534 -589 -187 0 
134 948 -41 0 
-224 -472 57 0 
671 930 -674 0 
-780 671 466 0 
-903 -386 844 0 
-984 -928 372 0 
201 486 -948 0 
380 -968 -850 0 
-194 300 703 0 
-653 873 766 0 
-393 387 896 0 
-953 589 818 0 
-172 -566 734 0 
-184 742 -458 0 
-965 935 534 0 
152 -483 280 0 
761 655 -127 0 
-952 279 -643 0 
453 -389 446 0 
77 614 -251 0 
-53 -202 -82 0 
266 390 -860 0 
-889 -682 706 0 
-419 -54 -679 0 
115 -498 752 0 
-873 38 -453 0 
-60 480 -251 0 
338 -755 -379 0 
235 -634 518 0 
-906 -654 -563 0 
-273 -655 922 0 
468 -225 -775 0 
-298 815 902 0 
-702 -236 200 0 
-709 -125 -503 0 
118 871 -487 0 
-164 876 -222 0 
246 465 86 0 
-334 -483 187 0 
19 -33 -460 0 
-23 -352 -751 0 
-178 743 -461 0 
-212 -750 385 0 
817 778 469 0 
958 -939 -697 0 
-118 -412 252 0 
350 -762 -577 0 
662 749 943 0 
706 377 -473 0 
-886 -793 653 0 
907 -720 -282 0 
153 -201 581 0 
-404 -278 253 0 
681 -857 676 0 
-396 979 -336 0 
223 -129 516 0 
-809 -556 682 0 
-784 -892 -838 0 
775 -361 -146 0 
761 1 -658 0 
1 -135 535 0 
-732 -448 -791 0 
-322 451 -973 0 
234 399 472 0 
-353 -680 -762 0 
285 416 -128 0 
10 -638 -913 0 
-465 -351 638 0 
-434 -484 398 0 
-253 64 -309 0 
709 301 815 0 
-395 -989 -472 0 
-222 -892 -825 0 
-615 -538 -410 0 
843 -839 -573 0 
636 147 -283 0 
-217 952 352 0 
-501 -498 -927 0 
595 181 -847 0 
-247 878 -650 0 
736 -175 -335 0 
-97 481 503 0 
-443 -408 816 0 
200 -800 -951 0 
726 -531 -660 0 
-268 -716 35 0 
257 -274 -51 0 
-338 491 346 0 
864 759 214 0 
996 -234 -670 0 
577 -133 383 0 
-829 -737 736 0 
-399 473 882 0 
511 789 678 0 
-858 -351 -320 0 
-801 -846 -834 0 
966 451 -88 0 
-375 564 372 0 
-631 639 -870 0 
-608 777 -884 0 
760 398 -422 0 
465 991 222 0 
-77 -721 193 0 
262 -459 405 0 
-773 672 585 0 
764 -16 -444 0 
-940 997 -99 0 
978 -128 -93 0 
-139 389 455 0 
-930 -997 -989 0 
-548 376 -535 0 
434 -878 46 0 
582 568 465 0 
767 483 -170 0 
634 -254 -145 0 
-356 143 441 0 
633 484 -886 0 
-369 -829 -970 0 
960 244 607 0 
452 -231 -14 0 
-93 322 -943 0 
-792 -805 -988 0 
-166 -418 -524 0 
-268 -119 -828 0 
850 -753 -346 0 
206 -341 -268 0 
665 526 -646 0 
-408 -613 -553 0 
-516 -109 686 0 
-567 -547 -112 0 
954 153 -67 0 
258 918 -166 0 
-992 -467 557 0 
782 -326 -901 0 
989 618 -472 0 
788 -637 217 0 
-20 -315 -908 0 
937 -104 -155 0 
-726 -125 175 0 
-202 32 3 0 
-321 -856 753 0 
319 161 -672 0 
-548 -211 -553 0 
238 -316 -983 0 
985 -542 176 0 
-910 113 -500 0 
473 648 813 0 
-807 -334 982 0 
436 869 -282 0 
978 304 -750 0 
71 186 -25 0 
846 -1000 636 0 
-847 -607 -392 0 
-596 -929 774 0 
398 -604 191 0 
-55 -587 -420 0 
80 147 936 0 
821 691 -27 0 
616 354 15 0 
-105 984 637 0 
379 -998 -453 0 
207 -212 145 0 
-314 832 137 0 
-362 841 505 0 
-336 -944 318 0 
276 -189 -691 0 
-846 56 -20 0 
-758 575 589 0 
401 876 625 0 
-631 553 -746 0 
-339 -833 571 0 
711 663 622 0 
442 853 94 0 
-615 -554 678 0 
434 690 -785 0 
210 -608 976 0 
532 795 -768 0 
41 -601 855 0 
456 806 360 0 
108 493 513 0 
657 138 247 0 
952 -130 287 0 
-776 529 -431 0 
670 135 226 0 
572 -324 578 0 
981 216 944 0 
-235 -324 -451 0 
-398 -115 88 0 
490 -670 63 0 
-940 905 -931 0 
-566 -101 -363 0 
783 810 -950 0 
-384 -998 -954 0 
-559 -493 -199 0 
368 636 661 0 
407 20 -857 0 
429 255 -372 0 
-943 -370 999 0 
-134 318 980 0 
755 -779 501 0 
995 803 -137 0 
-941 594 231 0 
881 816 455 0 
-97 846 778 0 
-829 238 55 0 
117 406 -895 0 
899 309 783 0 
-633 791 -578 0 
45 668 -723 0 
-666 -91 389 0 
585 -398 -336 0 
610 631 -955 0 
257 -942 951 0 
-39 -858 686 0 
347 -6 472 0 
190 -528 391 0 
-731 438 821 0 
88 -269 -198 0 
-162 -715 -843 0 
-34 -706 512 0 
-37 -647 921 0 
-973 -860 -535 0 
312 -403 729 0 
-570 -442 -659 0 
-893 479 544 0 
-506 -686 877 0 
-106 678 798 0 
277 -46 -310 0 
-704 588 -852 0 
-939 548 -627 0 
800 -468 -52 0 
-365 -109 227 0 
-222 624 -702 0 
533 -123 -545 0 
920 -199 51 0 
439 -215 -451 0 
689 -935 -869 0 
63 -384 78 0 
525 198 -864 0 
-494 332 -564 0 
873 -233 72 0 
344 -658 238 0 
597 -934 -704 0 
-247 260 -442 0 
-454 -214 672 0 
-668 -677 106 0 
-535 504 432 0 
-237 450 -275 0 
-334 -458 -27 0 
830 -693 -874 0 
-714 -785 993 0 
483 -561 207 0 
-860 936 557 0 
-436 866 601 0 
145 -277 -508 0 
189 668 228 0 
33 -256 -250 0 
-937 824 190 0 
-869 -349 -200 0 
592 -179 500 0 
-773 131 464 0 
547 76 -262 0 
694 -922 884 0 
120 475 80 0 
473 68 -210 0 
889 598 515 0 
680 772 -295 0 
674 287 15 0 
-826 -443 12 0 
-325 338 296 0 
-46 -129 -97 0 
-786 -385 -442 0 
-895 -734 840 0 
-246 683 695 0 
-284 928 -233 0 
233 585 -201 0 
2 618 -763 0 
817 -396 994 0 
69 -628 574 0 
738 -981 962 0 
661 -4 208 0 
-379 -339 972 0 
195 -208 -661 0 
-145 830 285 0 
-889 513 19 0 
-403 384 84 0 
787 -463 858 0 
-523 -767 500 0 
575 967 81 0 
-699 -660 -913 0 
262 -989 759 0 
-523 948 -292 0 
-169 -864 678 0 
837 46 818 0 
-595 -553 39 0 
74 201 -318 0 
568 -268 -289 0 
-425 267 480 0 
782 571 425 0 
-789 982 3 0 
896 -528 172 0 
-467 -39 -943 0 
-202 705 641 0 
-264 -657 -807 0 
366 712 788 0 
-290 -717 92 0 
-97 -592 -361 0 
620 -698 233 0 
-647 257 608 0 
-298 372 767 0 
998 937 575 0 
940 -470 722 0 
574 -218 975 0 
29 -187 571 0 
-653 28 895 0 
42 -856 -284 0 
766 850 997 0 
-251 -592 -12 0 
930 977 -477 0 
182 294 -549 0 
-931 -192 -221 0 
962 918 -506 0 
-523 102 -943 0 
-800 251 -702 0 
707 238 -574 0 
-861 381 675 0 
180 -202 500 0 
-111 404 -193 0 
-737 216 -208 0 
-387 933 504 0 
-989 -273 612 0 
663 -66 809 0 
-473 -265 605 0 
443 915 98 0 
-757 -951 -56 0 
-498 288 465 0 
654 611 -854 0 
-412 920 351 0 
-67 -926 39 0 
940 -268 -725 0 
796 -399 -961 0 
77 931 -558 0 
697 154 88 0 
635 553 544 0 
-216 329 -835 0 
259 915 -592 0 
108 185 114 0 
-544 -633 987 0 
697 -570 -128 0 
-719 916 300 0 
-227 808 844 0 
-858 492 -446 0 
-264 -674 -867 0 
63 -378 -381 0 
-211 -529 295 0 
-141 -79 -521 0 
351 133 559 0 
730 -585 208 0 
-359 760 859 0 
92 -1000 -739 0 
481 699 816 0 
433 16 -858 0 
60 -967 198 0 
530 97 -997 0 
18 -127 -716 0 
-218 873 85 0 
-276 -474 263 0 
26 427 438 0 
48 658 -329 0 
463 476 250 0 
-225 -54 366 0 
-320 738 433 0 
427 -821 128 0 
-450 -811 -562 0 
-451 -339 835 0 
509 69 -654 0 
788 44 -927 0 
437 -128 924 0 
402 -514 957 0 
883 208 389 0 
801 -970 302 0 
-476 -811 -304 0 
-22 528 1 0 
514 773 551 0 
398 -365 32 0 
-597 -325 -134 0 
-296 -615 7 0 
-813 -559 266 0 
-744 -712 -768 0 
-970 838 -704 0 
974 -399 -954 0 
-568 392 760 0 
-359 605 -511 0 
304 -96 970 0 
561 184 734 0 
763 251 141 0 
-259 -384 12 0 
-533 652 703 0 
982 921 -122 0 
417 -142 -257 0 
680 -790 758 0 
721 968 211 0 
-746 395 989 0 
592 -749 -438 0 
910 108 -274 0 
-243 785 -162 0 
493 410 885 0 
-184 954 -81 0 
-249 815 -4 0 
-727 828 -489 0 
-466 -568 -557 0 
629 437 -547 0 
409 646 662 0 
624 -193 -641 0 
767 405 349 0 
1 503 462 0 
-508 189 -461 0 
76 -540 610 0 
535 -896 -246 0 
-574 -836 765 0 
344 968 68 0 
731 -287 -894 0 
-774 253 938 0 
-367 359 52 0 
-952 384 -826 0 
731 -665 -784 0 
388 -761 827 0 
-392 -651 -383 0 
615 -503 -546 0 
-802 476 -327 0 
-372 212 -291 0 
-553 766 -212 0 
-499 -819 -632 0 
438 475 597 0 
-298 -982 -723 0 
634 35 186 0 
272 -886 931 0 
-696 -758 561 0 
-950 -989 -47 0 
102 627 337 0 
81 -877 317 0 
162 -164 123 0 
-66 -737 -853 0 
643 937 -771 0 
716 65 94 0 
-82 439 8 0 
448 382 378 0 
664 -175 -142 0 
-892 688 655 0 
-890 957 -551 0 
280 128 185 0 
715 -451 -190 0 
144 17 783 0 
-151 -195 738 0 
-198 883 -625 0 
110 759 356 0 
496 972 127 0 
-423 503 -864 0 
332 -944 -570 0 
-995 485 -87 0 
587 642 163 0 
871 754 698 0 
455 176 -580 0 
152 714 -265 0 
-468 -208 611 0 
945 -268 462 0 
-827 -710 -63 0 
234 -869 -606 0 
-872 1000 106 0 
-215 338 -310 0 
-108 -31 -499 0 
244 546 921 0 
205 -661 -725 0 
-391 -173 396 0 
-195 345 -300 0 
770 -597 922 0 
891 11 396 0 
201 989 -279 0 
584 676 -661 0 
952 -593 -231 0 
257 803 -262 0 
-303 -174 360 0 
24 -33 315 0 
-180 -873 779 0 
-440 -334 -663 0 
-680 786 -632 0 
-762 -269 -481 0 
-118 313 -658 0 
52 406 839 0 
-921 -932 616 0 
-181 811 -117 0 
555 730 139 0 
-315 -511 -818 0 
-5 -206 -192 0 
-59 -426 -105 0 
899 -864 164 0 
-371 -781 474 0 
223 -794 -815 0 
-303 -971 258 0 
29 328 767 0 
-689 -784 -533 0 
-539 -34 617 0 
566 545 -817 0 
155 -391 283 0 
-31 -567 -680 0 
-86 511 -678 0 
809 -919 974 0 
-960 949 59 0 
-331 -861 687 0 
-344 502 676 0 
516 -202 -745 0 
780 771 -171 0 
454 -934 107 0 
637 188 669 0 
-195 -871 -663 0 
730 455 -517 0 
-537 -722 890 0 
-378 939 -925 0 
558 282 580 0 
534 -972 608 0 
-902 -112 -758 0 
-747 -183 -62 0 
-292 -674 -252 0 
561 425 -277 0 
-693 808 -640 0 
206 864 333 0 
-710 -264 -891 0 
93 -217 983 0 
-219 -736 -822 0 
399 -35 -609 0 
789 283 -383 0 
193 -458 -300 0 
-272 -719 -340 0 
24 -257 -940 0 
756 931 -502 0 
-46 -525 975 0 
738 -378 842 0 
-792 372 754 0 
-712 -669 482 0 
343 117 -786 0 
-943 -975 928 0 
413 16 681 0 
341 648 -348 0 
-502 529 761 0 
-15 122 286 0 
-529 -289 134 0 
-541 -852 862 0 
301 -706 -820 0 
-483 786 714 0 
-234 418 364 0 
-465 -573 598 0 
-916 -812 -345 0 
444 746 117 0 
876 -989 416 0 
-955 -986 -711 0 
890 -614 -192 0 
865 -751 -253 0 
-288 847 -596 0 
-699 356 -499 0 
-942 597 -122 0 
-992 742 -363 0 
-565 -898 539 0 
-271 -651 -59 0 
890 -607 -406 0 
-210 282 -661 0 
-877 -807 776 0 
997 18 829 0 
500 -181 -956 0 
285 714 884 0 
-528 608 -280 0 
770 989 -736 0 
406 465 187 0 
-197 -267 -844 0 
428 241 -342 0 
-253 118 -310 0 
-458 -69 -57 0 
-312 869 -739 0 
-374 251 779 0 
247 -354 -995 0 
-365 428 237 0 
229 -132 -551 0 
-90 275 588 0 
624 475 594 0 
493 803 928 0 
145 161 -680 0 
935 984 -32 0 
-109 260 -732 0 
942 274 868 0 
849 551 -562 0 
-219 -783 -438 0 
-488 758 145 0 
834 678 670 0 
299 176 -326 0 
-920 103 -82 0 
872 -841 789 0 
-653 -102 -223 0 
-786 -652 839 0 
-201 157 658 0 
93 -91 264 0 
31 -584 -625 0 
-447 930 -234 0 
-431 -54 -127 0 
168 -907 -867 0 
-145 895 161 0 
330 376 87 0 
342 825 -778 0 
301 300 728 0 
715 -116 452 0 
880 -104 -188 0 
-289 74 187 0 
39 -531 -76 0 
-211 475 -310 0 
-526 -966 -224 0 
-788 -67 793 0 
-831 495 82 0 
73 -246 -901 0 
502 -461 -442 0 
-372 -787 -415 0 
480 126 374 0 
422 679 -370 0 
793 162 -659 0 
836 -650 -883 0 
741 -972 -243 0 
-244 -325 -179 0 
-13 -325 -288 0 
-869 614 919 0 
-344 952 551 0 
294 246 782 0 
438 -848 513 0 
-19 482 936 0 
-46 -301 982 0 
-625 -929 539 0 
577 111 -454 0 
261 843 -414 0 
974 -765 849 0 
759 970 -237 0 
-980 -133 622 0 
342 475 -661 0 
688 470 674 0 
-369 794 -659 0 
868 -24 910 0 
-601 -488 108 0 
899 747 91 0 
163 527 -771 0 
673 653 280 0 
-344 37 64 0 
-443 153 639 0 
-562 138 -631 0 
-975 485 304 0 
-314 51 591 0 
-523 -921 -312 0 
-116 347 -153 0 
-189 -626 -940 0 
-824 725 553 0 
-607 534 200 0 
396 -269 -989 0 
-584 786 -505 0 
12 340 690 0 
-705 551 49 0 
-484 159 -558 0 
-550 763 -25 0 
732 774 834 0 
-427 735 -100 0 
355 -412 -758 0 
994 -179 422 0 
-535 -412 -619 0 
-334 -988 52 0 
-797 446 -472 0 
-982 166 -778 0 
758 -35 -639 0 
-486 846 63 0 
329 -108 206 0 
304 85 598 0 
-787 379 -634 0 
-114 102 173 0 
-48 547 -44 0 
921 242 356 0 
-99 -872 -586 0 
-527 987 -19 0 
-124 -688 777 0 
694 35 277 0 
-365 869 -622 0 
928 -624 36 0 
-737 798 239 0 
969 -700 -416 0 
-884 -377 -24 0 
760 -837 286 0 
620 -816 15 0 
-853 447 917 0 
678 -493 -704 0 
-640 146 698 0 
655 -771 172 0 
-885 735 -945 0 
166 969 989 0 
