p cnf 1000 2200
437 -700 29 0 
-807 489 179 0 
643 -549 -637 0 
312 925 -38 0 
-35 -760 728 0 
668 -989 69 0 
-180 -569 856 0 
627 -272 -155 0 
572 212 223 0 
810 345 -145 0 
-512 -984 631 0 
130 82 -738 0 
-589 931 -387 0 
903 938 308 0 
633 -812 -718 0 
157 -163 607 0 
467 -934 -256 0 
-976 -807 -840 0 
-730 -450 875 0 
853 -909 969 0 
-834 940 865 0 
-972 36 824 0 
637 -929 -736 0 
-589 -177 8 0 
-719 -882 540 0 
575 -399 -56 0 
371 -755 -74 0 
-252 -61 981 0 
519 -673 743 0 
-142 -700 -242 0 
-320 -42 937 0 
762 116 -28 0 
154 49 717 0 
-698 461 -38 0 
-246 -979 -727 0 
124 -911 490 0 
934 -72 -357 0 
-607 -384 -129 0 
197 -889 -847 0 
-353 823 425 0 
398 284 -15 0 
-798 452 -771 0 
-749 724 443 0 
37 885 486 0 
81 339 667 0 
354 564 -987 0 
207 137 136 0 
181 464 -495 0 
-940 239 -269 0 
-410 -198 -284 0 
597 -821 315 0 
-434 337 857 0 
846 -880 -88 0 
-130 974 -789 0 
-157 -575 -743 0 
-994 -966 -641 0 
841 -728 640 0 
-581 -166 -66 0 
-869 927 -245 0 
460 -801 976 0 
-1 -834 628 0 
-281 -580 -45 0 
752 516 -418 0 
-621 -369 12 0 
-951 -159 -436 0 
931 1 -311 0 
127 -569 14 0 
382 -289 529 0 
354 -984 -250 0 
-228 -269 921 0 
445 725 981 0 
-119 -843 186 0 
-75 -156 20 0 
-110 -170 910 0 
847 -496 737 0 
-484 796 248 0 
-890 -958 778 0 
-216 508 -706 0 
344 -825 965 0 
-753 -294 -843 0 
297 -501 -684 0 
-498 240 -725 0 
-181 102 -106 0 
-666 -382 -294 0 
-802 460 -83 0 
-618 450 692 0 
-523 -626 323 0 
-674 550 386 0 
-351 -20 653 0 
16 578 636 0 
-585 -941 -321 0 
-487 -975 -390 0 
600 -381 360 0 
-463 988 -375 0 
-235 11 -167 0 
685 498 -725 0 
-692 -995 -789 0 
-924 735 -49 0 
4 -329 14 0 
-998 -515 -25 0 
657 321 -228 0 
-170 -636 -474 0 
204 -944 874 0 
901 958 696 0 
-78 -234 -297 0 
-392 485 -754 0 
871 713 206 0 
-188 468 32 0 
688 -807 728 0 
132 253 -382 0 
-223 178 -44 0 
-317 298 -999 0 
721 -185 -593 0 
-40 -884 -535 0 
-463 -371 57 0 
-447 901 287 0 
-989 106 -213 0 
986 850 902 0 
320 573 843 0 
-78 -393 -195 0 
-795 594 -611 0 
198 902 -238 0 
-34 900 -123 0 
-649 -601 631 0 
994 777 261 0 
-153 1000 813 0 
-690 977 -970 0 
38 -879 619 0 
799 -321 -173 0 
151 132 803 0 
-949 -321 516 0 
727 -519 7 0 
-463 967 -579 0 
-239 313 -765 0 
-464 -540 -770 0 
70 316 459 0 
-902 -338 -149 0 
64 210 -201 0 
378 300 -737 0 
20 390 -789 0 
-754 821 925 0 
-963 -836 -678 0 
-781 991 -986 0 
433 322 198 0 
-44 -615 -770 0 
-989 812 -762 0 
-480 -638 -24 0 
-506 -686 -342 0 
-401 379 -620 0 
-733 -19 -66 0 
-286 556 -876 0 
-134 -158 -987 0 
147 -769 701 0 
660 946 -814 0 
-596 183 646 0 
-150 461 256 0 
-803 -817 -390 0 
-615 633 -215 0 
-921 -334 190 0 
592 505 -422 0 
428 -582 786 0 
732 524 729 0 
3 173 200 0 
-507 964 -64 0 
-860 -995 -59 0 
459 715 954 0 
33 883 -58 0 
-540 729 483 0 
429 632 -455 0 
160 -923 737 0 
-329 -959 923 0 
543 315 445 0 
-188 367 537 0 
-687 573 -663 0 
-922 783 -99 0 
-859 350 -578 0 
-136 58 -169 0 
-740 -296 -470 0 
-405 -815 428 0 
-188 -780 864 0 
-39 -541 -168 0 
70 -118 -944 0 
-408 463 -21 0 
-344 150 -288 0 
241 444 79 0 
-652 -454 254 0 
434 -793 -270 0 
971 476 625 0 
-319 426 143 0 
-612 521 -345 0 
-188 -239 898 0 
-192 -845 -920 0 
-522 111 183 0 
127 -652 842 0 
-737 132 -482 0 
-988 735 488 0 
-350 -974 649 0 
-831 -888 -828 0 
53 -147 -909 0 
-377 -675 -162 0 
808 -110 -796 0 
922 -320 816 0 
715 -745 -1 0 
-299 859 -192 0 
-809 -238 -482 0 
559 24 -789 0 
569 -484 299 0 
-123 19 212 0 
-739 -753 695 0 
698 -467 168 0 
988 675 -666 0 
46 913 -45 0 
419 -869 -356 0 
-37 880 -674 0 
807 634 -885 0 
-247 540 530 0 
371 -543 787 0 
168 -977 691 0 
-693 -332 315 0 
-56 675 -597 0 
58 65 3 0 
284 99 -705 0 
-680 -77 474 0 
205 -79 187 0 
829 369 245 0 
196 134 -674 0 
-590 -567 647 0 
-926 873 -553 0 
-816 844 -758 0 
-783 686 -263 0 
-116 858 -438 0 
96 741 107 0 
624 716 -53 0 
-165 -239 -942 0 
-266 975 853 0 
142 -89 693 0 
-281 -626 992 0 
-767 -979 -285 0 
729 962 458 0 
1000 -104 543 0 
63 409 550 0 
-826 518 237 0 
811 584 -964 0 
647 -590 -19 0 
257 -674 191 0 
-244 -854 -821 0 
213 -594 800 0 
232 -21 314 0 
-145 129 546 0 
-581 -562 926 0 
-97 889 -913 0 
57 -801 424 0 
233 -742 185 0 
-346 -995 -54 0 
-512 -721 43 0 
-815 -599 -868 0 
1 -688 -884 0 
518 -957 -356 0 
830 903 198 0 
-823 -832 229 0 
-675 250 731 0 
-232 -580 79 0 
76 268 -228 0 
87 -897 636 0 
-779 958 -925 0 
1 -413 113 0 
180 -453 55 0 
231 -253 -80 0 
-292 -889 298 0 
-705 719 -60 0 
-490 -735 227 0 
544 -485 467 0 
-128 898 -524 0 
-588 444 -586 0 
952 548 550 0 
252 177 -464 0 
-703 473 -302 0 
-930 182 987 0 
735 -75 -249 0 
-740 282 -603 0 
710 -532 936 0 
-305 -290 259 0 
-997 452 840 0 
616 -111 -8 0 
353 -428 377 0 
-714 978 -479 0 
7 880 -180 0 
822 124 445 0 
-933 767 459 0 
515 -559 -725 0 
-157 989 -716 0 
-853 258 820 0 
-822 -242 -93 0 
751 -932 901 0 
564 -15 270 0 
-967 -717 -983 0 
66 983 -138 0 
-200 761 254 0 
-760 -252 268 0 
788 154 584 0 
-149 728 -656 0 
-671 -634 163 0 
531 -866 -400 0 
134 333 86 0 
-629 307 -52 0 
80 -483 795 0 
-914 -176 505 0 
-607 795 -141 0 
523 846 198 0 
-65 -673 -278 0 
-879 802 481 0 
175 -723 335 0 
691 -866 -88 0 
123 564 -514 0 
-127 789 -142 0 
-87 125 225 0 
742 -575 -378 0 
-253 863 -95 0 
716 -970 -112 0 
-492 -841 393 0 
-766 -928 -104 0 
849 486 613 0 
-234 -866 232 0 
347 428 -790 0 
289 -384 -954 0 
-630 -117 371 0 
204 657 -72 0 
-426 -797 431 0 
-516 -653 -748 0 
-762 479 -747 0 
298 68 -283 0 
-630 402 965 0 
149 -106 388 0 
-974 31 -234 0 
-759 648 -528 0 
359 -877 605 0 
116 253 326 0 
717 289 276 0 
687 -685 -641 0 
646 441 735 0 
-879 275 -438 0 
-399 -868 -117 0 
-681 345 -713 0 
776 -738 200 0 
228 -939 -309 0 
65 890 -439 0 
-837 -828 -614 0 
802 79 444 0 
904 209 -624 0 
616 758 586 0 
-901 835 897 0 
410 577 317 0 
896 632 452 0 
210 -910 -985 0 
258 207 -436 0 
427 415 909 0 
737 907 -953 0 
-104 672 810 0 
704 -66 -983 0 
298 868 -335 0 
-490 -668 663 0 
-919 -485 283 0 
-652 -702 -355 0 
-831 639 -661 0 
426 980 874 0 
816 415 -118 0 
-267 -746 143 0 
-542 -827 499 0 
452 255 -238 0 
-305 -98 -430 0 
946 235 675 0 
-84 -325 795 0 
-999 813 -513 0 
695 -641 11 0 
-436 -308 -205 0 
388 368 212 0 
-979 295 -155 0 
-379 -499 647 0 
-940 848 689 0 
79 -317 -56 0 
-962 799 130 0 
798 694 -105 0 
13 256 554 0 
168 947 -120 0 
857 895 908 0 
-873 144 -476 0 
-848 573 -524 0 
901 819 -666 0 
-860 -648 57 0 
-75 -390 -190 0 
-370 -561 -337 0 
-307 -61 57 0 
-40 -730 -676 0 
862 -966 -447 0 
101 641 -296 0 
-72 812 161 0 
-184 -598 -641 0 
-38 -110 69 0 
976 -342 420 0 
-927 -827 812 0 
398 -590 -345 0 
-75 -553 -714 0 
458 -282 -169 0 
-684 466 -888 0 
925 577 -787 0 
767 192 151 0 
-170 754 -663 0 
-844 -293 -165 0 
-345 -73 751 0 
350 484 348 0 
681 -90 -450 0 
-142 -89 537 0 
233 477 105 0 
-407 -481 -883 0 
82 792 -199 0 
-687 -728 355 0 
876 -177 758 0 
-795 872 -935 0 
-851 780 456 0 
814 -494 127 0 
-209 -194 -694 0 
-476 -324 421 0 
-803 -835 975 0 
456 -528 -174 0 
-827 -695 387 0 
960 205 242 0 
-637 972 946 0 
-934 314 725 0 
-347 662 932 0 
-9 -459 -141 0 
140 950 -893 0 
-636 391 -947 0 
-594 -114 -397 0 
-685 -62 266 0 
309 -477 -893 0 
-232 -883 607 0 
-631 109 780 0 
369 -375 312 0 
-127 -18 -162 0 
-563 223 -708 0 
-757 146 233 0 
591 158 -894 0 
-472 553 -879 0 
-836 -881 -147 0 
349 967 19 0 
-792 -550 214 0 
-88 713 972 0 
-960 -657 -33 0 
725 -15 964 0 
-484 -742 212 0 
-281 -992 883 0 
373 -738 -643 0 
-578 499 -6 0 
238 -418 335 0 
974 -772 691 0 
-975 952 965 0 
-151 298 839 0 
-953 555 568 0 
714 -311 46 0 
385 -403 831 0 
123 -654 -652 0 
785 -117 -476 0 
666 -638 -283 0 
-320 -506 942 0 
-63 366 218 0 
-58 251 -91 0 
-176 132 701 0 
-889 -25 -453 0 
-105 -157 -279 0 
515 926 -751 0 
-394 -859 -523 0 
-734 -791 570 0 
-21 630 14 0 
34 -27 -433 0 
829 50 -291 0 
-57 445 739 0 
305 -877 -28 0 
-136 11 148 0 
-444 509 156 0 
242 609 -776 0 
-868 -846 225 0 
-989 -654 349 0 
472 841 -369 0 
244 -990 83 0 
-662 -902 -456 0 
360 854 -288 0 
461 718 287 0 
-886 486 503 0 
-540 216 676 0 
95 -857 244 0 
730 598 503 0 
-541 -812 73 0 
839 940 741 0 
-926 552 799 0 
431 265 354 0 
-214 985 -293 0 
-326 185 -310 0 
307 -430 160 0 
-561 443 657 0 
389 318 800 0 
406 -279 960 0 
276 296 640 0 
286 125 -63 0 
967 -233 -448 0 
-696 -506 931 0 
-43 143 -456 0 
-82 -844 801 0 
955 -405 -115 0 
82 283 -262 0 
138 920 513 0 
-595 464 688 0 
729 -219 -371 0 
-491 738 -465 0 
-646 790 -490 0 
-41 -510 -197 0 
-362 79 -87 0 
70 193 -36 0 
-730 -313 -509 0 
-518 260 795 0 
-91 -145 541 0 
747 129 -888 0 
362 122 792 0 
507 -244 634 0 
834 -845 -15 0 
114 676 568 0 
472 447 821 0 
533 -115 -210 0 
986 -165 995 0 
253 349 -541 0 
669 -392 443 0 
-849 -19 787 0 
139 192 226 0 
-460 605 -193 0 
391 998 -973 0 
613 -575 276 0 
-19 -599 684 0 
396 813 -119 0 
-363 -185 850 0 
374 -316 854 0 
-30 212 832 0 
724 93 -482 0 
581 -684 823 0 
-599 -821 -17 0 
215 -924 -584 0 
18 105 -626 0 
942 -328 559 0 
186 285 166 0 
-987 351 873 0 
-977 -793 -817 0 
-850 691 116 0 
-39 -184 234 0 
-759 794 260 0 
-658 -196 -303 0 
-670 -473 320 0 
-975 76 -829 0 
883 -917 565 0 
-41 -446 -341 0 
-832 793 -168 0 
-502 478 -779 0 
469 737 925 0 
-376 836 -979 0 
634 -709 -275 0 
784 642 835 0 
900 -634 -372 0 
-685 436 532 0 
-252 -446 -148 0 
431 -304 579 0 
54 -455 143 0 
-708 691 -990 0 
194 -439 -276 0 
340 986 777 0 
980 445 209 0 
-177 -285 837 0 
-702 144 321 0 
-881 -179 452 0 
205 970 508 0 
206 389 764 0 
-617 -255 346 0 
-751 -725 -999 0 
662 -917 -747 0 
-808 466 899 0 
-602 342 998 0 
-584 -134 -538 0 
946 -789 -675 0 
27 433 -602 0 
14 715 240 0 
701 179 908 0 
89 558 -164 0 
888 -266 630 0 
-479 499 -872 0 
682 59 146 0 
999 -833 -459 0 
918 349 710 0 
919 393 -804 0 
-471 -158 190 0 
514 510 -8 0 
-556 -835 -951 0 
427 99 -684 0 
-130 -779 -912 0 
-793 292 693 0 
-416 661 447 0 
-120 331 785 0 
-60 873 123 0 
37 880 51 0 
-30 764 132 0 
593 783 716 0 
152 971 -532 0 
158 770 973 0 
916 -91 -50 0 
853 -331 561 0 
-806 577 490 0 
33 515 -620 0 
-736 -251 440 0 
-743 -349 848 0 
916 -241 261 0 
-108 34 301 0 
499 244 -176 0 
97 -574 181 0 
810 -425 699 0 
152 326 -361 0 
-245 -793 -432 0 
20 -429 974 0 
-579 797 -836 0 
429 706 -247 0 
-694 479 583 0 
-780 385 269 0 
52 -458 -939 0 
-264 82 352 0 
-274 715 -236 0 
46 -470 -820 0 
-282 691 900 0 
-183 283 535 0 
200 -295 966 0 
-37 -196 -667 0 
82 -432 -493 0 
-917 695 -953 0 
864 360 753 0 
-485 -980 -277 0 
-974 758 42 0 
-901 -694 4 0 
399 -761 550 0 
-509 -830 402 0 
327 887 -359 0 
249 658 -609 0 
823 382 112 0 
-702 -655 -713 0 
541 -699 626 0 
-524 111 815 0 
-799 -822 924 0 
-147 -777 844 0 
974 -721 871 0 
232 -689 908 0 
-383 316 101 0 
-70 -966 457 0 
-635 -896 -924 0 
469 606 -379 0 
900 -545 262 0 
-750 -518 372 0 
611 992 192 0 
47 53 -928 0 
-82 706 773 0 
-913 -430 -478 0 
-479 162 463 0 
-526 832 84 0 
-83 -541 -464 0 
964 826 -154 0 
232 -294 976 0 
-55 404 -422 0 
-991 265 -569 0 
276 802 221 0 
-694 -432 -184 0 
-202 344 65 0 
676 348 243 0 
-536 534 -624 0 
108 -956 -104 0 
-915 -503 -291 0 
644 -352 236 0 
564 538 305 0 
826 -172 471 0 
-305 130 -210 0 
-970 -774 229 0 
394 156 -486 0 
833 -681 -817 0 
127 990 444 0 
-3 -543 -85 0 
-649 -309 121 0 
-270 645 -839 0 
215 970 -692 0 
-998 333 281 0 
963 -507 -332 0 
-844 -311 -472 0 
-465 -138 458 0 
290 -461 996 0 
600 -474 -735 0 
-641 431 -871 0 
-701 909 474 0 
645 -915 933 0 
-821 -540 678 0 
-609 541 689 0 
-582 433 199 0 
335 -557 585 0 
976 159 66 0 
-898 -223 421 0 
437 -161 934 0 
748 697 -982 0 
249 -850 257 0 
-394 851 -49 0 
862 813 -25 0 
858 -703 -972 0 
-297 785 -22 0 
344 -751 786 0 
-669 -484 -890 0 
492 94 842 0 
-420 315 -647 0 
-814 -898 -682 0 
514 765 -282 0 
-895 562 -235 0 
727 37 -767 0 
-436 327 33 0 
253 637 133 0 
421 178 -337 0 
401 -838 -808 0 
-649 -550 159 0 
12 784 90 0 
473 -915 -233 0 
166 -94 586 0 
38 618 -749 0 
696 -208 203 0 
829 891 572 0 
738 438 -928 0 
-637 390 421 0 
324 513 -743 0 
168 -34 -977 0 
-139 377 871 0 
-749 553 359 0 
108 981 512 0 
-53 715 340 0 
-856 410 -638 0 
-82 885 -449 0 
-845 42 79 0 
381 -573 -564 0 
654 574 101 0 
-414 473 -965 0 
799 -41 -393 0 
-241 -663 438 0 
-101 -24 -233 0 
924 -930 -797 0 
-142 -128 -344 0 
255 253 668 0 
-225 -409 -270 0 
-856 89 -855 0 
153 -397 -171 0 
391 507 -985 0 
286 -478 841 0 
-333 -927 946 0 
-829 976 -887 0 
113 -177 -873 0 
117 -484 -874 0 
-85 -512 848 0 
538 -638 287 0 
578 608 -540 0 
-297 -211 849 0 
887 -598 109 0 
758 759 322 0 
-326 -851 -341 0 
-949 248 -411 0 
331 -209 -658 0 
-892 668 362 0 
-223 57 722 0 
-138 700 89 0 
-507 412 530 0 
53 280 265 0 
-669 -658 -599 0 
-111 -461 -800 0 
-476 145 -771 0 
-494 141 423 0 
921 190 581 0 
274 358 550 0 
644 171 -619 0 
825 738 -90 0 
442 -207 -52 0 
-399 619 16 0 
-759 989 143 0 
-166 -661 -232 0 
-579 -11 788 0 
383 -692 625 0 
-521 -769 -428 0 
680 918 984 0 
597 -41 230 0 
688 -840 656 0 
-594 -503 137 0 
-866 37 -503 0 
-55 -786 -500 0 
516 -935 -712 0 
747 -184 -314 0 
-842 -582 911 0 
801 418 135 0 
653 175 -712 0 
-385 584 -201 0 
787 -318 -878 0 
-80 -576 61 0 
556 441 352 0 
-33 890 796 0 
768 -689 317 0 
106 956 815 0 
418 463 184 0 
406 761 439 0 
-537 154 544 0 
472 -936 129 0 
-973 -718 72 0 
-542 669 932 0 
-545 -51 83 0 
979 816 -71 0 
-393 -89 210 0 
-116 191 318 0 
-262 -377 823 0 
157 -460 -877 0 
-810 -638 640 0 
-170 611 947 0 
-453 104 -865 0 
119 853 -577 0 
-689 679 -899 0 
64 -993 251 0 
-624 -957 583 0 
-379 -12 -627 0 
392 776 641 0 
-623 799 -467 0 
301 -842 -71 0 
-413 8 215 0 
-921 -321 -661 0 
-984 -627 -109 0 
13 -876 17 0 
-74 -990 299 0 
426 -625 455 0 
48 452 718 0 
-313 -721 -103 0 
-746 614 -529 0 
-513 878 -735 0 
575 805 736 0 
-612 482 604 0 
-535 815 -602 0 
211 -886 -283 0 
683 234 -569 0 
-292 -686 -41 0 
207 932 240 0 
-315 688 362 0 
138 643 58 0 
947 -837 -999 0 
64 -333 -972 0 
-100 852 -375 0 
371 -456 -356 0 
-80 115 -68 0 
-227 124 49 0 
-866 360 -229 0 
-237 -805 519 0 
-791 -29 -344 0 
-818 -13 -926 0 
-820 -291 418 0 
-931 -380 -233 0 
-849 -852 885 0 
-412 -52 -481 0 
-514 990 768 0 
480 493 -861 0 
-484 -504 334 0 
531 -710 469 0 
-601 -738 -280 0 
339 -903 514 0 
-491 718 -515 0 
649 342 440 0 
-394 566 -186 0 
385 818 -757 0 
833 -285 566 0 
-516 44 592 0 
266 -553 -787 0 
159 962 -190 0 
-76 -405 -882 0 
485 -667 677 0 
21 -525 733 0 
-674 232 761 0 
-168 -336 -9 0 
-329 489 773 0 
-322 613 -209 0 
-145 -15 834 0 
-96 218 827 0 
-623 529 876 0 
779 639 -828 0 
715 -814 -325 0 
-99 927 164 0 
982 -673 -882 0 
524 -481 -263 0 
673 -141 915 0 
-752 634 -13 0 
79 -892 -542 0 
997 12 627 0 
555 202 100 0 
937 592 -358 0 
182 927 161 0 
-455 -349 458 0 
-585 40 -590 0 
4 88 503 0 
-853 319 752 0 
428 405 -666 0 
898 -828 3 0 
-832 -592 553 0 
-158 -174 -823 0 
79 625 -514 0 
-862 -544 210 0 
315 -456 704 0 
629 301 963 0 
805 -458 343 0 
568 765 850 0 
935 -505 783 0 
459 -124 543 0 
-641 321 981 0 
-784 405 -745 0 
-581 -693 179 0 
-259 104 -553 0 
-954 -231 -152 0 
297 -292 526 0 
432 -778 -722 0 
-796 -387 100 0 
-527 805 -196 0 
-604 -513 -970 0 
-159 432 -235 0 
-403 745 144 0 
-732 153 -554 0 
663 889 251 0 
228 -29 -761 0 
-103 777 -262 0 
842 459 797 0 
882 -969 -779 0 
-932 -129 620 0 
461 428 -789 0 
-588 -838 -977 0 
894 66 715 0 
-548 106 -727 0 
-165 -610 953 0 
-935 279 949 0 
-474 878 -89 0 
-838 -688 -505 0 
311 803 -66 0 
-445 -371 33 0 
291 463 -127 0 
434 645 -369 0 
579 122 -559 0 
434 -932 862 0 
5 -531 234 0 
-987 171 -24 0 
-828 -500 -623 0 
-592 614 667 0 
152 932 571 0 
-647 290 703 0 
-303 -880 -569 0 
-685 898 801 0 
-931 -759 234 0 
452 -757 380 0 
953 -180 643 0 
-283 811 612 0 
-486 -907 591 0 
657 -818 82 0 
265 793 -424 0 
-519 -148 -631 0 
-380 -496 -636 0 
784 109 334 0 
-748 668 -816 0 
-106 -425 -502 0 
-241 15 -37 0 
-925 491 -845 0 
-520 799 810 0 
715 342 -177 0 
-178 -476 364 0 
960 -57 304 0 
637 -71 104 0 
384 -913 266 0 
217 874 -518 0 
-437 438 945 0 
897 818 52 0 
876 -911 413 0 
218 103 -713 0 
727 794 -392 0 
58 -305 479 0 
-94 730 -664 0 
251 653 -135 0 
-967 -224 143 0 
568 -753 -526 0 
-56 78 -912 0 
-696 -292 591 0 
457 171 -193 0 
-656 410 440 0 
978 -610 145 0 
-56 490 -946 0 
-819 366 700 0 
-191 -289 -340 0 
873 292 215 0 
-800 124 -150 0 
-734 -36 -534 0 
-619 -187 -86 0 
-89 -145 -91 0 
-715 544 351 0 
-989 -269 -416 0 
484 579 626 0 
-743 -50 722 0 
552 -721 -102 0 
-614 -982 109 0 
905 -712 525 0 
133 -566 -151 0 
354 443 -148 0 
704 632 -119 0 
-184 -651 -686 0 
463 539 -560 0 
965 -746 620 0 
-596 -772 207 0 
-407 837 -379 0 
-855 931 -537 0 
-184 -310 -276 0 
-751 548 -638 0 
905 209 -667 0 
466 301 531 0 
-169 -267 541 0 
-949 -957 912 0 
864 -71 756 0 
-313 -553 -160 0 
38 -126 -687 0 
781 -34 -699 0 
-440 -204 809 0 
-655 417 -740 0 
-29 488 -498 0 
-386 -780 -570 0 
-574 -749 484 0 
-255 -468 -209 0 
348 867 -36 0 
930 617 -594 0 
-403 -421 295 0 
-23 337 726 0 
96 967 -6 0 
-214 112 -199 0 
-82 -321 769 0 
417 708 514 0 
-681 -277 -866 0 
677 -746 -344 0 
575 -891 508 0 
-51 -135 -294 0 
646 -594 -533 0 
109 920 -488 0 
-588 -274 91 0 
780 -344 -470 0 
-692 -778 -137 0 
135 -650 970 0 
-213 495 -657 0 
-808 947 182 0 
792 315 50 0 
235 562 -590 0 
-908 55 601 0 
-757 -36 -417 0 
-579 436 -906 0 
-579 515 -738 0 
-939 -260 476 0 
325 229 968 0 
-34 759 665 0 
259 820 -17 0 
563 -155 -676 0 
47 619 477 0 
-315 -72 -408 0 
987 808 -584 0 
-954 -720 57 0 
-171 -561 -45 0 
-490 -196 43 0 
991 -425 -734 0 
799 -201 -663 0 
559 941 870 0 
-370 74 -592 0 
-892 846 901 0 
-776 -192 106 0 
331 558 -92 0 
-169 -836 -40 0 
-30 -474 -149 0 
-333 -802 -343 0 
571 -182 -175 0 
-70 440 -356 0 
-453 -565 -394 0 
-107 -369 -548 0 
-482 -529 478 0 
-236 705 545 0 
325 -340 -177 0 
639 -578 -50 0 
478 -249 676 0 
-422 456 173 0 
-811 -942 255 0 
-5 -631 368 0 
297 362 -61 0 
828 -256 425 0 
-516 -579 -313 0 
-66 181 785 0 
377 133 293 0 
658 -377 -48 0 
44 296 -13 0 
434 807 110 0 
488 -996 410 0 
-70 272 832 0 
-644 737 755 0 
-660 -729 -300 0 
-557 -410 372 0 
-907 -497 152 0 
969 -894 507 0 
847 182 -265 0 
101 -561 41 0 
258 -13 313 0 
66 -261 -220 0 
467 835 -31 0 
222 738 735 0 
277 760 -437 0 
476 130 87 0 
284 847 -542 0 
127 -354 575 0 
-780 -163 781 0 
-815 495 -923 0 
918 -376 -964 0 
-54 -936 -467 0 
-749 972 -495 0 
787 407 310 0 
391 332 628 0 
-614 727 -170 0 
66 130 -550 0 
-992 -750 3 0 
663 496 930 0 
-833 120 -268 0 
857 737 186 0 
-317 851 -686 0 
-45 -517 -59 0 
-30 880 -850 0 
182 59 -254 0 
-342 -981 92 0 
-93 760 236 0 
465 121 336 0 
-926 882 -488 0 
-282 891 367 0 
-461 142 713 0 
-768 -54 -464 0 
-657 -365 74 0 
-625 958 370 0 
-858 154 -662 0 
-866 568 752 0 
305 810 -818 0 
985 428 -131 0 
204 505 904 0 
-258 80 -569 0 
-354 -682 -516 0 
327 -270 -392 0 
492 -795 571 0 
-700 -492 -521 0 
241 -365 -523 0 
846 536 -524 0 
-200 39 610 0 
364 995 882 0 
-814 429 -135 0 
-845 -754 780 0 
-701 101 -342 0 
-398 -36 -411 0 
-89 294 -679 0 
52 -394 -269 0 
531 -525 807 0 
722 -31 244 0 
-368 -801 -581 0 
703 611 -600 0 
-999 574 861 0 
602 -823 -634 0 
-743 357 967 0 
578 32 599 0 
401 -284 -476 0 
-590 -96 -367 0 
677 -173 -604 0 
-287 -412 -196 0 
-853 -770 -442 0 
612 -599 221 0 
354 -567 -118 0 
603 602 996 0 
111 -104 -86 0 
-259 -838 -713 0 
965 286 276 0 
46 115 574 0 
-364 778 -699 0 
-247 -287 -245 0 
-840 243 101 0 
-854 -687 642 0 
-390 932 918 0 
803 561 661 0 
344 -910 878 0 
-887 865 458 0 
-142 583 913 0 
514 -189 -283 0 
-745 204 -493 0 
-817 690 14 0 
-690 874 -561 0 
223 -500 651 0 
594 755 -89 0 
-885 -123 -590 0 
-373 -511 167 0 
-269 -868 -887 0 
863 -468 223 0 
142 -727 83 0 
-200 -121 99 0 
860 -416 -550 0 
210 588 -173 0 
-377 -263 708 0 
-856 -253 778 0 
-986 -426 -752 0 
299 446 567 0 
765 794 370 0 
405 -674 -730 0 
294 925 -881 0 
297 -498 -532 0 
-281 -95 923 0 
226 118 -284 0 
-755 738 -837 0 
-782 -976 -40 0 
192 -218 840 0 
769 884 742 0 
516 675 852 0 
-314 -577 632 0 
732 -35 725 0 
531 -571 -382 0 
-87 -271 492 0 
-216 678 153 0 
473 -991 -292 0 
733 806 -156 0 
243 -996 358 0 
726 813 -128 0 
173 -57 -539 0 
67 990 589 0 
581 -964 -610 0 
-735 985 940 0 
-197 -219 405 0 
630 -639 -886 0 
-37 144 -281 0 
18 287 431 0 
744 -262 535 0 
542 435 490 0 
-90 -227 -9 0 
-285 949 -440 0 
119 -968 -858 0 
782 -153 -25 0 
484 368 783 0 
-337 567 433 0 
-42 539 -471 0 
-722 -822 -115 0 
841 497 523 0 
-723 -192 937 0 
-961 423 959 0 
-731 661 -674 0 
110 155 -128 0 
839 -725 740 0 
-623 908 699 0 
-887 -402 -649 0 
-383 723 956 0 
-11 122 -836 0 
78 -537 -913 0 
-625 426 379 0 
574 -209 -784 0 
388 91 106 0 
89 408 -515 0 
-835 576 -471 0 
549 -968 -590 0 
-74 375 897 0 
89 -288 430 0 
206 -753 -106 0 
452 -75 -789 0 
-441 -815 555 0 
540 983 337 0 
-528 309 -428 0 
787 950 -347 0 
11 -406 -263 0 
-2 514 430 0 
-643 67 -913 0 
-750 889 797 0 
-912 -661 707 0 
745 -316 542 0 
-378 -481 623 0 
-587 743 -996 0 
-406 303 -480 0 
-25 -152 406 0 
22 279 444 0 
-322 769 -911 0 
-217 -136 954 0 
-756 -781 -672 0 
448 -895 -330 0 
402 151 311 0 
-389 375 405 0 
-15 -703 -109 0 
-506 458 -757 0 
203 -30 553 0 
525 410 -652 0 
892 -747 -92 0 
-239 518 -734 0 
-871 -379 125 0 
272 916 -993 0 
-632 -355 -145 0 
-377 339 965 0 
-569 -865 -386 0 
613 -345 -341 0 
467 391 -911 0 
-336 505 -267 0 
-387 -634 -979 0 
-479 771 44 0 
-770 540 24 0 
-305 -647 -178 0 
491 632 364 0 
694 278 163 0 
237 484 -865 0 
-838 -921 693 0 
621 268 -492 0 
-325 245 131 0 
-337 909 265 0 
576 -380 595 0 
209 -244 -702 0 
810 -333 -513 0 
-360 230 -445 0 
451 -442 -214 0 
-790 2 918 0 
283 775 449 0 
-113 219 866 0 
-577 68 -894 0 
-412 -134 -729 0 
165 543 -621 0 
-881 471 -645 0 
334 -157 -65 0 
154 866 -583 0 
895 -860 -217 0 
-851 -133 696 0 
897 553 131 0 
-128 -932 -268 0 
89 37 -784 0 
-675 208 907 0 
260 -360 -70 0 
-988 -350 -607 0 
-585 194 740 0 
-777 390 -914 0 
-307 458 882 0 
-733 -93 228 0 
649 117 306 0 
-232 102 -487 0 
682 491 -334 0 
698 -969 -471 0 
205 50 -49 0 
-595 552 -277 0 
630 -635 1000 0 
402 391 486 0 
-130 962 -683 0 
-552 -617 -8 0 
920 -760 384 0 
-431 -371 41 0 
823 82 -768 0 
670 886 732 0 
70 -866 -204 0 
-732 359 86 0 
557 656 677 0 
-977 313 737 0 
764 -61 -702 0 
474 -718 734 0 
272 -422 112 0 
172 529 -630 0 
318 853 615 0 
634 322 -530 0 
343 -920 -958 0 
257 -468 -358 0 
-95 -345 981 0 
545 103 -726 0 
538 -392 568 0 
374 -377 -121 0 
-590 199 -331 0 
850 -274 -112 0 
853 178 -430 0 
-875 -527 -37 0 
-596 -762 -192 0 
100 -249 -451 0 
68 291 922 0 
866 947 150 0 
-297 373 -534 0 
-978 168 -231 0 
-682 -771 223 0 
-528 845 -96 0 
-835 -953 401 0 
-963 100 164 0 
652 433 796 0 
269 -176 802 0 
-370 582 -969 0 
435 408 763 0 
-694 170 767 0 
-534 486 -434 0 
-907 129 -531 0 
993 -795 973 0 
480 593 342 0 
-260 160 -465 0 
631 704 -164 0 
-446 6 -306 0 
-126 365 -314 0 
-958 744 -666 0 
552 790 -775 0 
-935 -225 -285 0 
815 -603 -372 0 
-613 -234 -748 0 
181 -822 -880 0 
621 525 -411 0 
-311 688 579 0 
-103 -189 569 0 
324 39 -520 0 
99 -943 -283 0 
-35 -332 742 0 
656 -511 -246 0 
-611 690 -386 0 
-719 643 -839 0 
-386 -931 65 0 
-397 -874 -132 0 
-165 908 797 0 
71 -862 -935 0 
879 70 -668 0 
42 -826 320 0 
698 -909 647 0 
-951 973 312 0 
-311 689 270 0 
951 251 570 0 
-367 928 216 0 
832 801 -735 0 
419 433 552 0 
-83 975 -320 0 
768 42 776 0 
-505 -300 -967 0 
-886 443 -104 0 
-630 -11 -6 0 
-96 106 -599 0 
-177 25 -267 0 
663 -199 -726 0 
159 999 402 0 
-895 -428 -173 0 
-143 52 -799 0 
-22 863 80 0 
856 -980 672 0 
-933 523 -734 0 
-992 -756 56 0 
802 -230 925 0 
-981 299 -690 0 
-499 -786 -734 0 
-393 -970 642 0 
-205 799 -439 0 
-296 -535 -891 0 
465 -585 316 0 
-520 928 377 0 
-653 738 200 0 
529 131 -935 0 
278 -491 -172 0 
370 -461 400 0 
7 -265 337 0 
851 769 896 0 
189 -695 -798 0 
666 688 757 0 
-750 427 -545 0 
559 -212 -219 0 
431 814 -520 0 
83 -763 433 0 
-270 475 255 0 
173 -170 813 0 
201 -204 -18 0 
944 -263 -990 0 
-151 28 -411 0 
769 792 -359 0 
715 539 875 0 
-155 -243 67 0 
142 -675 -594 0 
-742 388 283 0 
156 -334 90 0 
-101 512 476 0 
611 526 -234 0 
-288 -885 -186 0 
-681 91 -495 0 
811 735 -978 0 
720 -458 -324 0 
812 -222 -779 0 
-905 364 746 0 
765 786 -178 0 
-446 -943 368 0 
-359 668 248 0 
-149 -200 -485 0 
466 786 -861 0 
-273 599 620 0 
-514 -360 890 0 
159 -278 -299 0 
797 -709 -170 0 
939 972 811 0 
-853 -181 -973 0 
-540 -18 323 0 
-605 -963 466 0 
778 200 -416 0 
-478 -304 858 0 
3 166 803 0 
-238 599 -795 0 
-703 597 -42 0 
-954 261 196 0 
-271 -988 -396 0 
-632 694 305 0 
185 -625 -633 0 
48 327 158 0 
774 -417 -202 0 
-828 -92 -296 0 
131 -900 -812 0 
-222 -7 -474 0 
-166 -522 907 0 
191 657 135 0 
-61 425 -666 0 
-444 -285 629 0 
-531 701 -978 0 
317 966 -821 0 
-800 595 -400 0 
561 -246 -729 0 
349 48 -648 0 
-694 230 679 0 
752 762 112 0 
432 54 288 0 
968 -412 595 0 
863 -428 285 0 
-277 -583 -465 0 
251 -70 961 0 
509 79 -576 0 
-612 -490 782 0 
692 319 -458 0 
-191 -714 42 0 
-476 175 -424 0 
305 -623 -643 0 
-403 -227 747 0 
694 890 670 0 
-769 -475 -286 0 
-867 751 862 0 
-341 -865 425 0 
78 -377 -683 0 
830 -677 75 0 
-256 892 -234 0 
-729 -140 582 0 
-701 -509 -891 0 
86 598 223 0 
-725 -728 261 0 
-251 671 -538 0 
371 -556 -689 0 
-500 796 736 0 
263 947 979 0 
418 -763 -942 0 
815 283 603 0 
-429 -29 -813 0 
488 723 -602 0 
937 -342 -956 0 
-386 -25 -40 0 
-669 175 -776 0 
129 568 -513 0 
708 529 258 0 
202 -127 -748 0 
702 234 130 0 
-260 -142 -939 0 
-875 392 969 0 
-866 -300 -535 0 
38 -970 523 0 
388 181 845 0 
-717 278 402 0 
805 505 -695 0 
353 262 -814 0 
-555 -793 -802 0 
-958 -999 -740 0 
-372 57 -82 0 
-957 -820 411 0 
141 -351 -991 0 
-398 -655 -742 0 
-213 323 -741 0 
-693 633 965 0 
22 910 -373 0 
333 -510 -718 0 
490 661 127 0 
-692 -495 -122 0 
496 -800 297 0 
-806 589 -43 0 
987 713 -675 0 
1000 838 -261 0 
-374 55 -521 0 
582 -718 742 0 
-531 848 -352 0 
147 382 967 0 
-222 -56 -559 0 
-216 488 -147 0 
-21 -514 -859 0 
-76 523 412 0 
230 -41 899 0 
332 576 -561 0 
-412 191 47 0 
113 -35 -808 0 
-453 -982 -373 0 
-968 577 834 0 
940 76 -992 0 
963 366 180 0 
906 -516 65 0 
-782 -18 68 0 
-279 88 -622 0 
767 904 757 0 
436 -36 541 0 
-137 148 699 0 
323 753 117 0 
-266 873 -592 0 
-981 128 -892 0 
160 -27 741 0 
-561 339 -113 0 
157 62 -890 0 
89 248 -976 0 
-881 -280 716 0 
-562 -674 821 0 
-480 -404 -153 0 
-211 986 898 0 
146 104 -807 0 
-795 449 973 0 
334 405 -491 0 
-746 572 92 0 
919 -540 892 0 
-210 748 -557 0 
-989 407 572 0 
391 -597 843 0 
-840 -485 734 0 
-878 919 -10 0 
245 593 -196 0 
-373 158 -580 0 
-303 -235 -450 0 
69 -233 -319 0 
359 -330 698 0 
-931 -6 170 0 
249 604 -988 0 
971 676 -999 0 
523 -470 -799 0 
993 35 -105 0 
-600 550 514 0 
-210 -899 932 0 
361 446 -347 0 
-587 -90 -608 0 
-334 -577 -445 0 
-802 287 -202 0 
541 -419 414 0 
973 -300 950 0 
-827 650 -910 0 
322 -54 29 0 
301 -425 698 0 
-920 781 894 0 
-888 -357 -189 0 
811 -689 -743 0 
845 929 -213 0 
197 822 506 0 
-237 -149 711 0 
501 815 -376 0 
-239 -709 324 0 
-934 -815 408 0 
-28 -259 688 0 
153 -996 699 0 
-225 474 -637 0 
-847 -367 579 0 
59 -224 444 0 
-830 -908 240 0 
-64 -905 851 0 
-771 -547 -528 0 
-968 -906 -92 0 
900 -558 -991 0 
-421 166 394 0 
-582 -935 -67 0 
-805 484 142 0 
-344 777 -793 0 
523 -846 -625 0 
797 -932 476 0 
847 -288 -995 0 
193 -921 551 0 
25 -891 109 0 
-40 -216 -160 0 
192 -329 -915 0 
-235 -860 769 0 
315 -953 -715 0 
274 257 -936 0 
-502 197 -747 0 
-99 472 712 0 
-910 680 626 0 
830 115 302 0 
-526 252 -190 0 
-185 174 725 0 
738 190 347 0 
-570 372 -442 0 
432 -621 783 0 
-202 137 369 0 
306 -141 221 0 
-349 -268 965 0 
170 -316 646 0 
-744 90 -101 0 
-193 243 592 0 
976 -945 -496 0 
708 730 -920 0 
-38 -6 155 0 
-467 359 579 0 
403 -99 -867 0 
657 -802 990 0 
624 -273 505 0 
-41 -733 991 0 
-480 586 749 0 
632 593 -387 0 
-589 935 -727 0 
250 -106 154 0 
687 -222 -75 0 
-194 807 -510 0 
722 555 -954 0 
-482 -860 113 0 
-275 378 -946 0 
-158 868 383 0 
186 445 70 0 
-497 802 -900 0 
-541 -920 -282 0 
959 -578 564 0 
-147 202 -133 0 
487 -707 188 0 
689 243 -275 0 
-91 -396 838 0 
884 -220 -972 0 
-567 -59 79 0 
-413 -493 -12 0 
-466 97 613 0 
105 -433 346 0 
-298 721 949 0 
569 778 -165 0 
209 505 -63 0 
824 707 -547 0 
-983 487 658 0 
161 605 190 0 
-225 807 -877 0 
266 194 779 0 
-896 55 -392 0 
460 115 -372 0 
602 635 -37 0 
752 -248 -352 0 
718 21 926 0 
536 -209 76 0 
-85 261 13 0 
-791 -864 699 0 
-563 178 652 0 
808 -267 20 0 
748 533 -27 0 
497 949 578 0 
-920 -173 954 0 
-807 769 311 0 
-977 287 126 0 
503 541 870 0 
867 -372 -726 0 
-94 -426 750 0 
-180 347 113 0 
549 -807 402 0 
352 180 605 0 
-529 -854 -912 0 
386 424 -217 0 
-847 -664 596 0 
775 -994 -527 0 
-799 -955 -295 0 
990 613 -259 0 
306 -667 -721 0 
-405 -886 -298 0 
798 946 -448 0 
-498 -499 -911 0 
581 -368 705 0 
819 557 367 0 
-54 -338 178 0 
-774 417 -758 0 
146 -908 755 0 
897 -147 -574 0 
-27 420 629 0 
305 399 -54 0 
232 -377 526 0 
808 -694 712 0 
-680 398 961 0 
719 -653 -27 0 
-282 452 -515 0 
977 571 589 0 
200 66 -208 0 
-394 -812 -188 0 
-239 172 -51 0 
497 -747 -226 0 
182 -759 -501 0 
78 -960 -99 0 
270 618 -420 0 
-927 459 260 0 
-331 133 338 0 
-40 -827 -417 0 
316 912 343 0 
759 492 -43 0 
-35 -259 -290 0 
-264 -854 -261 0 
-380 732 378 0 
-63 163 -268 0 
-866 -848 -444 0 
-573 702 -124 0 
593 39 -637 0 
-174 915 487 0 
-845 142 384 0 
260 105 882 0 
-45 99 792 0 
922 -353 -337 0 
758 -318 -649 0 
-33 -274 -898 0 
-943 340 160 0 
-581 43 -200 0 
-40 589 530 0 
802 763 99 0 
832 249 -874 0 
-697 -33 634 0 
978 -995 -996 0 
492 139 -5 0 
676 735 -233 0 
-109 610 -628 0 
419 915 -385 0 
-995 216 947 0 
-636 98 827 0 
901 774 233 0 
416 87 -126 0 
555 729 210 0 
530 901 747 0 
226 462 -21 0 
990 -942 -804 0 
794 147 745 0 
-841 -638 -906 0 
302 689 811 0 
542 -46 -910 0 
295 953 868 0 
-404 22 -43 0 
655 -575 646 0 
-221 643 -71 0 
496 836 -986 0 
-371 575 -634 0 
696 99 -925 0 
972 -838 -582 0 
760 -774 75 0 
-614 -185 100 0 
-476 728 -914 0 
338 169 -628 0 
73 463 -484 0 
-592 287 -606 0 
204 247 51 0 
748 528 516 0 
321 79 501 0 
121 342 796 0 
-553 230 47 0 
245 783 -675 0 
-771 -869 -638 0 
-273 -814 674 0 
-524 -444 318 0 
-329 -371 -176 0 
-10 -371 -895 0 
565 -693 366 0 
930 -572 27 0 
-235 155 -965 0 
512 -584 461 0 
-484 712 -549 0 
968 -697 -489 0 
246 -140 563 0 
789 -990 976 0 
-606 -286 -743 0 
190 -521 663 0 
509 827 334 0 
556 -235 838 0 
49 -765 -863 0 
977 654 -414 0 
376 -528 -896 0 
-485 -146 126 0 
305 -314 -941 0 
-510 567 -327 0 
237 122 164 0 
146 -282 141 0 
-325 -729 247 0 
370 691 -908 0 
438 640 -783 0 
-827 -873 -702 0 
-170 789 362 0 
407 248 516 0 
-517 -821 841 0 
-77 -735 593 0 
-210 -28 302 0 
-28 -82 -486 0 
235 381 997 0 
942 97 -360 0 
-851 601 -135 0 
543 54 157 0 
-330 -574 -659 0 
580 260 -770 0 
933 -976 882 0 
473 -472 945 0 
989 832 326 0 
-374 -636 -630 0 
-331 307 327 0 
695 245 -625 0 
888 962 904 0 
-747 -527 -949 0 
96 744 1000 0 
-943 -456 -664 0 
118 -534 171 0 
866 654 206 0 
710 -323 -684 0 
-71 608 893 0 
214 364 961 0 
126 383 -433 0 
288 -521 964 0 
164 681 -282 0 
-399 -292 -881 0 
-39 206 912 0 
687 911 71 0 
973 569 179 0 
66 -463 -901 0 
649 -12 -137 0 
-795 -8 66 0 
941 -794 982 0 
681 734 260 0 
20 195 253 0 
600 689 -435 0 
104 865 888 0 
689 -363 -348 0 
733 867 -753 0 
693 13 712 0 
808 -569 561 0 
805 -765 -337 0 
304 835 -692 0 
524 -855 656 0 
-243 197 135 0 
503 253 483 0 
874 923 -232 0 
-214 -404 33 0 
450 218 160 0 
-336 931 -615 0 
522 198 548 0 
592 44 -862 0 
-388 434 570 0 
-221 -952 69 0 
947 501 -158 0 
180 -352 -812 0 
337 437 919 0 
-201 376 540 0 
-477 -874 -587 0 
158 564 106 0 
-319 134 -245 0 
-437 -221 844 0 
-449 331 -985 0 
-853 67 947 0 
-367 651 -844 0 
-782 944 516 0 
971 -20 -420 0 
774 414 967 0 
141 294 -458 0 
-992 -418 -770 0 
725 648 -325 0 
871 738 570 0 
354 -616 -679 0 
92 842 -37 0 
705 -390 -674 0 
-267 285 343 0 
399 -654 -437 0 
169 -489 946 0 
564 -179 167 0 
-524 444 -757 0 
809 -127 -64 0 
895 -48 286 0 
293 892 249 0 
418 -586 -561 0 
-85 -779 -453 0 
-353 588 550 0 
31 -92 -17 0 
-813 128 -962 0 
-102 876 184 0 
551 -716 -561 0 
132 -954 -347 0 
-55 486 -324 0 
-882 253 -870 0 
136 -76 -853 0 
-350 568 455 0 
-589 -535 -632 0 
803 -932 200 0 
677 810 832 0 
-65 364 -490 0 
-408 -45 -1 0 
283 294 -44 0 
828 -318 -522 0 
-830 237 -236 0 
670 -333 -93 0 
-643 -946 967 0 
-284 235 -228 0 
873 -577 -721 0 
-350 912 133 0 
661 -626 -917 0 
-103 -977 626 0 
-510 514 62 0 
-878 40 -209 0 
679 226 418 0 
167 932 409 0 
735 -976 -153 0 
-418 655 332 0 
613 -142 -223 0 
-356 36 -212 0 
350 83 -164 0 
69 -609 -688 0 
-418 880 -939 0 
272 962 -936 0 
243 401 532 0 
-511 956 -506 0 
-973 -840 898 0 
332 -274 -704 0 
-349 903 -196 0 
-307 547 770 0 
-286 -751 -379 0 
-138 -961 307 0 
-386 -580 185 0 
641 -295 778 0 
-979 -313 353 0 
232 142 605 0 
-775 -278 851 0 
-606 306 558 0 
634 -853 504 0 
-928 -439 609 0 
-41 343 322 0 
-949 204 -904 0 
-373 -30 922 0 
-485 -752 381 0 
-884 193 693 0 
-344 -479 190 0 
866 -938 347 0 
-260 278 464 0 
-736 -673 -431 0 
-724 -815 593 0 
499 788 -949 0 
-319 -286 497 0 
-572 783 -946 0 
582 -709 497 0 
994 917 52 0 
-154 -19 574 0 
773 -414 445 0 
569 130 -541 0 
318 724 414 0 
-414 -648 -391 0 
6 -40 -863 0 
-149 776 -313 0 
-580 -128 -148 0 
192 -610 648 0 
112 210 852 0 
-588 204 -220 0 
530 135 -665 0 
-141 178 449 0 
-364 991 -766 0 
-25 276 -259 0 
-50 367 877 0 
672 547 -869 0 
-78 -584 752 0 
278 -212 -915 0 
959 419 -802 0 
-361 -31 -132 0 
479 972 -925 0 
-869 -191 382 0 
540 -691 201 0 
647 -499 -230 0 
670 971 529 0 
477 604 -993 0 
158 870 -587 0 
-968 650 -753 0 
-786 -457 34 0 
-49 -154 -118 0 
778 239 -41 0 
872 -781 -255 0 
29 -173 673 0 
31 -785 -275 0 
-532 701 -498 0 
-49 -352 128 0 
-220 -748 522 0 
-167 -138 433 0 
566 344 -661 0 
317 33 -226 0 
-951 -918 563 0 
235 -10 -476 0 
-672 747 -296 0 
504 -366 -265 0 
688 888 -851 0 
-159 -186 126 0 
-671 989 -860 0 
845 -271 611 0 
-158 702 18 0 
-455 -870 296 0 
-754 -745 -182 0 
280 -731 -325 0 
188 925 -664 0 
-945 -290 -804 0 
659 211 -827 0 
-378 -563 56 0 
469 -985 474 0 
466 -698 367 0 
-498 435 28 0 
761 635 510 0 
-756 -960 538 0 
879 -896 -110 0 
402 473 423 0 
-750 580 301 0 
281 227 173 0 
-804 -407 -854 0 
-899 978 617 0 
691 -459 -988 0 
433 -240 -862 0 
96 458 289 0 
-975 278 -723 0 
-959 595 785 0 
-624 140 614 0 
521 -782 648 0 
-10 956 -401 0 
550 -985 659 0 
118 578 -265 0 
94 588 930 0 
-632 643 -466 0 
341 613 -361 0 
-497 -180 -512 0 
-506 691 -607 0 
-562 -143 974 0 
-748 -562 -724 0 
-712 597 983 0 
-112 -945 738 0 
-847 -968 701 0 
-328 -147 236 0 
226 -407 -757 0 
854 253 249 0 
582 -104 505 0 
336 -573 -6 0 
-146 -964 338 0 
219 -125 -182 0 
-387 966 161 0 
-333 55 448 0 
-175 152 -957 0 
970 -838 -95 0 
444 351 -599 0 
164 -347 -634 0 
-78 -354 -383 0 
555 -629 -329 0 
-407 405 774 0 
-565 -416 124 0 
-53 894 -183 0 
618 245 -733 0 
-241 -824 -808 0 
237 717 850 0 
941 -856 25 0 
-429 546 -141 0 
-616 843 -255 0 
864 -62 138 0 
-165 577 -850 0 
-450 -293 944 0 
27 934 297 0 
-545 -532 290 0 
-514 -837 457 0 
606 863 -827 0 
-974 819 905 0 
-479 255 -78 0 
-136 -549 -176 0 
-126 -603 -628 0 
-261 -341 -55 0 
-818 54 -212 0 
-600 239 361 0 
674 -810 -701 0 
767 -460 237 0 
-392 -768 118 0 
-683 260 543 0 
612 857 220 0 
-224 652 -650 0 
824 701 247 0 
904 131 -83 0 
238 707 -780 0 
-856 805 738 0 
-690 156 -5 0 
267 -885 -198 0 
502 -899 458 0 
-698 -99 -179 0 
997 -475 -759 0 
-283 -434 -677 0 
421 -156 334 0 
908 803 -369 0 
802 -941 559 0 
388 -560 271 0 
960 542 20 0 
485 -587 93 0 
272 4 -608 0 
708 768 853 0 
-60 -465 173 0 
275 -187 131 0 
-76 482 593 0 
825 -176 -699 0 
541 764 823 0 
448 716 205 0 
-305 -590 50 0 
312 382 392 0 
-900 611 454 0 
-114 -957 628 0 
-725 208 -555 0 
402 -61 270 0 
797 -864 786 0 
-915 -805 -835 0 
868 172 -660 0 
274 497 169 0 
-644 -36 625 0 
730 -604 56 0 
316 -482 546 0 
-53 801 -268 0 
-272 16 344 0 
