p cnf 1000 2400
-130 315 628 0 
-399 353 -130 0 
-970 -443 -902 0 
398 -13 -923 0 
-468 -663 -595 0 
-974 398 718 0 
870 -217 -79 0 
-429 -85 295 0 
611 390 427 0 
-202 867 -722 0 
135 85 -58 0 
-18 -295 809 0 
446 232 493 0 
-40 -449 -916 0 
738 725 -14 0 
-733 -632 -502 0 
578 -442 -163 0 
339 464 -862 0 
842 230 174 0 
-6 573 -281 0 
378 58 -660 0 
-65 91 -879 0 
-685 385 -147 0 
-911 779 103 0 
-82 -740 -915 0 
16 514 -866 0 
632 156 -277 0 
410 665 -120 0 
-775 36 -809 0 
-219 711 156 0 
982 304 972 0 
-216 261 -513 0 
120 -146 -373 0 
629 -457 29 0 
-521 60 -140 0 
822 -556 -86 0 
-582 -360 269 0 
287 922 -989 0 
644 -338 -681 0 
597 301 389 0 
952 401 -803 0 
626 -462 659 0 
-277 -214 -105 0 
220 -28 -650 0 
339 705 -990 0 
724 -396 -726 0 
-652 43 595 0 
46 281 663 0 
406 867 -835 0 
994 873 537 0 
201 -306 902 0 
358 -920 -417 0 
641 674 -48 0 
-584 -590 782 0 
-596 -813 418 0 
-869 360 -94 0 
-859 -265 -586 0 
290 486 -750 0 
231 -354 925 0 
149 -695 -611 0 
162 143 925 0 
727 -314 637 0 
368 953 -927 0 
480 -839 921 0 
360 -896 201 0 
-873 377 875 0 
841 338 -945 0 
30 -997 746 0 
655 20 -391 0 
331 731 121 0 
381 -590 623 0 
207 858 464 0 
-698 -393 -399 0 
679 563 943 0 
-312 -470 341 0 
-189 528 745 0 
-995 -189 935 0 
-24 743 -990 0 
-353 -897 210 0 
813 87 -734 0 
335 567 779 0 
95 -671 973 0 
-599 -256 -724 0 
-912 -892 84 0 
-247 343 516 0 
-999 68 -669 0 
249 -796 -39 0 
371 -322 248 0 
799 583 -28 0 
228 -132 60 0 
-606 -966 -952 0 
345 -496 197 0 
-950 -956 -754 0 
561 687 575 0 
434 -158 131 0 
905 261 714 0 
677 220 581 0 
-899 847 414 0 
-85 660 297 0 
-666 -532 -808 0 
123 -272 -687 0 
469 757 -201 0 
-216 -433 -345 0 
619 105 45 0 
-239 -651 237 0 
-587 439 -532 0 
-661 936 -967 0 
-120 -404 950 0 
555 -634 -434 0 
-32 149 -908 0 
511 -1 -168 0 
222 -165 -33 0 
-126 903 -386 0 
-980 -221 -368 0 
-377 463 -651 0 
923 600 807 0 
-636 848 -147 0 
-205 -828 -214 0 
605 -328 360 0 
778 398 474 0 
-966 371 978 0 
777 410 324 0 
961 647 -143 0 
-551 403 -563 0 
54 71 -7 0 
486 -336 -208 0 
-535 2 73 0 
-740 635 -137 0 
-11 64 440 0 
-353 -317 -671 0 
-69 30 130 0 
136 677 -318 0 
360 21 550 0 
-536 -526 -12 0 
789 188 -310 0 
-650 -353 354 0 
219 133 83 0 
809 620 -815 0 
281 -119 -832 0 
244 -739 -256 0 
788 258 -895 0 
157 978 959 0 
-116 178 -427 0 
782 194 -233 0 
-237 692 -512 0 
-949 -566 -855 0 
-445 -922 -116 0 
-293 134 -560 0 
647 25 325 0 
79 -187 116 0 
-440 193 -904 0 
-618 -536 76 0 
327 56 198 0 
452 -637 -337 0 
243 558 918 0 
770 559 279 0 
147 575 879 0 
-832 -906 990 0 
487 -857 -940 0 
875 -895 328 0 
-559 -215 469 0 
-523 893 -228 0 
-411 -317 -147 0 
-152 -142 112 0 
-533 -778 -961 0 
-821 -83 924 0 
365 -506 957 0 
456 -633 730 0 
964 -955 59 0 
-522 -50 893 0 
315 765 408 0 
-290 -104 59 0 
-384 -900 464 0 
895 438 603 0 
199 569 759 0 
225 355 -668 0 
108 68 -742 0 
-454 711 84 0 
800 393 975 0 
-876 -592 135 0 
833 265 -359 0 
851 407 -144 0 
10 788 -218 0 
187 175 -550 0 
111 -191 488 0 
765 -51 -657 0 
-378 250 -452 0 
176 284 918 0 
-931 -352 168 0 
-390 43 501 0 
-678 -648 -436 0 
-515 -963 -437 0 
915 -192 168 0 
491 202 689 0 
435 369 -852 0 
578 22 -260 0 
-900 700 300 0 
-972 -295 349 0 
667 677 -212 0 
348 -174 -152 0 
-348 535 584 0 
-318 -255 -842 0 
-578 156 -584 0 
-716 551 -171 0 
53 747 67 0 
437 -230 -353 0 
718 -188 -125 0 
496 449 -643 0 
-488 -742 -757 0 
36 -493 208 0 
558 166 536 0 
-407 864 288 0 
811 -607 756 0 
-10 318 -361 0 
-575 -758 -103 0 
-948 -784 739 0 
-980 64 -134 0 
564 -206 -875 0 
-736 -31 -264 0 
863 763 927 0 
-324 -560 -643 0 
-975 -954 -734 0 
-533 116 -864 0 
676 231 217 0 
-891 -290 178 0 
186 83 -148 0 
-668 966 -882 0 
630 -696 -980 0 
919 377 -226 0 
547 -464 811 0 
141 674 -991 0 
696 351 -12 0 
-779 -199 -140 0 
326 987 475 0 
-452 -764 -826 0 
283 -577 -964 0 
674 167 -646 0 
702 -437 -49 0 
451 464 -752 0 
-879 -151 -360 0 
-339 -273 -53 0 
885 -829 -646 0 
866 -423 212 0 
974 536 478 0 
-979 630 -500 0 
496 -636 269 0 
-892 263 575 0 
-426 498 -909 0 
-575 -767 -316 0 
-929 -647 822 0 
771 -653 -865 0 
74 -529 -147 0 
-102 -910 -554 0 
625 -516 784 0 
95 785 325 0 
-670 -105 -278 0 
512 81 -356 0 
713 -446 802 0 
-608 429 289 0 
323 455 -740 0 
545 334 864 0 
284 464 535 0 
128 -931 896 0 
-875 -848 -746 0 
688 -148 62 0 
785 611 867 0 
-896 -932 512 0 
323 824 -390 0 
943 -455 97 0 
557 351 -857 0 
852 905 635 0 
-589 -636 -624 0 
403 307 -381 0 
64 530 -838 0 
145 -716 -880 0 
-739 808 -151 0 
-542 -43 -975 0 
-815 448 498 0 
-283 324 542 0 
-918 462 -166 0 
715 349 -305 0 
-456 436 135 0 
-728 -620 95 0 
-286 -705 991 0 
-654 -142 612 0 
336 583 232 0 
18 6 -852 0 
321 -170 -471 0 
585 -133 919 0 
467 967 -811 0 
772 893 -393 0 
-579 -191 -942 0 
402 718 205 0 
723 -549 -525 0 
144 348 -436 0 
477 -855 -746 0 
-698 53 -803 0 
-905 -367 -960 0 
316 -778 90 0 
114 -857 -990 0 
206 -122 523 0 
-877 41 406 0 
-250 582 85 0 
44 33 276 0 
-793 329 409 0 
-417 402 474 0 
903 -166 735 0 
-311 346 861 0 
-292 728 482 0 
-570 87 -758 0 
495 454 -697 0 
-76 -702 -468 0 
-650 830 235 0 
250 -936 -939 0 
506 508 -107 0 
783 -344 19 0 
-806 -819 561 0 
699 390 547 0 
774 -222 319 0 
835 155 -411 0 
620 -70 -993 0 
969 953 -378 0 
-175 -953 -312 0 
-95 -231 288 0 
-376 -523 -793 0 
766 285 907 0 
-811 -643 142 0 
-505 44 12 0 
-67 -652 -28 0 
-683 -996 -627 0 
278 -780 477 0 
-108 626 27 0 
-87 -699 683 0 
840 -563 -606 0 
671 914 422 0 
-863 -810 -271 0 
74 484 955 0 
571 -722 -627 0 
318 -972 -28 0 
-353 -322 843 0 
-218 614 -274 0 
75 238 374 0 
201 -525 -812 0 
281 -531 477 0 
867 721 893 0 
430 -132 597 0 
-382 -742 688 0 
360 -977 -283 0 
-805 208 356 0 
-497 329 -110 0 
-655 319 -789 0 
174 -969 654 0 
135 71 157 0 
805 -570 -794 0 
-332 -615 138 0 
999 -229 752 0 
35 -975 -455 0 
-200 878 13 0 
243 -498 -210 0 
-720 -312 484 0 
26 167 -978 0 
-571 -660 988 0 
837 -268 388 0 
203 489 678 0 
197 -564 806 0 
-750 248 532 0 
238 -231 421 0 
-948 69 -777 0 
392 275 -982 0 
107 -679 837 0 
-703 786 -752 0 
769 49 -652 0 
221 76 624 0 
368 -615 -196 0 
250 938 681 0 
-452 350 53 0 
608 -744 -26 0 
-776 617 -308 0 
603 500 991 0 
-910 -831 -35 0 
833 8 -346 0 
922 -701 451 0 
866 432 676 0 
-919 503 207 0 
-954 294 78 0 
513 980 528 0 
-557 560 917 0 
-532 -191 -719 0 
-699 84 -11 0 
981 90 401 0 
-805 -545 9 0 
-488 -614 -581 0 
528 171 -619 0 
-927 -562 261 0 
350 931 286 0 
-624 441 -634 0 
-380 817 600 0 
-516 -673 -585 0 
79 755 -436 0 
-312 371 -76 0 
591 952 -446 0 
-407 442 961 0 
132 843 801 0 
-454 -177 197 0 
248 668 -874 0 
-342 396 292 0 
-29 -591 944 0 
506 466 -365 0 
-686 507 -606 0 
257 -861 823 0 
-310 927 904 0 
-546 -428 -100 0 
-323 -749 386 0 
-535 160 -106 0 
507 -363 902 0 
-916 187 -56 0 
-191 637 791 0 
-295 -460 333 0 
889 769 285 0 
987 931 236 0 
-157 -292 294 0 
807 -744 -656 0 
928 852 102 0 
130 201 -948 0 
-154 542 353 0 
12 59 -442 0 
-303 -495 553 0 
394 888 -758 0 
940 -340 -579 0 
-622 -448 866 0 
-572 -676 -307 0 
-597 445 -61 0 
382 751 838 0 
-7 -682 622 0 
806 -570 -478 0 
341 -817 -127 0 
-480 -295 -780 0 
-662 721 -671 0 
107 987 195 0 
-214 -314 731 0 
-788 702 893 0 
-18 -421 -533 0 
-53 556 -550 0 
779 -498 125 0 
957 -345 116 0 
921 482 741 0 
-432 -946 334 0 
607 -737 221 0 
-168 407 -369 0 
-579 -967 -724 0 
-160 -965 -768 0 
378 -55 362 0 
-865 47 391 0 
824 -29 -56 0 
269 -224 561 0 
-387 729 -639 0 
894 41 -481 0 
187 -917 -20 0 
-497 -910 306 0 
777 263 762 0 
-21 -36 -330 0 
250 595 111 0 
-979 -596 390 0 
-633 -332 652 0 
-572 614 536 0 
146 -776 587 0 
-706 695 216 0 
-449 168 -496 0 
-918 -315 -159 0 
688 -195 -254 0 
-235 184 -602 0 
567 -817 -479 0 
-573 -212 -37 0 
-102 879 720 0 
-861 -714 -659 0 
-998 339 -907 0 
748 -702 879 0 
-332 671 291 0 
-886 970 914 0 
-724 176 46 0 
-386 -794 -624 0 
-762 -650 -70 0 
105 -106 -806 0 
-180 -704 366 0 
-668 784 -637 0 
-211 -487 246 0 
891 -979 286 0 
-252 -550 -719 0 
-620 604 -794 0 
217 954 -91 0 
-244 -757 -817 0 
-26 759 -206 0 
-967 -868 912 0 
-404 -808 -106 0 
-525 -810 678 0 
402 281 191 0 
-240 501 397 0 
773 934 335 0 
-567 455 762 0 
-982 567 520 0 
-356 123 -375 0 
-787 -990 772 0 
-523 -710 -965 0 
-632 -39 427 0 
-62 -590 926 0 
299 -282 -314 0 
801 375 105 0 
309 -42 217 0 
338 -639 464 0 
-650 -941 -531 0 
-452 -928 -119 0 
-969 -648 175 0 
411 541 175 0 
-719 -276 964 0 
-313 -881 706 0 
116 -665 762 0 
-293 121 -830 0 
-868 -203 -452 0 
-359 67 -741 0 
-619 -255 -557 0 
-809 -343 487 0 
109 -64 -195 0 
443 -94 -701 0 
648 -385 -159 0 
227 501 963 0 
-264 213 356 0 
795 912 745 0 
-605 -53 -723 0 
-45 489 -140 0 
87 60 346 0 
-647 -489 927 0 
-909 696 464 0 
-468 778 -289 0 
-748 541 994 0 
839 37 506 0 
-208 -131 -776 0 
-180 831 228 0 
550 -171 883 0 
-513 -551 120 0 
764 620 955 0 
-989 772 878 0 
827 292 201 0 
-69 -417 998 0 
-530 -886 866 0 
-92 80 106 0 
303 148 -774 0 
-881 973 172 0 
-435 -416 -670 0 
-734 717 -889 0 
488 -654 724 0 
781 718 271 0 
-547 -877 -126 0 
193 -995 -638 0 
562 -869 152 0 
830 -516 -951 0 
394 -578 -344 0 
-503 -946 545 0 
269 624 -855 0 
401 -87 -900 0 
350 232 827 0 
-355 321 -560 0 
403 597 253 0 
237 -518 -43 0 
658 -893 322 0 
-676 -900 -951 0 
365 -48 323 0 
-124 -920 289 0 
636 286 -757 0 
38 -801 452 0 
-43 -723 510 0 
-23 -632 -671 0 
-115 -72 -219 0 
-655 192 505 0 
-278 777 994 0 
679 311 198 0 
293 -816 -764 0 
-554 -903 883 0 
440 -142 581 0 
-780 -378 108 0 
-159 680 -172 0 
-431 841 455 0 
44 447 -114 0 
206 -132 436 0 
-164 -622 277 0 
910 825 -675 0 
140 493 -686 0 
144 -987 -994 0 
659 974 -651 0 
-232 -586 -347 0 
-380 840 711 0 
760 -970 814 0 
-930 203 -169 0 
-480 -719 -813 0 
242 270 -780 0 
373 221 -758 0 
649 612 116 0 
689 928 -20 0 
207 -409 531 0 
-529 -17 -429 0 
-425 553 -732 0 
-552 902 978 0 
-880 -52 518 0 
264 -979 371 0 
943 748 -561 0 
-514 892 945 0 
-928 94 -166 0 
-861 695 -49 0 
832 -752 186 0 
-770 781 224 0 
582 15 578 0 
344 594 278 0 
94 -715 -226 0 
3 595 -539 0 
220 -578 268 0 
-839 630 -618 0 
923 -217 677 0 
-938 -208 604 0 
243 984 -409 0 
102 -402 -261 0 
-708 706 57 0 
-669 -633 -397 0 
-238 -734 -888 0 
70 424 -183 0 
738 384 427 0 
701 -267 806 0 
663 259 -666 0 
-37 -407 -714 0 
871 286 -682 0 
377 327 -592 0 
93 1000 234 0 
413 449 -346 0 
-744 -233 -36 0 
522 -861 -318 0 
647 262 -241 0 
-135 84 -966 0 
371 -275 -286 0 
-958 -224 -549 0 
-214 131 -364 0 
-287 356 995 0 
107 358 -780 0 
320 318 -265 0 
-369 339 -606 0 
58 112 408 0 
-679 217 -277 0 
960 -218 880 0 
406 -852 -607 0 
-524 -410 528 0 
728 921 -583 0 
54 729 669 0 
-607 -382 -89 0 
500 59 -121 0 
732 216 957 0 
-498 992 520 0 
-134 -178 203 0 
639 -350 -515 0 
291 -200 -354 0 
942 422 89 0 
844 -317 -491 0 
966 -207 165 0 
-28 -962 -779 0 
266 532 932 0 
-992 387 311 0 
-490 -86 974 0 
863 -721 -10 0 
-452 866 -669 0 
228 -428 -503 0 
628 -940 1000 0 
-362 698 215 0 
310 -562 -275 0 
311 995 -678 0 
58 22 -560 0 
96 -502 398 0 
115 -739 239 0 
-790 796 -629 0 
-326 969 998 0 
230 214 103 0 
486 83 -382 0 
-992 544 116 0 
559 684 243 0 
-959 -435 646 0 
911 -220 -941 0 
-855 108 -505 0 
-460 -33 399 0 
-560 -536 729 0 
-767 910 274 0 
948 559 687 0 
477 760 112 0 
-988 -825 494 0 
-151 -959 -830 0 
275 283 32 0 
-758 756 578 0 
366 -569 918 0 
-1 -742 -381 0 
-787 -697 -62 0 
-48 -806 -345 0 
-606 939 493 0 
-994 -427 -637 0 
-503 722 -345 0 
-920 310 504 0 
24 770 736 0 
706 -894 423 0 
194 -744 751 0 
-790 965 884 0 
831 -7 -702 0 
-25 -894 -789 0 
-353 471 -13 0 
678 563 -355 0 
-419 -783 -774 0 
-672 -807 459 0 
27 -342 -713 0 
828 46 225 0 
-98 -549 388 0 
861 885 198 0 
454 974 -277 0 
-750 -663 -107 0 
-931 879 15 0 
-343 701 -977 0 
751 -756 -164 0 
227 -118 -805 0 
-756 663 739 0 
142 801 -751 0 
464 478 -378 0 
972 -96 -444 0 
268 115 697 0 
-839 599 394 0 
347 631 255 0 
994 504 -649 0 
122 -455 387 0 
-944 960 118 0 
176 592 -12 0 
-474 -399 -191 0 
855 726 -73 0 
418 330 454 0 
195 808 -140 0 
-469 658 883 0 
375 579 278 0 
6 -432 -87 0 
646 68 -569 0 
218 575 196 0 
168 502 186 0 
-564 -925 -723 0 
-102 901 755 0 
-466 -998 -313 0 
201 -396 550 0 
-411 -556 -31 0 
783 -545 287 0 
-127 44 565 0 
634 840 -789 0 
101 -744 954 0 
-611 -895 -645 0 
-202 322 901 0 
457 863 603 0 
85 -848 646 0 
-373 -852 -715 0 
-578 482 804 0 
-833 -65 -564 0 
-451 -768 135 0 
-810 293 -586 0 
-625 934 207 0 
896 834 -149 0 
-268 43 84 0 
113 502 -710 0 
-634 377 -914 0 
171 716 -300 0 
542 -205 -662 0 
4 902 -399 0 
-384 72 526 0 
-955 -651 -177 0 
-489 -181 278 0 
355 120 714 0 
85 -367 -625 0 
790 -397 -972 0 
-245 -791 390 0 
908 181 -628 0 
-847 836 -540 0 
721 166 461 0 
894 359 45 0 
896 -64 -997 0 
567 -462 94 0 
-242 516 -614 0 
980 759 -204 0 
855 577 -40 0 
251 555 -841 0 
594 996 -581 0 
-501 685 617 0 
542 280 265 0 
952 -221 -788 0 
-982 804 -66 0 
57 780 -342 0 
868 118 -948 0 
-548 859 222 0 
-330 -638 -970 0 
-731 812 829 0 
-744 -46 -267 0 
515 -631 274 0 
-680 68 321 0 
-398 -328 -725 0 
985 362 -771 0 
76 361 -859 0 
-793 -391 -946 0 
330 414 916 0 
-461 690 51 0 
500 897 645 0 
937 -666 745 0 
-729 -181 589 0 
-426 486 -720 0 
250 741 -973 0 
471 -463 -893 0 
-454 439 900 0 
-45 -406 -167 0 
-116 940 -92 0 
-669 923 -693 0 
-55 52 586 0 
-782 -506 837 0 
724 728 832 0 
-443 894 544 0 
420 166 -507 0 
-908 439 -424 0 
572 737 -624 0 
891 -527 -102 0 
225 -287 138 0 
129 -49 217 0 
952 -178 727 0 
78 -700 -511 0 
406 -488 -972 0 
-517 -63 -130 0 
-49 -886 -433 0 
111 -907 -402 0 
-559 -373 46 0 
216 117 739 0 
-484 -27 591 0 
-78 573 779 0 
-587 781 902 0 
131 628 -857 0 
853 187 -786 0 
986 962 35 0 
-224 -995 -472 0 
-250 571 -584 0 
-916 -424 303 0 
-42 613 87 0 
164 -846 902 0 
-718 888 -991 0 
594 -392 130 0 
-107 -406 -644 0 
157 948 -84 0 
-763 574 641 0 
167 -215 -974 0 
-480 -281 636 0 
-561 -928 194 0 
-711 -251 197 0 
368 456 190 0 
795 -766 -18 0 
142 128 -402 0 
539 -138 908 0 
-785 -910 -211 0 
59 40 895 0 
-768 838 810 0 
337 436 726 0 
-600 693 -315 0 
-769 650 105 0 
656 179 -139 0 
-575 556 299 0 
645 -18 -712 0 
-317 935 62 0 
-738 -924 -703 0 
681 -145 -168 0 
-461 771 930 0 
-277 -136 -280 0 
714 -984 -893 0 
-368 -830 -237 0 
-299 -799 -304 0 
-731 -377 -37 0 
-516 -959 -568 0 
608 90 768 0 
-530 767 212 0 
-451 353 -30 0 
447 373 209 0 
-17 164 -285 0 
113 22 195 0 
160 -309 -239 0 
426 -704 -876 0 
616 857 -560 0 
-977 -997 706 0 
-433 -149 -502 0 
11 830 -61 0 
137 924 747 0 
-22 396 820 0 
566 16 751 0 
668 918 -221 0 
884 261 54 0 
-371 -554 -765 0 
729 -786 -15 0 
531 316 -922 0 
-348 -185 600 0 
23 303 794 0 
269 -331 64 0 
-447 -502 65 0 
-933 465 -98 0 
-187 -435 497 0 
-432 -701 -499 0 
973 838 786 0 
-881 -938 328 0 
-654 426 -760 0 
313 -698 -90 0 
535 681 -993 0 
641 463 173 0 
-343 -560 524 0 
33 -133 201 0 
-965 -771 410 0 
-175 42 -806 0 
-855 707 143 0 
968 883 862 0 
362 -859 712 0 
-725 -784 979 0 
192 600 588 0 
196 624 676 0 
150 340 880 0 
-689 -235 -686 0 
-154 -665 -260 0 
-963 -606 881 0 
-546 537 820 0 
-146 -294 118 0 
-119 390 936 0 
400 -262 -521 0 
47 883 228 0 
-647 -688 -136 0 
405 289 -820 0 
491 -968 102 0 
-399 562 -973 0 
918 -354 -466 0 
614 56 705 0 
840 355 636 0 
734 -69 -759 0 
-602 132 213 0 
-741 565 823 0 
904 -544 610 0 
-738 343 -546 0 
212 583 673 0 
-673 -449 133 0 
-133 -997 209 0 
118 762 -210 0 
-665 394 639 0 
-538 704 618 0 
-322 -514 461 0 
-922 -98 588 0 
256 -125 736 0 
-469 736 -310 0 
56 -901 -215 0 
901 -23 152 0 
746 -149 -79 0 
-42 271 484 0 
-80 310 -770 0 
-965 833 -323 0 
-961 535 -772 0 
16 -478 130 0 
149 -931 625 0 
383 -603 -942 0 
80 -429 885 0 
-860 846 96 0 
-350 -457 -402 0 
-215 652 -351 0 
882 814 -30 0 
-8 -739 -679 0 
-334 -991 726 0 
-200 800 878 0 
-352 906 851 0 
241 319 645 0 
591 -890 -486 0 
227 -737 -40 0 
-692 -983 46 0 
-592 821 -259 0 
49 577 721 0 
-343 47 148 0 
-831 146 581 0 
547 734 -346 0 
-43 -23 157 0 
351 -46 387 0 
-977 283 416 0 
-687 848 -62 0 
73 259 974 0 
-455 -22 251 0 
160 -574 327 0 
-135 378 -189 0 
-733 470 -847 0 
-989 -790 -258 0 
-784 -348 -936 0 
-263 311 190 0 
-326 -912 -734 0 
230 -960 290 0 
-729 953 -845 0 
-829 363 174 0 
-973 -873 970 0 
476 799 431 0 
-128 -815 -970 0 
-760 -897 -210 0 
253 756 771 0 
-520 -959 381 0 
461 355 -551 0 
-347 -709 1 0 
37 915 -787 0 
242 768 944 0 
-179 -716 -131 0 
-201 13 -390 0 
938 456 -738 0 
-732 595 -902 0 
-230 -605 -597 0 
667 -412 719 0 
-355 -34 305 0 
897 -207 130 0 
500 -332 888 0 
-637 868 -877 0 
631 858 -623 0 
-19 -895 534 0 
490 -39 547 0 
977 -75 -253 0 
-85 -27 374 0 
910 38 125 0 
-515 -842 -10 0 
630 -89 -400 0 
-791 200 -655 0 
279 596 -840 0 
-993 -780 -925 0 
689 518 4 0 
-935 -93 -624 0 
-612 937 509 0 
520 -689 -435 0 
122 129 -757 0 
802 626 197 0 
687 -916 338 0 
559 240 -68 0 
-545 722 -425 0 
944 618 -432 0 
205 -858 454 0 
-902 207 979 0 
-841 -825 -550 0 
-725 -21 675 0 
-605 -697 -229 0 
-988 -135 -216 0 
421 711 588 0 
-816 -25 -482 0 
-645 -371 803 0 
202 711 -386 0 
643 508 72 0 
-855 -818 -945 0 
-783 -342 -216 0 
529 -799 -664 0 
759 -70 54 0 
-391 738 -44 0 
808 987 -70 0 
-582 415 463 0 
257 766 279 0 
-541 683 -670 0 
764 -553 -776 0 
-899 -685 -850 0 
117 -1 341 0 
938 -85 977 0 
-879 -262 -126 0 
769 -448 983 0 
307 296 877 0 
-108 715 256 0 
-956 522 -164 0 
330 139 546 0 
435 415 -848 0 
600 -486 462 0 
-425 703 -706 0 
876 413 -76 0 
207 951 836 0 
82 876 -441 0 
-588 734 604 0 
370 607 146 0 
-985 525 647 0 
-209 868 179 0 
-233 -185 391 0 
-281 -328 504 0 
701 -413 213 0 
-859 -862 3 0 
-291 645 -113 0 
459 926 -25 0 
299 324 612 0 
-686 320 -197 0 
408 390 217 0 
505 989 382 0 
-277 627 40 0 
-246 -495 -736 0 
722 75 -772 0 
119 185 187 0 
142 -535 -647 0 
-598 582 788 0 
989 -91 112 0 
-315 736 961 0 
545 215 -667 0 
-340 -4 -126 0 
553 -4 61 0 
611 -395 484 0 
-80 199 -412 0 
792 -305 614 0 
-913 -481 662 0 
-49 -322 -432 0 
-786 -711 665 0 
-726 -543 237 0 
245 -856 -457 0 
7 -532 335 0 
-569 128 673 0 
361 551 384 0 
573 -631 -248 0 
-984 539 -445 0 
152 140 860 0 
138 -893 891 0 
-116 -329 -386 0 
-861 -266 538 0 
-827 909 -940 0 
-621 -1000 -769 0 
-340 291 747 0 
762 -712 247 0 
298 -286 342 0 
-24 689 513 0 
-448 952 -966 0 
-618 369 970 0 
-608 58 24 0 
998 54 -706 0 
-803 -717 30 0 
-171 792 -759 0 
-740 -598 -389 0 
908 233 300 0 
-2 976 749 0 
-500 -852 346 0 
-852 -214 -518 0 
-367 927 360 0 
783 -545 -672 0 
-429 -512 -447 0 
907 -355 -326 0 
-581 -601 275 0 
417 153 457 0 
-461 585 -653 0 
175 -692 45 0 
-399 440 815 0 
-10 27 152 0 
-252 -934 -139 0 
364 405 319 0 
-966 89 -661 0 
711 -776 -171 0 
273 540 667 0 
-703 634 -392 0 
639 -46 33 0 
-750 -870 742 0 
-289 708 220 0 
811 403 -56 0 
-297 850 -908 0 
735 -261 -241 0 
140 -65 612 0 
28 -664 16 0 
189 222 97 0 
248 -268 -737 0 
-510 988 660 0 
-412 323 417 0 
-164 -906 -598 0 
-829 991 -276 0 
-768 -165 -961 0 
51 -671 -730 0 
143 -947 -2 0 
-448 373 -84 0 
384 126 -443 0 
-335 -854 313 0 
-918 941 -607 0 
362 -21 305 0 
966 -969 327 0 
345 -581 416 0 
-1 -268 -92 0 
693 -569 714 0 
967 481 493 0 
-831 426 -358 0 
685 -584 -466 0 
-17 665 -165 0 
700 522 -414 0 
-666 7 575 0 
-744 -155 173 0 
512 438 214 0 
-238 142 -107 0 
-794 75 -881 0 
-945 -309 375 0 
771 277 674 0 
-580 -552 654 0 
372 936 510 0 
-286 -50 -120 0 
-402 -573 656 0 
-111 -64 -53 0 
662 -358 518 0 
-694 -431 -584 0 
-892 88 197 0 
-553 886 -941 0 
-241 577 193 0 
337 -847 -73 0 
-642 359 517 0 
-188 225 268 0 
904 930 865 0 
601 173 994 0 
554 584 260 0 
-183 596 448 0 
-68 362 686 0 
-254 -291 573 0 
542 987 -344 0 
807 861 -1 0 
196 360 938 0 
175 610 -92 0 
517 -739 436 0 
-340 910 800 0 
515 791 -124 0 
-98 607 -561 0 
-186 609 162 0 
142 -7 305 0 
930 -590 -153 0 
-386 -225 565 0 
672 -925 502 0 
-409 -908 259 0 
-777 113 -952 0 
309 -437 824 0 
-534 -400 -485 0 
947 -239 -271 0 
-682 582 363 0 
-120 -125 999 0 
129 -955 308 0 
640 211 -248 0 
-875 630 506 0 
-836 837 579 0 
315 -2 714 0 
-139 -700 753 0 
-702 961 552 0 
-253 -266 -68 0 
-206 109 716 0 
-710 384 -90 0 
670 464 728 0 
154 -25 -331 0 
-143 -261 -21 0 
-501 533 -22 0 
427 -27 -635 0 
-615 -218 27 0 
512 -515 99 0 
-151 717 -456 0 
-91 804 -663 0 
-208 -126 -157 0 
499 -906 -444 0 
855 -688 -927 0 
-790 919 -917 0 
958 328 511 0 
-945 482 -585 0 
-408 987 683 0 
808 -27 -964 0 
701 27 344 0 
-707 369 478 0 
-918 220 937 0 
-6 -862 354 0 
27 909 647 0 
-787 -940 -665 0 
-386 616 -952 0 
101 -366 862 0 
334 671 139 0 
952 -469 92 0 
443 148 350 0 
88 -109 -842 0 
-824 -955 182 0 
-588 -521 607 0 
-69 -428 -153 0 
-219 -521 401 0 
-893 -451 -148 0 
595 -457 -239 0 
268 -560 -25 0 
-713 860 948 0 
255 586 -26 0 
213 -749 601 0 
-502 606 754 0 
-306 -708 -71 0 
354 -896 -930 0 
-634 -557 -331 0 
93 -439 -526 0 
477 -912 -407 0 
782 -436 -680 0 
734 -484 -904 0 
-664 -951 -997 0 
-25 -84 555 0 
931 -781 -899 0 
-953 -171 838 0 
-771 206 76 0 
631 -680 -2 0 
-833 971 637 0 
-133 -528 465 0 
-92 -270 127 0 
-228 -849 605 0 
456 884 -861 0 
-337 737 56 0 
-181 195 150 0 
131 280 -943 0 
-933 510 482 0 
-432 -970 -189 0 
-256 -247 86 0 
384 777 583 0 
-776 -961 329 0 
924 -771 -363 0 
493 -586 -950 0 
283 768 -918 0 
-596 -4 670 0 
-724 -557 37 0 
-601 873 -179 0 
-387 -244 -968 0 
-594 -492 741 0 
598 351 321 0 
-256 -871 320 0 
-941 260 587 0 
-932 413 -324 0 
-598 -430 -592 0 
252 -371 -432 0 
-11 -252 901 0 
193 938 -124 0 
-423 471 -692 0 
34 -698 358 0 
481 -428 -572 0 
-248 -348 -915 0 
269 -353 800 0 
-425 747 -517 0 
283 300 233 0 
265 -870 -181 0 
-681 61 444 0 
-556 220 744 0 
-211 6 358 0 
-691 -307 -821 0 
218 -816 -365 0 
-703 838 -676 0 
-527 -218 234 0 
-369 -935 -678 0 
233 694 562 0 
56 904 429 0 
769 -326 935 0 
-848 803 997 0 
-58 852 896 0 
-654 997 -531 0 
-979 -437 -233 0 
-176 715 949 0 
-524 995 463 0 
122 -366 -129 0 
-494 826 283 0 
664 -957 567 0 
891 -500 -712 0 
877 854 446 0 
-352 534 687 0 
-359 644 -73 0 
575 284 493 0 
107 683 243 0 
-335 342 612 0 
74 977 -248 0 
-874 -936 760 0 
-880 974 352 0 
-217 684 151 0 
476 332 710 0 
-755 -763 -642 0 
-824 -910 407 0 
773 -363 592 0 
530 916 -959 0 
-781 163 882 0 
-617 39 459 0 
-599 -494 -936 0 
44 -626 -797 0 
-651 728 406 0 
461 -166 -569 0 
-836 -446 -652 0 
-427 203 303 0 
797 -943 -25 0 
-255 -355 -679 0 
-970 -913 -523 0 
531 474 143 0 
423 1000 -879 0 
-606 295 86 0 
-923 -288 49 0 
-15 -46 894 0 
100 -998 288 0 
-438 -959 -925 0 
-134 -930 472 0 
327 -467 135 0 
293 -398 540 0 
540 548 -29 0 
652 -451 39 0 
966 -159 -926 0 
124 306 -476 0 
-576 -295 -878 0 
901 693 -965 0 
703 106 -213 0 
354 -283 -391 0 
325 182 -894 0 
480 791 -42 0 
-833 -579 585 0 
937 -260 727 0 
-26 690 -124 0 
707 -959 243 0 
-73 -186 177 0 
-773 -529 -233 0 
-321 -713 -985 0 
-429 378 -506 0 
-331 -124 787 0 
-779 -533 164 0 
-628 -742 811 0 
-674 -517 -807 0 
-877 341 -618 0 
-451 -623 -676 0 
697 -123 873 0 
-644 -655 729 0 
242 -253 306 0 
-77 -560 -809 0 
987 -466 217 0 
757 362 736 0 
-728 907 107 0 
528 799 1 0 
863 646 197 0 
-212 -677 877 0 
-179 978 -960 0 
-420 793 -597 0 
360 -473 -233 0 
660 -620 -759 0 
514 545 -271 0 
-791 975 534 0 
564 184 -66 0 
75 -778 -739 0 
-626 779 881 0 
795 725 -56 0 
895 458 262 0 
886 649 -78 0 
-350 830 263 0 
-349 -566 -94 0 
-404 719 -974 0 
-47 -247 -519 0 
148 -276 -205 0 
229 -644 -382 0 
479 57 -349 0 
-136 521 -61 0 
-593 766 188 0 
-207 149 4 0 
-271 695 -913 0 
516 169 236 0 
188 803 631 0 
900 528 568 0 
287 226 -22 0 
-209 246 7 0 
343 539 -737 0 
-362 -32 982 0 
956 -142 -934 0 
582 -572 -506 0 
976 -729 780 0 
-114 -62 648 0 
633 -963 -455 0 
-871 728 -760 0 
655 -313 789 0 
52 180 175 0 
851 878 -361 0 
804 307 -619 0 
744 130 838 0 
341 -998 76 0 
779 475 26 0 
-621 727 104 0 
113 -115 712 0 
896 924 360 0 
-401 662 111 0 
-721 -338 -89 0 
-3 64 712 0 
705 711 -467 0 
-626 -701 -903 0 
-349 -483 -912 0 
-981 -411 731 0 
326 11 865 0 
-823 322 -639 0 
126 -811 -281 0 
637 935 -33 0 
-159 185 351 0 
132 466 -588 0 
807 420 -394 0 
886 842 87 0 
-29 775 812 0 
608 -88 984 0 
695 215 883 0 
328 -37 708 0 
-44 -450 931 0 
-358 -327 981 0 
-567 128 -827 0 
117 446 -811 0 
-48 -822 -449 0 
999 -619 918 0 
-578 -886 -782 0 
412 778 -112 0 
167 -315 969 0 
-626 -146 806 0 
-487 486 -407 0 
571 905 -607 0 
-284 -109 -378 0 
638 -863 -104 0 
-123 -126 -56 0 
423 -418 -694 0 
457 -857 113 0 
-986 433 726 0 
-604 -786 -340 0 
645 -648 -461 0 
360 -907 -354 0 
96 867 -605 0 
-824 278 78 0 
932 39 -822 0 
732 -794 782 0 
-840 997 498 0 
119 -502 887 0 
-776 -960 -778 0 
105 419 403 0 
522 345 183 0 
-663 329 -208 0 
6 -597 -549 0 
333 769 -696 0 
709 -68 -202 0 
131 -498 286 0 
840 -705 -923 0 
-630 -891 -502 0 
672 912 -117 0 
988 774 -637 0 
663 759 -753 0 
624 -159 279 0 
540 530 198 0 
366 961 -740 0 
281 832 547 0 
767 -385 702 0 
-265 780 377 0 
287 575 162 0 
573 -753 56 0 
484 -88 -84 0 
-25 -541 818 0 
701 863 -927 0 
-462 558 828 0 
584 -731 -344 0 
273 920 -712 0 
929 -559 81 0 
-771 751 -907 0 
-457 -638 568 0 
-786 -493 -808 0 
-764 -197 847 0 
-396 -618 -871 0 
-246 -918 879 0 
-954 -768 -528 0 
415 688 -594 0 
-346 23 617 0 
501 308 -990 0 
-790 869 684 0 
964 -789 469 0 
-984 -16 -841 0 
-481 324 564 0 
-694 761 633 0 
-698 -449 816 0 
-71 -767 -318 0 
-935 503 519 0 
166 -510 -225 0 
-260 -22 664 0 
-86 201 -364 0 
313 -726 -391 0 
264 -270 417 0 
-551 400 -587 0 
-461 304 670 0 
653 355 -437 0 
979 -949 -570 0 
-209 438 -667 0 
-290 -523 -963 0 
453 630 -848 0 
416 624 157 0 
-217 255 -624 0 
379 130 581 0 
-937 432 283 0 
-267 -745 -6 0 
31 -234 -220 0 
-644 645 604 0 
99 -836 968 0 
-246 125 742 0 
-152 731 491 0 
510 866 232 0 
-248 -481 -433 0 
-92 -473 -31 0 
431 715 -440 0 
-298 792 681 0 
551 374 877 0 
776 534 948 0 
882 -82 -942 0 
852 -976 -461 0 
932 -944 70 0 
73 828 598 0 
40 12 287 0 
-881 339 -598 0 
-133 -673 93 0 
714 -861 327 0 
9 612 1 0 
-523 -689 -745 0 
-243 -715 -378 0 
-796 543 256 0 
763 -196 339 0 
67 135 145 0 
-516 185 974 0 
-712 377 157 0 
365 -511 892 0 
765 -594 -705 0 
686 -695 536 0 
-578 -659 481 0 
-381 -202 -51 0 
451 696 -145 0 
-883 -81 -780 0 
-7 -872 905 0 
-533 910 829 0 
-585 622 -452 0 
625 9 -453 0 
-124 -403 -323 0 
453 -388 -607 0 
-458 -304 -465 0 
747 266 718 0 
210 -695 -672 0 
698 787 849 0 
677 165 -349 0 
-445 136 154 0 
-481 528 648 0 
-414 307 -957 0 
460 -954 -290 0 
-296 212 -301 0 
-828 -821 34 0 
904 195 162 0 
554 -766 -295 0 
887 -84 913 0 
-263 -640 795 0 
200 613 -493 0 
896 -703 701 0 
503 -842 -748 0 
-238 -97 -763 0 
-129 -23 371 0 
-580 -1000 -498 0 
459 -114 -301 0 
407 69 394 0 
-878 955 22 0 
999 895 626 0 
-778 551 -449 0 
203 831 7 0 
376 630 774 0 
-880 683 -789 0 
-765 871 754 0 
-542 -330 560 0 
-254 -777 552 0 
632 549 295 0 
2 338 978 0 
-32 -435 -251 0 
24 542 -311 0 
291 -1 278 0 
-370 837 429 0 
-912 -746 -995 0 
782 145 -228 0 
864 -779 -395 0 
-490 837 -242 0 
266 444 -472 0 
-746 -691 318 0 
998 -627 -860 0 
-856 473 -382 0 
-900 104 912 0 
1 128 180 0 
517 639 -930 0 
868 862 -737 0 
-423 -10 50 0 
449 -607 -451 0 
-927 61 394 0 
-980 -92 63 0 
286 -107 -561 0 
764 874 -292 0 
20 285 -449 0 
15 155 278 0 
-853 -242 -687 0 
945 -4 -166 0 
113 -805 -505 0 
-489 860 -743 0 
-207 808 -677 0 
-221 339 850 0 
302 580 781 0 
-695 -612 961 0 
2 -442 633 0 
-167 12 784 0 
787 -845 -69 0 
763 72 784 0 
-761 -239 262 0 
-346 362 527 0 
-808 -277 -463 0 
-4 584 625 0 
-367 630 -473 0 
182 -724 -68 0 
477 585 534 0 
-953 -971 180 0 
944 809 -278 0 
-902 -109 -155 0 
631 -411 -146 0 
-570 -403 147 0 
-452 40 839 0 
-141 -404 584 0 
524 -472 167 0 
-137 -4 -851 0 
409 54 -479 0 
-153 -384 922 0 
-379 -638 -679 0 
-97 -921 366 0 
-605 -291 844 0 
-912 -549 587 0 
682 195 -326 0 
-137 -38 -437 0 
-248 -844 649 0 
-106 356 -27 0 
-408 801 -790 0 
-401 -77 566 0 
-295 985 -869 0 
-987 691 787 0 
-233 -771 250 0 
-295 132 -280 0 
864 -874 -546 0 
828 458 -381 0 
872 -607 -288 0 
-384 -367 -148 0 
990 42 936 0 
400 391 408 0 
-578 197 -74 0 
-915 -968 521 0 
511 29 493 0 
-107 -600 -740 0 
319 -618 -543 0 
-652 531 116 0 
217 564 -377 0 
963 748 -159 0 
280 -69 -592 0 
-499 325 -874 0 
-330 -896 -337 0 
-114 645 922 0 
-928 600 522 0 
37 405 99 0 
-395 446 526 0 
774 -135 -351 0 
464 -493 336 0 
-814 976 399 0 
-576 -329 913 0 
369 893 884 0 
530 -604 129 0 
-848 405 -76 0 
241 840 928 0 
-778 -450 -284 0 
-307 677 974 0 
807 585 228 0 
-443 -882 -11 0 
20 -842 -586 0 
222 -160 170 0 
-668 -774 845 0 
-654 -440 243 0 
224 940 324 0 
-731 700 163 0 
-561 778 -500 0 
-896 -163 402 0 
-998 -518 6 0 
-396 -743 -561 0 
573 -51 -585 0 
-84 -940 463 0 
-209 -719 527 0 
431 -56 -549 0 
301 -576 498 0 
621 801 -590 0 
53 359 220 0 
890 987 618 0 
-894 689 -55 0 
-731 73 192 0 
398 -213 -955 0 
-469 851 322 0 
68 -367 -400 0 
353 -412 -138 0 
430 -36 42 0 
-648 -732 -254 0 
-900 -476 216 0 
-488 107 708 0 
-408 -494 778 0 
-756 -953 -244 0 
481 347 -283 0 
267 911 881 0 
398 -328 162 0 
-798 595 820 0 
-493 -108 -205 0 
-74 280 644 0 
383 599 301 0 
772 -56 414 0 
-563 351 -322 0 
-606 655 458 0 
66 330 452 0 
-840 -940 858 0 
-113 672 721 0 
-253 -886 935 0 
223 -685 -903 0 
667 117 961 0 
266 -920 -683 0 
781 502 455 0 
-415 -689 66 0 
210 -873 -225 0 
624 -134 974 0 
138 -57 -805 0 
-703 -123 894 0 
-829 -87 -749 0 
739 404 -571 0 
811 -454 -402 0 
-126 -371 153 0 
121 -412 -857 0 
522 501 809 0 
-73 16 -331 0 
193 391 -939 0 
980 -56 -292 0 
-21 -873 141 0 
-19 320 79 0 
-48 750 640 0 
-328 -8 -357 0 
522 459 50 0 
-438 -742 707 0 
813 -953 -763 0 
951 -428 364 0 
343 -236 -20 0 
998 261 -940 0 
-59 -712 597 0 
338 -337 897 0 
105 -597 -234 0 
-470 -187 426 0 
823 -708 772 0 
-135 -395 846 0 
-977 522 -746 0 
114 422 596 0 
783 210 -585 0 
362 -499 126 0 
300 162 223 0 
701 -446 -688 0 
-846 -44 -969 0 
404 -190 -993 0 
-578 219 501 0 
-511 726 -504 0 
-144 -184 621 0 
741 -742 -947 0 
94 -894 -640 0 
956 137 -873 0 
-363 931 -742 0 
308 595 395 0 
923 -41 -470 0 
-689 860 -732 0 
-248 -859 895 0 
371 33 -948 0 
921 -274 -206 0 
-252 543 38 0 
205 622 329 0 
-943 660 302 0 
-656 385 775 0 
719 -577 485 0 
-775 917 -227 0 
86 -184 -308 0 
407 235 -705 0 
-722 -596 657 0 
846 -368 390 0 
108 -726 -709 0 
-341 -964 -616 0 
-752 918 -10 0 
-231 271 -742 0 
-241 769 -788 0 
909 46 559 0 
461 -59 84 0 
-954 438 860 0 
-289 -665 -941 0 
798 -174 -521 0 
873 -7 -298 0 
343 -940 -915 0 
508 -901 765 0 
-329 -795 -741 0 
58 -557 -633 0 
-846 883 -766 0 
545 -788 -146 0 
504 1000 285 0 
-444 -245 -161 0 
194 472 571 0 
-516 642 445 0 
-884 -548 -574 0 
452 230 453 0 
763 14 -604 0 
669 -254 532 0 
354 -988 208 0 
-416 -919 910 0 
656 784 79 0 
-664 -784 900 0 
211 784 879 0 
-83 57 898 0 
-853 -33 -128 0 
-542 300 682 0 
-322 148 285 0 
-4 -907 -381 0 
-553 593 794 0 
46 -501 470 0 
-960 988 292 0 
999 72 20 0 
919 282 168 0 
-363 830 163 0 
-247 -579 -211 0 
-951 -620 825 0 
114 -491 -215 0 
667 -814 -850 0 
-822 842 510 0 
989 73 76 0 
382 699 -217 0 
426 -382 -291 0 
-640 -345 -359 0 
-829 400 374 0 
824 40 -182 0 
94 768 -76 0 
393 -383 -960 0 
-913 410 264 0 
-804 631 610 0 
90 -647 -608 0 
-856 572 148 0 
744 684 445 0 
-644 -165 568 0 
-939 -892 33 0 
303 696 39 0 
70 684 -645 0 
-76 218 716 0 
732 -133 77 0 
657 -269 -989 0 
-136 -169 462 0 
671 -394 437 0 
-611 542 -608 0 
750 -17 -618 0 
496 -52 127 0 
671 128 -936 0 
828 706 -675 0 
795 -251 389 0 
-302 799 171 0 
-488 -792 -216 0 
406 -121 89 0 
497 -318 357 0 
-86 -779 -221 0 
339 -787 -989 0 
269 126 -823 0 
-868 186 -541 0 
-965 -478 -754 0 
-691 102 199 0 
-729 538 288 0 
1 911 -969 0 
-785 699 -343 0 
-496 -990 316 0 
-534 -983 69 0 
111 773 -431 0 
-55 883 -853 0 
-520 -908 94 0 
-215 -883 -140 0 
18 910 -663 0 
-74 65 -239 0 
-672 800 -79 0 
713 813 345 0 
114 -430 691 0 
-373 -576 -529 0 
309 953 806 0 
-740 170 -920 0 
858 653 -292 0 
628 -834 -875 0 
-230 -115 819 0 
-502 920 -88 0 
283 -546 -818 0 
192 693 -322 0 
907 312 -782 0 
-800 -123 -200 0 
-504 236 225 0 
498 -291 12 0 
521 -882 714 0 
-157 743 -762 0 
717 -848 689 0 
-495 820 -404 0 
-257 -914 -59 0 
798 -693 -913 0 
-390 893 910 0 
-171 345 382 0 
-301 -513 549 0 
-483 -446 330 0 
-205 334 531 0 
-464 -702 892 0 
-53 -327 531 0 
268 894 707 0 
-987 -96 835 0 
211 -347 -36 0 
569 -572 -864 0 
-82 839 544 0 
420 -113 379 0 
727 -581 -690 0 
-70 291 -721 0 
652 -645 -992 0 
405 -109 -820 0 
-80 957 -64 0 
-106 -177 481 0 
878 -213 -247 0 
-532 800 182 0 
50 -910 932 0 
276 595 -337 0 
295 719 -743 0 
-542 -311 -295 0 
882 276 -596 0 
-930 -81 -59 0 
747 433 -780 0 
-291 -9 203 0 
-577 799 -589 0 
-677 -968 766 0 
-12 -189 655 0 
-580 740 -978 0 
446 366 -334 0 
-102 66 -11 0 
-964 962 -707 0 
722 -912 970 0 
-587 951 695 0 
-994 987 929 0 
559 287 -36 0 
985 736 393 0 
-527 -596 -31 0 
911 823 250 0 
237 -346 829 0 
-438 753 -757 0 
417 -339 -205 0 
469 700 -151 0 
-163 -751 241 0 
805 -571 96 0 
-489 -254 324 0 
870 -132 -922 0 
890 812 -601 0 
233 -532 -957 0 
-969 -659 221 0 
-651 -798 704 0 
918 -985 -52 0 
-601 345 -692 0 
744 -745 295 0 
-281 -200 -88 0 
506 468 -452 0 
600 312 -418 0 
-839 -95 165 0 
-9 -832 320 0 
-486 -555 -922 0 
223 941 388 0 
-48 956 233 0 
-850 -36 1000 0 
-832 210 -597 0 
-128 -564 893 0 
719 -468 -414 0 
-731 348 67 0 
-530 240 -432 0 
-701 943 -265 0 
895 -804 -332 0 
-929 -846 -680 0 
119 796 -834 0 
-720 407 -80 0 
939 65 540 0 
245 589 -281 0 
233 997 24 0 
780 -325 -920 0 
823 613 -838 0 
-189 492 -129 0 
48 960 117 0 
-167 -524 -943 0 
-251 -511 -214 0 
661 857 265 0 
-68 -490 70 0 
-791 207 619 0 
-188 577 890 0 
-996 314 406 0 
951 -33 -486 0 
-591 244 -811 0 
-708 -19 -206 0 
-359 640 -426 0 
184 -230 917 0 
983 221 -585 0 
-98 -462 -998 0 
734 -591 385 0 
172 38 -593 0 
-415 -172 -915 0 
-364 574 346 0 
-58 -553 -599 0 
381 -772 -545 0 
73 572 397 0 
-332 -429 -535 0 
-660 -418 -879 0 
139 -526 -947 0 
-643 -74 -834 0 
236 -789 941 0 
497 -668 -488 0 
-593 -923 -109 0 
-387 524 -391 0 
393 -308 172 0 
794 686 -901 0 
473 239 -62 0 
-941 -554 -530 0 
-871 -300 894 0 
15 -786 -102 0 
-185 331 813 0 
-894 555 -891 0 
965 -662 918 0 
-306 -196 142 0 
723 -26 -430 0 
917 -734 742 0 
-672 628 283 0 
443 -634 50 0 
784 23 581 0 
-598 676 -478 0 
728 -84 469 0 
38 -437 -535 0 
-502 245 -374 0 
-329 694 -506 0 
5 -472 -98 0 
353 -551 474 0 
512 -421 -464 0 
563 -615 -147 0 
-899 750 -757 0 
-587 316 640 0 
-111 -262 -52 0 
-534 366 -718 0 
815 -7 -630 0 
421 -474 867 0 
27 932 -685 0 
-921 -312 56 0 
500 -559 -618 0 
614 -368 -120 0 
-607 -966 105 0 
-651 417 -234 0 
-797 717 -958 0 
-129 251 -587 0 
-416 420 451 0 
-684 548 906 0 
-49 -21 531 0 
173 71 -191 0 
813 958 627 0 
210 388 691 0 
340 111 -647 0 
84 -992 599 0 
4 141 567 0 
99 -248 946 0 
618 865 485 0 
-612 -43 -461 0 
-92 -973 -813 0 
22 -307 571 0 
59 675 751 0 
-966 -319 -409 0 
-736 23 876 0 
-741 -20 852 0 
-583 -307 710 0 
-492 406 921 0 
-615 94 17 0 
410 27 -661 0 
310 681 37 0 
-725 -215 93 0 
463 -694 602 0 
-199 -602 -557 0 
-493 -789 -750 0 
-409 -145 -591 0 
-977 327 942 0 
11 -574 -992 0 
-549 460 114 0 
-726 555 -999 0 
698 455 -985 0 
838 -600 992 0 
-456 -983 605 0 
846 -596 -45 0 
969 5 938 0 
417 -441 -693 0 
6 -132 -125 0 
-30 654 -986 0 
-104 -934 -174 0 
-953 552 176 0 
-600 544 -91 0 
796 706 429 0 
716 607 -805 0 
326 519 974 0 
-563 -141 -666 0 
357 822 126 0 
39 -58 -632 0 
-150 300 -574 0 
-32 299 -831 0 
-837 -763 617 0 
-868 -463 45 0 
-706 -954 -972 0 
962 -183 308 0 
-80 -313 279 0 
-494 691 495 0 
284 -776 -209 0 
-51 984 564 0 
980 790 894 0 
-186 -672 -369 0 
706 -532 -655 0 
-941 -309 291 0 
-530 185 -196 0 
63 998 -351 0 
-713 -942 -278 0 
838 6 189 0 
-665 -841 384 0 
523 226 -664 0 
-665 346 -646 0 
-605 -40 -871 0 
-479 532 294 0 
-367 -752 -816 0 
953 -684 -302 0 
-431 234 -829 0 
-216 298 332 0 
497 953 914 0 
-296 180 218 0 
-893 670 495 0 
139 -974 -959 0 
-510 -978 -744 0 
546 367 620 0 
175 -445 488 0 
-808 680 101 0 
861 983 -650 0 
226 873 -337 0 
240 -219 -77 0 
-836 -475 680 0 
-266 901 814 0 
-873 -315 180 0 
-514 -143 270 0 
-109 -709 -487 0 
-291 322 -611 0 
-200 696 976 0 
-958 861 868 0 
-761 521 -75 0 
302 -536 -966 0 
274 -89 -999 0 
840 -658 232 0 
341 -809 562 0 
-920 515 589 0 
5 -425 -125 0 
-184 792 274 0 
963 -788 962 0 
-367 193 -846 0 
346 135 99 0 
-483 -622 163 0 
-711 590 964 0 
-180 -900 -788 0 
182 580 -673 0 
-894 -739 971 0 
-339 -232 353 0 
-659 -764 735 0 
93 922 761 0 
-241 4 -870 0 
-549 112 -825 0 
950 -477 422 0 
-610 707 -608 0 
-265 642 -133 0 
524 801 -377 0 
-851 -843 -766 0 
508 -48 958 0 
204 191 -437 0 
401 290 -83 0 
-711 -712 -428 0 
518 465 -30 0 
-490 427 -498 0 
-792 -408 -757 0 
-477 -808 552 0 
-144 -167 -534 0 
-607 -325 493 0 
-943 74 -501 0 
864 51 -685 0 
548 733 460 0 
-415 -313 -765 0 
-443 596 -991 0 
617 -159 -959 0 
-209 -351 615 0 
-485 -469 265 0 
-598 212 -352 0 
-252 -334 -432 0 
-44 -989 -477 0 
-61 508 -113 0 
135 -109 87 0 
536 506 -962 0 
-969 537 470 0 
-338 728 583 0 
-647 -408 -481 0 
-42 395 -764 0 
349 307 845 0 
156 311 1 0 
-273 -517 735 0 
684 -838 513 0 
971 -620 100 0 
727 268 124 0 
-860 110 64 0 
397 -333 452 0 
790 161 458 0 
-995 -292 -886 0 
-205 -787 648 0 
141 436 -665 0 
682 547 87 0 
-423 -274 528 0 
-482 714 387 0 
-47 -233 655 0 
-926 668 846 0 
-358 497 190 0 
583 222 -963 0 
736 615 823 0 
-176 -322 724 0 
-127 472 922 0 
-693 -336 -640 0 
-272 47 552 0 
178 -43 -140 0 
-171 845 -24 0 
-546 -553 875 0 
910 781 -506 0 
666 629 -310 0 
682 821 -90 0 
-800 732 987 0 
548 -930 -563 0 
670 433 -441 0 
623 -139 -184 0 
-623 -225 -72 0 
-899 11 -307 0 
472 -1 -702 0 
836 -312 -390 0 
944 745 -168 0 
-56 245 543 0 
-265 -495 648 0 
-400 152 -434 0 
-313 665 444 0 
775 274 -870 0 
685 400 158 0 
-632 506 -669 0 
-145 -553 426 0 
196 -195 -840 0 
893 555 -433 0 
922 -173 -403 0 
-124 -399 -197 0 
-245 40 266 0 
274 -32 -654 0 
-69 -875 -804 0 
86 -278 181 0 
993 772 -825 0 
-391 114 -688 0 
-722 166 173 0 
740 -441 -512 0 
768 961 -397 0 
318 -117 -60 0 
-555 817 699 0 
-623 -39 -518 0 
348 -240 -595 0 
766 -720 -617 0 
801 489 -269 0 
-85 519 740 0 
337 846 -601 0 
779 -571 34 0 
-368 -126 -421 0 
997 114 -89 0 
117 709 990 0 
44 -909 -657 0 
-853 239 749 0 
856 -986 -573 0 
-920 101 352 0 
-982 812 -480 0 
-738 288 694 0 
-929 -967 -565 0 
949 982 907 0 
175 -141 -58 0 
671 995 457 0 
-524 -575 -545 0 
-66 -838 130 0 
713 -344 677 0 
638 450 460 0 
947 -408 95 0 
-203 275 319 0 
993 404 -663 0 
260 720 -651 0 
-662 130 983 0 
62 -550 434 0 
632 678 351 0 
-393 -217 -744 0 
-365 514 676 0 
517 932 -928 0 
983 -721 192 0 
-826 -378 -381 0 
234 -216 643 0 
-709 678 525 0 
437 45 665 0 
179 314 -779 0 
-67 -866 144 0 
255 413 -36 0 
703 374 405 0 
869 366 -527 0 
214 -215 708 0 
43 -242 818 0 
-889 116 -691 0 
952 -922 -626 0 
-843 -361 192 0 
159 -943 164 0 
423 -911 -790 0 
895 -983 -100 0 
339 892 -37 0 
64 -89 412 0 
397 336 -683 0 
-785 965 513 0 
-736 -517 513 0 
-72 42 235 0 
94 -48 76 0 
-249 986 -547 0 
-754 525 118 0 
637 -444 -427 0 
-489 749 -829 0 
243 346 -412 0 
323 -418 -984 0 
610 153 -179 0 
530 -698 533 0 
16 665 337 0 
-477 99 49 0 
-300 -599 -421 0 
