p cnf 1000 4000
-871 -828 140 0 
560 -544 -713 0 
-868 563 -234 0 
593 628 -155 0 
399 -930 460 0 
647 -420 458 0 
46 -648 884 0 
-798 51 777 0 
177 -920 -843 0 
-53 846 861 0 
-634 260 49 0 
-967 -614 -114 0 
-750 -437 -865 0 
-770 -704 442 0 
607 300 979 0 
-158 -266 -943 0 
638 887 -535 0 
-320 -542 232 0 
-246 -448 -50 0 
-594 -888 648 0 
232 -517 -501 0 
318 3 -545 0 
365 906 -556 0 
527 453 815 0 
-127 836 996 0 
76 218 -943 0 
884 -281 -728 0 
432 -271 488 0 
-991 -673 266 0 
-158 49 10 0 
-898 -685 -250 0 
871 467 -323 0 
-794 -423 -127 0 
-170 196 635 0 
-69 138 -562 0 
660 -421 -338 0 
-131 -111 -941 0 
-855 323 -995 0 
413 140 -492 0 
-105 249 -323 0 
507 357 257 0 
232 347 885 0 
-708 628 293 0 
914 -171 766 0 
-295 -642 -204 0 
-608 -338 -420 0 
-532 978 -491 0 
-156 -934 -43 0 
-91 959 -860 0 
-447 -6 -717 0 
-800 881 -386 0 
471 -437 65 0 
140 776 -336 0 
-27 336 -356 0 
-450 948 -529 0 
92 35 -317 0 
874 -574 -1000 0 
458 142 -925 0 
365 -533 -783 0 
-684 427 -113 0 
-498 987 96 0 
422 -939 455 0 
616 124 794 0 
749 -621 662 0 
-65 -653 -162 0 
393 106 -751 0 
-130 798 180 0 
-438 232 -780 0 
280 891 321 0 
-433 -927 479 0 
-840 -585 762 0 
-540 -344 513 0 
360 -526 414 0 
-658 307 205 0 
562 547 -914 0 
-43 506 -97 0 
314 -763 594 0 
233 -355 255 0 
784 -494 -102 0 
-452 198 76 0 
608 -864 405 0 
-746 893 -447 0 
-391 976 -241 0 
750 792 -758 0 
365 -924 672 0 
-597 -711 423 0 
75 530 -882 0 
-788 826 -580 0 
92 265 -471 0 
253 335 357 0 
62 436 -204 0 
683 -113 -940 0 
237 277 -110 0 
-272 -830 -523 0 
448 -817 -749 0 
-71 -676 -122 0 
553 189 142 0 
951 -878 -926 0 
964 877 -292 0 
-754 890 836 0 
204 876 971 0 
-301 863 -178 0 
-456 -934 236 0 
879 125 196 0 
234 528 -532 0 
927 55 990 0 
271 581 -982 0 
157 556 -636 0 
379 424 -161 0 
-946 419 254 0 
-766 27 -759 0 
152 -208 128 0 
-29 577 811 0 
303 -574 -579 0 
-835 -850 963 0 
-302 -239 311 0 
225 -650 413 0 
-264 -656 335 0 
-160 233 389 0 
-816 -688 160 0 
158 -67 197 0 
-356 -35 866 0 
815 -725 -515 0 
50 106 -579 0 
-591 -394 193 0 
80 837 175 0 
135 -783 -315 0 
770 897 443 0 
-740 103 -383 0 
-71 855 -870 0 
530 -469 184 0 
-820 -425 -239 0 
-323 -585 -157 0 
-237 891 -771 0 
330 771 532 0 
-414 -853 630 0 
353 15 434 0 
941 -417 813 0 
24 348 -481 0 
569 -469 -265 0 
976 -159 282 0 
-698 459 612 0 
-369 533 -877 0 
561 354 -675 0 
-307 -889 837 0 
214 617 398 0 
-77 309 -258 0 
-444 -495 -213 0 
596 900 -634 0 
62 345 404 0 
-924 -814 728 0 
182 -595 -502 0 
945 -427 -965 0 
630 -921 -433 0 
-714 -885 462 0 
-318 968 -147 0 
-810 -317 505 0 
470 -983 -230 0 
-93 306 -550 0 
987 536 -933 0 
95 262 -439 0 
90 -474 -682 0 
-558 -994 -191 0 
-722 16 874 0 
-621 -376 -664 0 
734 -449 754 0 
-446 -161 547 0 
-976 121 -554 0 
544 -995 -237 0 
615 403 749 0 
-132 -681 482 0 
-884 656 436 0 
-998 -649 -986 0 
810 424 639 0 
158 -182 -986 0 
-812 169 -991 0 
-449 172 -407 0 
-931 729 -230 0 
360 -107 -276 0 
-627 55 -882 0 
-210 -286 793 0 
-258 -333 97 0 
-853 -593 252 0 
-89 -167 -617 0 
980 960 -150 0 
83 -456 -411 0 
-922 -420 878 0 
-298 967 -886 0 
-393 216 453 0 
442 -73 383 0 
993 835 -830 0 
-75 605 613 0 
-130 -789 -407 0 
117 52 891 0 
558 21 926 0 
51 -837 203 0 
857 852 835 0 
-379 409 237 0 
-400 890 -287 0 
-861 -835 -845 0 
746 -236 -47 0 
697 439 307 0 
192 -343 994 0 
433 -312 -853 0 
-993 -243 -122 0 
-19 956 545 0 
-866 188 -50 0 
639 563 -840 0 
-439 -447 -748 0 
-256 -458 769 0 
631 -444 824 0 
-534 -826 -868 0 
64 651 -491 0 
743 -783 -787 0 
-94 633 -994 0 
-936 189 314 0 
-150 -617 918 0 
423 -883 845 0 
96 350 -524 0 
-409 -684 -132 0 
364 67 1 0 
-997 740 728 0 
-320 524 497 0 
-995 -725 -735 0 
-362 -420 695 0 
832 -95 581 0 
782 -472 891 0 
-230 -559 -551 0 
-134 253 579 0 
-714 985 -871 0 
-315 125 -270 0 
-220 -759 688 0 
118 -358 -979 0 
-496 989 140 0 
125 752 -800 0 
-230 -276 751 0 
353 -285 943 0 
-644 218 -769 0 
-984 -278 -231 0 
-220 908 -983 0 
991 -416 869 0 
-849 352 -781 0 
-32 100 -508 0 
308 -455 464 0 
387 564 99 0 
-586 75 505 0 
63 579 143 0 
-709 313 -889 0 
614 -812 -302 0 
-179 695 -981 0 
-551 -810 -526 0 
385 -785 -287 0 
918 715 -644 0 
375 -348 -542 0 
-316 -274 -944 0 
-410 880 170 0 
374 -960 682 0 
-366 -80 497 0 
-908 -848 419 0 
-590 -322 -323 0 
842 862 -937 0 
-65 821 612 0 
928 633 -919 0 
647 270 49 0 
-511 -240 318 0 
766 -823 240 0 
469 403 -50 0 
303 376 602 0 
527 -960 -818 0 
551 212 896 0 
488 -914 -255 0 
-888 -326 519 0 
206 -556 -826 0 
83 836 144 0 
33 -57 -96 0 
357 -364 758 0 
-877 45 -983 0 
175 -1000 803 0 
679 576 -783 0 
-548 -553 -338 0 
207 -919 -879 0 
489 -460 3 0 
504 -590 627 0 
-942 851 266 0 
302 -33 375 0 
831 -669 313 0 
580 -227 -923 0 
111 119 582 0 
-237 245 309 0 
715 299 967 0 
17 -516 887 0 
200 85 -183 0 
822 960 581 0 
-987 -23 724 0 
661 927 -936 0 
459 788 -160 0 
710 -494 376 0 
-221 46 -410 0 
380 129 -215 0 
376 642 729 0 
544 -239 -490 0 
915 184 289 0 
-517 664 12 0 
813 414 -336 0 
-825 181 -29 0 
-22 831 -868 0 
140 85 -611 0 
-312 -680 392 0 
233 -616 975 0 
882 -439 -756 0 
-759 455 353 0 
795 205 -317 0 
467 -413 501 0 
767 -662 443 0 
-676 359 362 0 
892 -435 -348 0 
270 474 794 0 
-112 -837 -337 0 
-453 336 998 0 
633 98 -870 0 
905 861 475 0 
-729 277 -380 0 
124 -198 -186 0 
101 272 386 0 
-412 -469 237 0 
335 780 -572 0 
985 -646 -150 0 
-532 342 -514 0 
74 524 -522 0 
129 -726 584 0 
-814 895 301 0 
-940 861 583 0 
-445 363 780 0 
-163 -776 -853 0 
-894 -978 425 0 
-780 -896 -579 0 
129 -217 -486 0 
230 202 582 0 
-246 708 -758 0 
-98 761 -192 0 
866 797 -946 0 
484 -815 -512 0 
-604 -941 95 0 
-610 939 510 0 
-696 277 112 0 
582 982 82 0 
-804 809 -749 0 
-708 124 -940 0 
-295 -643 836 0 
354 -472 931 0 
52 503 974 0 
-786 -282 -836 0 
-512 -989 386 0 
251 469 -224 0 
46 139 93 0 
-608 -540 -658 0 
-861 144 -164 0 
-927 455 -838 0 
-987 340 -580 0 
996 -271 -890 0 
901 -151 422 0 
-223 950 -623 0 
754 -554 751 0 
593 -680 -497 0 
447 -675 999 0 
-356 -133 -848 0 
451 -960 252 0 
-507 357 -249 0 
334 445 336 0 
-21 -148 25 0 
-244 446 373 0 
55 -269 817 0 
-514 713 -864 0 
451 -243 468 0 
-685 -559 867 0 
363 684 -165 0 
-431 -215 -34 0 
-635 834 243 0 
251 158 -537 0 
-108 880 603 0 
-207 -472 316 0 
966 931 -891 0 
-231 -251 -16 0 
211 970 -408 0 
-899 -370 -774 0 
623 407 343 0 
36 352 240 0 
34 -164 -273 0 
387 337 -953 0 
776 -120 573 0 
-14 -682 785 0 
-59 -189 -447 0 
148 -933 -569 0 
282 -218 691 0 
-898 -405 -696 0 
-739 379 -938 0 
-707 876 -908 0 
-818 -766 583 0 
273 626 -682 0 
-954 -778 505 0 
513 530 -432 0 
-606 225 -352 0 
-347 -127 -758 0 
-388 462 -334 0 
975 -567 -480 0 
790 -964 -819 0 
522 156 101 0 
739 366 603 0 
-230 -535 -877 0 
510 -645 -951 0 
-834 669 777 0 
-10 811 -824 0 
-571 -422 -260 0 
-39 398 585 0 
48 -584 849 0 
-45 -106 -612 0 
-562 156 721 0 
-595 -800 411 0 
-456 -799 811 0 
-640 21 887 0 
83 -660 392 0 
-309 144 -733 0 
-671 -819 765 0 
-316 150 663 0 
-792 111 993 0 
147 214 -816 0 
-245 638 -371 0 
-921 -485 814 0 
722 938 444 0 
-817 -727 849 0 
573 -949 708 0 
-262 -547 -611 0 
32 426 -950 0 
-793 -725 -398 0 
859 -617 601 0 
-265 -337 -957 0 
-28 434 739 0 
185 171 91 0 
-838 16 -27 0 
-380 419 929 0 
-249 -391 980 0 
-546 755 -697 0 
98 -351 -804 0 
928 999 -941 0 
234 -726 -283 0 
-910 315 -713 0 
10 -791 530 0 
797 -763 -733 0 
163 -701 -893 0 
732 -4 187 0 
984 209 222 0 
584 555 48 0 
465 412 554 0 
-267 -905 444 0 
166 500 35 0 
-343 65 314 0 
-291 647 -654 0 
-66 871 826 0 
592 -77 -497 0 
-759 -276 35 0 
385 177 -498 0 
-92 743 637 0 
646 894 558 0 
-159 5 541 0 
-253 -345 -108 0 
349 -900 697 0 
276 -667 -783 0 
-884 585 89 0 
210 -862 -159 0 
824 257 -391 0 
-884 344 918 0 
710 118 760 0 
-660 112 -937 0 
-199 209 -120 0 
747 759 -661 0 
-867 39 -647 0 
-830 848 530 0 
-719 -871 310 0 
998 -798 -379 0 
-686 -847 -445 0 
-98 155 823 0 
187 -416 -186 0 
-836 624 -22 0 
767 -974 -9 0 
-513 -805 -158 0 
-941 833 -245 0 
-297 -290 -514 0 
602 944 302 0 
772 537 929 0 
-600 695 -935 0 
580 939 413 0 
-18 905 34 0 
-446 123 793 0 
-969 -897 -74 0 
914 963 -857 0 
-756 254 -959 0 
-466 781 572 0 
711 938 960 0 
506 900 514 0 
764 -136 696 0 
-606 947 -68 0 
-293 837 294 0 
-302 26 854 0 
539 -751 635 0 
614 -941 71 0 
43 120 388 0 
-685 190 -473 0 
408 -851 -629 0 
837 78 -765 0 
637 479 -830 0 
994 -981 -527 0 
528 469 411 0 
-801 987 -83 0 
483 133 218 0 
721 -414 -613 0 
118 147 249 0 
-790 248 -550 0 
125 800 -986 0 
777 -569 797 0 
559 -929 -516 0 
-491 -797 -286 0 
631 842 88 0 
-790 -34 770 0 
-149 652 375 0 
-58 440 234 0 
-439 -908 -53 0 
-818 306 867 0 
78 -680 -831 0 
-464 -602 -312 0 
-54 -83 730 0 
21 -985 495 0 
957 898 968 0 
281 -518 545 0 
846 -849 238 0 
370 -856 197 0 
-958 -626 355 0 
657 749 309 0 
-219 -216 480 0 
-735 563 573 0 
884 940 -68 0 
-314 628 291 0 
-783 551 450 0 
-547 -253 255 0 
812 709 72 0 
-454 -97 132 0 
33 -10 -138 0 
547 -437 -236 0 
-378 -756 -827 0 
-58 491 46 0 
670 946 -338 0 
519 95 -954 0 
-637 -545 -911 0 
617 -411 -625 0 
312 677 842 0 
-743 468 920 0 
-242 90 -59 0 
-41 765 789 0 
757 480 -888 0 
489 -861 -925 0 
-808 -876 794 0 
316 681 540 0 
988 -960 971 0 
703 -727 29 0 
-955 -145 716 0 
-189 -128 61 0 
712 370 -548 0 
829 341 -763 0 
-99 887 -288 0 
-953 804 295 0 
-342 206 -406 0 
560 269 -786 0 
-220 553 -78 0 
258 862 650 0 
-263 212 982 0 
-335 -765 731 0 
-355 -478 333 0 
584 -673 282 0 
333 295 -755 0 
928 -914 -44 0 
547 -781 281 0 
95 825 -808 0 
-551 -889 -242 0 
893 999 -475 0 
186 864 -692 0 
134 883 -147 0 
-235 -884 -921 0 
823 -841 601 0 
97 109 -532 0 
-122 244 833 0 
-18 -68 367 0 
-676 -605 635 0 
391 -781 360 0 
501 -744 -244 0 
698 337 -918 0 
550 901 60 0 
-296 899 -57 0 
123 141 150 0 
-252 -112 -934 0 
724 -717 38 0 
984 -916 716 0 
919 668 402 0 
529 778 -407 0 
811 459 160 0 
240 -241 -105 0 
-79 -360 -150 0 
431 -62 399 0 
-443 -385 -173 0 
444 -619 808 0 
-462 -202 866 0 
187 27 -929 0 
765 -788 -224 0 
-52 -942 26 0 
-76 57 118 0 
679 556 -424 0 
-100 -639 93 0 
961 -965 990 0 
-633 -276 736 0 
-540 -560 -201 0 
-577 -210 -640 0 
-574 -72 967 0 
799 -354 -300 0 
-649 -952 -47 0 
-903 -99 -855 0 
370 127 -839 0 
-73 -47 311 0 
-516 -757 692 0 
641 -829 862 0 
142 -421 474 0 
438 966 -355 0 
-940 -238 -437 0 
32 790 -317 0 
-455 -232 900 0 
300 -289 610 0 
-29 -856 -547 0 
167 -810 2 0 
-117 -538 -622 0 
-268 831 -989 0 
-912 -842 87 0 
-653 -87 707 0 
-645 -847 809 0 
-568 -649 973 0 
-23 436 -973 0 
-929 -906 -656 0 
-405 -303 -58 0 
991 -125 606 0 
-244 253 711 0 
-835 942 -469 0 
-240 -941 718 0 
643 -779 782 0 
707 -132 -239 0 
575 556 -54 0 
98 -419 -835 0 
422 662 233 0 
62 -219 732 0 
-454 895 807 0 
-375 -383 29 0 
260 -212 746 0 
-393 -736 983 0 
-619 -323 -75 0 
265 450 -359 0 
-568 120 -826 0 
358 259 -334 0 
690 678 -179 0 
275 -659 -627 0 
-4 -535 -608 0 
10 169 737 0 
393 -638 9 0 
9 -906 515 0 
993 -84 -13 0 
474 -607 267 0 
-501 -144 707 0 
-115 769 -787 0 
-277 85 575 0 
-870 509 -271 0 
547 590 -333 0 
9 193 579 0 
2 235 -86 0 
546 764 836 0 
518 909 -919 0 
402 650 228 0 
966 -652 -68 0 
646 125 -641 0 
723 690 949 0 
-209 -152 978 0 
339 -418 -648 0 
504 -959 -840 0 
-426 855 98 0 
-902 -102 -382 0 
333 304 812 0 
-347 197 -772 0 
-896 -104 -699 0 
665 230 718 0 
-30 511 -619 0 
280 124 357 0 
-460 296 173 0 
992 414 794 0 
-167 -980 412 0 
947 170 -612 0 
39 727 416 0 
544 -690 958 0 
-278 -493 -249 0 
511 -630 -485 0 
360 -746 244 0 
603 -778 -712 0 
248 973 -118 0 
999 -585 -238 0 
937 954 527 0 
599 -678 -937 0 
603 197 437 0 
-845 -139 -477 0 
-476 608 -51 0 
601 223 -521 0 
309 -570 335 0 
-52 -820 420 0 
463 -514 649 0 
474 -927 184 0 
-29 -277 -205 0 
-91 181 141 0 
-105 -62 -71 0 
3 -52 -147 0 
229 908 826 0 
130 911 -944 0 
-310 294 308 0 
714 194 428 0 
-237 631 -656 0 
-133 -154 -191 0 
513 -769 945 0 
-605 666 -414 0 
337 111 193 0 
771 871 145 0 
1 -116 -641 0 
-19 336 218 0 
168 -728 735 0 
-153 -523 -330 0 
720 -963 709 0 
-699 -108 246 0 
23 333 -324 0 
-328 850 -226 0 
319 250 721 0 
-299 -53 837 0 
-658 251 178 0 
-577 -108 114 0 
-905 -100 959 0 
701 133 550 0 
-333 -597 944 0 
-884 896 541 0 
-107 -77 -624 0 
673 764 -587 0 
-80 -388 -589 0 
946 -437 332 0 
-798 46 -346 0 
-809 -31 398 0 
-549 -919 -426 0 
-564 -624 434 0 
324 -432 871 0 
-418 -462 228 0 
199 -715 299 0 
710 -817 386 0 
829 734 -376 0 
-879 392 -859 0 
308 922 695 0 
-972 -648 -779 0 
-523 -748 130 0 
-600 -135 198 0 
438 532 -741 0 
-863 -174 -318 0 
266 -382 -438 0 
655 -900 -496 0 
750 400 -968 0 
-501 880 534 0 
997 -806 760 0 
-816 -821 520 0 
338 1000 -92 0 
643 946 -800 0 
398 -325 952 0 
17 668 622 0 
705 855 -601 0 
-873 487 547 0 
-793 727 -167 0 
810 431 888 0 
367 887 902 0 
388 -65 -996 0 
675 562 -462 0 
-486 417 495 0 
-594 206 332 0 
390 -129 60 0 
-778 -640 493 0 
273 -632 -787 0 
-226 -4 416 0 
692 427 854 0 
240 -755 -167 0 
-999 385 378 0 
402 866 841 0 
-432 -384 -420 0 
-985 440 988 0 
56 234 758 0 
-907 668 -616 0 
-536 -121 -530 0 
-540 868 -326 0 
23 -649 -750 0 
-821 156 -234 0 
-910 192 4 0 
-632 895 883 0 
963 700 -229 0 
709 -618 814 0 
-830 -868 -453 0 
381 -646 458 0 
-258 -203 -804 0 
-397 -34 557 0 
171 800 -979 0 
-57 -941 -378 0 
817 782 66 0 
-667 209 -26 0 
-724 631 286 0 
-750 -564 202 0 
596 -298 357 0 
417 707 -367 0 
994 953 51 0 
460 -687 964 0 
374 -921 -905 0 
929 673 -926 0 
976 158 -55 0 
-923 -340 4 0 
171 -816 364 0 
901 799 -239 0 
788 320 -682 0 
-413 -220 -639 0 
-919 -391 649 0 
-221 -317 -515 0 
-985 132 -680 0 
-885 965 -738 0 
703 -365 -315 0 
-801 -433 781 0 
-57 38 -949 0 
-593 424 -672 0 
-406 399 -52 0 
-845 -298 440 0 
609 864 -494 0 
-705 464 92 0 
-891 348 -772 0 
265 874 965 0 
-69 -159 -911 0 
-855 -466 -842 0 
376 457 -704 0 
316 180 -263 0 
-103 -859 -405 0 
-24 -499 381 0 
659 -41 58 0 
-123 146 903 0 
195 868 879 0 
45 369 812 0 
-931 -11 -921 0 
319 85 712 0 
-22 -141 -889 0 
235 39 -214 0 
-201 -651 614 0 
402 -850 842 0 
747 -679 -933 0 
615 824 -138 0 
-914 169 720 0 
-972 -541 -142 0 
-802 -506 603 0 
136 -98 -813 0 
531 -731 382 0 
-818 -348 561 0 
958 -210 -240 0 
-331 91 -380 0 
128 437 -917 0 
960 994 -780 0 
-223 -672 -500 0 
-185 927 342 0 
-833 -577 309 0 
-301 -391 273 0 
-320 740 -99 0 
-55 278 536 0 
99 -316 -47 0 
703 337 -469 0 
-568 675 745 0 
-637 -356 -186 0 
40 606 -315 0 
96 332 369 0 
131 -893 866 0 
-19 -126 -559 0 
46 78 149 0 
602 -825 627 0 
-377 -109 -443 0 
276 528 360 0 
678 -784 -366 0 
661 -918 856 0 
439 -666 789 0 
-21 -56 -761 0 
575 587 252 0 
-339 609 -285 0 
-631 902 835 0 
-471 -203 -756 0 
32 -179 242 0 
-680 -901 233 0 
-457 -794 352 0 
-64 966 392 0 
180 659 -161 0 
702 -8 324 0 
-21 880 816 0 
331 79 445 0 
873 -820 -68 0 
-781 419 -195 0 
-578 314 546 0 
688 -660 -768 0 
493 771 183 0 
327 705 500 0 
853 -116 -184 0 
596 -211 778 0 
-826 -849 481 0 
153 -925 -190 0 
-114 -632 413 0 
-558 674 797 0 
572 -514 135 0 
334 -526 -746 0 
800 693 211 0 
759 581 507 0 
711 92 426 0 
876 -619 53 0 
-361 -875 -920 0 
326 78 23 0 
969 -381 983 0 
-80 -629 621 0 
-106 -424 663 0 
670 -331 -316 0 
630 -469 -947 0 
861 114 196 0 
-382 996 928 0 
602 -491 776 0 
-948 962 781 0 
-64 24 -225 0 
746 847 -553 0 
-343 -870 -614 0 
732 -738 -499 0 
572 -371 -582 0 
612 580 -783 0 
-527 -235 -995 0 
857 187 -262 0 
281 377 -378 0 
813 395 -21 0 
-590 -990 -561 0 
101 -416 -294 0 
372 159 -95 0 
411 665 779 0 
668 -622 982 0 
-113 -794 -433 0 
-281 562 -507 0 
594 41 -207 0 
-202 -117 455 0 
31 -54 -861 0 
731 211 -26 0 
750 880 1 0 
978 258 305 0 
-488 -311 385 0 
389 -285 496 0 
-105 541 171 0 
766 -798 497 0 
109 399 -145 0 
-616 881 768 0 
312 324 -834 0 
-684 -533 -110 0 
636 -762 -357 0 
46 -123 -476 0 
-336 370 731 0 
313 -67 -387 0 
709 968 554 0 
634 782 468 0 
634 635 -565 0 
312 874 274 0 
575 665 -564 0 
-199 106 -995 0 
241 -856 921 0 
-50 -526 -468 0 
-695 -300 -538 0 
592 -984 913 0 
-879 298 -232 0 
436 976 -985 0 
-423 131 614 0 
-552 718 201 0 
749 -933 -56 0 
708 10 -325 0 
162 910 -765 0 
-379 -403 179 0 
-217 755 166 0 
-589 851 437 0 
-5 -214 -269 0 
-119 342 -30 0 
39 -365 57 0 
532 -213 1000 0 
-779 33 -800 0 
-868 -668 411 0 
944 -227 -348 0 
-453 -158 -481 0 
985 -298 -401 0 
651 -754 823 0 
982 263 922 0 
-413 136 118 0 
490 270 948 0 
451 -843 -389 0 
430 -466 -138 0 
-342 777 901 0 
376 -792 873 0 
-227 646 -387 0 
-632 -567 -227 0 
-261 516 -885 0 
-582 -408 519 0 
520 948 903 0 
928 578 393 0 
976 -814 328 0 
-439 -591 -734 0 
-769 -552 -750 0 
941 -150 453 0 
669 615 862 0 
-568 -646 -278 0 
-590 -421 -739 0 
-249 -519 789 0 
783 -110 -266 0 
847 82 -769 0 
-16 -751 -367 0 
606 -203 -166 0 
920 -801 -76 0 
944 -35 -363 0 
-873 535 747 0 
400 -96 690 0 
-165 -590 876 0 
-995 -315 -29 0 
749 842 217 0 
999 685 824 0 
316 -929 180 0 
-196 896 683 0 
-180 -139 -947 0 
-469 543 -466 0 
-70 432 281 0 
748 -715 -414 0 
-475 717 612 0 
-987 -15 422 0 
-112 911 -618 0 
-187 -325 683 0 
122 219 147 0 
-666 466 176 0 
-896 -617 -482 0 
-274 -928 488 0 
-654 441 267 0 
-880 -320 -557 0 
-925 -373 -166 0 
-807 -680 447 0 
-519 400 -659 0 
845 -6 -373 0 
-292 -2 838 0 
436 -691 563 0 
-250 121 334 0 
664 -728 -897 0 
-479 -270 -2 0 
422 635 645 0 
-623 -783 384 0 
275 700 218 0 
202 28 -899 0 
-464 -11 -731 0 
278 -959 -54 0 
-355 466 501 0 
911 -771 380 0 
-985 -650 -901 0 
852 -775 65 0 
30 -760 -259 0 
-409 -716 433 0 
-296 -954 460 0 
-781 -33 -766 0 
-360 -654 -752 0 
-293 382 -244 0 
573 -217 927 0 
-438 -433 -947 0 
528 -491 512 0 
-514 327 463 0 
649 280 -735 0 
-562 624 20 0 
-671 722 568 0 
40 -112 759 0 
632 -709 -943 0 
-389 -754 633 0 
-916 -227 -176 0 
-492 64 341 0 
-831 193 -351 0 
837 -432 639 0 
-522 -662 526 0 
-472 226 824 0 
47 -778 119 0 
516 890 341 0 
-687 821 -312 0 
-606 -522 -237 0 
-242 694 692 0 
915 161 625 0 
-464 -207 237 0 
-857 671 364 0 
-472 800 -241 0 
474 -986 -747 0 
213 -96 -466 0 
-574 889 33 0 
-448 -360 891 0 
312 95 675 0 
827 660 619 0 
-932 -718 394 0 
-395 561 -881 0 
298 -48 309 0 
-840 -767 432 0 
-278 -195 -402 0 
806 -908 -706 0 
981 549 831 0 
-547 -980 -587 0 
949 -895 -547 0 
-52 -279 -847 0 
-474 -300 -427 0 
-385 -226 -979 0 
567 -830 -927 0 
-355 616 -369 0 
-677 4 42 0 
-62 -905 446 0 
-860 -91 864 0 
555 208 321 0 
-123 -366 235 0 
611 -844 -8 0 
-849 -483 775 0 
95 665 65 0 
-592 428 -898 0 
-136 -105 987 0 
-934 744 -608 0 
-51 971 -318 0 
-147 -419 319 0 
211 825 126 0 
-833 955 -352 0 
-130 808 -789 0 
-806 56 600 0 
688 -470 398 0 
368 23 -466 0 
716 440 -625 0 
-730 -818 108 0 
-489 742 -994 0 
165 552 880 0 
84 -320 160 0 
-956 549 -95 0 
198 548 -432 0 
-320 169 196 0 
-870 352 756 0 
-663 -657 -318 0 
233 879 -368 0 
-818 160 -278 0 
339 -776 -835 0 
517 -98 326 0 
-822 295 -912 0 
718 659 190 0 
102 114 812 0 
-623 943 -179 0 
-280 192 -954 0 
-347 -560 853 0 
491 -708 667 0 
693 -445 -335 0 
-127 190 419 0 
-429 -396 -866 0 
-806 711 -502 0 
749 42 597 0 
-594 -940 -208 0 
837 684 579 0 
741 51 768 0 
-258 94 529 0 
506 769 233 0 
486 -375 28 0 
188 -111 387 0 
-792 -765 904 0 
-945 -327 781 0 
500 -552 -219 0 
-408 329 -263 0 
-984 646 -247 0 
-861 879 551 0 
-624 -890 -50 0 
-636 735 189 0 
-677 143 -849 0 
-900 -302 -737 0 
-893 201 -129 0 
259 -473 516 0 
534 432 -145 0 
369 38 -140 0 
-404 -874 -302 0 
695 932 174 0 
-729 590 -74 0 
991 -459 -214 0 
743 -125 -480 0 
-842 418 698 0 
863 -323 -728 0 
162 429 -856 0 
-464 357 -287 0 
29 -395 170 0 
19 -609 -915 0 
522 -314 920 0 
-713 953 -258 0 
-399 -953 182 0 
798 -347 829 0 
479 260 580 0 
-16 -956 514 0 
-795 -927 -786 0 
385 562 704 0 
73 -856 -629 0 
-897 -18 -89 0 
999 223 -910 0 
-185 -940 -599 0 
507 -595 199 0 
890 -46 442 0 
-314 -886 -746 0 
-997 -769 -523 0 
395 236 282 0 
685 -704 -659 0 
124 733 -565 0 
-451 -333 -487 0 
608 483 -157 0 
137 982 827 0 
-468 -906 -137 0 
-511 892 -635 0 
-959 652 -585 0 
-624 -253 -771 0 
163 -683 -378 0 
-247 -341 549 0 
242 -472 -45 0 
-982 -609 558 0 
208 404 -408 0 
883 588 -444 0 
480 -680 -817 0 
839 -236 -145 0 
-147 -40 -352 0 
898 -571 454 0 
313 881 843 0 
-847 -246 -266 0 
-447 418 -49 0 
645 775 70 0 
978 336 -358 0 
-977 -386 -446 0 
-911 96 -469 0 
258 -402 303 0 
-622 665 371 0 
-961 -748 38 0 
679 857 -389 0 
939 764 589 0 
-640 47 -836 0 
330 955 -875 0 
67 -301 569 0 
-105 -487 -489 0 
-602 -448 852 0 
836 977 966 0 
-822 896 -367 0 
588 839 918 0 
729 154 -902 0 
-436 -239 970 0 
-238 884 681 0 
876 964 803 0 
517 -24 375 0 
-198 -62 668 0 
787 -358 -312 0 
998 955 -875 0 
97 907 -808 0 
923 818 -36 0 
-274 798 -767 0 
-696 -389 -102 0 
492 429 -112 0 
-631 -994 -781 0 
118 799 -41 0 
-106 240 252 0 
47 871 -946 0 
-436 -647 958 0 
317 893 -629 0 
-903 143 951 0 
-494 896 425 0 
78 173 -222 0 
-254 -146 -231 0 
46 806 -48 0 
-945 -536 395 0 
-771 -896 -639 0 
-514 727 222 0 
-518 -524 140 0 
854 -49 -719 0 
-976 671 678 0 
-732 945 -78 0 
671 243 573 0 
828 256 510 0 
-737 -317 522 0 
248 -14 -335 0 
514 -446 447 0 
433 692 -532 0 
-780 977 -10 0 
-102 -304 963 0 
405 -479 -865 0 
95 -753 -543 0 
-803 -515 330 0 
545 590 -86 0 
459 -138 851 0 
623 -649 -436 0 
219 -33 -643 0 
121 -997 719 0 
96 -259 -120 0 
246 -920 -501 0 
371 -272 -356 0 
-10 -347 267 0 
316 880 -973 0 
-708 641 -261 0 
278 -880 -313 0 
615 -935 206 0 
274 829 -946 0 
-742 625 -635 0 
689 -847 -236 0 
-956 -679 -270 0 
906 -327 -945 0 
-984 784 -157 0 
-154 357 194 0 
-891 38 53 0 
-811 -289 -449 0 
-412 161 554 0 
307 626 629 0 
-468 871 -405 0 
-744 553 788 0 
810 -452 350 0 
173 907 581 0 
674 846 614 0 
146 -567 -766 0 
10 -199 308 0 
-374 428 47 0 
941 982 360 0 
132 268 -534 0 
724 -49 748 0 
836 -258 219 0 
911 335 -825 0 
-919 783 -860 0 
-196 -484 -893 0 
-604 131 660 0 
354 -32 -423 0 
-911 915 -789 0 
744 -259 825 0 
-596 -348 -934 0 
158 881 -314 0 
-399 515 -988 0 
320 259 457 0 
849 -243 387 0 
-780 179 -543 0 
-846 805 -330 0 
-860 -893 -180 0 
-633 -955 317 0 
-719 -398 -323 0 
-997 -312 -426 0 
-532 820 -155 0 
839 333 -875 0 
296 -267 -926 0 
-392 -662 -215 0 
351 -835 65 0 
769 685 -688 0 
-826 -323 186 0 
159 -146 -681 0 
-305 471 -262 0 
-59 938 -993 0 
-456 281 425 0 
-856 -905 28 0 
94 -156 -736 0 
-635 236 774 0 
705 -843 -147 0 
446 267 903 0 
-44 -360 -421 0 
-924 547 -150 0 
827 -830 -547 0 
895 201 674 0 
445 -403 -856 0 
-470 -370 -985 0 
166 -560 -546 0 
-217 -729 706 0 
-31 -578 941 0 
862 607 464 0 
282 710 933 0 
349 -141 346 0 
21 -357 -562 0 
222 -344 798 0 
-73 925 340 0 
710 -339 -448 0 
-735 -72 -916 0 
160 -345 51 0 
-278 -462 352 0 
-257 -968 449 0 
-539 -881 -509 0 
160 -886 288 0 
-736 528 727 0 
558 990 854 0 
529 458 -52 0 
-964 -288 -466 0 
882 -85 687 0 
269 -823 207 0 
282 -901 -833 0 
-634 424 492 0 
-956 328 516 0 
165 -53 881 0 
-847 197 655 0 
-550 357 917 0 
-883 -20 880 0 
399 -816 -217 0 
-42 -761 223 0 
-883 -823 -435 0 
184 604 -824 0 
-125 -752 597 0 
-628 324 564 0 
-307 -741 927 0 
-699 319 -64 0 
204 542 -386 0 
-158 -370 -949 0 
374 -622 245 0 
-171 167 940 0 
608 37 -957 0 
-344 489 -488 0 
253 -937 485 0 
175 -19 -222 0 
529 487 454 0 
-571 603 -287 0 
-431 -16 -608 0 
-259 911 141 0 
-40 668 -356 0 
40 -430 -614 0 
124 575 64 0 
331 568 795 0 
-248 -199 93 0 
-263 -13 -774 0 
-644 -964 -439 0 
-99 489 673 0 
311 -860 -793 0 
490 -115 503 0 
577 -270 -669 0 
377 954 -175 0 
311 887 -539 0 
-182 -601 483 0 
-281 18 -459 0 
-918 -557 650 0 
997 -896 365 0 
731 173 620 0 
361 627 -537 0 
-955 56 141 0 
244 -857 -679 0 
-389 345 253 0 
288 -144 -316 0 
-417 -649 -651 0 
-197 -440 -228 0 
943 529 974 0 
268 930 -967 0 
-277 667 -910 0 
79 -198 -515 0 
-894 808 989 0 
392 542 -38 0 
320 135 -814 0 
588 515 929 0 
-815 765 817 0 
-604 326 -461 0 
-735 -114 641 0 
951 949 -88 0 
690 -757 -71 0 
531 920 892 0 
-300 130 -831 0 
399 -144 401 0 
58 -404 -743 0 
-570 -369 615 0 
-775 352 -779 0 
-843 -606 762 0 
282 -520 935 0 
89 93 -151 0 
542 -822 -633 0 
-625 -721 998 0 
-814 335 310 0 
295 670 976 0 
393 -500 -160 0 
528 -187 910 0 
-606 417 180 0 
332 404 -486 0 
-746 -336 -73 0 
-564 938 -44 0 
595 490 -389 0 
-609 626 806 0 
366 -888 634 0 
-340 -216 -644 0 
-372 920 961 0 
374 460 875 0 
38 -320 -877 0 
386 -978 192 0 
-567 -772 -339 0 
-143 188 -359 0 
629 -487 -265 0 
423 -919 413 0 
-231 279 -782 0 
529 766 -26 0 
771 -61 -598 0 
212 -53 -540 0 
101 -307 322 0 
644 946 -480 0 
722 329 351 0 
409 -184 560 0 
-365 -156 -976 0 
847 87 -927 0 
623 212 453 0 
731 609 729 0 
-690 -176 -200 0 
-606 345 -886 0 
-921 -555 572 0 
-209 -291 334 0 
-766 76 816 0 
818 334 942 0 
-713 414 560 0 
-139 -543 622 0 
-149 -672 275 0 
-536 -741 422 0 
317 -474 708 0 
355 428 -862 0 
-362 390 -551 0 
570 466 94 0 
522 -417 168 0 
491 7 -959 0 
591 168 -244 0 
507 862 389 0 
911 -671 -752 0 
868 -461 457 0 
-810 -972 843 0 
-795 -737 -152 0 
353 840 934 0 
-731 2 434 0 
424 -590 470 0 
852 701 96 0 
-69 -791 -523 0 
-768 -802 997 0 
-530 -195 -520 0 
-52 869 -563 0 
-282 193 831 0 
1000 107 -876 0 
-33 934 -845 0 
67 379 -931 0 
741 -143 -631 0 
28 -480 435 0 
-64 477 447 0 
-51 -809 736 0 
414 -118 148 0 
-2 -83 -26 0 
591 -96 882 0 
-946 -560 -800 0 
29 553 -647 0 
742 749 -244 0 
407 321 538 0 
32 452 -610 0 
440 -935 -746 0 
-688 -660 73 0 
446 77 -995 0 
972 -174 -921 0 
-615 15 -870 0 
-673 795 492 0 
-35 19 279 0 
-752 -910 -424 0 
-225 614 623 0 
394 -637 51 0 
-510 592 -385 0 
-41 -201 -986 0 
-710 -636 665 0 
-222 -687 580 0 
464 746 -824 0 
153 728 -882 0 
-42 -952 -612 0 
532 127 409 0 
532 -125 -704 0 
-559 92 -71 0 
-146 -934 750 0 
813 -113 -369 0 
235 551 -985 0 
-694 485 -797 0 
321 625 842 0 
-505 939 -498 0 
888 99 360 0 
499 17 256 0 
-574 -338 -650 0 
-326 534 568 0 
943 -554 729 0 
915 -356 601 0 
-867 532 615 0 
-964 -669 -886 0 
-265 996 -938 0 
-643 884 304 0 
954 -157 -747 0 
-679 -473 386 0 
691 432 583 0 
714 834 531 0 
-860 -108 838 0 
-367 838 13 0 
795 105 734 0 
330 925 -436 0 
-871 760 -270 0 
356 -562 -350 0 
357 -425 -901 0 
-386 -602 -425 0 
-741 -150 758 0 
751 785 -820 0 
-259 -994 -695 0 
773 625 769 0 
-335 -167 441 0 
904 -636 675 0 
-56 119 923 0 
-500 -988 560 0 
-74 622 -350 0 
993 -642 792 0 
-141 -34 474 0 
540 283 -527 0 
843 829 426 0 
12 842 304 0 
-906 106 655 0 
66 877 -729 0 
-474 485 113 0 
950 488 927 0 
948 228 -278 0 
-780 -560 -167 0 
461 -570 -649 0 
88 -261 -751 0 
311 371 -70 0 
938 500 852 0 
-509 433 -697 0 
556 -878 518 0 
536 -592 -872 0 
-781 868 996 0 
639 785 -704 0 
970 215 -540 0 
841 714 -586 0 
904 -129 -597 0 
-399 630 915 0 
-481 -80 829 0 
219 -308 658 0 
920 506 -382 0 
42 275 -553 0 
-984 -733 -93 0 
-885 209 193 0 
340 894 190 0 
-881 -857 247 0 
47 -791 -726 0 
-918 989 -391 0 
-854 -649 -584 0 
660 -437 -132 0 
334 508 3 0 
-932 795 -510 0 
-668 -377 -826 0 
577 -940 -334 0 
-207 -854 -390 0 
439 87 -24 0 
351 21 796 0 
839 -58 569 0 
-357 710 798 0 
97 295 646 0 
254 17 808 0 
-468 370 -548 0 
556 -41 -777 0 
173 154 -148 0 
348 266 592 0 
723 490 492 0 
-999 534 -413 0 
-258 -179 -369 0 
964 -513 516 0 
-100 216 965 0 
-643 -794 -793 0 
52 -535 -152 0 
-404 -726 650 0 
757 -963 788 0 
57 378 751 0 
743 -792 129 0 
372 -279 -483 0 
937 766 127 0 
378 -108 184 0 
-363 -553 658 0 
-361 -450 884 0 
767 990 -684 0 
-497 -847 236 0 
-668 -237 -580 0 
355 829 -831 0 
90 11 988 0 
546 -320 303 0 
-4 713 -318 0 
-505 -673 -201 0 
-812 -956 278 0 
76 916 158 0 
777 430 646 0 
731 435 -13 0 
680 771 -922 0 
209 -334 -188 0 
-963 -502 -274 0 
-180 -579 767 0 
924 -670 -687 0 
753 -865 -917 0 
355 149 -843 0 
-56 300 180 0 
-390 276 851 0 
-317 -347 296 0 
-184 -657 -270 0 
-211 371 366 0 
-463 869 -439 0 
-563 392 -623 0 
170 -871 -870 0 
351 -255 -502 0 
-106 999 -599 0 
332 -306 -609 0 
907 871 -351 0 
-467 -1000 -763 0 
705 793 860 0 
945 -261 363 0 
527 -46 289 0 
374 66 467 0 
534 -674 511 0 
601 -3 444 0 
956 909 881 0 
283 -213 304 0 
370 -90 -836 0 
-942 -991 358 0 
-18 -927 984 0 
-508 -947 233 0 
424 -561 224 0 
-28 619 -936 0 
68 703 -655 0 
479 -185 -512 0 
-690 -501 176 0 
-240 -724 813 0 
200 169 143 0 
775 -707 397 0 
358 114 151 0 
-643 -327 431 0 
611 344 439 0 
206 -549 384 0 
660 748 41 0 
820 -789 -590 0 
595 687 658 0 
935 464 671 0 
955 989 148 0 
659 28 -804 0 
-683 184 240 0 
-852 229 202 0 
955 -388 -950 0 
-471 342 -997 0 
552 -918 439 0 
-301 -771 858 0 
934 -556 625 0 
-589 -736 -900 0 
785 -924 856 0 
-756 -409 -55 0 
677 -43 -192 0 
569 -297 439 0 
764 -753 252 0 
809 -363 780 0 
988 -325 -288 0 
353 253 -890 0 
127 -533 915 0 
68 322 -1000 0 
439 194 273 0 
509 562 87 0 
339 -81 -25 0 
-863 710 -155 0 
-984 625 385 0 
-181 906 618 0 
-242 -421 -477 0 
401 -677 -466 0 
-839 47 -462 0 
481 -799 -939 0 
93 -165 841 0 
-212 -928 -959 0 
-246 -352 337 0 
227 -566 360 0 
34 256 -688 0 
70 37 -585 0 
881 -474 337 0 
-765 -785 811 0 
-998 233 332 0 
965 -494 -829 0 
-841 -607 684 0 
927 -594 -168 0 
693 -455 -736 0 
-501 970 549 0 
-706 -972 -426 0 
-728 -488 -197 0 
-968 -275 -767 0 
329 808 470 0 
665 153 647 0 
379 -1 291 0 
-196 -376 -70 0 
-48 -917 -371 0 
857 -155 -436 0 
-60 -351 275 0 
-248 -918 -40 0 
467 828 -825 0 
-609 -731 -130 0 
753 813 455 0 
864 798 -485 0 
-628 314 -308 0 
-647 431 749 0 
-861 -673 -222 0 
24 -749 -521 0 
-30 458 -388 0 
297 -139 669 0 
831 764 -64 0 
-330 495 -37 0 
988 -510 718 0 
432 -917 922 0 
185 162 -42 0 
596 -527 855 0 
-143 -705 453 0 
-885 -104 -593 0 
-95 733 308 0 
-626 -82 928 0 
-886 317 -213 0 
17 68 -211 0 
-146 -488 251 0 
484 649 -466 0 
-310 -337 -547 0 
-619 783 -494 0 
-368 -186 318 0 
943 -489 384 0 
-386 -112 -589 0 
422 786 815 0 
-953 273 -491 0 
-521 -938 -733 0 
564 -408 427 0 
-190 524 177 0 
874 -641 76 0 
525 145 -418 0 
468 -640 119 0 
391 -263 -809 0 
677 -134 -714 0 
-115 -586 240 0 
886 -653 -310 0 
741 279 -702 0 
-299 158 117 0 
-365 -302 839 0 
884 370 -213 0 
499 -415 -185 0 
-970 -373 762 0 
-4 846 -221 0 
270 -752 -531 0 
-373 847 452 0 
-495 -470 -583 0 
-534 925 -318 0 
661 233 958 0 
344 851 876 0 
645 -612 497 0 
-149 312 -245 0 
764 350 -903 0 
-557 -910 878 0 
109 -236 -205 0 
460 -767 849 0 
722 -492 -809 0 
957 -273 101 0 
-283 -501 931 0 
-215 129 -121 0 
-723 172 -792 0 
-805 879 429 0 
533 -79 736 0 
704 -532 504 0 
-684 -642 220 0 
-627 555 -1 0 
11 -658 -765 0 
708 -511 647 0 
-945 -151 942 0 
-888 593 -587 0 
-577 -32 -685 0 
256 -449 -760 0 
-344 871 768 0 
-945 -354 -334 0 
-723 770 -256 0 
518 929 726 0 
-304 527 423 0 
36 -517 -685 0 
85 511 157 0 
-490 793 -277 0 
965 -713 316 0 
505 -202 -885 0 
-457 -332 922 0 
-529 99 450 0 
-975 -740 325 0 
-685 771 -592 0 
523 -31 300 0 
265 23 -988 0 
-904 -570 712 0 
226 143 593 0 
-991 -467 -825 0 
-580 775 614 0 
603 650 463 0 
-696 230 -215 0 
-673 -668 449 0 
-578 571 -519 0 
-512 868 -612 0 
95 -824 967 0 
-121 -469 109 0 
852 -625 -506 0 
-775 -696 -698 0 
-949 745 -242 0 
-53 -212 -524 0 
-331 912 824 0 
-971 775 -536 0 
-395 298 160 0 
-329 496 -715 0 
330 560 -365 0 
665 263 985 0 
-703 161 -292 0 
-790 18 564 0 
915 -258 -636 0 
224 -326 280 0 
158 644 268 0 
-423 461 -278 0 
-525 973 -342 0 
-556 136 -649 0 
-909 740 -562 0 
-16 -383 986 0 
-702 -19 998 0 
798 322 -53 0 
83 -798 993 0 
-258 754 184 0 
944 42 310 0 
216 -962 -258 0 
-976 984 538 0 
923 323 558 0 
181 980 -234 0 
-49 -313 -446 0 
463 901 774 0 
-682 -669 -922 0 
-90 -517 597 0 
486 -576 -970 0 
-214 829 -599 0 
-651 -750 -299 0 
504 57 -852 0 
122 411 886 0 
-496 398 -116 0 
439 -331 -141 0 
-707 -792 -63 0 
-213 460 234 0 
929 -966 997 0 
-707 996 -795 0 
234 135 474 0 
-194 -212 43 0 
-507 802 -847 0 
-971 150 -781 0 
-248 -329 -664 0 
-399 354 703 0 
298 678 -434 0 
-590 -431 628 0 
283 -207 543 0 
-615 -96 -885 0 
389 979 -62 0 
33 -385 -531 0 
273 -87 413 0 
-581 -715 -75 0 
-735 924 789 0 
947 -919 -543 0 
861 365 4 0 
-134 -70 -84 0 
-88 -979 875 0 
-724 828 -924 0 
-531 -728 193 0 
-502 719 -535 0 
-727 90 -725 0 
-324 -786 229 0 
-246 675 307 0 
696 70 -155 0 
-705 76 -40 0 
939 91 -790 0 
-415 -203 685 0 
882 -191 -323 0 
-525 -63 864 0 
-324 855 -1000 0 
636 -229 -991 0 
138 769 906 0 
-956 985 -310 0 
301 733 395 0 
-277 511 250 0 
163 218 -476 0 
10 -117 747 0 
-809 -130 -415 0 
558 941 -249 0 
-418 -826 -245 0 
-342 -996 -38 0 
-235 905 -785 0 
345 913 553 0 
102 -407 -108 0 
228 -586 161 0 
-536 -278 87 0 
-298 -226 -866 0 
815 732 -468 0 
-674 -142 532 0 
421 -924 -225 0 
297 -688 -237 0 
302 -626 -223 0 
-811 21 -487 0 
393 -567 942 0 
-684 780 -478 0 
411 467 -22 0 
923 445 -238 0 
-592 854 -971 0 
-4 298 -351 0 
569 243 323 0 
-870 -985 -80 0 
-678 359 -26 0 
246 -811 -163 0 
115 -623 295 0 
-218 956 148 0 
-835 -913 77 0 
161 -80 -774 0 
-445 326 190 0 
-798 275 16 0 
-380 -710 -917 0 
-910 -704 512 0 
-11 608 393 0 
-603 -973 -696 0 
-191 -697 -167 0 
-453 -913 619 0 
543 -192 385 0 
72 -983 -341 0 
-627 -975 -639 0 
-123 961 -924 0 
-971 -402 82 0 
641 -530 -927 0 
825 -292 -290 0 
529 -109 130 0 
-756 -776 -831 0 
-588 -683 -115 0 
-98 756 -483 0 
280 862 -347 0 
-18 557 -151 0 
-988 240 663 0 
-264 -768 365 0 
-431 943 -163 0 
514 381 -587 0 
498 -997 65 0 
-925 -612 891 0 
-817 149 -72 0 
-511 26 692 0 
-585 -542 274 0 
-765 -730 445 0 
885 -618 326 0 
657 423 -335 0 
367 -843 -291 0 
-562 260 -833 0 
155 -305 -130 0 
-347 48 -678 0 
-414 -732 -956 0 
-288 -702 241 0 
34 59 877 0 
-704 -342 -376 0 
-930 -690 565 0 
893 154 150 0 
540 -174 717 0 
136 815 -664 0 
-73 -903 630 0 
17 -787 106 0 
-908 -156 -728 0 
710 -427 271 0 
-847 -827 124 0 
-37 -121 -248 0 
471 -259 -732 0 
-453 -77 -579 0 
-569 -44 -164 0 
-781 -747 187 0 
158 67 -973 0 
-903 242 -742 0 
555 -504 608 0 
-319 -99 -887 0 
812 -861 -910 0 
556 -502 -39 0 
146 569 -254 0 
785 -852 -478 0 
140 -721 213 0 
-946 -106 -754 0 
644 -549 517 0 
-603 552 -593 0 
512 -361 -608 0 
-211 253 -89 0 
938 -957 -771 0 
241 -591 -570 0 
-821 -947 -332 0 
798 -84 -113 0 
-497 241 -580 0 
-393 590 -533 0 
-489 966 408 0 
823 -25 273 0 
-813 633 489 0 
349 -35 662 0 
-84 800 233 0 
-188 588 -909 0 
470 -543 -276 0 
-78 199 82 0 
861 903 -578 0 
-48 -687 -78 0 
-656 245 -30 0 
-555 64 583 0 
-901 701 911 0 
126 -795 -456 0 
-709 -692 -93 0 
-375 680 -210 0 
131 832 -291 0 
65 -264 -809 0 
-33 -943 -157 0 
958 -758 -425 0 
769 -836 -107 0 
442 -997 485 0 
-885 -637 233 0 
-848 235 -810 0 
504 111 265 0 
-182 72 594 0 
668 130 456 0 
-237 -562 -496 0 
911 378 360 0 
-373 253 480 0 
741 932 -377 0 
-455 -239 846 0 
81 391 -467 0 
744 -179 621 0 
441 -895 178 0 
-851 375 -744 0 
-584 -176 451 0 
550 -658 -895 0 
-461 573 -276 0 
816 616 -99 0 
-565 595 -205 0 
995 871 -446 0 
-788 -558 -375 0 
-225 -1 305 0 
440 286 -593 0 
-595 363 271 0 
569 -758 572 0 
339 69 770 0 
-393 41 54 0 
-478 -600 331 0 
171 942 207 0 
-996 -565 860 0 
453 -837 839 0 
867 284 810 0 
705 248 985 0 
-981 684 288 0 
646 -562 940 0 
-595 814 911 0 
-471 860 -723 0 
-347 -159 954 0 
-52 220 761 0 
460 223 919 0 
852 658 389 0 
-281 -730 994 0 
-519 957 588 0 
329 -257 -151 0 
461 -621 667 0 
879 640 725 0 
974 -362 555 0 
-427 212 -602 0 
849 835 -810 0 
943 -515 -124 0 
-143 395 -426 0 
-593 304 -586 0 
-251 -598 681 0 
-968 -405 -355 0 
901 527 174 0 
-117 956 873 0 
98 449 -158 0 
-317 397 -657 0 
155 -148 758 0 
-260 10 286 0 
-203 474 872 0 
-267 -656 862 0 
575 -7 627 0 
-347 365 36 0 
-932 -82 -824 0 
-402 116 181 0 
917 143 -213 0 
-450 -569 -424 0 
855 -865 -961 0 
-788 457 159 0 
91 163 764 0 
-816 483 -254 0 
-374 -234 -490 0 
-139 -391 84 0 
320 -630 -141 0 
89 -838 162 0 
-547 -756 328 0 
-929 -718 -388 0 
-899 -138 314 0 
-403 334 800 0 
-830 379 -606 0 
-134 548 480 0 
-827 -254 -205 0 
342 47 458 0 
-476 549 385 0 
-324 -287 -238 0 
-155 -970 -216 0 
-801 886 -200 0 
-306 927 447 0 
-980 -192 -778 0 
-209 -954 -227 0 
-658 -887 -321 0 
353 592 659 0 
110 -964 -668 0 
-534 -447 -759 0 
-574 909 77 0 
-275 21 -186 0 
-492 646 558 0 
-644 584 328 0 
423 -326 239 0 
676 917 808 0 
238 523 -596 0 
-117 -805 404 0 
544 755 -917 0 
554 684 -609 0 
-726 -404 23 0 
42 -832 913 0 
148 -529 -695 0 
338 -767 -533 0 
-212 954 -852 0 
48 -79 905 0 
593 943 214 0 
-670 849 -129 0 
954 587 348 0 
-34 -127 -221 0 
-605 -259 598 0 
-1 769 130 0 
-278 719 540 0 
656 744 -982 0 
-963 664 524 0 
-123 -503 55 0 
712 -282 781 0 
420 -14 -109 0 
586 -695 312 0 
-634 791 -904 0 
127 983 -133 0 
610 839 -621 0 
-356 296 677 0 
988 -66 -340 0 
-436 601 355 0 
549 -882 361 0 
737 -624 810 0 
-752 311 -848 0 
498 676 614 0 
-508 288 795 0 
-571 175 395 0 
874 -1 -213 0 
641 -712 19 0 
116 -32 66 0 
-843 -683 894 0 
-135 347 730 0 
-783 -779 820 0 
164 -800 475 0 
-891 -246 137 0 
-222 689 370 0 
686 723 -130 0 
-587 -386 -700 0 
-119 -321 -883 0 
-836 208 -20 0 
-912 914 29 0 
166 -762 -235 0 
377 414 547 0 
-744 -599 -855 0 
393 498 91 0 
-92 -871 773 0 
112 973 -339 0 
445 -768 966 0 
-305 -22 -851 0 
-936 942 468 0 
567 -968 -672 0 
-645 169 -993 0 
-751 -371 -408 0 
803 529 -486 0 
-93 -295 -894 0 
357 533 -816 0 
441 222 367 0 
-250 304 459 0 
652 24 -184 0 
-657 -904 543 0 
291 568 -547 0 
118 968 -873 0 
869 -603 -989 0 
983 -649 809 0 
-415 -464 -509 0 
-291 -342 -788 0 
-171 863 -677 0 
-489 922 587 0 
366 -908 892 0 
-530 -658 -993 0 
-680 -278 -871 0 
-995 -181 -945 0 
434 -306 -508 0 
-503 -852 -515 0 
900 739 -204 0 
-130 -311 337 0 
576 -886 -128 0 
506 -463 -86 0 
-151 -225 743 0 
-563 130 -810 0 
-825 578 346 0 
961 171 488 0 
-614 -358 -464 0 
-199 940 -704 0 
-82 475 884 0 
-814 -369 263 0 
116 809 784 0 
168 533 -996 0 
215 72 -243 0 
-778 -137 897 0 
973 -547 -59 0 
-691 268 200 0 
711 -44 -236 0 
-409 -366 -90 0 
989 605 365 0 
-152 -733 859 0 
-911 -658 292 0 
206 312 -199 0 
-764 591 -481 0 
-787 -617 -654 0 
469 911 57 0 
946 -936 700 0 
-950 982 212 0 
-775 -472 521 0 
964 278 988 0 
331 -14 -632 0 
208 -482 315 0 
779 741 949 0 
970 -742 -11 0 
883 -650 -145 0 
932 610 -275 0 
-720 602 -152 0 
-573 404 917 0 
335 -452 424 0 
-178 -458 258 0 
-39 561 853 0 
-386 -251 777 0 
-289 574 -996 0 
-620 -329 667 0 
-938 220 995 0 
577 66 -692 0 
95 163 517 0 
894 723 858 0 
944 -405 -505 0 
-850 695 -354 0 
-21 -168 39 0 
-773 74 -170 0 
-810 779 -929 0 
-57 -447 619 0 
-193 617 -364 0 
-97 -933 -837 0 
-49 14 -840 0 
-281 -517 563 0 
-710 -686 383 0 
896 30 691 0 
291 -748 599 0 
929 717 913 0 
-76 634 643 0 
-425 739 583 0 
-729 -656 467 0 
315 -394 999 0 
-674 527 -767 0 
-613 -490 670 0 
218 -426 -477 0 
-471 691 -295 0 
450 134 -784 0 
-312 -905 688 0 
-418 -240 -581 0 
365 -27 -530 0 
803 932 194 0 
53 666 155 0 
-345 216 -988 0 
240 -809 -550 0 
-646 -112 -37 0 
544 570 -651 0 
886 170 -968 0 
393 -202 60 0 
296 642 626 0 
938 -729 -166 0 
-986 907 -775 0 
-541 -591 -1000 0 
333 -347 869 0 
774 -383 825 0 
-637 615 711 0 
969 -909 -659 0 
-666 -918 -314 0 
707 -147 467 0 
223 780 -103 0 
-844 28 -540 0 
835 611 -372 0 
147 -347 -9 0 
-275 -375 -361 0 
806 276 -949 0 
214 -628 540 0 
98 470 -453 0 
-727 -249 -291 0 
370 323 -747 0 
589 -810 986 0 
674 -494 285 0 
-311 183 -306 0 
678 -60 911 0 
450 613 -135 0 
-844 -282 518 0 
213 -458 562 0 
711 -104 -406 0 
612 -498 715 0 
221 -119 365 0 
123 978 -499 0 
-318 -847 884 0 
-877 -683 789 0 
-994 -645 -63 0 
612 918 668 0 
-417 -272 -513 0 
-883 56 967 0 
-283 720 275 0 
-264 -799 -906 0 
-313 683 -315 0 
-324 -491 342 0 
-268 67 -403 0 
186 54 61 0 
-769 265 -748 0 
771 -607 -97 0 
797 311 -375 0 
49 -46 -199 0 
-533 -711 -91 0 
846 -949 -804 0 
-112 -393 -755 0 
609 -688 -20 0 
560 166 -762 0 
-714 -252 897 0 
406 -105 95 0 
325 -30 -321 0 
705 -138 622 0 
-610 425 -223 0 
-531 834 -576 0 
518 37 886 0 
567 562 808 0 
-278 761 -62 0 
698 -477 -92 0 
-38 -742 -798 0 
181 38 211 0 
-894 -713 -458 0 
581 -656 -621 0 
-472 -931 271 0 
-507 -932 730 0 
968 -365 -685 0 
277 848 -116 0 
309 -735 808 0 
-73 93 102 0 
-413 -693 450 0 
-644 177 -907 0 
638 -300 -752 0 
-873 -942 352 0 
-872 771 -653 0 
-298 487 -755 0 
543 -781 -575 0 
613 -604 788 0 
82 917 -232 0 
273 875 351 0 
-91 -895 -219 0 
-845 -478 -476 0 
591 601 -242 0 
339 -583 388 0 
394 929 -249 0 
633 -817 972 0 
476 -153 -96 0 
-747 645 -543 0 
-234 296 255 0 
277 -273 -594 0 
-243 445 -17 0 
689 927 -385 0 
177 230 219 0 
-912 -881 -427 0 
-800 491 804 0 
322 86 -347 0 
-598 -45 -872 0 
-537 -863 -375 0 
-38 89 286 0 
-1 452 676 0 
941 479 505 0 
-127 874 -430 0 
465 -770 903 0 
-331 -611 -830 0 
-416 542 934 0 
475 470 516 0 
-68 -317 456 0 
240 -462 618 0 
821 775 -485 0 
-54 673 517 0 
-627 -88 -665 0 
5 -836 -231 0 
589 -681 -877 0 
509 -200 -613 0 
99 -332 -293 0 
559 -306 -372 0 
-732 -755 748 0 
32 763 -98 0 
41 -477 736 0 
-920 622 509 0 
-769 169 -742 0 
-424 537 -973 0 
286 -463 -822 0 
-763 -167 -750 0 
-297 -97 -588 0 
-743 700 -240 0 
118 619 -58 0 
-553 -220 413 0 
-433 291 -88 0 
996 300 289 0 
564 -798 -208 0 
-85 -859 463 0 
787 647 -529 0 
456 -534 -466 0 
105 -559 -180 0 
523 676 417 0 
-721 366 752 0 
-400 -525 548 0 
-334 744 406 0 
336 205 -814 0 
96 99 -854 0 
162 -614 -249 0 
525 -709 620 0 
856 -314 -350 0 
129 -94 441 0 
813 837 542 0 
-810 864 -929 0 
-565 976 806 0 
628 443 -747 0 
-203 546 -600 0 
95 623 769 0 
854 -624 -84 0 
-260 -4 865 0 
-851 -579 430 0 
374 -105 -116 0 
539 -533 224 0 
873 521 293 0 
702 -487 912 0 
-400 880 -695 0 
-68 731 -147 0 
-308 843 965 0 
657 651 -56 0 
-781 110 818 0 
-716 397 -986 0 
737 525 -26 0 
-701 294 -212 0 
367 -192 -776 0 
623 315 -155 0 
-854 -676 -956 0 
806 -554 -64 0 
-368 -44 -667 0 
318 193 -28 0 
-228 -736 -753 0 
428 199 -271 0 
-30 -706 421 0 
-849 304 445 0 
-280 71 602 0 
-472 40 -602 0 
338 -914 433 0 
909 -416 924 0 
-497 267 -155 0 
125 -511 -997 0 
-848 -293 -733 0 
678 -504 47 0 
591 -290 88 0 
777 923 834 0 
438 708 -93 0 
848 -990 499 0 
-482 -981 424 0 
375 93 2 0 
-566 -734 -232 0 
-872 -362 276 0 
-251 -729 -604 0 
-351 -570 540 0 
203 891 96 0 
342 274 -253 0 
-694 957 -243 0 
749 428 -536 0 
179 -876 -615 0 
410 -767 344 0 
179 459 -27 0 
-758 206 -39 0 
310 -29 913 0 
680 718 955 0 
860 -926 -690 0 
935 584 -731 0 
396 454 -114 0 
456 -940 -308 0 
-617 233 422 0 
-263 -374 -146 0 
581 539 374 0 
-61 -133 726 0 
424 702 963 0 
-292 -897 -807 0 
818 -335 88 0 
588 704 -772 0 
-533 -133 -855 0 
218 -645 534 0 
232 801 599 0 
-554 -189 -195 0 
-23 648 514 0 
780 -733 -459 0 
73 -481 -263 0 
615 41 955 0 
-658 -636 564 0 
-375 -586 499 0 
485 965 443 0 
560 729 807 0 
-976 870 -467 0 
-789 166 684 0 
-894 -683 -736 0 
208 72 847 0 
-98 -591 808 0 
-91 -416 302 0 
541 -926 294 0 
578 -226 591 0 
763 -41 -504 0 
-935 -563 668 0 
42 864 657 0 
-959 688 804 0 
-490 144 899 0 
201 290 918 0 
-910 -956 -293 0 
-755 -975 787 0 
-673 1 -200 0 
806 17 689 0 
-171 353 933 0 
8 441 249 0 
-763 601 506 0 
927 -311 984 0 
378 -797 -492 0 
-951 379 381 0 
-401 -343 57 0 
-505 -731 -752 0 
399 827 33 0 
-1000 77 -771 0 
-544 -588 -130 0 
159 492 -45 0 
348 -224 908 0 
-857 701 905 0 
-252 -35 -476 0 
122 -267 -702 0 
734 -47 -962 0 
-912 566 -552 0 
957 -915 70 0 
-117 269 -646 0 
-825 -941 426 0 
-504 238 -742 0 
-674 317 -918 0 
-824 289 -214 0 
415 -617 -485 0 
-790 -577 -272 0 
-256 904 937 0 
-190 431 479 0 
-891 68 255 0 
209 -739 -646 0 
-447 951 303 0 
176 -56 -559 0 
-470 311 -882 0 
-19 190 -450 0 
16 -449 -548 0 
55 19 -610 0 
-20 185 -616 0 
-604 -796 875 0 
95 704 -521 0 
-457 -871 683 0 
-174 655 515 0 
-957 604 -173 0 
-413 171 782 0 
113 -718 168 0 
-734 240 553 0 
251 657 -995 0 
942 348 -785 0 
-187 -784 601 0 
890 -318 871 0 
-706 183 -757 0 
19 188 -506 0 
351 129 158 0 
473 76 -870 0 
-917 -315 -191 0 
-428 -673 862 0 
-981 490 -904 0 
-650 -197 -997 0 
607 -766 18 0 
-572 163 773 0 
-773 579 694 0 
221 139 -276 0 
-343 318 -506 0 
179 274 639 0 
-62 -741 102 0 
525 -512 -8 0 
666 -323 -992 0 
693 -699 -868 0 
427 -366 -19 0 
-146 132 -166 0 
221 742 323 0 
-724 -703 647 0 
819 867 -508 0 
-231 -519 -732 0 
699 945 995 0 
478 -437 975 0 
182 -579 -857 0 
-440 930 -289 0 
-451 -678 -792 0 
-353 13 689 0 
592 -923 629 0 
617 354 913 0 
923 -506 -167 0 
-493 -17 -461 0 
160 421 -13 0 
-807 24 -11 0 
-787 -406 810 0 
-687 -636 -11 0 
196 -274 -333 0 
-858 -834 74 0 
459 920 -908 0 
-970 -289 -414 0 
-350 -725 -310 0 
281 386 610 0 
450 966 383 0 
-155 157 559 0 
-191 -80 -783 0 
132 731 -290 0 
-963 -635 330 0 
903 -761 276 0 
-431 867 555 0 
115 -207 -974 0 
-789 -820 571 0 
-420 702 221 0 
187 -626 54 0 
-193 -911 63 0 
-570 449 -608 0 
862 413 952 0 
-999 -684 -953 0 
516 -479 -973 0 
-647 430 991 0 
-801 -183 -392 0 
-937 -999 -402 0 
315 -208 551 0 
383 -232 521 0 
-943 -393 25 0 
857 514 216 0 
929 183 781 0 
-898 -916 640 0 
672 -615 338 0 
743 385 98 0 
-868 864 485 0 
975 789 -986 0 
570 -384 397 0 
-720 -274 -122 0 
87 674 -440 0 
-600 -693 -79 0 
-88 233 630 0 
206 198 113 0 
-133 556 882 0 
471 -446 209 0 
129 -675 193 0 
146 -935 877 0 
-89 -278 634 0 
522 222 -287 0 
-192 849 -676 0 
-525 899 34 0 
-688 538 494 0 
116 674 -281 0 
-954 -694 -791 0 
-398 140 638 0 
46 546 33 0 
-554 499 376 0 
-353 -108 -967 0 
529 -956 -295 0 
441 253 693 0 
343 -670 548 0 
337 -239 -302 0 
76 -203 -258 0 
426 -55 -821 0 
-16 455 -493 0 
-478 916 86 0 
354 -549 986 0 
258 959 741 0 
959 946 230 0 
901 -794 -540 0 
239 -429 -138 0 
71 -444 -165 0 
558 879 887 0 
750 218 -300 0 
49 -863 -635 0 
237 -584 -824 0 
-978 761 -424 0 
796 423 -699 0 
-40 883 -752 0 
-400 543 617 0 
412 584 -828 0 
625 346 743 0 
694 -294 -846 0 
-943 413 -753 0 
-346 298 785 0 
319 -315 350 0 
-588 506 -229 0 
801 747 370 0 
313 82 -184 0 
-796 870 226 0 
-360 348 170 0 
720 923 -68 0 
-325 -736 590 0 
-383 811 848 0 
-16 186 -313 0 
946 462 878 0 
-759 707 -81 0 
-307 -208 17 0 
-751 204 843 0 
292 -161 -131 0 
609 349 -909 0 
33 415 466 0 
288 797 -647 0 
707 732 222 0 
667 -61 -188 0 
500 -946 -299 0 
647 918 -460 0 
927 -518 27 0 
-594 -55 356 0 
636 105 -893 0 
107 -742 -809 0 
742 309 227 0 
-754 805 -101 0 
340 -282 -819 0 
529 457 -870 0 
822 -255 -745 0 
192 110 -896 0 
-593 -31 -22 0 
620 -667 10 0 
-182 -523 -686 0 
-831 130 109 0 
-570 363 434 0 
608 -241 315 0 
-782 -717 -318 0 
-116 -715 -348 0 
93 582 -523 0 
-985 921 916 0 
950 -446 558 0 
-867 996 816 0 
-363 329 319 0 
-746 696 540 0 
769 439 507 0 
-720 308 41 0 
-141 -319 -910 0 
-669 388 982 0 
660 239 418 0 
711 687 -534 0 
-689 -590 -38 0 
508 -88 350 0 
-235 -232 -403 0 
932 680 29 0 
-727 -351 50 0 
931 -872 -968 0 
297 287 846 0 
936 -922 503 0 
-957 -523 -268 0 
426 76 -622 0 
-184 790 770 0 
872 -138 536 0 
-276 503 904 0 
114 -181 -107 0 
766 414 -387 0 
-738 496 479 0 
-880 -787 -38 0 
-864 109 1000 0 
-767 737 -706 0 
940 -647 881 0 
834 -469 994 0 
-352 68 -511 0 
871 478 -420 0 
-337 84 367 0 
-776 -153 -726 0 
-925 255 -108 0 
884 -92 -557 0 
980 -308 -280 0 
-662 982 -611 0 
913 -120 -971 0 
-300 -238 385 0 
173 -3 -436 0 
986 -310 980 0 
655 -694 -619 0 
-132 334 -183 0 
-755 224 -593 0 
-976 -995 -598 0 
504 -213 -611 0 
-986 508 -719 0 
-71 811 760 0 
-415 -521 -139 0 
518 662 -163 0 
362 -469 -420 0 
3 1 -89 0 
784 -756 533 0 
-154 124 533 0 
68 935 -780 0 
-167 -391 -843 0 
-51 -721 -887 0 
357 -207 305 0 
-870 -111 245 0 
-931 -8 801 0 
519 447 883 0 
-656 -223 -336 0 
114 871 654 0 
-17 -967 -800 0 
-115 -3 -759 0 
407 446 687 0 
-813 -53 -663 0 
-564 719 54 0 
-654 -930 -69 0 
886 -985 -695 0 
-261 504 536 0 
-279 943 -266 0 
-159 874 790 0 
23 -635 972 0 
872 -716 15 0 
164 -570 450 0 
376 394 -913 0 
818 167 -866 0 
-163 -211 76 0 
205 -432 846 0 
380 -959 827 0 
941 -959 -483 0 
-608 808 646 0 
-984 325 915 0 
-741 133 895 0 
-471 132 224 0 
-649 -175 -76 0 
-950 285 -61 0 
-962 591 165 0 
-951 692 -40 0 
565 -305 -925 0 
-262 496 345 0 
398 283 -122 0 
427 -568 -274 0 
846 -788 959 0 
205 -683 -30 0 
833 -490 911 0 
-655 -8 -380 0 
916 -488 953 0 
-729 -277 493 0 
909 -952 -247 0 
772 -577 881 0 
-81 -619 39 0 
-128 767 536 0 
-417 203 -552 0 
551 -347 -32 0 
-215 -259 113 0 
-330 -887 -312 0 
-74 -182 -845 0 
-154 -205 957 0 
-356 212 139 0 
871 599 -776 0 
563 -504 -482 0 
173 237 -628 0 
643 -909 -142 0 
883 -739 -382 0 
286 791 176 0 
-252 -52 -92 0 
733 696 -769 0 
787 -585 745 0 
645 -145 -702 0 
310 -284 968 0 
494 -247 810 0 
-37 911 280 0 
674 -485 -537 0 
297 -257 -652 0 
315 -582 306 0 
584 325 -483 0 
-671 -469 -151 0 
208 904 -559 0 
705 -250 -982 0 
459 -366 -255 0 
830 -752 47 0 
-620 916 32 0 
655 -739 -719 0 
-862 540 351 0 
352 77 -454 0 
907 -831 667 0 
126 183 -131 0 
83 221 532 0 
-353 -185 -770 0 
-650 987 745 0 
230 -848 93 0 
943 153 -746 0 
-82 -908 -798 0 
296 -482 680 0 
-947 567 -447 0 
722 263 -100 0 
752 -267 -982 0 
668 620 482 0 
-989 -689 705 0 
480 168 -73 0 
-861 -83 -595 0 
281 802 -976 0 
-411 -606 633 0 
549 -134 557 0 
-6 -456 632 0 
337 -328 636 0 
-438 555 803 0 
-918 -636 -118 0 
-927 566 -458 0 
916 693 101 0 
-483 -71 773 0 
-856 -290 687 0 
488 -511 947 0 
234 749 -533 0 
-152 611 -442 0 
557 -58 903 0 
48 791 -732 0 
453 -424 231 0 
-770 312 -137 0 
193 -235 -974 0 
360 -459 775 0 
-999 905 -794 0 
182 -469 869 0 
-294 -617 -999 0 
-21 -918 240 0 
-333 -19 281 0 
469 383 423 0 
-776 773 146 0 
-971 -122 883 0 
-768 222 750 0 
-137 139 -304 0 
265 -948 -238 0 
-797 -424 389 0 
461 -205 769 0 
-475 -647 -145 0 
346 -829 -416 0 
-991 -763 -435 0 
901 -625 632 0 
951 -658 409 0 
109 -136 998 0 
-982 815 551 0 
367 -18 -310 0 
-206 987 -722 0 
922 473 -264 0 
482 881 672 0 
999 -721 -224 0 
-230 907 595 0 
746 -863 -337 0 
-475 -788 176 0 
-467 412 220 0 
370 890 633 0 
230 -2 -966 0 
-769 -372 845 0 
813 -662 -510 0 
-907 765 -66 0 
-713 502 262 0 
-372 501 322 0 
379 201 258 0 
575 -743 -957 0 
-305 -25 979 0 
468 -979 -808 0 
3 -867 429 0 
450 -331 119 0 
-747 -828 960 0 
-281 -612 -764 0 
377 -14 774 0 
21 -441 -348 0 
-766 970 -208 0 
-306 659 725 0 
175 -160 -94 0 
-318 -46 -98 0 
585 -317 872 0 
-344 -898 -466 0 
39 -403 946 0 
-650 906 -897 0 
-878 713 687 0 
-855 -419 -722 0 
-814 448 -206 0 
-727 -956 -281 0 
-244 -911 -326 0 
902 -363 -594 0 
411 -24 955 0 
80 -679 -489 0 
748 -942 923 0 
-201 818 453 0 
-637 -962 -783 0 
346 -212 480 0 
881 -414 498 0 
-65 -324 602 0 
-400 -824 462 0 
491 798 367 0 
329 624 -270 0 
435 -346 -407 0 
-410 -457 -846 0 
877 -604 -939 0 
454 258 -804 0 
514 -234 -778 0 
-129 -451 177 0 
-520 363 -738 0 
629 991 146 0 
127 -662 -726 0 
309 11 -841 0 
559 -354 -927 0 
-739 -746 -788 0 
746 520 -126 0 
-375 501 -325 0 
595 153 243 0 
-251 -808 739 0 
-668 154 -977 0 
-754 779 -761 0 
105 -676 -629 0 
-714 -884 224 0 
572 -466 425 0 
424 571 -916 0 
-23 801 577 0 
619 851 575 0 
-180 -957 121 0 
296 -607 303 0 
-891 -862 -53 0 
-269 -182 375 0 
-162 187 -805 0 
467 -4 665 0 
667 347 821 0 
-223 -927 -259 0 
669 -229 -750 0 
184 -627 -686 0 
-991 664 572 0 
269 301 617 0 
116 -200 -797 0 
-956 481 250 0 
110 -152 464 0 
380 -706 237 0 
-268 134 -387 0 
-69 517 -681 0 
770 -466 -121 0 
158 328 6 0 
614 200 518 0 
75 -610 385 0 
180 660 -962 0 
252 570 594 0 
-83 -660 551 0 
659 790 108 0 
100 636 -415 0 
249 -873 889 0 
-636 -167 -471 0 
175 -210 -561 0 
429 -388 390 0 
-941 -174 -996 0 
795 -479 -846 0 
38 402 148 0 
36 -711 -422 0 
79 -861 559 0 
-27 465 380 0 
951 15 883 0 
852 -593 464 0 
-146 -280 739 0 
291 -282 -985 0 
-405 875 -17 0 
-511 -681 -875 0 
429 -245 260 0 
-112 -595 898 0 
128 -313 419 0 
45 -707 564 0 
-820 -705 480 0 
499 -716 806 0 
219 143 -437 0 
199 -902 267 0 
-716 557 -349 0 
-930 228 372 0 
405 305 817 0 
-570 -452 965 0 
-994 -911 809 0 
654 -573 -702 0 
-924 853 298 0 
187 995 -436 0 
-152 982 865 0 
-339 -798 165 0 
-627 -894 505 0 
807 -60 -181 0 
-556 970 957 0 
-753 784 -902 0 
-167 -452 954 0 
268 -611 727 0 
-406 857 -926 0 
-685 592 -795 0 
-895 203 -342 0 
-236 889 843 0 
880 -661 438 0 
280 307 -220 0 
787 -740 -836 0 
-631 -437 222 0 
-11 936 783 0 
-903 827 -179 0 
-868 289 78 0 
-514 -287 524 0 
444 -710 617 0 
372 -756 407 0 
544 -896 -739 0 
483 -532 375 0 
-355 262 -809 0 
-469 -737 -97 0 
350 -332 -878 0 
183 -642 -180 0 
-213 644 636 0 
505 51 -925 0 
977 66 749 0 
353 -619 -202 0 
-546 -597 596 0 
-905 925 -864 0 
515 413 701 0 
107 -57 456 0 
-872 534 273 0 
332 -552 614 0 
245 -555 -317 0 
-370 63 866 0 
-315 651 78 0 
675 -978 436 0 
-772 -223 605 0 
-319 -59 897 0 
-235 -677 -44 0 
391 -282 -441 0 
959 650 44 0 
714 -165 240 0 
307 651 -890 0 
199 420 849 0 
171 627 -531 0 
816 -318 -50 0 
244 -561 -161 0 
-552 -844 -40 0 
629 802 -766 0 
-350 -441 319 0 
496 593 68 0 
-774 -840 -684 0 
620 -150 367 0 
114 -419 -889 0 
-646 -791 -23 0 
479 371 655 0 
638 703 407 0 
-573 -222 764 0 
288 -523 625 0 
-343 141 406 0 
947 412 552 0 
-117 -682 389 0 
-600 251 234 0 
-30 -928 -766 0 
229 -201 -275 0 
946 960 908 0 
507 -47 -318 0 
-961 89 21 0 
512 487 -979 0 
224 -695 666 0 
879 -824 -62 0 
710 434 -674 0 
313 607 537 0 
-330 -200 563 0 
-798 463 587 0 
-105 41 -344 0 
-862 -182 145 0 
667 -123 -685 0 
440 -702 -82 0 
-427 222 -823 0 
181 -713 -671 0 
766 459 -491 0 
141 278 202 0 
532 341 562 0 
-276 870 -545 0 
235 -728 483 0 
-902 -251 -382 0 
-157 786 732 0 
-169 655 320 0 
511 981 -312 0 
731 544 162 0 
-529 775 243 0 
884 41 102 0 
-733 -121 153 0 
-860 313 -595 0 
142 87 -206 0 
-632 947 203 0 
194 770 533 0 
546 351 982 0 
404 -305 950 0 
913 -823 -947 0 
-710 -3 -520 0 
464 809 -747 0 
-405 192 690 0 
-387 -172 -446 0 
46 351 852 0 
-8 -687 404 0 
-247 -862 -635 0 
-735 -914 -227 0 
-550 988 -398 0 
831 677 -745 0 
-875 779 29 0 
213 759 28 0 
-101 919 -403 0 
-433 -109 651 0 
598 607 995 0 
-58 -235 737 0 
-109 -37 284 0 
906 197 -938 0 
213 904 -527 0 
-541 -86 -695 0 
-117 -355 -974 0 
959 -951 672 0 
164 -695 746 0 
-489 803 -150 0 
-575 745 488 0 
163 -183 -36 0 
148 636 936 0 
-451 -881 765 0 
202 -892 148 0 
-294 -697 -837 0 
-718 548 -987 0 
-771 835 -412 0 
-578 976 -176 0 
184 -230 -185 0 
-917 171 -570 0 
596 427 -820 0 
-125 -813 -772 0 
400 -494 935 0 
-89 833 -186 0 
-202 -3 638 0 
-463 -284 341 0 
-883 -282 -214 0 
-703 -907 597 0 
-833 136 476 0 
455 298 944 0 
946 -732 -509 0 
-119 -811 567 0 
-440 405 928 0 
570 11 7 0 
54 -107 912 0 
-905 194 372 0 
-420 -123 -464 0 
-284 711 -607 0 
317 669 576 0 
-780 381 -803 0 
646 -161 353 0 
-849 49 -596 0 
-466 -492 512 0 
345 718 53 0 
-576 -300 -940 0 
-889 -1000 773 0 
538 -715 -909 0 
38 -536 252 0 
-953 -795 -130 0 
709 -992 151 0 
-849 415 -33 0 
-714 300 -287 0 
-406 809 -188 0 
169 367 -539 0 
-700 -344 571 0 
-745 -629 -183 0 
-405 201 -427 0 
-281 57 1000 0 
47 -264 473 0 
190 214 823 0 
446 -360 -55 0 
-850 10 230 0 
29 -451 -793 0 
457 -948 -275 0 
273 764 -122 0 
-913 645 786 0 
797 -364 596 0 
409 111 363 0 
-718 -885 -495 0 
-19 532 -978 0 
326 -165 625 0 
-860 -685 -830 0 
-528 -402 72 0 
451 641 -530 0 
996 25 -778 0 
685 28 -845 0 
-807 201 672 0 
862 -80 103 0 
237 -147 187 0 
200 366 71 0 
-580 -431 -689 0 
-130 -113 731 0 
388 68 -362 0 
-171 498 987 0 
391 438 -739 0 
-808 876 -220 0 
-823 987 -170 0 
-63 -210 175 0 
701 367 288 0 
669 681 358 0 
674 325 727 0 
-60 -187 715 0 
-235 348 -631 0 
-749 934 -332 0 
-302 355 -103 0 
251 466 875 0 
-992 -813 -939 0 
855 -977 304 0 
-822 232 -260 0 
24 518 -109 0 
-955 -197 -114 0 
-185 -859 421 0 
-667 -192 -681 0 
766 180 4 0 
583 -355 -427 0 
95 268 984 0 
684 136 -429 0 
628 406 -249 0 
-139 516 -466 0 
131 73 -116 0 
-972 979 -104 0 
928 -293 808 0 
-971 -502 -390 0 
278 411 -138 0 
-496 934 -505 0 
515 322 -952 0 
871 -903 -982 0 
-408 -793 -124 0 
262 885 966 0 
633 656 -888 0 
435 822 -659 0 
276 51 835 0 
777 319 918 0 
148 -693 -818 0 
310 660 40 0 
-136 529 -754 0 
67 -1 323 0 
-981 729 -748 0 
-384 -578 600 0 
-311 74 680 0 
-398 -84 -292 0 
-191 391 -881 0 
678 -908 -889 0 
421 -443 -672 0 
-818 -60 183 0 
529 858 -770 0 
-71 -470 808 0 
182 -490 -826 0 
245 536 -280 0 
931 -463 -544 0 
309 14 -804 0 
-322 -886 -31 0 
828 192 96 0 
-213 -387 -486 0 
-606 491 -322 0 
-650 109 -456 0 
-196 443 -590 0 
245 844 95 0 
275 325 -781 0 
709 705 711 0 
658 -680 -63 0 
-182 737 -702 0 
-537 -222 616 0 
-788 238 585 0 
910 -325 957 0 
-551 -610 848 0 
445 60 -323 0 
-215 -661 -337 0 
337 -11 753 0 
-862 132 319 0 
-206 -199 -874 0 
687 481 -213 0 
-137 161 -208 0 
983 -790 74 0 
301 821 -722 0 
889 549 -245 0 
-404 -352 -5 0 
96 -159 10 0 
-604 -916 640 0 
-31 -583 -561 0 
973 64 -562 0 
-467 963 -836 0 
55 68 -335 0 
-771 625 987 0 
-656 -593 535 0 
549 -311 -4 0 
-514 -548 630 0 
-233 701 -562 0 
-954 957 -509 0 
382 314 -416 0 
246 982 724 0 
203 -799 321 0 
264 692 -240 0 
311 463 106 0 
-830 748 791 0 
-703 -719 174 0 
692 -764 828 0 
345 354 667 0 
-228 -167 -557 0 
402 253 262 0 
784 -166 -408 0 
-401 616 -487 0 
-956 -928 828 0 
-941 -300 -682 0 
-441 776 592 0 
-853 -140 -663 0 
150 -938 -242 0 
654 -639 20 0 
300 -827 -342 0 
-316 199 -657 0 
-221 104 -724 0 
401 -194 920 0 
-698 -190 274 0 
942 526 -477 0 
341 911 169 0 
-30 332 -540 0 
-192 -444 -960 0 
546 625 -993 0 
-481 510 -439 0 
309 -739 32 0 
-663 -956 -782 0 
852 788 -340 0 
-668 -440 430 0 
683 253 330 0 
-304 -614 922 0 
-419 282 -689 0 
960 -36 352 0 
-225 280 381 0 
-133 -940 243 0 
-395 214 202 0 
495 -486 -141 0 
797 -399 342 0 
-810 139 94 0 
325 348 -256 0 
-95 -688 -156 0 
940 977 70 0 
-499 -711 634 0 
-791 -213 -851 0 
427 888 -707 0 
712 -774 116 0 
616 -581 -985 0 
-314 73 748 0 
-392 624 -817 0 
67 436 173 0 
-222 -759 649 0 
594 73 957 0 
-445 834 -509 0 
675 342 425 0 
791 617 -353 0 
918 -699 731 0 
-932 -387 550 0 
-374 -343 562 0 
194 422 916 0 
-343 -523 -525 0 
-630 194 -269 0 
413 -486 288 0 
-491 -953 -868 0 
6 441 -116 0 
829 -888 -431 0 
833 -532 -614 0 
668 -853 346 0 
-487 -592 -913 0 
342 391 -291 0 
-278 -266 265 0 
-632 -602 794 0 
-662 300 -351 0 
63 83 -50 0 
-992 -604 -497 0 
180 640 -725 0 
-165 606 12 0 
-278 994 345 0 
391 705 -729 0 
345 735 -666 0 
280 -755 826 0 
435 -572 -195 0 
940 43 -651 0 
697 -560 -321 0 
-855 -510 -460 0 
719 125 -417 0 
-751 -583 754 0 
-610 -116 -105 0 
827 -267 -379 0 
-172 441 284 0 
783 -21 171 0 
-747 -702 -558 0 
-395 -25 263 0 
-178 -748 -688 0 
-359 133 655 0 
-744 -669 -206 0 
-320 950 559 0 
-561 -625 -469 0 
-519 228 -304 0 
-875 -107 684 0 
189 523 128 0 
-213 601 -56 0 
34 393 313 0 
-775 361 842 0 
940 983 943 0 
165 -333 57 0 
970 290 965 0 
-783 -863 582 0 
625 -226 51 0 
85 927 695 0 
-85 172 -745 0 
67 -124 -957 0 
-225 117 481 0 
-150 17 369 0 
788 -80 228 0 
-89 -90 -227 0 
-793 999 -998 0 
-648 465 269 0 
-175 496 486 0 
-681 -118 -800 0 
-402 -714 -925 0 
-412 404 52 0 
-200 -494 -525 0 
-673 859 -947 0 
-354 -268 -415 0 
914 -297 -549 0 
515 781 -399 0 
794 665 -876 0 
-612 -467 359 0 
-587 -238 -182 0 
-253 -960 390 0 
158 516 -820 0 
133 793 -38 0 
-445 -42 -466 0 
-88 -620 -801 0 
-857 -341 321 0 
-270 -554 -903 0 
393 -815 -782 0 
-910 -777 800 0 
-498 912 937 0 
-582 -53 -310 0 
-622 572 -875 0 
-589 -680 -339 0 
-658 -832 372 0 
540 -781 304 0 
74 -619 935 0 
-359 -685 217 0 
-631 -799 -522 0 
22 940 777 0 
675 -379 -245 0 
-760 932 -735 0 
915 704 399 0 
-773 -475 -877 0 
504 208 -547 0 
68 -732 226 0 
-653 -502 116 0 
790 -129 710 0 
-699 981 -48 0 
-471 864 765 0 
-446 -564 -849 0 
583 307 -241 0 
-35 -145 153 0 
1000 -413 -42 0 
731 995 758 0 
348 584 406 0 
-559 151 -199 0 
191 -197 -849 0 
222 -484 172 0 
-103 -108 456 0 
-577 -160 135 0 
-593 -482 -526 0 
-24 272 -926 0 
632 176 -1000 0 
-609 -342 -676 0 
376 -130 870 0 
-6 739 -141 0 
-502 87 805 0 
-683 -716 856 0 
-5 -89 -310 0 
-248 -365 354 0 
632 364 -13 0 
-702 -537 473 0 
-324 -829 744 0 
550 501 -416 0 
206 -388 200 0 
504 -641 -663 0 
-970 896 -262 0 
-282 111 -20 0 
787 -183 -33 0 
206 -536 473 0 
-277 37 670 0 
-883 -48 906 0 
-546 -367 -455 0 
-245 -938 -322 0 
-70 -245 -408 0 
846 -566 341 0 
-89 -664 -100 0 
428 895 781 0 
-338 -82 -920 0 
-260 -212 119 0 
-463 -567 57 0 
851 -468 -321 0 
634 -301 380 0 
-545 -589 -750 0 
915 57 -760 0 
267 307 188 0 
-647 -632 552 0 
106 264 -24 0 
474 -737 488 0 
-537 -614 -877 0 
-652 148 424 0 
-731 -987 -338 0 
-995 317 -79 0 
904 929 -135 0 
841 -341 -648 0 
92 -521 -512 0 
479 207 504 0 
299 -847 122 0 
180 948 589 0 
-427 -628 346 0 
-17 -208 146 0 
281 -211 503 0 
-660 -809 6 0 
111 198 983 0 
-952 -458 -891 0 
809 788 -140 0 
750 766 966 0 
-735 -717 -44 0 
-757 -470 857 0 
-690 -602 24 0 
-510 232 686 0 
964 194 -37 0 
-380 -981 925 0 
151 4 -291 0 
-493 -518 -957 0 
-264 -765 185 0 
89 154 -217 0 
-667 -625 249 0 
-414 -411 -20 0 
-266 75 961 0 
-416 611 831 0 
657 267 -132 0 
560 -453 -844 0 
333 -103 589 0 
691 352 264 0 
-819 -491 -494 0 
-405 -787 520 0 
469 386 965 0 
160 -413 -421 0 
-176 138 620 0 
-282 -618 563 0 
-414 -462 -306 0 
569 -60 -752 0 
123 -330 -220 0 
282 -778 475 0 
822 -943 792 0 
155 -505 204 0 
-179 745 787 0 
-490 -396 -161 0 
375 -218 -256 0 
5 358 369 0 
768 -49 -356 0 
768 -406 -420 0 
-646 113 609 0 
-113 -28 900 0 
690 -630 -438 0 
557 -413 -158 0 
476 -245 381 0 
-980 -925 63 0 
-580 429 -640 0 
-426 -265 414 0 
-487 -551 -368 0 
620 632 -271 0 
150 66 -886 0 
-382 -112 759 0 
826 620 932 0 
-201 39 -400 0 
847 -633 807 0 
-852 -567 473 0 
56 -115 -100 0 
705 627 -544 0 
-894 -560 466 0 
-910 -766 -538 0 
487 750 -954 0 
-611 -505 327 0 
-715 768 421 0 
755 -615 -58 0 
-59 -424 -125 0 
-170 -483 -972 0 
372 702 -412 0 
-806 -884 -70 0 
-723 -519 -180 0 
-498 -731 -698 0 
633 783 -572 0 
-820 533 73 0 
-366 328 -766 0 
277 -706 -750 0 
-90 899 465 0 
-610 765 351 0 
365 838 251 0 
-846 408 583 0 
-513 -978 711 0 
675 644 -574 0 
-93 415 -217 0 
-58 983 853 0 
912 501 891 0 
-353 189 -554 0 
57 725 142 0 
-726 -141 339 0 
258 835 -111 0 
-731 40 -57 0 
476 -760 356 0 
-389 749 -324 0 
-387 -783 -54 0 
-951 765 -939 0 
386 41 -888 0 
-997 -850 -643 0 
-195 5 325 0 
-370 -875 -960 0 
-85 826 -580 0 
98 643 -877 0 
-532 887 -275 0 
-98 788 63 0 
881 -878 1000 0 
-47 34 -61 0 
255 569 -3 0 
-9 103 -492 0 
-620 -673 -166 0 
-878 907 -544 0 
561 -283 -192 0 
-594 -467 -462 0 
-372 273 -693 0 
947 -525 75 0 
959 255 323 0 
-67 468 555 0 
381 642 -266 0 
560 763 902 0 
738 922 -748 0 
82 -935 -403 0 
-366 -795 298 0 
-606 -913 -594 0 
-521 841 382 0 
-131 573 -727 0 
459 515 -511 0 
-719 -597 144 0 
998 -389 -583 0 
137 -327 -992 0 
837 187 -791 0 
-977 -567 -827 0 
458 157 871 0 
315 595 -334 0 
-931 782 670 0 
754 809 -459 0 
-626 -727 -831 0 
710 -445 -464 0 
-15 815 -825 0 
-762 -872 -425 0 
-299 -260 28 0 
-359 -301 384 0 
-14 -639 -406 0 
344 -220 190 0 
529 -226 -22 0 
-987 -11 80 0 
149 -728 -936 0 
-342 331 -899 0 
-156 -480 419 0 
353 -158 -980 0 
-702 -74 -451 0 
-584 -781 677 0 
695 474 -226 0 
-284 -673 790 0 
-815 -669 -508 0 
375 -915 722 0 
778 -958 -353 0 
-884 -633 677 0 
405 652 309 0 
21 -504 -885 0 
-166 -192 19 0 
874 -245 -915 0 
-980 641 -65 0 
868 -963 576 0 
838 711 41 0 
485 257 -233 0 
544 867 -255 0 
51 -531 -666 0 
775 -179 -729 0 
-984 -708 -51 0 
-154 -145 -576 0 
385 -716 -46 0 
-251 611 39 0 
994 -865 -402 0 
-388 82 -7 0 
430 -250 139 0 
-964 -196 620 0 
-332 133 982 0 
716 99 866 0 
-467 -520 -534 0 
-520 -669 810 0 
-583 -760 254 0 
-210 248 955 0 
-758 534 775 0 
-996 50 -621 0 
-754 -408 -383 0 
212 792 718 0 
415 555 635 0 
26 156 211 0 
-718 -605 -569 0 
-418 187 -48 0 
-972 664 -851 0 
161 545 -553 0 
173 761 291 0 
-802 -211 623 0 
567 -451 -827 0 
-294 -493 -470 0 
-772 456 -652 0 
-945 843 -275 0 
-836 261 519 0 
41 655 34 0 
569 512 -927 0 
957 476 27 0 
731 964 424 0 
747 220 620 0 
-186 345 441 0 
637 584 23 0 
974 50 -325 0 
699 -695 -707 0 
258 375 967 0 
801 -906 -735 0 
-135 5 582 0 
-328 482 562 0 
-277 228 -179 0 
651 124 170 0 
704 -488 -519 0 
-888 541 -273 0 
240 -654 468 0 
-544 -951 -178 0 
269 776 459 0 
-999 415 60 0 
524 -926 -365 0 
26 -632 -131 0 
441 848 -659 0 
409 -515 519 0 
192 261 743 0 
867 505 236 0 
-230 130 -185 0 
-609 348 -152 0 
-422 769 675 0 
-571 -843 371 0 
-491 435 -934 0 
595 593 311 0 
169 828 -780 0 
470 -651 -573 0 
-734 385 330 0 
454 453 982 0 
667 605 -371 0 
-933 -17 801 0 
711 -872 928 0 
664 742 -567 0 
-777 631 207 0 
361 422 137 0 
-5 335 312 0 
216 234 -69 0 
-675 -782 -617 0 
-941 122 -70 0 
809 -49 156 0 
617 -127 53 0 
553 837 851 0 
181 -814 -429 0 
657 -246 161 0 
-918 -307 -168 0 
-993 -869 495 0 
933 812 478 0 
244 -903 420 0 
-223 -645 597 0 
-311 -900 -937 0 
-41 402 -358 0 
-891 905 -759 0 
946 -857 -863 0 
-367 -828 -718 0 
315 -844 625 0 
-700 -682 -286 0 
-114 973 57 0 
-113 -114 -357 0 
481 -471 -279 0 
-566 914 -74 0 
598 -51 -935 0 
-446 824 11 0 
-359 16 323 0 
-346 171 -135 0 
-915 670 44 0 
-730 -671 -535 0 
831 -228 -693 0 
701 -39 935 0 
7 732 -443 0 
-149 749 -121 0 
87 820 -586 0 
730 -876 665 0 
678 -148 -215 0 
959 -446 703 0 
844 90 769 0 
418 -607 -347 0 
455 333 746 0 
543 -942 778 0 
-739 348 -123 0 
-848 -69 -897 0 
882 -778 487 0 
902 -599 490 0 
-483 381 -30 0 
-426 668 -153 0 
-444 -243 -115 0 
-604 901 -886 0 
-561 -216 374 0 
-157 -931 27 0 
316 734 185 0 
182 -671 740 0 
-982 669 950 0 
747 588 -360 0 
954 -131 -879 0 
93 32 274 0 
-533 887 417 0 
51 676 575 0 
-678 -593 -354 0 
-900 966 -911 0 
-51 -924 212 0 
156 -245 494 0 
-264 361 -978 0 
-327 -886 -168 0 
-12 804 820 0 
-262 -228 -732 0 
772 -799 460 0 
367 -270 -113 0 
-685 725 -302 0 
-94 242 345 0 
-762 460 -721 0 
-110 346 -23 0 
-995 -764 87 0 
85 954 306 0 
-244 718 509 0 
-488 -683 -84 0 
109 -63 661 0 
554 550 -134 0 
450 -734 514 0 
969 -62 -630 0 
-928 789 -709 0 
-671 501 262 0 
