p cnf 1000 4000
-192 -188 786 0 
-611 -118 401 0 
233 832 484 0 
-321 -311 854 0 
-594 -839 517 0 
-202 457 379 0 
-452 765 -987 0 
-714 153 639 0 
-969 -661 -649 0 
572 127 -426 0 
-682 -711 171 0 
-903 -263 236 0 
477 616 -431 0 
484 940 -852 0 
56 849 501 0 
-787 6 -399 0 
-103 -584 516 0 
-726 264 72 0 
104 752 -748 0 
-821 360 -478 0 
965 -977 58 0 
-672 -601 520 0 
617 933 -75 0 
103 -884 407 0 
969 -754 783 0 
397 136 332 0 
-812 596 355 0 
-79 -57 -200 0 
609 409 -456 0 
-274 453 -342 0 
-374 -3 -587 0 
855 808 224 0 
427 -806 765 0 
-588 669 364 0 
-283 628 649 0 
193 172 794 0 
-566 565 -509 0 
519 -97 -74 0 
133 -326 -961 0 
83 98 589 0 
-296 731 471 0 
-108 -162 -20 0 
-428 587 437 0 
-878 -586 -97 0 
-371 26 -73 0 
858 516 -517 0 
24 -561 -149 0 
861 766 -115 0 
-784 -733 -134 0 
-897 -705 557 0 
-542 960 -27 0 
-756 -162 171 0 
-728 581 139 0 
641 -578 -284 0 
-383 -530 -509 0 
-435 254 441 0 
504 -973 -111 0 
215 -387 -979 0 
-154 -291 -243 0 
-118 557 -160 0 
658 -497 -661 0 
-3 -678 11 0 
-281 -992 -996 0 
-703 -756 -485 0 
-566 -84 -925 0 
231 -452 -965 0 
671 866 67 0 
-935 328 953 0 
-259 -326 -133 0 
327 670 404 0 
-317 404 -560 0 
-824 -116 609 0 
-365 250 780 0 
-612 718 281 0 
192 153 155 0 
938 -343 419 0 
-954 895 -949 0 
896 7 -810 0 
-451 -308 -372 0 
-305 -944 503 0 
878 -740 -503 0 
421 239 -195 0 
296 398 -28 0 
756 40 952 0 
-247 820 37 0 
-319 -384 745 0 
-731 874 -252 0 
966 -22 -411 0 
713 -516 734 0 
724 -719 168 0 
334 -201 -160 0 
-127 -966 242 0 
-457 -761 -820 0 
-650 772 439 0 
-545 312 141 0 
-689 -416 583 0 
-171 -138 -172 0 
-507 79 633 0 
-499 447 855 0 
-448 -384 792 0 
396 412 -339 0 
187 14 626 0 
992 -714 56 0 
210 357 -802 0 
107 196 758 0 
-562 -37 437 0 
-765 -582 138 0 
435 232 786 0 
-892 307 372 0 
-401 8 -959 0 
-623 -683 -373 0 
-49 794 393 0 
-342 984 423 0 
201 -359 -284 0 
114 534 -857 0 
651 714 -293 0 
422 -600 -286 0 
-40 433 -355 0 
486 -564 -231 0 
116 -886 296 0 
-645 -419 597 0 
702 -234 530 0 
846 -303 867 0 
-688 572 538 0 
109 -480 598 0 
-616 -110 229 0 
-785 -912 -19 0 
-582 849 -291 0 
800 303 459 0 
653 451 970 0 
99 -27 -403 0 
595 -356 813 0 
-553 179 387 0 
689 -118 403 0 
-655 -178 -532 0 
633 -29 -38 0 
249 -707 297 0 
-573 511 392 0 
794 83 -505 0 
958 760 526 0 
-5 772 363 0 
-285 339 294 0 
-581 96 901 0 
-448 -670 -383 0 
-336 786 895 0 
-653 213 81 0 
605 -222 239 0 
841 -42 -316 0 
314 191 370 0 
-276 -326 665 0 
-228 -983 441 0 
487 -536 644 0 
-82 -238 -472 0 
363 67 433 0 
-629 991 -196 0 
2 101 -8 0 
696 102 -888 0 
-146 277 -697 0 
198 847 190 0 
-588 -583 750 0 
-764 -565 -478 0 
959 555 632 0 
196 487 976 0 
176 -708 767 0 
-924 557 625 0 
762 156 546 0 
-494 445 298 0 
-524 -964 896 0 
885 12 -397 0 
808 -372 -312 0 
717 629 507 0 
-815 -655 -340 0 
930 -130 651 0 
-165 -615 94 0 
-377 -217 833 0 
-643 901 -819 0 
96 -821 314 0 
222 -339 311 0 
345 708 -34 0 
114 -855 -105 0 
-624 -567 -947 0 
733 933 452 0 
-397 -42 745 0 
-611 -668 -343 0 
761 470 -367 0 
-529 -978 -830 0 
-308 -168 -71 0 
-215 276 975 0 
-626 -455 425 0 
-692 523 -341 0 
346 -224 3 0 
-223 93 -360 0 
562 595 -949 0 
-299 -810 326 0 
-467 564 619 0 
230 -462 -22 0 
311 -555 825 0 
-973 684 -344 0 
-650 -256 420 0 
68 353 887 0 
362 -868 28 0 
-564 -13 -235 0 
-894 -639 442 0 
-843 375 248 0 
12 699 -912 0 
937 -789 -335 0 
-88 211 -164 0 
721 -802 -760 0 
-416 -992 -836 0 
-875 139 842 0 
872 779 -143 0 
-388 -983 -754 0 
227 736 -84 0 
-429 -352 -850 0 
152 652 -805 0 
-284 421 71 0 
871 112 62 0 
258 993 348 0 
571 -955 -819 0 
415 -641 705 0 
303 -543 577 0 
366 137 288 0 
262 -335 588 0 
672 -17 -514 0 
360 -378 226 0 
376 63 -960 0 
669 613 743 0 
-331 -776 142 0 
-975 442 -469 0 
-863 59 -414 0 
-373 181 82 0 
-687 -839 958 0 
302 270 -989 0 
-707 31 -134 0 
-758 -416 -247 0 
700 -695 343 0 
55 628 -792 0 
269 840 629 0 
437 472 -263 0 
-471 -408 -699 0 
-911 -805 -29 0 
-639 -983 950 0 
549 757 -306 0 
-683 -669 570 0 
476 -67 -380 0 
-474 -755 -622 0 
-946 -484 -419 0 
28 736 210 0 
-976 350 -496 0 
-475 -774 -135 0 
950 447 -484 0 
100 -739 -235 0 
542 241 -230 0 
288 -634 -149 0 
-329 877 459 0 
330 795 434 0 
918 -447 -560 0 
627 466 950 0 
-73 -861 -759 0 
-604 -64 713 0 
65 321 291 0 
-508 -934 -888 0 
-449 968 -888 0 
286 -731 916 0 
709 806 322 0 
-606 822 515 0 
-891 -517 190 0 
723 27 788 0 
902 -872 966 0 
-170 -60 -450 0 
10 61 145 0 
-396 -674 -476 0 
-434 183 870 0 
926 -846 -565 0 
-70 -704 -862 0 
-892 -771 -895 0 
928 259 -577 0 
911 -544 528 0 
-555 -145 -606 0 
-521 682 -210 0 
743 86 188 0 
-531 -32 -169 0 
216 150 -230 0 
-78 -396 -152 0 
-480 595 -674 0 
-83 664 -911 0 
247 -404 -168 0 
-127 564 -869 0 
279 -31 295 0 
830 -702 699 0 
820 223 516 0 
-821 511 -907 0 
182 60 -672 0 
-344 -195 65 0 
209 808 312 0 
-415 -877 751 0 
-94 166 428 0 
60 -483 -239 0 
-31 452 873 0 
27 -641 241 0 
86 -462 51 0 
-904 -641 946 0 
-767 782 555 0 
-612 -593 -342 0 
-461 193 376 0 
-853 -859 -74 0 
-915 -545 362 0 
184 201 -900 0 
-595 -86 441 0 
909 673 797 0 
-408 733 43 0 
37 797 391 0 
-976 -516 -648 0 
64 109 -132 0 
758 -64 976 0 
-891 -424 -729 0 
885 80 122 0 
549 642 571 0 
-355 582 88 0 
947 -72 -30 0 
-31 909 596 0 
-984 -494 -815 0 
-75 -410 777 0 
684 605 286 0 
115 -224 137 0 
-305 260 900 0 
-889 219 -601 0 
340 581 960 0 
876 397 -839 0 
-584 -926 -376 0 
636 481 -630 0 
-149 732 -634 0 
-218 -764 765 0 
611 -845 -413 0 
711 248 119 0 
-991 -250 9 0 
498 476 -989 0 
-333 552 -185 0 
-38 503 -781 0 
91 503 153 0 
-918 995 -313 0 
625 801 -677 0 
-4 -857 -104 0 
334 -964 -744 0 
-551 570 -844 0 
-126 418 -209 0 
-173 767 -106 0 
-979 716 412 0 
482 -395 638 0 
-901 -493 -260 0 
23 -178 932 0 
-550 333 -650 0 
17 -580 997 0 
-842 825 -801 0 
-129 166 -329 0 
456 734 544 0 
922 -580 76 0 
-104 -951 -729 0 
-391 -56 171 0 
-595 -368 958 0 
-272 144 -930 0 
-807 336 -888 0 
489 960 -168 0 
-953 -391 -155 0 
235 -440 722 0 
-911 -317 840 0 
-727 -941 -825 0 
561 -316 451 0 
-957 -622 -120 0 
-254 -222 150 0 
-175 894 -195 0 
-406 271 677 0 
-518 149 -278 0 
356 138 -932 0 
-319 532 488 0 
-366 192 19 0 
351 84 -916 0 
273 305 375 0 
-473 -254 -120 0 
145 -563 -729 0 
949 322 -7 0 
998 -584 -407 0 
-965 -11 -910 0 
201 25 -249 0 
839 -926 819 0 
-615 -741 388 0 
-135 197 -917 0 
-718 295 514 0 
543 877 -625 0 
-852 -731 -367 0 
-220 249 452 0 
-78 822 -819 0 
-306 -328 -862 0 
850 -347 -944 0 
-955 234 -536 0 
-488 119 722 0 
-471 409 125 0 
-407 162 -69 0 
-118 -488 549 0 
586 -873 -76 0 
492 -343 35 0 
-152 -259 38 0 
-405 -208 -592 0 
241 -147 -400 0 
176 173 515 0 
899 745 209 0 
-189 504 442 0 
-772 -166 -21 0 
410 -929 -863 0 
-841 308 -642 0 
651 969 -209 0 
-749 993 -553 0 
952 -956 278 0 
-904 43 504 0 
-410 734 290 0 
-74 -142 -350 0 
-734 431 -608 0 
-824 -621 -885 0 
-247 -438 -524 0 
102 -907 965 0 
226 -884 887 0 
266 255 -608 0 
883 -214 612 0 
287 -563 609 0 
594 -163 -758 0 
-343 -578 -818 0 
517 987 -68 0 
386 -955 519 0 
-230 765 5 0 
-527 -640 -350 0 
-509 -207 128 0 
768 649 259 0 
-604 -789 455 0 
270 -750 873 0 
465 836 870 0 
-508 -168 357 0 
770 292 458 0 
-591 -594 -770 0 
938 697 669 0 
123 14 -442 0 
392 851 -639 0 
905 -647 774 0 
80 -437 -337 0 
-571 -660 -236 0 
615 -701 -830 0 
704 -286 -145 0 
638 248 -625 0 
-808 663 759 0 
-307 154 -392 0 
961 472 -415 0 
-72 408 -963 0 
-404 59 420 0 
451 724 910 0 
358 -423 -182 0 
135 -46 550 0 
-657 -697 323 0 
322 831 280 0 
-981 461 596 0 
786 450 -343 0 
899 -278 663 0 
693 -532 132 0 
160 48 -264 0 
-472 -126 -418 0 
336 -287 -576 0 
-171 387 -989 0 
244 952 -994 0 
-167 31 -398 0 
-125 -380 -975 0 
450 857 304 0 
972 270 -565 0 
-691 -826 -415 0 
949 911 389 0 
460 -973 265 0 
185 843 42 0 
205 709 -233 0 
-187 454 574 0 
-45 -371 171 0 
-939 468 997 0 
-651 657 447 0 
525 211 129 0 
-656 -348 170 0 
-956 -769 -550 0 
589 351 910 0 
-776 -832 -981 0 
-638 -58 576 0 
68 863 -740 0 
-969 -780 -247 0 
731 435 -454 0 
885 -820 -868 0 
-438 585 634 0 
-554 -191 687 0 
386 351 -964 0 
-823 -633 -544 0 
-640 -110 -364 0 
944 -516 456 0 
130 399 -855 0 
-770 487 -840 0 
-601 459 -256 0 
-21 -174 821 0 
-464 296 767 0 
-794 -216 973 0 
172 401 -416 0 
766 -197 531 0 
-288 -882 -156 0 
141 -384 248 0 
661 -986 -423 0 
-843 403 529 0 
-151 60 409 0 
734 137 -219 0 
-545 731 394 0 
840 993 -752 0 
328 400 237 0 
-525 -698 266 0 
-814 797 -783 0 
-784 180 -914 0 
-634 36 -190 0 
-425 141 103 0 
526 -590 -48 0 
380 514 440 0 
505 -912 899 0 
-267 522 -36 0 
-211 555 -646 0 
98 999 -628 0 
38 332 424 0 
566 -167 243 0 
-565 723 575 0 
34 -716 917 0 
-211 -297 -507 0 
-904 -799 -825 0 
-71 554 -351 0 
903 -327 -886 0 
310 -74 354 0 
-179 -289 677 0 
-121 -148 -367 0 
121 -378 897 0 
-523 274 430 0 
-311 710 100 0 
-373 -705 732 0 
-715 -645 959 0 
-132 -151 -943 0 
-950 -764 829 0 
900 -585 164 0 
130 627 968 0 
819 -773 150 0 
-232 233 -548 0 
-93 423 769 0 
181 217 11 0 
496 998 671 0 
-159 428 -859 0 
426 -13 -726 0 
28 -908 923 0 
703 574 585 0 
-985 822 -622 0 
311 -250 -477 0 
-977 250 537 0 
208 351 24 0 
-148 576 580 0 
-4 -145 724 0 
-856 -214 150 0 
832 -996 -896 0 
-862 144 769 0 
-260 -184 -573 0 
766 134 954 0 
-584 88 -950 0 
136 312 894 0 
525 -645 905 0 
-216 229 -511 0 
596 61 -239 0 
449 26 -347 0 
-871 -527 -482 0 
673 240 539 0 
516 379 -658 0 
-16 -185 181 0 
-429 767 20 0 
415 -773 -469 0 
881 259 257 0 
-770 -550 -786 0 
802 399 493 0 
742 309 446 0 
180 510 -193 0 
417 -143 -78 0 
278 -572 -174 0 
-699 245 -220 0 
-132 -86 216 0 
948 -342 -845 0 
-8 -874 -366 0 
646 906 921 0 
-685 147 264 0 
363 -455 -851 0 
-917 627 -976 0 
-203 -310 734 0 
-181 -348 516 0 
-135 174 151 0 
-251 -768 -313 0 
33 -145 -944 0 
-571 -344 338 0 
-228 -401 516 0 
-618 -512 -603 0 
-647 -103 -371 0 
733 -446 -117 0 
-744 -811 129 0 
749 -596 -418 0 
761 -158 -193 0 
874 971 -903 0 
517 -116 354 0 
-19 960 -920 0 
-610 -725 116 0 
446 608 -827 0 
820 635 -453 0 
-258 -459 137 0 
-698 678 61 0 
-258 -553 413 0 
-442 72 -299 0 
941 -450 265 0 
-143 -513 248 0 
511 -868 115 0 
-392 22 975 0 
387 -151 -986 0 
-451 -369 536 0 
536 -140 546 0 
995 151 -779 0 
-476 485 803 0 
-92 -386 522 0 
-186 -891 -715 0 
95 -416 -508 0 
837 -66 290 0 
-806 -881 450 0 
573 -841 461 0 
-688 422 80 0 
708 479 722 0 
345 837 859 0 
449 346 257 0 
793 -823 325 0 
610 622 -23 0 
546 550 -140 0 
-376 239 -994 0 
-804 -624 941 0 
209 -614 305 0 
-294 -167 -732 0 
-873 175 -22 0 
751 735 498 0 
575 -522 208 0 
-900 -100 468 0 
675 -733 606 0 
308 -980 644 0 
232 452 -359 0 
503 -998 794 0 
-908 937 648 0 
-233 -451 -370 0 
933 592 -127 0 
-303 -378 -474 0 
478 -43 -710 0 
313 -935 -948 0 
82 681 45 0 
-521 195 97 0 
-630 -821 598 0 
-958 -97 -400 0 
115 869 -438 0 
-104 559 -573 0 
849 -942 644 0 
887 -581 -938 0 
339 -786 -470 0 
-640 -503 -401 0 
429 285 -393 0 
-389 -563 -385 0 
865 -175 -378 0 
-266 -258 -210 0 
-494 972 -661 0 
-817 309 966 0 
-566 138 874 0 
772 596 -396 0 
-149 -161 -474 0 
290 -434 966 0 
911 -378 -12 0 
314 -378 -825 0 
-780 -560 -455 0 
-14 -222 312 0 
72 547 348 0 
-256 514 924 0 
-441 523 -267 0 
477 891 206 0 
-244 454 -842 0 
42 538 -979 0 
-919 555 -946 0 
-662 174 491 0 
677 -651 436 0 
332 -243 202 0 
437 -390 -874 0 
-296 884 805 0 
280 65 14 0 
652 -555 431 0 
728 -841 -851 0 
886 616 375 0 
-95 -101 -408 0 
457 -970 20 0 
263 582 143 0 
697 100 56 0 
-638 848 -295 0 
-140 -545 291 0 
262 552 397 0 
373 -412 -334 0 
345 916 -701 0 
-580 -163 -824 0 
385 628 360 0 
17 11 -56 0 
441 356 -226 0 
-239 596 603 0 
821 718 -274 0 
-742 530 -33 0 
743 -869 111 0 
-371 -226 831 0 
439 258 -949 0 
-616 -496 245 0 
-479 -601 112 0 
-945 -536 508 0 
-375 463 753 0 
-583 -808 165 0 
-523 -856 -868 0 
-493 -772 -414 0 
964 44 167 0 
972 -231 -159 0 
551 -163 -293 0 
196 640 -540 0 
-840 717 570 0 
627 -969 -837 0 
212 -153 -247 0 
845 834 501 0 
409 319 143 0 
-51 183 106 0 
-777 -900 -504 0 
886 948 -704 0 
-941 621 -99 0 
416 209 -518 0 
62 -51 -986 0 
166 -713 175 0 
697 251 370 0 
-301 -252 250 0 
458 188 -332 0 
91 32 535 0 
74 -681 -693 0 
-767 820 -306 0 
762 -298 -687 0 
545 712 -274 0 
738 -402 125 0 
663 818 -72 0 
-922 -419 -523 0 
450 -586 -718 0 
-465 244 641 0 
-752 -405 -519 0 
-784 -760 978 0 
-426 -623 384 0 
787 179 -119 0 
557 252 -490 0 
-199 -351 -9 0 
31 -290 618 0 
-363 -266 703 0 
-946 225 -146 0 
584 -283 -724 0 
-196 83 -484 0 
-963 -246 -356 0 
724 -903 406 0 
-953 55 -931 0 
303 -915 -544 0 
-996 -288 667 0 
381 809 713 0 
371 216 -235 0 
120 624 512 0 
682 -70 218 0 
-761 109 627 0 
796 -164 -804 0 
-971 -800 556 0 
-684 -462 785 0 
-568 724 -742 0 
606 272 -490 0 
968 920 450 0 
-223 -309 -76 0 
-822 800 835 0 
-993 -41 399 0 
810 995 465 0 
-732 -156 363 0 
-440 -462 -888 0 
899 -433 654 0 
-889 -465 949 0 
-386 186 -682 0 
-735 612 614 0 
-811 855 -198 0 
667 479 -778 0 
138 -942 533 0 
185 57 -865 0 
608 -296 -465 0 
583 856 881 0 
582 -974 284 0 
200 951 496 0 
-565 -584 627 0 
197 673 -597 0 
1 308 -583 0 
-981 290 183 0 
-827 -926 -519 0 
486 -683 479 0 
-414 -497 -121 0 
-471 -172 -165 0 
-87 -914 868 0 
-356 -698 270 0 
-194 286 -636 0 
132 577 963 0 
667 -968 -557 0 
-844 569 965 0 
577 590 270 0 
-595 -87 99 0 
451 70 -294 0 
990 291 -416 0 
-676 132 -946 0 
-714 861 -64 0 
222 -622 692 0 
-221 -337 -188 0 
148 -260 -122 0 
244 -400 -227 0 
-245 -839 -97 0 
407 127 477 0 
-567 710 892 0 
-711 -376 249 0 
-459 -984 421 0 
-410 704 -985 0 
956 85 -909 0 
-330 215 -325 0 
906 -165 -519 0 
-985 648 779 0 
549 389 557 0 
-33 -47 -587 0 
-247 940 -564 0 
-926 -698 241 0 
-58 -858 -499 0 
-537 908 245 0 
746 -573 605 0 
990 -167 -665 0 
169 876 117 0 
400 547 533 0 
500 -674 359 0 
36 641 -442 0 
-368 -991 544 0 
148 378 781 0 
261 -902 -145 0 
220 -210 -327 0 
-148 -3 81 0 
-997 -313 -985 0 
-241 -420 -920 0 
443 -723 -225 0 
-636 468 -305 0 
516 858 109 0 
91 765 -157 0 
-769 317 -653 0 
424 -250 -824 0 
-812 94 -971 0 
710 209 96 0 
-384 -176 345 0 
-220 -890 -214 0 
260 844 -636 0 
55 -972 -715 0 
-804 -324 -202 0 
-684 -496 -212 0 
776 452 -460 0 
-940 -166 54 0 
-614 -497 -317 0 
-611 421 717 0 
386 -740 691 0 
-786 -924 80 0 
892 612 751 0 
336 -491 -107 0 
-762 -539 -712 0 
-682 145 -868 0 
494 31 164 0 
-210 750 559 0 
367 487 -117 0 
-987 301 93 0 
-407 -804 -122 0 
786 -389 -474 0 
-630 -314 6 0 
732 255 -259 0 
637 -442 101 0 
-235 85 253 0 
-910 -848 643 0 
660 850 -551 0 
626 -429 181 0 
-16 825 -33 0 
776 461 390 0 
-679 -799 -733 0 
-207 693 890 0 
-333 -762 -780 0 
289 -591 891 0 
290 -542 -329 0 
-644 422 -535 0 
-600 776 112 0 
-832 961 -534 0 
473 -27 -956 0 
-291 -446 -60 0 
670 -222 814 0 
181 -104 -292 0 
-209 -216 -172 0 
-128 688 -124 0 
-191 486 162 0 
304 942 118 0 
771 -900 -954 0 
583 -865 -324 0 
-626 -560 996 0 
570 -433 558 0 
-123 407 -877 0 
-775 58 -502 0 
-578 -151 436 0 
339 -706 20 0 
266 354 -731 0 
-549 280 -124 0 
290 -768 341 0 
-803 5 -189 0 
-297 220 125 0 
-700 -774 911 0 
-948 -614 -895 0 
-192 325 -749 0 
-305 -431 -851 0 
-172 704 -859 0 
789 31 -636 0 
680 592 505 0 
-29 -180 -336 0 
691 -659 -48 0 
-291 -518 -595 0 
575 -651 14 0 
772 -328 -364 0 
141 -550 425 0 
-434 -414 168 0 
-74 -880 -547 0 
-176 -758 560 0 
83 -326 278 0 
-68 -52 636 0 
601 978 818 0 
590 796 -603 0 
656 499 -923 0 
177 -39 -844 0 
507 -520 594 0 
264 310 869 0 
-281 393 -420 0 
-453 -318 336 0 
-107 21 171 0 
903 599 -530 0 
-189 471 -216 0 
141 -594 752 0 
-598 70 775 0 
-762 -984 -789 0 
-206 -692 360 0 
-796 -466 -944 0 
314 645 -720 0 
228 -304 7 0 
-27 -483 -834 0 
-161 -606 -90 0 
-792 667 -989 0 
-735 705 -656 0 
406 -911 119 0 
-88 -845 79 0 
-658 -474 144 0 
-151 883 325 0 
-71 154 985 0 
-112 743 183 0 
212 -951 -1000 0 
-335 478 161 0 
-823 325 -113 0 
-897 39 -588 0 
-279 -842 -437 0 
-818 -476 920 0 
320 467 -971 0 
203 927 -161 0 
157 363 -87 0 
-722 -16 981 0 
436 -127 -173 0 
362 -209 274 0 
838 -71 652 0 
541 974 273 0 
-862 752 964 0 
288 765 -522 0 
-693 -614 -908 0 
628 -438 -85 0 
-863 -305 558 0 
-419 13 392 0 
766 529 782 0 
531 -269 901 0 
-867 843 -219 0 
806 -726 62 0 
479 81 -770 0 
359 -969 191 0 
-828 -805 837 0 
-619 205 522 0 
858 -830 403 0 
312 -623 88 0 
-231 149 10 0 
-156 -936 540 0 
528 -782 313 0 
-265 -247 -201 0 
376 -831 -603 0 
-277 -674 685 0 
891 961 88 0 
409 -390 595 0 
309 -638 -237 0 
145 572 92 0 
942 -817 647 0 
-689 -883 955 0 
-401 712 -749 0 
-622 -773 -541 0 
14 -169 -960 0 
439 698 614 0 
458 -622 -328 0 
917 207 -391 0 
-240 607 -556 0 
146 914 -513 0 
781 377 -481 0 
420 342 690 0 
-425 -565 538 0 
-338 -370 -922 0 
-384 448 614 0 
586 -544 121 0 
-73 623 33 0 
668 -792 -69 0 
-786 -560 830 0 
-909 854 -621 0 
-239 -132 208 0 
874 293 542 0 
-661 -70 -659 0 
100 591 -653 0 
233 -135 638 0 
675 -916 652 0 
94 305 480 0 
225 -842 -568 0 
824 565 962 0 
-402 404 -882 0 
-488 289 413 0 
555 629 421 0 
41 323 -560 0 
861 -438 -976 0 
-160 -806 -729 0 
-277 -383 282 0 
-194 -280 -566 0 
600 202 -724 0 
50 -62 286 0 
715 297 914 0 
846 610 528 0 
-91 721 539 0 
575 975 443 0 
505 79 -628 0 
912 -412 622 0 
-378 839 -673 0 
641 620 -343 0 
143 -790 -950 0 
-906 399 -216 0 
286 645 72 0 
-813 -186 -205 0 
458 -541 -774 0 
-923 163 -681 0 
486 707 166 0 
405 -630 494 0 
424 409 382 0 
74 -661 100 0 
-252 730 849 0 
-447 675 -377 0 
442 461 -702 0 
-61 -193 350 0 
677 -17 -476 0 
-336 -838 -944 0 
442 -727 371 0 
-86 47 -43 0 
344 -994 -330 0 
-214 156 -613 0 
-781 -446 898 0 
126 943 915 0 
7 -518 111 0 
-943 278 -633 0 
64 534 560 0 
-534 -919 -223 0 
391 852 -624 0 
306 -469 -564 0 
-599 425 -969 0 
-789 313 611 0 
-747 156 -489 0 
387 654 558 0 
917 13 323 0 
-101 -363 -826 0 
555 -108 -275 0 
-759 503 -510 0 
-81 -730 -111 0 
633 260 -833 0 
327 -957 -830 0 
202 -25 85 0 
-317 38 -166 0 
60 788 -271 0 
-345 -358 899 0 
493 -633 168 0 
684 927 -410 0 
-62 211 -937 0 
-899 987 777 0 
-716 -200 -687 0 
-468 -413 549 0 
887 251 533 0 
432 -882 954 0 
-356 -658 -257 0 
-703 -85 -473 0 
-335 631 964 0 
-230 670 -694 0 
511 397 129 0 
-413 -867 448 0 
967 -469 610 0 
356 -198 866 0 
-893 228 6 0 
-551 353 -746 0 
481 -796 -937 0 
62 -670 -959 0 
814 -436 965 0 
-316 -985 907 0 
762 755 -864 0 
287 401 735 0 
-840 932 -471 0 
522 905 -392 0 
-573 383 310 0 
497 189 -793 0 
652 249 845 0 
26 833 61 0 
768 615 -392 0 
-832 -444 -892 0 
679 -771 -224 0 
747 409 857 0 
-573 557 -978 0 
-843 -369 268 0 
-74 656 -642 0 
-708 -936 -722 0 
-277 -77 -963 0 
430 -96 -805 0 
891 -927 -617 0 
-820 -317 -45 0 
-310 931 -211 0 
949 239 1 0 
-232 -451 173 0 
421 462 948 0 
615 985 -357 0 
555 -947 -508 0 
996 -187 -69 0 
750 112 447 0 
-269 -147 819 0 
-367 -280 -968 0 
865 -517 -287 0 
479 660 626 0 
405 924 565 0 
326 -622 -197 0 
-352 106 738 0 
802 -921 151 0 
-352 -591 835 0 
631 -869 481 0 
-991 100 268 0 
467 966 389 0 
88 -718 -151 0 
-670 912 938 0 
333 482 189 0 
-427 -851 625 0 
-543 -623 928 0 
48 757 -341 0 
-182 382 -91 0 
-850 29 891 0 
-784 880 44 0 
-22 -62 177 0 
764 -292 809 0 
867 -410 -186 0 
-241 -209 760 0 
-548 -323 -369 0 
-751 309 -756 0 
663 833 912 0 
-565 -54 358 0 
792 4 -385 0 
734 -269 765 0 
-802 137 -500 0 
-640 931 -2 0 
659 -731 -987 0 
991 -976 -56 0 
-691 636 701 0 
-472 835 -908 0 
126 -363 832 0 
-940 422 546 0 
-185 -509 739 0 
-776 563 146 0 
-252 648 -219 0 
-422 185 -332 0 
312 -149 -634 0 
-286 -9 -954 0 
-436 653 956 0 
-675 -736 494 0 
-662 -128 -10 0 
-661 431 -818 0 
-339 772 311 0 
866 57 -570 0 
-906 751 401 0 
734 -652 -353 0 
43 -409 -772 0 
544 962 -77 0 
-445 -695 -513 0 
117 -974 296 0 
-271 305 14 0 
-285 246 801 0 
335 -483 740 0 
-944 953 816 0 
-401 749 -961 0 
-334 872 939 0 
489 -947 658 0 
454 -611 -618 0 
-559 -11 -893 0 
-575 558 228 0 
196 -773 47 0 
-924 -580 -738 0 
-105 -958 973 0 
-676 494 -518 0 
30 -615 -242 0 
-143 386 -212 0 
253 927 -9 0 
973 947 -262 0 
-429 -759 142 0 
-925 -866 177 0 
780 -161 -840 0 
521 635 285 0 
-555 439 -121 0 
494 -528 150 0 
-784 -666 644 0 
-921 -802 -380 0 
622 -265 -245 0 
991 373 -32 0 
100 -538 -995 0 
-791 -614 282 0 
-499 -168 782 0 
-386 -216 -285 0 
113 -86 -467 0 
509 -583 -228 0 
-735 -783 102 0 
-519 453 -657 0 
912 -496 -855 0 
-278 865 235 0 
470 42 -256 0 
-492 -224 711 0 
-105 666 568 0 
762 -59 364 0 
41 -940 -356 0 
-816 -184 -652 0 
-822 307 -156 0 
168 794 -791 0 
-698 -851 -295 0 
690 966 161 0 
256 -840 -328 0 
341 -41 -39 0 
915 970 538 0 
-778 157 517 0 
417 -323 879 0 
-827 559 -556 0 
559 800 -317 0 
837 927 516 0 
322 785 -188 0 
-202 141 -565 0 
-759 -412 -547 0 
107 -47 -966 0 
-388 350 -874 0 
-557 508 203 0 
683 753 -418 0 
473 744 986 0 
165 402 563 0 
-993 905 -423 0 
627 -897 209 0 
-132 -480 -854 0 
30 -900 712 0 
-419 677 539 0 
585 -19 -947 0 
833 28 494 0 
-824 -245 987 0 
560 -418 -786 0 
-752 561 -938 0 
941 -926 -777 0 
-205 165 -13 0 
669 -180 768 0 
-328 997 557 0 
-982 103 771 0 
580 -49 346 0 
870 -822 -649 0 
-681 -545 -763 0 
14 205 394 0 
-193 -958 -897 0 
259 -2 -327 0 
367 -523 -726 0 
-940 -152 -560 0 
221 774 341 0 
-773 692 594 0 
472 602 -91 0 
960 659 330 0 
89 334 -698 0 
-821 542 -405 0 
413 723 157 0 
36 445 -222 0 
-890 -434 -242 0 
-315 -639 200 0 
238 751 918 0 
41 -83 561 0 
-958 708 701 0 
226 -223 -557 0 
522 -264 -838 0 
160 -309 42 0 
780 -177 -696 0 
-198 94 521 0 
-119 -111 721 0 
731 305 -127 0 
141 41 163 0 
502 882 282 0 
709 301 -271 0 
-182 -317 167 0 
-309 855 -905 0 
-495 -867 -640 0 
342 -840 -274 0 
348 -151 487 0 
146 936 134 0 
-229 -866 -656 0 
76 -975 812 0 
169 64 -892 0 
341 -334 544 0 
-971 -850 -397 0 
459 203 227 0 
457 1 -979 0 
901 -33 184 0 
-671 168 919 0 
686 -237 -997 0 
-115 773 223 0 
-902 -894 594 0 
-825 596 -569 0 
-543 388 -542 0 
-339 -180 36 0 
483 605 498 0 
-27 -854 -530 0 
-63 -170 -13 0 
887 -68 -238 0 
-584 735 633 0 
-45 509 -228 0 
-451 313 -954 0 
-632 508 769 0 
380 156 573 0 
784 285 -818 0 
888 -821 625 0 
-97 -611 -467 0 
-4 -45 -993 0 
994 -227 -462 0 
-195 -59 -566 0 
300 -34 -561 0 
-522 110 507 0 
594 384 724 0 
368 -214 282 0 
-531 -949 -256 0 
-782 -833 927 0 
286 -184 -908 0 
-55 -409 -465 0 
-755 431 631 0 
-196 188 710 0 
-596 -950 271 0 
305 95 4 0 
-278 -894 482 0 
-863 752 950 0 
457 794 441 0 
298 5 -953 0 
134 -843 -679 0 
-841 -489 681 0 
-488 -301 674 0 
-447 134 -269 0 
-660 -986 634 0 
803 -39 877 0 
-878 780 687 0 
-132 -354 -419 0 
873 -151 147 0 
-197 -501 715 0 
-350 482 -914 0 
962 238 256 0 
-941 -323 -905 0 
544 473 888 0 
982 -996 -470 0 
-620 -481 224 0 
480 -388 205 0 
-171 638 487 0 
-694 -580 767 0 
-198 726 647 0 
-554 -592 -408 0 
-342 562 -166 0 
-566 -27 -431 0 
603 -871 -210 0 
366 581 106 0 
-705 895 -795 0 
82 114 603 0 
697 842 625 0 
-507 967 -246 0 
-356 -132 -81 0 
638 468 -408 0 
505 967 -461 0 
-279 -242 837 0 
853 -288 -203 0 
-499 -408 427 0 
-969 487 -825 0 
593 160 410 0 
-157 -11 14 0 
661 -991 -658 0 
79 -995 260 0 
-243 557 -655 0 
-12 783 973 0 
-642 61 -11 0 
-37 -660 -167 0 
547 849 171 0 
453 -909 327 0 
268 -803 879 0 
71 -153 -850 0 
-460 572 639 0 
273 -247 -158 0 
216 -171 -625 0 
130 -703 -157 0 
-922 -464 -139 0 
-366 -153 -706 0 
-592 -252 -371 0 
175 45 172 0 
380 300 -201 0 
394 -240 951 0 
921 -587 -458 0 
154 -640 839 0 
-169 80 136 0 
-532 583 868 0 
115 -430 -410 0 
-914 10 -786 0 
-440 213 485 0 
-177 -666 -49 0 
-965 -289 156 0 
371 165 -687 0 
-613 -482 -234 0 
326 -993 -112 0 
-6 -312 -171 0 
-60 -456 -51 0 
-631 483 264 0 
-804 329 872 0 
912 459 -865 0 
-130 -40 461 0 
-449 461 932 0 
-928 -583 879 0 
573 -317 -743 0 
828 937 206 0 
609 496 -238 0 
-735 201 385 0 
341 519 162 0 
-983 -364 -813 0 
-293 609 -216 0 
543 546 578 0 
-664 -614 -564 0 
-546 293 -344 0 
999 -541 -262 0 
-24 264 275 0 
-851 -368 617 0 
681 449 -264 0 
905 16 -314 0 
706 -667 837 0 
781 447 -322 0 
-819 504 967 0 
627 -932 638 0 
-491 -481 -912 0 
297 338 -267 0 
-383 3 -974 0 
-815 451 339 0 
800 141 -798 0 
-183 -75 -823 0 
159 -68 -703 0 
-219 393 361 0 
558 -90 -453 0 
-80 -785 641 0 
-365 -948 -898 0 
578 -309 -947 0 
-440 89 107 0 
-129 988 387 0 
-896 922 401 0 
-678 -258 -331 0 
-528 747 -436 0 
658 -372 731 0 
724 -478 -576 0 
-538 628 34 0 
918 908 806 0 
-976 76 995 0 
-162 449 -943 0 
-96 884 -181 0 
643 -47 239 0 
85 -317 691 0 
160 96 257 0 
219 -840 -273 0 
-401 -254 -752 0 
105 522 -115 0 
777 -732 335 0 
-323 -710 -773 0 
-375 918 559 0 
945 157 34 0 
-95 -509 -662 0 
211 -140 -343 0 
220 946 -590 0 
573 -894 -738 0 
25 913 392 0 
-712 338 585 0 
-575 -707 8 0 
-297 -206 476 0 
668 423 926 0 
-861 -663 874 0 
-598 114 -28 0 
-141 904 372 0 
-625 -614 -929 0 
976 -348 116 0 
997 -368 355 0 
-578 270 582 0 
896 -147 676 0 
999 621 -615 0 
706 -770 -864 0 
879 -768 -491 0 
-200 490 -348 0 
-744 -754 -790 0 
-570 -186 -258 0 
431 -493 -145 0 
52 -299 766 0 
-723 -837 -473 0 
282 526 423 0 
-628 120 -888 0 
-97 228 850 0 
314 -830 -142 0 
63 -466 -172 0 
-455 190 -532 0 
-14 -104 -511 0 
616 -252 453 0 
40 232 -816 0 
-563 -522 -72 0 
887 -69 140 0 
190 864 -905 0 
9 166 -865 0 
-832 184 -770 0 
397 -400 -12 0 
665 -107 342 0 
-882 185 -214 0 
-816 373 -629 0 
62 -245 283 0 
65 -242 -104 0 
-594 -532 -948 0 
-615 -54 50 0 
165 -601 512 0 
-465 -279 -318 0 
813 -818 50 0 
520 850 349 0 
914 728 86 0 
-824 -948 -163 0 
660 -871 -970 0 
-552 -511 -376 0 
311 401 -637 0 
851 830 228 0 
269 996 482 0 
90 -797 -27 0 
773 492 -468 0 
37 -711 -846 0 
419 -462 78 0 
840 928 -483 0 
774 109 552 0 
905 -163 -885 0 
135 537 562 0 
830 489 339 0 
17 429 953 0 
528 461 145 0 
-72 431 -297 0 
335 182 992 0 
-377 575 395 0 
-673 900 -710 0 
-187 -606 -681 0 
825 -833 84 0 
827 -403 -503 0 
625 -349 -771 0 
-139 -805 -615 0 
581 -244 187 0 
-594 -135 680 0 
821 -364 -328 0 
520 142 -621 0 
-293 -816 350 0 
-159 357 -92 0 
-558 -859 -832 0 
198 949 -618 0 
-779 980 418 0 
-170 -701 -48 0 
559 829 -430 0 
-652 -593 627 0 
-412 364 -639 0 
-501 487 -590 0 
290 814 791 0 
-148 990 -518 0 
-449 -607 -510 0 
-268 740 446 0 
329 -15 -914 0 
-145 789 -303 0 
-151 450 -467 0 
394 854 -426 0 
-948 488 187 0 
297 634 196 0 
-771 -209 221 0 
-846 -662 727 0 
-962 -855 -997 0 
-343 534 493 0 
-886 922 655 0 
-449 -1 -467 0 
605 904 63 0 
-585 881 701 0 
-130 662 -966 0 
-165 -449 738 0 
-49 884 763 0 
346 46 -671 0 
-799 890 -105 0 
-420 24 -581 0 
49 -644 -428 0 
798 562 77 0 
-828 326 621 0 
622 -137 567 0 
582 179 500 0 
-139 -113 -185 0 
-325 -318 84 0 
692 191 -334 0 
989 -715 -239 0 
-856 56 524 0 
23 808 -955 0 
788 -396 699 0 
-267 521 -983 0 
719 971 -125 0 
531 -249 541 0 
471 742 -181 0 
-857 -922 92 0 
701 489 -540 0 
-967 746 -693 0 
-894 991 745 0 
801 551 -718 0 
664 -424 219 0 
311 178 989 0 
577 282 -948 0 
734 870 -201 0 
-808 -905 -283 0 
188 37 -168 0 
-961 -146 38 0 
641 63 506 0 
601 -958 -112 0 
-134 203 -367 0 
-768 571 -890 0 
859 590 901 0 
-346 -967 -69 0 
-151 378 -113 0 
641 -971 -802 0 
-298 241 993 0 
-959 -318 -491 0 
-818 876 -994 0 
-965 -602 -710 0 
891 -337 498 0 
653 136 554 0 
-791 -53 291 0 
-288 -104 977 0 
-973 345 376 0 
661 -682 -610 0 
-783 456 -136 0 
-613 430 28 0 
641 -600 -249 0 
-131 -463 -38 0 
-847 787 -671 0 
-792 875 906 0 
578 -78 -31 0 
-221 -290 -750 0 
-439 382 501 0 
-823 654 545 0 
-91 -709 888 0 
833 -895 460 0 
-851 -924 922 0 
-639 519 36 0 
324 -213 91 0 
52 373 -593 0 
420 488 201 0 
781 369 -445 0 
939 908 -560 0 
219 245 927 0 
-560 -570 -781 0 
-133 680 -149 0 
360 725 646 0 
-88 71 -40 0 
-97 -400 729 0 
-756 609 -230 0 
601 843 -231 0 
-635 62 944 0 
182 -357 255 0 
388 -445 -828 0 
-478 563 863 0 
-439 637 518 0 
543 -869 178 0 
-302 488 -521 0 
-881 -311 -70 0 
-662 -681 -457 0 
-939 -493 -8 0 
971 347 -696 0 
752 -635 -921 0 
546 -984 -134 0 
-735 -509 109 0 
-984 -722 -626 0 
176 -763 -726 0 
528 -819 335 0 
-311 866 222 0 
-344 315 781 0 
71 969 -612 0 
-388 688 -672 0 
962 -745 -329 0 
-706 601 -276 0 
-136 568 -961 0 
-532 -585 869 0 
892 254 911 0 
643 -253 -473 0 
363 311 -923 0 
505 362 494 0 
-151 253 99 0 
744 468 489 0 
-801 474 -430 0 
383 710 295 0 
674 -915 920 0 
-748 -375 -876 0 
-936 -687 -514 0 
287 -684 -644 0 
-473 812 821 0 
-200 -889 -603 0 
-735 -785 -118 0 
-407 327 765 0 
299 55 154 0 
-429 -220 -174 0 
-294 -457 520 0 
-932 -752 274 0 
979 460 919 0 
-757 -543 425 0 
568 -403 -107 0 
-367 -206 878 0 
-978 864 -772 0 
-261 -548 -470 0 
-471 485 290 0 
-564 -418 -285 0 
-30 -872 -300 0 
671 -340 766 0 
699 -472 -577 0 
167 206 897 0 
448 672 223 0 
-276 -121 -11 0 
886 -476 -473 0 
-12 33 28 0 
678 -848 -711 0 
-146 233 -450 0 
201 -935 -353 0 
827 -547 209 0 
-144 394 766 0 
122 -641 157 0 
949 -721 -529 0 
-515 -87 538 0 
-426 112 -172 0 
-867 790 713 0 
109 732 -495 0 
-114 762 671 0 
-210 -471 275 0 
826 981 -42 0 
-182 640 338 0 
-557 376 -102 0 
-688 -615 -340 0 
-293 -536 540 0 
-656 -490 945 0 
356 289 -940 0 
26 613 721 0 
738 -218 760 0 
565 -323 22 0 
-559 -943 -850 0 
768 471 -361 0 
-277 -197 -617 0 
-418 734 56 0 
-585 -271 284 0 
445 -343 -726 0 
-413 -574 872 0 
-654 -927 11 0 
-580 119 665 0 
-680 895 624 0 
-596 -329 801 0 
-274 554 -613 0 
-995 270 802 0 
421 -50 -1 0 
143 304 -934 0 
861 -229 304 0 
374 246 -505 0 
979 -331 689 0 
723 -532 722 0 
91 363 -31 0 
-94 -979 456 0 
547 -871 297 0 
-997 597 511 0 
-712 369 -667 0 
-953 -33 -662 0 
961 -435 -607 0 
-818 -819 486 0 
-648 771 -409 0 
-483 231 986 0 
255 914 -889 0 
446 -889 -863 0 
428 -996 994 0 
-520 932 -642 0 
573 -346 -362 0 
996 -848 391 0 
-316 -578 19 0 
643 802 280 0 
-204 110 -113 0 
-235 475 465 0 
-685 275 -711 0 
-49 -694 272 0 
-411 69 -878 0 
-629 360 908 0 
-704 897 -199 0 
777 -325 -245 0 
-979 389 304 0 
642 358 -876 0 
-991 -244 167 0 
-999 -262 598 0 
-821 646 754 0 
552 -802 836 0 
-477 -646 927 0 
-280 770 481 0 
-718 323 -311 0 
-288 -489 -178 0 
466 -311 852 0 
-416 -53 -96 0 
-60 881 533 0 
141 -387 964 0 
590 981 -98 0 
47 734 291 0 
-182 -767 229 0 
-753 992 -415 0 
829 423 -469 0 
-283 -481 628 0 
-922 155 804 0 
-331 474 992 0 
427 -262 -469 0 
-943 -505 -918 0 
641 -334 -403 0 
-226 -815 -21 0 
279 -496 759 0 
-404 653 380 0 
-301 -100 464 0 
60 852 407 0 
89 270 918 0 
-214 -371 274 0 
-315 773 -256 0 
-382 142 -985 0 
-730 979 -295 0 
523 -168 667 0 
-132 -213 321 0 
-82 854 -782 0 
214 -501 527 0 
-961 255 -983 0 
-330 882 871 0 
-151 -76 -939 0 
797 -593 760 0 
-672 -808 -671 0 
-565 306 -833 0 
418 127 -491 0 
421 118 452 0 
-333 976 260 0 
578 688 219 0 
-535 348 -483 0 
-221 -842 934 0 
-790 -132 892 0 
965 1 175 0 
42 -223 550 0 
-310 -906 737 0 
-925 608 170 0 
-298 283 -165 0 
-514 -863 31 0 
-60 845 377 0 
-480 531 829 0 
-410 -424 961 0 
252 50 -592 0 
10 -773 -558 0 
-835 -72 -228 0 
462 250 -759 0 
-494 364 -424 0 
-498 727 701 0 
105 876 592 0 
-439 -369 658 0 
-189 872 -608 0 
-441 -812 -753 0 
10 -428 972 0 
-69 -102 -320 0 
521 799 210 0 
-355 -365 12 0 
782 -712 10 0 
629 -331 126 0 
690 -404 -188 0 
569 495 -413 0 
-966 -91 -292 0 
420 -868 -876 0 
164 -117 -390 0 
63 -769 -646 0 
456 -369 -769 0 
-256 -12 -732 0 
-985 -500 -19 0 
686 -88 63 0 
970 -923 163 0 
-945 -11 -487 0 
-919 -694 564 0 
-984 896 240 0 
973 -634 -421 0 
-172 988 51 0 
-727 377 112 0 
854 31 -200 0 
-169 -530 -995 0 
-150 -114 -452 0 
667 328 543 0 
-348 -962 -85 0 
-92 -401 -356 0 
-682 -451 -56 0 
-235 -392 518 0 
-838 661 323 0 
606 -930 -31 0 
874 -590 -733 0 
-526 -397 499 0 
-701 824 -139 0 
-925 230 896 0 
-102 190 -2 0 
-844 912 -196 0 
-984 414 5 0 
-379 -894 745 0 
-459 458 -826 0 
-999 750 216 0 
578 -548 960 0 
-570 -822 379 0 
-325 143 651 0 
492 60 -160 0 
731 83 580 0 
-96 763 -989 0 
852 -788 -330 0 
-869 157 -738 0 
-141 131 562 0 
-531 -574 -673 0 
747 -106 -895 0 
-362 -186 -127 0 
742 185 441 0 
-22 928 -333 0 
-814 -741 544 0 
483 -563 -728 0 
-687 -196 -812 0 
829 -587 85 0 
-614 795 844 0 
-761 -64 -871 0 
188 -494 -294 0 
-927 492 -677 0 
-556 629 104 0 
713 -720 -963 0 
678 -225 125 0 
38 -683 -537 0 
475 -609 334 0 
-367 -316 -110 0 
-211 339 688 0 
101 -589 45 0 
-849 -93 -152 0 
-260 193 -77 0 
-523 619 -546 0 
-745 -617 849 0 
-21 -818 301 0 
-539 -727 -664 0 
-103 967 384 0 
-672 548 -930 0 
-321 957 -337 0 
-618 510 -786 0 
-422 -273 382 0 
472 761 -13 0 
434 480 703 0 
-966 -925 71 0 
826 568 -980 0 
-193 -603 -244 0 
906 -987 -503 0 
-791 310 -131 0 
-974 450 -264 0 
-74 -82 -927 0 
718 222 -470 0 
21 -791 -932 0 
566 -550 -804 0 
90 -326 -205 0 
192 -248 656 0 
-815 -23 865 0 
241 203 -368 0 
212 -19 -446 0 
-624 156 -460 0 
163 -493 -609 0 
-490 -787 -383 0 
487 -842 -569 0 
-548 563 -626 0 
-768 -775 -301 0 
-643 712 430 0 
-173 698 732 0 
-224 695 -597 0 
104 -290 -662 0 
-954 573 515 0 
868 396 213 0 
-151 10 999 0 
655 386 -483 0 
822 333 951 0 
182 -647 -39 0 
489 -417 -300 0 
-938 2 111 0 
-680 93 826 0 
-401 -660 -663 0 
-185 111 -238 0 
725 -941 -400 0 
954 -585 -245 0 
-590 -332 984 0 
379 387 220 0 
-316 -766 872 0 
798 807 475 0 
-697 531 -883 0 
990 386 558 0 
-131 -977 226 0 
221 -688 920 0 
115 -60 507 0 
431 -792 -963 0 
-114 17 910 0 
581 26 -561 0 
-495 -444 546 0 
787 165 562 0 
408 -577 31 0 
-947 -753 -748 0 
-692 -630 631 0 
52 -325 511 0 
-753 815 633 0 
-920 -944 -417 0 
-368 808 -989 0 
-211 826 731 0 
-741 -460 465 0 
-390 -236 130 0 
444 -382 -758 0 
-630 -877 542 0 
632 390 -816 0 
-272 330 622 0 
6 -325 618 0 
-816 588 -499 0 
-300 -786 938 0 
770 184 -863 0 
670 -411 -154 0 
-238 881 -579 0 
902 -567 964 0 
-687 -734 -187 0 
365 188 5 0 
-274 279 467 0 
702 571 211 0 
682 256 343 0 
404 -252 -551 0 
-355 -259 797 0 
672 261 -30 0 
36 -816 -360 0 
-435 447 366 0 
744 956 800 0 
158 -6 -899 0 
-525 718 86 0 
768 416 956 0 
-791 29 -806 0 
-448 -865 -921 0 
544 568 968 0 
-578 896 744 0 
-50 -903 -359 0 
424 -517 -312 0 
-693 -578 -610 0 
633 109 505 0 
739 115 -296 0 
-463 66 526 0 
-999 865 -784 0 
455 -361 -411 0 
-166 770 -299 0 
804 -132 17 0 
879 721 -107 0 
-67 -733 466 0 
-539 -268 -343 0 
702 551 -333 0 
-495 -331 -571 0 
-146 271 -212 0 
445 673 927 0 
-306 -962 173 0 
-882 591 -10 0 
-403 -871 122 0 
574 90 -584 0 
-906 110 527 0 
290 -80 -865 0 
-156 78 -903 0 
319 244 112 0 
-180 -578 -771 0 
-168 -315 952 0 
16 93 -885 0 
-398 -491 169 0 
-42 463 -588 0 
366 78 -842 0 
407 679 899 0 
738 967 -434 0 
359 -395 912 0 
685 911 35 0 
627 59 -139 0 
-510 -52 -199 0 
383 17 -43 0 
-626 317 243 0 
-585 -144 -329 0 
234 -870 -11 0 
722 -970 -387 0 
-196 -27 -530 0 
188 869 602 0 
891 -510 -98 0 
759 727 175 0 
73 -375 343 0 
766 -914 -126 0 
-948 576 -246 0 
246 578 668 0 
-599 718 -111 0 
374 178 -535 0 
-969 604 591 0 
-43 -384 -675 0 
-717 -971 147 0 
843 -624 -64 0 
190 -475 670 0 
181 -304 270 0 
774 -78 -793 0 
337 33 -370 0 
-827 -73 354 0 
-626 833 738 0 
-994 682 -447 0 
977 667 911 0 
-699 52 492 0 
212 964 -727 0 
729 -333 240 0 
203 110 -403 0 
-291 294 327 0 
-789 895 683 0 
202 276 -917 0 
-175 -225 -790 0 
186 -623 -718 0 
622 93 172 0 
840 364 37 0 
-61 517 823 0 
521 132 -50 0 
363 664 -411 0 
685 -101 33 0 
-230 484 -73 0 
726 -772 768 0 
-744 57 -959 0 
-219 -984 -551 0 
706 -550 -258 0 
522 -112 359 0 
-148 -530 231 0 
-615 -285 -676 0 
295 638 717 0 
-914 161 732 0 
617 572 547 0 
193 -75 -60 0 
-504 -882 59 0 
572 759 -205 0 
-167 -896 -471 0 
-240 20 429 0 
929 -359 -720 0 
701 -533 -540 0 
191 -316 -176 0 
-216 -175 -370 0 
260 453 -170 0 
477 149 -799 0 
-875 -713 -45 0 
709 421 114 0 
971 852 -327 0 
401 848 338 0 
-80 524 639 0 
913 -151 817 0 
-655 98 -114 0 
-409 574 -827 0 
-798 -831 -84 0 
-381 132 924 0 
-891 -518 632 0 
68 575 271 0 
447 870 -84 0 
769 -866 -847 0 
347 -361 800 0 
617 -582 -291 0 
575 -972 902 0 
-684 -769 -135 0 
-905 951 -101 0 
-808 371 566 0 
-621 -776 109 0 
-439 30 122 0 
-993 -157 -836 0 
-995 99 -422 0 
-742 -734 -596 0 
-17 -957 -21 0 
-80 -292 -924 0 
503 998 -740 0 
-408 -954 -997 0 
334 66 902 0 
730 848 -344 0 
-513 -838 25 0 
694 909 159 0 
-698 765 368 0 
333 990 -457 0 
-881 -734 583 0 
198 -311 -688 0 
-355 853 -354 0 
-628 805 -758 0 
870 -146 -756 0 
-948 55 -568 0 
545 866 -980 0 
358 488 -181 0 
967 -698 -529 0 
-194 -378 795 0 
699 380 419 0 
-604 307 877 0 
-236 612 -637 0 
-327 20 -632 0 
816 22 261 0 
696 307 -752 0 
196 -450 -421 0 
-329 -898 -512 0 
-477 -6 -546 0 
-638 179 715 0 
-136 160 -482 0 
508 -87 174 0 
574 -935 -669 0 
488 -839 -747 0 
65 -409 -399 0 
-190 840 471 0 
916 848 -53 0 
-728 753 106 0 
482 -886 -809 0 
-409 -761 617 0 
120 989 59 0 
-361 878 -164 0 
-554 559 126 0 
-53 -778 600 0 
363 757 -231 0 
840 -863 191 0 
-895 -644 484 0 
-464 -42 -762 0 
917 -311 -760 0 
131 312 997 0 
719 -437 -476 0 
920 782 552 0 
-163 -351 45 0 
965 -452 -927 0 
884 -896 -796 0 
-362 866 -711 0 
-38 472 -350 0 
795 -872 -395 0 
680 -997 -860 0 
319 -166 53 0 
30 504 19 0 
-387 799 -241 0 
-580 563 -435 0 
825 -878 -664 0 
780 940 -78 0 
-109 -131 448 0 
307 746 138 0 
-126 390 366 0 
468 114 -915 0 
-469 304 -177 0 
-910 161 -588 0 
-552 342 410 0 
-908 -895 146 0 
-239 515 734 0 
533 282 -980 0 
551 -990 72 0 
409 -772 801 0 
719 -139 -90 0 
658 439 -201 0 
-450 718 681 0 
974 161 426 0 
-29 -325 -712 0 
925 322 -571 0 
901 -546 834 0 
-980 -191 854 0 
-652 -941 -400 0 
-457 -141 294 0 
-20 954 -686 0 
155 431 267 0 
365 -453 118 0 
-169 934 13 0 
-760 -121 597 0 
-679 967 287 0 
788 -291 675 0 
597 65 -109 0 
530 437 312 0 
-968 -138 -348 0 
772 -222 843 0 
366 671 -1000 0 
852 146 85 0 
524 459 312 0 
-247 610 464 0 
-770 -801 -70 0 
760 148 902 0 
-163 699 45 0 
-466 -926 -408 0 
223 -173 -560 0 
459 833 786 0 
-633 538 -367 0 
722 -886 -386 0 
664 -414 698 0 
-859 -265 -185 0 
782 -45 249 0 
821 919 -791 0 
-343 -576 681 0 
278 547 -977 0 
-165 -95 -440 0 
-317 889 900 0 
-212 -434 -157 0 
535 925 478 0 
518 -118 6 0 
586 994 -982 0 
93 254 -959 0 
-917 -986 870 0 
104 551 -132 0 
-802 -140 246 0 
971 763 955 0 
173 -779 100 0 
-162 62 -803 0 
561 186 201 0 
-731 92 41 0 
816 -579 -162 0 
270 617 264 0 
-910 -63 530 0 
-906 436 715 0 
-852 601 -282 0 
-77 593 -251 0 
861 291 24 0 
519 -568 -269 0 
77 -307 801 0 
-141 -467 -980 0 
135 -806 929 0 
-45 -797 -81 0 
-369 -998 963 0 
133 -485 -97 0 
19 524 558 0 
-97 -297 519 0 
-126 -147 827 0 
226 762 -911 0 
391 -232 296 0 
-731 -978 -890 0 
-306 -619 649 0 
-825 -779 935 0 
-871 -606 557 0 
555 -10 933 0 
427 835 -923 0 
255 923 -91 0 
-683 -796 374 0 
756 196 -110 0 
-827 -142 -637 0 
-809 -263 -396 0 
348 243 -221 0 
357 -612 732 0 
513 330 -687 0 
257 -197 68 0 
-888 -256 538 0 
-997 52 -733 0 
-244 102 449 0 
-704 -273 518 0 
-614 -587 40 0 
-995 717 266 0 
-406 -607 612 0 
229 730 -388 0 
837 59 -992 0 
-160 -756 -451 0 
-19 -209 629 0 
-980 -612 -35 0 
894 -727 601 0 
-941 911 -776 0 
-13 242 -101 0 
165 -998 527 0 
-109 -509 -162 0 
648 591 925 0 
863 -67 -682 0 
971 -257 -383 0 
-52 -156 -672 0 
-486 -406 -652 0 
-143 -928 -751 0 
135 -335 -222 0 
850 -766 375 0 
747 -889 -929 0 
-329 -397 930 0 
-985 499 -343 0 
-274 -625 -38 0 
-757 406 -36 0 
-787 276 -376 0 
403 -233 -836 0 
496 -289 -630 0 
918 381 -364 0 
-376 909 321 0 
390 -171 882 0 
172 776 -258 0 
-854 166 -294 0 
197 694 921 0 
-433 -767 -474 0 
133 459 231 0 
385 471 -519 0 
-999 -709 618 0 
-941 -296 396 0 
123 -239 999 0 
631 453 971 0 
-18 -115 821 0 
-370 -43 22 0 
198 -57 840 0 
739 20 -399 0 
-474 -634 547 0 
-504 -171 -367 0 
135 -281 -316 0 
998 -571 -85 0 
-795 -140 -435 0 
924 330 -994 0 
-314 -732 897 0 
-804 722 -651 0 
559 -234 -568 0 
-960 308 -825 0 
-440 267 -7 0 
-887 -292 467 0 
606 640 -258 0 
-575 -14 -906 0 
668 675 -261 0 
-588 162 952 0 
240 -626 -459 0 
-828 669 513 0 
-73 -809 -388 0 
-185 426 859 0 
-330 -627 -493 0 
-116 573 -688 0 
-652 -566 278 0 
648 -983 541 0 
529 222 715 0 
-979 -677 210 0 
-29 75 142 0 
872 -459 -781 0 
-875 -360 -980 0 
-20 -318 96 0 
-823 685 199 0 
-533 554 -767 0 
947 -224 750 0 
585 -68 -133 0 
-610 27 623 0 
284 51 602 0 
491 -64 271 0 
862 618 -601 0 
-240 -533 -666 0 
-84 98 -147 0 
383 -979 585 0 
221 980 -772 0 
-949 -348 -371 0 
612 668 -882 0 
-118 210 -947 0 
-694 -200 625 0 
-764 176 -784 0 
276 577 824 0 
-430 834 -946 0 
545 971 1 0 
152 -694 -141 0 
262 433 -202 0 
-377 -871 380 0 
238 456 -789 0 
-357 186 -621 0 
785 -756 634 0 
-423 631 754 0 
237 696 969 0 
-694 476 -257 0 
933 -145 -554 0 
595 193 228 0 
11 -310 34 0 
637 -405 756 0 
-981 -302 -566 0 
-849 453 -689 0 
185 151 -471 0 
155 -153 -520 0 
-36 26 -537 0 
31 41 436 0 
782 -208 315 0 
286 -236 18 0 
-461 -378 -169 0 
-422 798 706 0 
-651 -110 -708 0 
478 -504 758 0 
871 -852 -495 0 
735 640 -627 0 
-736 168 706 0 
509 62 807 0 
-50 -434 -443 0 
-770 -250 -206 0 
-704 -723 -298 0 
287 -256 538 0 
448 -992 759 0 
975 -79 -113 0 
-957 834 358 0 
32 -179 164 0 
435 -292 69 0 
-507 -728 -542 0 
433 592 -960 0 
-814 271 197 0 
-58 790 55 0 
784 -594 68 0 
-141 9 -575 0 
957 -609 -603 0 
-419 -580 -776 0 
823 -585 856 0 
817 -959 795 0 
444 440 535 0 
-534 755 716 0 
-619 -241 751 0 
-867 -448 725 0 
-273 -943 -530 0 
-598 972 -762 0 
-330 313 -702 0 
892 -568 -314 0 
150 766 196 0 
829 -808 814 0 
409 392 -969 0 
254 -492 906 0 
-857 -357 614 0 
641 -240 850 0 
-390 -831 -623 0 
-699 -163 983 0 
918 590 -304 0 
235 -766 42 0 
-431 -49 439 0 
-361 282 -878 0 
711 -702 -287 0 
-754 -568 482 0 
-221 -466 30 0 
494 775 766 0 
863 -345 -529 0 
182 605 -76 0 
-402 189 111 0 
446 906 844 0 
-636 377 482 0 
98 78 847 0 
523 -459 316 0 
-61 984 978 0 
-949 -305 849 0 
-971 282 -860 0 
864 -806 -360 0 
-249 896 881 0 
-77 123 514 0 
-118 313 -777 0 
-154 -452 785 0 
-816 -409 665 0 
-236 107 156 0 
39 318 -332 0 
391 -713 296 0 
-504 -487 -519 0 
-787 902 -152 0 
-219 13 -721 0 
462 -751 -539 0 
-615 -213 -961 0 
936 767 696 0 
-520 21 607 0 
-740 374 -44 0 
-873 -395 -112 0 
-272 191 375 0 
60 -887 -926 0 
225 -671 970 0 
136 -489 103 0 
367 222 -50 0 
-68 -160 425 0 
-213 -59 72 0 
323 650 -744 0 
-574 -473 912 0 
-246 -491 -244 0 
-474 -726 386 0 
-964 663 -325 0 
160 961 -637 0 
505 911 -219 0 
-329 947 -715 0 
-390 -1 176 0 
235 -861 969 0 
-964 -45 -487 0 
90 95 18 0 
561 -888 -459 0 
211 578 -148 0 
-889 819 285 0 
-538 -841 664 0 
178 -45 712 0 
614 803 -29 0 
510 -672 403 0 
871 -903 -828 0 
-685 -505 -47 0 
-280 868 -250 0 
42 833 216 0 
-606 212 -78 0 
953 942 -318 0 
-487 -462 643 0 
921 836 -772 0 
-690 -828 611 0 
-943 -156 -733 0 
61 762 -567 0 
887 -796 176 0 
-454 -316 870 0 
940 -417 663 0 
-410 -641 -206 0 
-756 700 -220 0 
981 -831 -300 0 
563 -717 829 0 
716 200 919 0 
989 834 -899 0 
-438 579 950 0 
101 63 -184 0 
148 -344 419 0 
-811 -926 844 0 
-891 -429 334 0 
-532 -232 512 0 
268 -520 -332 0 
14 -85 595 0 
-916 -584 -668 0 
117 439 -600 0 
-515 -598 230 0 
615 381 -87 0 
707 -614 -631 0 
331 770 906 0 
-67 -101 454 0 
904 250 846 0 
806 170 361 0 
-140 -509 677 0 
391 20 670 0 
592 906 517 0 
396 -206 -967 0 
399 1000 -794 0 
421 -334 -925 0 
640 -948 -118 0 
-660 180 -387 0 
894 -796 419 0 
319 193 625 0 
-154 869 940 0 
975 136 -933 0 
534 -718 -46 0 
695 627 363 0 
729 970 -321 0 
-773 -950 -383 0 
984 -629 -641 0 
-138 14 -613 0 
-888 442 220 0 
-531 427 -378 0 
448 -93 -726 0 
609 -971 -719 0 
-474 -486 -838 0 
809 468 744 0 
604 -95 89 0 
-480 228 -120 0 
-535 371 -612 0 
800 97 950 0 
-884 -908 72 0 
918 -72 -784 0 
-148 -504 310 0 
621 -767 334 0 
97 -525 560 0 
194 103 -368 0 
-590 304 155 0 
494 341 -335 0 
-442 649 319 0 
-499 -463 127 0 
631 160 397 0 
-858 -42 737 0 
1000 616 -409 0 
-175 -982 248 0 
-272 -474 565 0 
643 -549 263 0 
991 -487 815 0 
-260 896 984 0 
-817 522 -280 0 
255 944 -509 0 
-309 -662 -452 0 
-616 -932 26 0 
586 -388 846 0 
-45 -277 412 0 
195 -354 701 0 
-617 409 -37 0 
227 35 -929 0 
892 -686 -923 0 
967 -911 109 0 
-203 -239 250 0 
125 276 -87 0 
257 73 542 0 
161 -258 -65 0 
556 -174 -746 0 
-510 -644 -233 0 
-482 200 968 0 
931 843 976 0 
-842 819 516 0 
-695 737 -566 0 
-674 -963 184 0 
-213 -361 929 0 
603 -81 813 0 
-192 825 -950 0 
814 622 698 0 
362 292 -893 0 
-517 341 -413 0 
-68 959 -146 0 
886 -946 -757 0 
-270 935 800 0 
-811 726 270 0 
-124 203 -772 0 
753 -202 43 0 
-979 181 -834 0 
-729 -40 -868 0 
828 -115 391 0 
596 -42 853 0 
-926 943 456 0 
-709 955 157 0 
662 651 276 0 
-405 -841 824 0 
39 139 662 0 
879 785 948 0 
-862 -538 398 0 
-264 849 242 0 
-562 412 568 0 
185 -64 -216 0 
531 570 38 0 
-47 306 263 0 
373 779 -69 0 
61 -397 630 0 
28 748 721 0 
-651 683 344 0 
-174 -288 -461 0 
-856 -882 -593 0 
895 147 10 0 
952 911 -445 0 
2 657 -198 0 
-828 -810 255 0 
-813 -773 497 0 
468 293 53 0 
-342 687 -743 0 
712 672 -92 0 
24 -265 -635 0 
-649 128 -305 0 
-48 743 584 0 
666 -990 776 0 
62 -875 409 0 
-995 846 -808 0 
-757 -387 -715 0 
-366 192 -989 0 
402 572 -941 0 
-6 987 -518 0 
709 -58 -762 0 
208 -418 667 0 
-65 865 54 0 
-902 -296 61 0 
174 964 -692 0 
962 -785 251 0 
332 -752 559 0 
-484 118 -407 0 
472 863 -158 0 
294 -50 -75 0 
-773 525 652 0 
-706 -270 801 0 
-547 -786 929 0 
-666 -147 320 0 
-998 -515 -726 0 
755 946 109 0 
-127 -788 252 0 
351 -251 -645 0 
154 64 795 0 
54 226 249 0 
-896 -454 -66 0 
-512 86 152 0 
-269 -179 554 0 
-38 1000 -930 0 
211 828 860 0 
954 -877 -594 0 
-733 176 -460 0 
104 -428 -62 0 
821 161 672 0 
382 -412 -56 0 
214 590 -660 0 
290 8 -420 0 
996 -883 364 0 
-391 713 -522 0 
-64 -699 -824 0 
-840 -953 528 0 
-952 936 718 0 
-649 -283 -763 0 
-708 464 -818 0 
-661 -616 802 0 
-986 -102 149 0 
972 992 505 0 
-722 -359 131 0 
62 420 668 0 
381 -498 -169 0 
619 322 273 0 
793 535 -621 0 
750 792 -886 0 
972 -140 845 0 
53 -612 288 0 
679 665 -474 0 
746 496 -901 0 
-783 160 640 0 
-291 726 712 0 
455 -937 348 0 
80 220 -647 0 
-778 446 749 0 
-474 -894 380 0 
752 -585 -731 0 
-590 -999 -497 0 
-680 -297 516 0 
87 -471 326 0 
857 515 986 0 
983 -991 264 0 
427 561 -83 0 
345 -333 475 0 
-376 465 -690 0 
191 -296 637 0 
640 -265 -622 0 
405 341 -275 0 
-629 -341 -67 0 
-893 -162 847 0 
589 878 -301 0 
-36 209 -133 0 
-348 6 490 0 
208 -902 538 0 
689 925 416 0 
56 -626 -173 0 
123 765 -115 0 
865 794 192 0 
43 608 -101 0 
602 -883 -773 0 
-337 388 -926 0 
10 255 -987 0 
-586 582 479 0 
613 666 -78 0 
904 -794 -54 0 
782 778 -962 0 
850 -35 103 0 
-185 876 -303 0 
184 -159 175 0 
-119 535 478 0 
258 57 -275 0 
915 199 -431 0 
204 398 -86 0 
-149 -381 904 0 
-584 -690 192 0 
766 -298 833 0 
250 977 182 0 
-859 -851 -472 0 
272 903 13 0 
-580 -359 -438 0 
-326 186 428 0 
526 254 45 0 
-539 -451 795 0 
-935 806 -612 0 
-219 -587 657 0 
695 -147 489 0 
-648 978 -875 0 
-831 -192 -801 0 
304 -46 -501 0 
-36 -113 -432 0 
887 -304 537 0 
806 232 119 0 
-703 -486 -904 0 
278 -310 -937 0 
165 82 602 0 
691 -530 684 0 
124 958 -274 0 
-526 739 282 0 
-967 829 -736 0 
686 -209 -950 0 
-691 587 -706 0 
110 -307 -611 0 
805 437 662 0 
-39 719 260 0 
430 -350 -741 0 
822 214 285 0 
281 185 797 0 
983 342 -290 0 
-969 -580 -986 0 
-193 -1000 140 0 
816 167 -135 0 
-116 350 -769 0 
188 729 -282 0 
-95 272 444 0 
-305 681 -784 0 
8 -361 -696 0 
559 -341 59 0 
437 -754 191 0 
933 529 143 0 
315 293 -154 0 
37 -219 -904 0 
-436 -717 -399 0 
-398 -860 34 0 
595 357 990 0 
-532 -954 -673 0 
588 84 -848 0 
-708 -619 589 0 
-675 -640 -313 0 
-993 -897 -278 0 
426 -150 57 0 
845 -268 -361 0 
654 -446 -766 0 
509 -2 -87 0 
118 32 -717 0 
255 930 -189 0 
-845 -856 630 0 
-939 48 -763 0 
687 740 401 0 
236 821 336 0 
727 81 -121 0 
-354 605 -793 0 
-172 314 -119 0 
727 487 -68 0 
-14 -429 -32 0 
-187 641 -746 0 
424 -251 616 0 
218 595 655 0 
133 361 830 0 
-405 -881 -658 0 
-146 -156 540 0 
-525 -622 268 0 
-905 -20 465 0 
312 749 279 0 
-297 -43 538 0 
414 285 -404 0 
286 -496 348 0 
767 -388 534 0 
861 -454 -931 0 
-746 355 386 0 
-261 -845 -939 0 
-85 764 683 0 
-650 851 -383 0 
-487 -149 -739 0 
915 -319 -382 0 
-981 -930 321 0 
-484 -412 111 0 
-610 -343 -128 0 
-332 -91 756 0 
90 -782 -401 0 
-716 -55 -652 0 
104 -497 -883 0 
-646 -293 -583 0 
-862 -708 53 0 
510 398 -992 0 
47 804 -76 0 
-312 -665 -254 0 
-399 -436 -796 0 
161 681 444 0 
-940 -849 430 0 
407 -377 -556 0 
419 71 286 0 
994 614 597 0 
568 536 887 0 
940 777 -818 0 
-104 -263 -867 0 
-663 522 -345 0 
732 806 -803 0 
-119 -681 86 0 
371 486 -36 0 
109 -246 751 0 
-578 -71 -735 0 
-802 172 637 0 
-687 141 -527 0 
-187 877 129 0 
373 63 172 0 
937 -371 561 0 
-964 -977 255 0 
38 -149 460 0 
-424 372 61 0 
-294 -397 65 0 
886 -382 -847 0 
479 562 -734 0 
267 883 39 0 
-639 488 -104 0 
-180 -296 341 0 
123 -662 -318 0 
-7 -779 615 0 
791 671 -632 0 
-602 282 359 0 
309 270 368 0 
-381 589 264 0 
350 -719 560 0 
-462 525 -547 0 
270 625 470 0 
-328 305 -692 0 
578 -834 635 0 
843 -259 652 0 
382 -909 -355 0 
-684 -176 12 0 
-902 -690 -763 0 
948 -773 124 0 
-324 737 -919 0 
120 245 -471 0 
918 -825 457 0 
-939 -543 896 0 
826 98 669 0 
378 -990 -862 0 
910 647 -350 0 
-570 108 149 0 
-661 -84 115 0 
-269 47 302 0 
20 668 555 0 
-839 838 671 0 
-868 -662 -288 0 
-723 188 -964 0 
875 -516 -510 0 
-437 212 -372 0 
5 -470 -798 0 
-21 829 -781 0 
418 -97 -916 0 
801 140 -200 0 
90 -480 -518 0 
359 146 726 0 
-361 -812 -926 0 
119 504 350 0 
-504 -426 -914 0 
-336 687 4 0 
-368 -613 -708 0 
-153 504 -999 0 
-204 112 -230 0 
-127 150 699 0 
134 836 -780 0 
726 626 -662 0 
-257 -634 -597 0 
-901 902 -50 0 
785 823 -638 0 
-10 -477 -425 0 
-675 -775 151 0 
426 -70 -939 0 
457 -242 681 0 
-526 -788 506 0 
-597 820 -764 0 
-937 605 447 0 
-51 532 942 0 
-674 -602 -627 0 
-47 -580 113 0 
-939 -339 681 0 
667 -771 70 0 
-13 929 -575 0 
-918 -864 308 0 
-161 -76 -766 0 
-521 406 -643 0 
625 -706 -799 0 
-467 493 20 0 
214 402 -137 0 
661 -595 -205 0 
-750 -202 -147 0 
-638 -981 265 0 
-843 851 853 0 
181 -563 706 0 
-284 408 44 0 
859 984 -894 0 
-361 324 471 0 
-183 205 13 0 
-536 390 6 0 
-536 914 -443 0 
-954 -751 -238 0 
-545 199 -388 0 
941 -316 878 0 
-652 -902 671 0 
-609 -43 738 0 
-805 -184 -878 0 
-549 -71 -493 0 
-119 941 -212 0 
-391 576 442 0 
667 603 -5 0 
156 661 308 0 
-941 -599 -601 0 
-986 227 -874 0 
-226 886 -501 0 
-215 -907 -494 0 
903 -591 -9 0 
7 -743 -738 0 
414 451 483 0 
-111 -856 -501 0 
657 433 244 0 
-731 427 -865 0 
699 377 -70 0 
-178 7 366 0 
453 129 507 0 
-329 673 862 0 
-993 220 -748 0 
-491 353 600 0 
-254 -590 264 0 
649 128 -162 0 
-230 303 682 0 
185 -430 510 0 
-24 298 -54 0 
159 351 -38 0 
509 -992 -873 0 
624 -957 -613 0 
-844 -622 -279 0 
214 363 -95 0 
502 562 -615 0 
503 707 540 0 
403 183 -262 0 
762 -132 107 0 
334 557 -660 0 
225 -540 -798 0 
-861 -551 -228 0 
-860 264 -805 0 
-83 -861 -704 0 
851 -796 2 0 
-566 474 -428 0 
196 683 720 0 
645 665 -829 0 
989 -751 47 0 
944 742 -258 0 
-180 667 75 0 
917 522 839 0 
518 478 -178 0 
-693 49 -928 0 
-52 -792 251 0 
583 -861 736 0 
-244 -242 208 0 
-699 -988 -790 0 
-939 -629 -526 0 
811 124 71 0 
-273 -187 -15 0 
55 -700 -516 0 
-29 885 994 0 
-776 535 996 0 
-950 -498 -717 0 
-995 -605 455 0 
705 625 740 0 
865 147 -725 0 
875 -536 -882 0 
11 684 -488 0 
-362 169 -737 0 
896 -906 106 0 
67 175 636 0 
-36 -795 -776 0 
-103 638 564 0 
-773 582 37 0 
-636 -738 740 0 
-397 -548 -56 0 
954 963 -269 0 
-943 994 -430 0 
420 940 60 0 
179 -685 -429 0 
-666 -681 -613 0 
512 236 371 0 
862 827 -880 0 
-640 -15 -157 0 
331 -909 -725 0 
629 332 541 0 
-456 337 183 0 
-731 -486 748 0 
-425 -927 -519 0 
934 -598 741 0 
909 679 -474 0 
405 -202 -110 0 
463 -711 194 0 
311 423 502 0 
-292 -619 -300 0 
-134 -751 -746 0 
-538 -967 643 0 
-222 -347 721 0 
482 697 931 0 
-520 752 -369 0 
366 -196 619 0 
-5 -226 124 0 
567 -592 -384 0 
-202 692 810 0 
-103 568 -957 0 
267 790 -260 0 
-527 -121 954 0 
300 468 -413 0 
-995 -563 -659 0 
-331 390 276 0 
194 -334 -362 0 
735 941 275 0 
325 180 -658 0 
532 99 955 0 
660 -884 813 0 
-163 -574 -374 0 
-472 -794 -928 0 
-405 -947 875 0 
-691 -331 -476 0 
549 44 -927 0 
424 283 -871 0 
-6 908 589 0 
-663 -347 -847 0 
-491 627 621 0 
-960 127 -260 0 
-992 -597 -633 0 
-314 893 -632 0 
952 -130 -578 0 
790 641 390 0 
919 -468 58 0 
-977 -244 -341 0 
-343 -903 205 0 
-854 -20 -990 0 
-73 -36 -224 0 
270 -888 313 0 
-309 -19 -422 0 
-1 492 345 0 
442 -885 735 0 
-660 -745 101 0 
-366 996 437 0 
-339 122 -811 0 
-732 167 -790 0 
-942 -624 -222 0 
-128 389 159 0 
-474 -669 274 0 
515 776 167 0 
507 -273 46 0 
8 -158 577 0 
-60 -826 -19 0 
927 562 -711 0 
381 -253 -875 0 
772 -769 -271 0 
-410 -394 -784 0 
38 -248 -100 0 
929 412 -56 0 
276 -252 -306 0 
-384 354 -169 0 
-412 -322 210 0 
-132 -64 553 0 
496 -640 -984 0 
-72 -902 -358 0 
411 -228 298 0 
-946 795 -387 0 
990 60 977 0 
277 725 903 0 
-671 -449 157 0 
-530 -427 -45 0 
645 177 -297 0 
977 -35 -67 0 
753 274 -936 0 
-359 138 142 0 
546 -405 -22 0 
350 -330 -888 0 
-163 -874 146 0 
-398 265 -941 0 
-269 194 473 0 
-698 -30 822 0 
195 -806 91 0 
670 908 -423 0 
-257 994 -304 0 
624 655 19 0 
18 -966 777 0 
-327 -135 -576 0 
-414 -277 -105 0 
97 174 -883 0 
-139 590 -480 0 
511 848 289 0 
891 256 527 0 
-500 -423 812 0 
-874 -149 238 0 
997 115 -170 0 
747 594 943 0 
389 -254 -781 0 
248 634 842 0 
755 223 413 0 
-901 889 995 0 
802 -639 -570 0 
546 414 -15 0 
516 647 -937 0 
397 875 -58 0 
567 259 530 0 
-397 -131 -783 0 
382 78 238 0 
7 967 623 0 
640 112 786 0 
935 231 57 0 
854 20 -741 0 
754 -534 249 0 
60 -604 -480 0 
-302 316 -88 0 
-847 -793 -505 0 
22 -524 927 0 
124 388 -327 0 
-437 789 199 0 
-121 -311 24 0 
-6 -659 939 0 
749 421 -57 0 
738 -229 644 0 
642 -364 -34 0 
-871 -537 474 0 
705 -731 565 0 
-36 858 405 0 
-666 -960 180 0 
537 -388 735 0 
805 -627 -517 0 
-360 -443 -82 0 
570 -555 -134 0 
-861 196 -26 0 
660 -831 -769 0 
292 -35 718 0 
-354 130 451 0 
-305 380 -226 0 
-921 -596 -254 0 
-39 -581 -960 0 
-769 -841 -957 0 
888 468 -15 0 
-250 -996 263 0 
-168 -342 -434 0 
-915 644 565 0 
-725 858 942 0 
-741 -635 -210 0 
-410 698 382 0 
698 803 -262 0 
-705 901 798 0 
299 -640 724 0 
591 -86 874 0 
650 -261 981 0 
876 -118 -980 0 
962 -952 -541 0 
-410 -78 709 0 
402 -278 678 0 
453 851 553 0 
98 330 45 0 
-982 932 23 0 
-782 258 -400 0 
939 -169 -982 0 
753 -865 951 0 
-897 118 802 0 
-345 -960 -390 0 
-29 -679 782 0 
837 607 -49 0 
-324 -85 283 0 
-174 725 -358 0 
942 284 -523 0 
290 -424 -224 0 
-537 -437 358 0 
498 699 367 0 
434 -858 -515 0 
136 -886 924 0 
225 80 -952 0 
-234 811 -955 0 
526 -114 10 0 
788 184 -615 0 
-742 65 -767 0 
952 -717 524 0 
-334 263 864 0 
607 -835 447 0 
444 171 -795 0 
345 -406 879 0 
-306 -230 -587 0 
-887 -44 -473 0 
-83 996 -87 0 
-607 927 246 0 
186 561 -71 0 
-426 -160 -517 0 
-911 300 -781 0 
533 -489 955 0 
511 -989 -448 0 
-216 837 -108 0 
885 939 852 0 
-748 -703 507 0 
-332 -597 -287 0 
-757 668 512 0 
700 779 496 0 
-974 778 745 0 
-307 -885 -830 0 
185 -895 -66 0 
-244 33 86 0 
466 -461 909 0 
680 -343 520 0 
169 -887 -942 0 
132 876 -207 0 
-516 -531 -541 0 
-692 -376 -921 0 
178 956 116 0 
427 669 483 0 
936 683 374 0 
730 470 337 0 
-450 -326 667 0 
268 416 496 0 
-387 -92 77 0 
-213 -371 -257 0 
838 -978 -107 0 
442 -939 723 0 
680 766 238 0 
629 970 -643 0 
-887 999 -859 0 
-268 131 -498 0 
-551 -188 617 0 
455 -919 408 0 
-311 -244 27 0 
228 -347 441 0 
633 530 -575 0 
-418 973 -224 0 
-140 -683 -70 0 
-125 454 315 0 
-53 -556 57 0 
588 648 500 0 
273 228 992 0 
-978 -190 -33 0 
-73 864 -11 0 
735 -818 486 0 
859 625 28 0 
-434 -270 374 0 
-606 -482 -907 0 
-941 -333 752 0 
560 482 824 0 
-348 -518 166 0 
-902 -280 742 0 
-83 174 -679 0 
-247 225 -260 0 
486 -700 -916 0 
-478 811 888 0 
479 -921 445 0 
-654 -696 998 0 
-190 651 -37 0 
583 -999 386 0 
372 -980 791 0 
-219 -458 582 0 
-833 48 907 0 
-918 842 -457 0 
548 -23 789 0 
-608 514 -743 0 
-445 -272 771 0 
-73 869 -71 0 
-344 17 -490 0 
-415 490 -708 0 
-920 537 151 0 
459 181 -32 0 
972 -230 -835 0 
-230 15 754 0 
851 -881 -249 0 
-452 366 86 0 
-130 -508 -225 0 
-394 -69 718 0 
155 248 289 0 
-561 94 951 0 
627 -145 -319 0 
599 -912 572 0 
748 638 283 0 
359 785 -606 0 
-940 521 307 0 
-559 -18 -170 0 
186 -296 787 0 
-333 224 507 0 
-81 217 120 0 
-698 261 915 0 
-956 -801 -903 0 
980 -335 -685 0 
704 888 606 0 
628 -760 -991 0 
222 755 -761 0 
-361 -293 -856 0 
639 -865 160 0 
-215 -125 612 0 
581 82 69 0 
671 -8 357 0 
-594 189 -687 0 
-531 -631 -771 0 
356 -104 -394 0 
-953 -120 -716 0 
-914 626 66 0 
-125 -907 -651 0 
588 147 -951 0 
-788 799 -719 0 
40 388 -209 0 
539 -893 -154 0 
-7 479 -492 0 
417 317 -882 0 
-129 -703 384 0 
334 -574 678 0 
-353 230 -672 0 
701 -395 -314 0 
198 779 581 0 
-762 -481 262 0 
891 830 -882 0 
-350 -376 783 0 
-991 -531 307 0 
-39 726 -11 0 
309 707 -204 0 
-710 261 795 0 
-19 796 -209 0 
237 -777 921 0 
-860 -506 -406 0 
864 -821 -8 0 
-917 691 -553 0 
-643 610 -855 0 
401 900 -619 0 
-222 -411 667 0 
200 850 -93 0 
-169 305 -203 0 
-488 -186 -677 0 
169 328 257 0 
-603 -674 -695 0 
-343 -866 -786 0 
313 509 901 0 
520 -715 -966 0 
-265 -808 790 0 
-988 -802 359 0 
538 -514 53 0 
499 364 -245 0 
996 -448 -981 0 
659 -249 -439 0 
-112 -824 -487 0 
188 -800 468 0 
-129 505 -307 0 
720 -640 244 0 
-447 792 -730 0 
-470 304 -525 0 
-410 386 801 0 
958 -447 918 0 
-284 405 -268 0 
-951 223 307 0 
311 -232 396 0 
618 -81 -981 0 
-6 199 896 0 
-73 979 -862 0 
476 329 48 0 
921 901 918 0 
-384 433 163 0 
-147 -724 -478 0 
-987 -623 -955 0 
40 -659 804 0 
-686 76 793 0 
-939 233 -881 0 
-567 8 -938 0 
-908 -427 395 0 
-801 442 -58 0 
151 -747 718 0 
-790 -399 -507 0 
-390 823 329 0 
-977 820 742 0 
45 892 259 0 
183 628 313 0 
-840 552 -210 0 
450 750 -44 0 
382 587 -448 0 
932 983 -453 0 
26 -591 379 0 
-169 -964 -591 0 
-239 140 -675 0 
-502 69 -970 0 
682 -544 -539 0 
-410 -798 206 0 
-709 -848 832 0 
135 540 -288 0 
587 175 111 0 
-492 336 -791 0 
-801 -191 249 0 
-625 749 284 0 
824 346 613 0 
281 -609 -674 0 
913 -756 -980 0 
843 850 -5 0 
307 -387 942 0 
-507 906 -272 0 
-494 -280 -668 0 
603 -946 -519 0 
731 -873 934 0 
-395 664 -319 0 
133 268 -273 0 
-189 988 -429 0 
-465 -693 -937 0 
66 322 678 0 
11 460 -827 0 
-371 738 267 0 
-645 -39 -851 0 
635 449 423 0 
796 603 -938 0 
954 -581 -342 0 
-585 -212 139 0 
327 406 507 0 
639 903 104 0 
956 -422 86 0 
664 -947 977 0 
-913 552 -87 0 
-306 732 553 0 
794 -599 290 0 
259 622 -742 0 
396 564 -230 0 
-900 -483 -805 0 
-48 -99 -732 0 
-681 554 -868 0 
52 -70 -277 0 
514 296 -871 0 
619 229 -64 0 
-770 -237 -957 0 
611 692 -391 0 
-626 108 -357 0 
-59 -95 179 0 
497 972 639 0 
-322 -833 -718 0 
306 480 -764 0 
-677 -304 976 0 
-167 -6 803 0 
469 447 -980 0 
753 731 -778 0 
-190 39 -581 0 
170 165 106 0 
545 -719 839 0 
-742 -208 -699 0 
365 127 -769 0 
582 237 -503 0 
464 -23 -972 0 
-913 80 -520 0 
782 402 737 0 
7 -304 -763 0 
-241 -498 -293 0 
-736 -650 292 0 
-389 769 31 0 
-83 397 174 0 
217 669 -148 0 
-927 324 178 0 
-869 -598 260 0 
93 -938 -720 0 
345 289 -519 0 
651 -213 -786 0 
647 -841 988 0 
-447 -316 -418 0 
-751 202 988 0 
715 -765 554 0 
507 -444 477 0 
-714 -232 391 0 
-695 12 -997 0 
858 977 -1 0 
-641 -62 -706 0 
942 -609 -199 0 
-658 -676 -537 0 
-233 794 406 0 
33 -985 -688 0 
-821 642 -756 0 
283 337 949 0 
512 789 523 0 
-36 -959 -380 0 
-471 -369 505 0 
-865 212 -887 0 
709 -888 -618 0 
-884 -354 -429 0 
639 827 -443 0 
-445 851 781 0 
-274 -816 -191 0 
-364 767 -353 0 
968 520 165 0 
-676 752 -283 0 
-48 811 676 0 
-592 -277 1 0 
313 79 -649 0 
-554 154 -586 0 
242 -134 682 0 
601 -357 -84 0 
-510 474 -786 0 
989 869 828 0 
672 442 337 0 
389 799 98 0 
162 -849 157 0 
204 278 -993 0 
867 -949 620 0 
-138 -107 220 0 
-381 480 882 0 
-934 -911 -642 0 
433 530 -472 0 
94 -473 -952 0 
-353 719 -339 0 
-185 -351 314 0 
793 45 510 0 
-650 -900 -716 0 
-713 323 -999 0 
673 536 342 0 
216 -686 -777 0 
731 -478 400 0 
-566 297 -79 0 
-875 -564 -238 0 
-530 444 -518 0 
444 925 -922 0 
-503 -715 267 0 
-516 961 604 0 
-657 584 -253 0 
742 276 -646 0 
-159 -771 818 0 
-968 -748 -91 0 
-552 62 -78 0 
-842 -504 -846 0 
-510 -630 287 0 
437 852 46 0 
513 564 133 0 
430 426 368 0 
-424 -239 -107 0 
-454 243 -130 0 
549 -914 795 0 
-926 -915 975 0 
-413 -972 -672 0 
47 -910 -270 0 
465 -407 151 0 
963 -888 987 0 
-919 113 629 0 
491 389 502 0 
-940 -499 63 0 
261 -290 -340 0 
-946 -161 739 0 
-931 -906 499 0 
-572 620 -580 0 
-305 681 -397 0 
172 -669 -631 0 
-421 753 -829 0 
976 -402 936 0 
-636 -680 -730 0 
-597 -404 -772 0 
-125 86 133 0 
-695 265 677 0 
232 142 -606 0 
-934 -110 -224 0 
-877 -576 -320 0 
-359 -622 161 0 
-398 -224 1000 0 
738 415 498 0 
340 640 -864 0 
789 761 819 0 
837 -423 -252 0 
742 854 586 0 
-136 813 490 0 
195 953 -51 0 
-172 740 567 0 
-922 -576 -609 0 
-83 684 10 0 
211 381 -243 0 
65 526 554 0 
-30 -308 -323 0 
488 -572 352 0 
-2 334 115 0 
241 -784 328 0 
-778 670 364 0 
754 -84 766 0 
75 66 -67 0 
-459 -476 -939 0 
-983 -108 -94 0 
-220 -38 -653 0 
66 -255 -665 0 
785 -901 -972 0 
-880 -771 333 0 
729 -279 709 0 
-352 -525 772 0 
-137 33 383 0 
-925 432 -117 0 
574 -766 -254 0 
-397 -785 -907 0 
991 -273 -839 0 
-544 -993 -90 0 
-266 -808 384 0 
106 638 596 0 
-320 198 -119 0 
863 -953 -983 0 
-284 -92 400 0 
-836 741 -543 0 
45 -428 -906 0 
178 470 863 0 
965 344 -555 0 
289 83 443 0 
-924 165 713 0 
-87 589 405 0 
-730 323 601 0 
966 -218 351 0 
184 -272 200 0 
108 -475 -605 0 
389 -155 863 0 
-491 -110 955 0 
769 -575 941 0 
996 -169 430 0 
544 191 727 0 
944 914 -116 0 
-965 -328 -298 0 
750 99 -338 0 
284 -655 -2 0 
-134 -798 -379 0 
925 -277 -222 0 
-429 80 295 0 
986 732 686 0 
732 577 97 0 
363 966 723 0 
76 -597 -423 0 
875 9 912 0 
-144 -510 395 0 
399 758 -415 0 
220 886 -765 0 
488 -820 -138 0 
-252 93 126 0 
244 -376 -609 0 
81 -908 294 0 
-299 424 596 0 
-324 -758 -740 0 
-180 162 108 0 
425 79 467 0 
-955 509 -423 0 
-764 -52 -895 0 
370 289 -111 0 
577 482 -479 0 
502 -218 234 0 
586 -108 515 0 
-31 540 406 0 
-582 -356 -75 0 
533 -643 -840 0 
344 -474 -100 0 
-281 305 446 0 
-962 -504 452 0 
-585 74 272 0 
142 488 544 0 
-750 924 -987 0 
-400 -961 948 0 
605 6 -823 0 
714 782 -51 0 
-460 73 210 0 
42 -547 225 0 
-32 -316 106 0 
120 600 115 0 
-789 -437 655 0 
667 187 -408 0 
-76 -176 -892 0 
285 -678 -10 0 
-166 942 -970 0 
755 -884 501 0 
61 -862 -891 0 
651 -385 871 0 
901 -713 268 0 
-319 685 240 0 
204 707 929 0 
-69 -682 -112 0 
-507 502 -515 0 
-467 -105 -495 0 
-51 881 362 0 
686 -588 691 0 
234 84 -955 0 
892 -888 641 0 
241 503 278 0 
510 338 -507 0 
344 -629 -899 0 
-798 -99 -824 0 
453 -134 -305 0 
304 734 -277 0 
636 597 387 0 
-724 911 381 0 
387 274 -389 0 
-541 -512 -666 0 
390 -971 -478 0 
423 -511 -647 0 
-676 423 477 0 
-953 851 -577 0 
-211 139 -530 0 
-461 762 -481 0 
-524 -362 -729 0 
672 -859 -510 0 
-440 -44 -999 0 
757 -685 -563 0 
-574 -814 634 0 
746 421 -810 0 
-753 -239 -807 0 
-523 599 685 0 
255 12 -759 0 
144 878 971 0 
-835 396 -933 0 
505 -560 -850 0 
-191 -36 720 0 
401 937 380 0 
607 -243 -82 0 
-784 -603 -711 0 
582 94 176 0 
328 -836 -809 0 
96 755 35 0 
-55 821 -599 0 
-450 -60 825 0 
-758 86 465 0 
-848 -135 -488 0 
900 -184 724 0 
280 -960 -509 0 
86 -596 -748 0 
-542 -294 651 0 
965 117 686 0 
-782 -878 -429 0 
-863 135 -634 0 
-782 -494 594 0 
100 259 -536 0 
28 -266 -226 0 
-229 -648 924 0 
-123 -713 -663 0 
-832 -937 234 0 
-226 822 -579 0 
457 -353 81 0 
281 160 988 0 
147 914 233 0 
-655 -386 -175 0 
-654 229 563 0 
442 490 230 0 
120 -785 -225 0 
584 682 958 0 
-336 961 -236 0 
-677 172 -782 0 
815 -742 -516 0 
835 973 566 0 
-520 -175 744 0 
911 -797 -398 0 
122 548 -258 0 
-346 -479 400 0 
-632 882 -243 0 
-76 811 978 0 
427 206 -642 0 
953 -846 -595 0 
-498 -734 -182 0 
-391 168 -466 0 
750 952 590 0 
552 102 -232 0 
472 -657 158 0 
262 400 -424 0 
-172 244 -560 0 
-376 465 -471 0 
727 -484 -816 0 
-468 -113 312 0 
140 853 -639 0 
333 154 240 0 
-430 -465 481 0 
245 242 -149 0 
38 281 -350 0 
-606 -9 -269 0 
685 356 -257 0 
648 799 -827 0 
50 845 37 0 
-334 903 -209 0 
-598 826 303 0 
373 -70 -336 0 
-39 909 622 0 
74 103 20 0 
-39 235 -221 0 
-412 -517 325 0 
-709 -241 -606 0 
-794 283 -749 0 
-938 871 579 0 
-31 -269 748 0 
230 251 -387 0 
988 -798 -946 0 
841 -85 -505 0 
-468 -313 -305 0 
740 794 -792 0 
964 -831 -936 0 
-65 -30 170 0 
-471 839 -219 0 
185 -314 731 0 
636 104 355 0 
-190 -195 -263 0 
405 -436 622 0 
-42 -22 713 0 
-58 294 -795 0 
-963 -755 -473 0 
965 -800 10 0 
-157 653 -626 0 
850 532 -153 0 
-459 770 -621 0 
-790 -389 -303 0 
622 -630 -655 0 
-312 -711 421 0 
-67 -117 -686 0 
683 113 424 0 
309 449 -369 0 
-227 910 -509 0 
155 -362 478 0 
687 -470 -72 0 
-959 -786 762 0 
-831 483 -974 0 
-891 -118 282 0 
-328 304 90 0 
-963 -459 -430 0 
526 678 -353 0 
-652 660 629 0 
17 -944 -874 0 
552 21 609 0 
85 -733 993 0 
-59 -788 676 0 
48 606 579 0 
-178 -590 -641 0 
821 760 -268 0 
553 -519 117 0 
669 880 -520 0 
306 980 -41 0 
770 831 -733 0 
-674 968 -413 0 
-866 -871 -217 0 
-733 -759 990 0 
-683 -875 -614 0 
-322 -246 105 0 
-981 -488 546 0 
45 -987 -716 0 
-613 721 525 0 
578 -40 807 0 
809 842 215 0 
533 -781 -480 0 
-558 493 -67 0 
482 528 81 0 
-729 147 591 0 
-118 787 -603 0 
-170 -736 158 0 
-811 -2 801 0 
-695 -630 -645 0 
730 300 293 0 
-881 -293 87 0 
-284 -308 314 0 
559 676 -430 0 
753 -630 900 0 
637 -551 253 0 
-570 -752 -816 0 
-481 178 899 0 
-371 581 567 0 
452 919 -952 0 
-100 -322 587 0 
909 614 -272 0 
-330 439 -62 0 
-239 132 588 0 
-168 15 -881 0 
63 -58 798 0 
-30 753 325 0 
-627 -716 826 0 
496 -576 36 0 
-952 988 346 0 
-191 -566 970 0 
-707 30 691 0 
153 -845 735 0 
-774 -730 -566 0 
-590 475 -222 0 
-236 4 262 0 
196 550 725 0 
-719 363 709 0 
