p cnf 1000 2800
384 -41 398 0 
878 75 -298 0 
-902 177 20 0 
-395 775 -347 0 
585 -707 388 0 
605 975 -423 0 
922 254 809 0 
-699 -132 -938 0 
606 170 -650 0 
-30 277 -702 0 
-561 -110 -604 0 
-162 260 -643 0 
-388 -777 -473 0 
54 -482 140 0 
-305 552 225 0 
-772 398 -645 0 
825 -754 906 0 
-589 957 218 0 
770 430 36 0 
962 -823 272 0 
-769 -814 146 0 
-235 -623 697 0 
-369 45 287 0 
205 684 -378 0 
-336 572 313 0 
-127 -942 410 0 
-334 -276 883 0 
-702 -541 898 0 
393 7 -786 0 
957 169 -26 0 
260 -738 -350 0 
-507 794 294 0 
-313 718 886 0 
647 728 -120 0 
542 646 -46 0 
232 -770 -826 0 
-85 -178 -345 0 
-293 668 -305 0 
-546 321 -309 0 
-208 888 -722 0 
-101 264 760 0 
-552 99 -648 0 
476 -893 233 0 
676 816 -216 0 
804 -623 -634 0 
-451 -172 -105 0 
904 -231 62 0 
813 788 -728 0 
66 -558 588 0 
654 -921 330 0 
482 -722 -95 0 
-731 -421 -400 0 
930 437 711 0 
281 104 -128 0 
-195 796 -412 0 
752 855 -96 0 
5 -203 -663 0 
248 574 807 0 
930 -582 201 0 
151 -54 -338 0 
474 -648 -945 0 
427 843 663 0 
894 316 -905 0 
164 -289 310 0 
-855 -344 158 0 
496 684 357 0 
475 634 662 0 
-179 -545 -147 0 
-545 -300 -862 0 
850 487 -523 0 
598 -234 -191 0 
927 637 -25 0 
316 572 -143 0 
-189 585 -471 0 
644 354 -805 0 
-384 -428 -339 0 
142 39 479 0 
-315 -222 -904 0 
-221 657 242 0 
745 -868 -314 0 
-163 -141 -903 0 
822 -646 -333 0 
664 -364 84 0 
-916 182 707 0 
-151 -709 662 0 
995 -169 935 0 
233 -969 880 0 
-917 817 -642 0 
-271 -456 -664 0 
-405 276 -501 0 
995 442 433 0 
299 -379 -297 0 
-158 182 -660 0 
173 743 17 0 
24 202 404 0 
755 691 255 0 
19 787 -996 0 
635 301 523 0 
-999 -910 -146 0 
-405 292 48 0 
131 -547 -148 0 
-561 374 -4 0 
458 -404 53 0 
-591 587 40 0 
125 765 -391 0 
-114 219 -526 0 
-865 -766 -18 0 
-108 -473 823 0 
-196 -602 -321 0 
211 139 -763 0 
-315 -328 -982 0 
112 -34 -314 0 
368 852 -289 0 
917 -722 492 0 
208 -200 633 0 
-522 -606 -474 0 
999 -644 -395 0 
-639 642 -236 0 
-68 -15 50 0 
-760 -752 -235 0 
198 775 -67 0 
-853 -265 -379 0 
758 -337 -364 0 
142 -778 438 0 
-724 81 749 0 
997 95 -916 0 
557 254 790 0 
-363 652 -583 0 
92 -473 -576 0 
675 -475 -332 0 
164 671 -742 0 
-393 -273 446 0 
-733 -759 -621 0 
148 -118 229 0 
683 668 -112 0 
758 883 135 0 
652 -751 -31 0 
647 531 849 0 
42 998 -267 0 
894 -343 -814 0 
-717 -733 427 0 
-368 433 -56 0 
-163 341 913 0 
-881 -629 129 0 
829 730 -774 0 
239 842 933 0 
-754 -83 972 0 
-77 456 340 0 
-15 966 177 0 
-288 733 372 0 
-634 -274 -213 0 
675 -159 -114 0 
465 646 -958 0 
-753 926 697 0 
-343 -117 313 0 
-115 68 -427 0 
-934 815 -267 0 
100 -15 -879 0 
293 -963 -121 0 
-419 -455 750 0 
969 -708 194 0 
136 832 -59 0 
-966 -531 -312 0 
487 711 335 0 
-998 -523 -868 0 
118 664 -852 0 
-820 -545 -832 0 
-609 814 -569 0 
280 390 800 0 
795 -142 214 0 
909 -296 205 0 
56 712 -543 0 
-410 -173 -270 0 
-278 783 518 0 
654 -817 -763 0 
-824 177 -640 0 
413 473 931 0 
885 -684 901 0 
141 18 -419 0 
-263 410 -289 0 
101 476 -642 0 
908 104 -968 0 
-547 84 -369 0 
-829 -181 951 0 
-186 602 -805 0 
-592 238 -124 0 
176 488 749 0 
785 -437 182 0 
979 280 940 0 
823 824 142 0 
-634 849 -753 0 
-690 212 -795 0 
-243 -856 -116 0 
236 694 983 0 
-81 312 806 0 
-390 -368 -575 0 
-939 -332 642 0 
917 -427 -952 0 
-981 -514 664 0 
757 937 -297 0 
-803 690 137 0 
-201 -63 -676 0 
-139 944 410 0 
366 349 -277 0 
-509 -769 -894 0 
485 247 -986 0 
-107 -911 -716 0 
606 -273 -224 0 
-193 577 338 0 
-405 -67 678 0 
-183 -686 445 0 
-403 765 913 0 
457 154 815 0 
-931 -365 38 0 
266 -105 -945 0 
526 -583 -299 0 
70 977 349 0 
659 368 764 0 
613 -75 28 0 
253 -351 434 0 
270 -594 -664 0 
-602 -782 344 0 
328 693 878 0 
-109 230 -304 0 
730 -775 -264 0 
353 -427 284 0 
-981 -229 466 0 
-945 95 918 0 
502 244 -498 0 
302 870 561 0 
973 -545 217 0 
-537 716 -218 0 
245 307 224 0 
-495 809 -187 0 
-247 -847 228 0 
701 -828 -469 0 
-161 793 875 0 
572 -608 808 0 
-472 -469 -317 0 
-619 253 -819 0 
-850 180 -969 0 
510 601 228 0 
-250 -444 520 0 
-870 -16 -815 0 
-45 -230 121 0 
-723 -788 47 0 
-762 481 653 0 
306 197 -878 0 
-909 136 -877 0 
-847 -566 323 0 
427 418 314 0 
892 -712 769 0 
316 -93 -88 0 
140 908 660 0 
640 895 -344 0 
633 662 191 0 
687 -486 -491 0 
-587 -641 31 0 
-671 992 -328 0 
-984 867 775 0 
-203 793 -392 0 
-349 908 316 0 
-876 -760 -537 0 
-641 -464 -929 0 
-20 -153 -2 0 
178 742 211 0 
-439 -885 -119 0 
-103 439 450 0 
644 -683 -314 0 
-253 314 -239 0 
769 447 846 0 
-343 -263 549 0 
509 -877 -642 0 
496 166 -7 0 
615 499 93 0 
-47 -512 -439 0 
527 461 273 0 
-358 354 232 0 
975 -636 -818 0 
383 -279 -673 0 
694 445 147 0 
197 883 30 0 
-449 -919 511 0 
448 328 443 0 
-903 -642 -378 0 
-556 -914 730 0 
-604 168 919 0 
-339 -363 -23 0 
-226 317 506 0 
-802 -781 -572 0 
358 129 669 0 
86 -68 253 0 
-106 -930 -675 0 
980 -971 726 0 
518 -94 -517 0 
-119 -255 575 0 
-208 243 749 0 
481 627 -358 0 
390 267 -498 0 
781 691 -605 0 
-174 669 -16 0 
681 -293 -930 0 
850 283 -264 0 
620 780 -764 0 
-495 -760 -294 0 
77 895 -641 0 
366 325 683 0 
402 130 39 0 
470 -303 127 0 
887 234 965 0 
-793 -994 750 0 
407 858 -195 0 
-110 433 -201 0 
876 965 99 0 
-944 131 34 0 
52 -397 -98 0 
658 76 1 0 
-650 753 -498 0 
-944 763 737 0 
360 709 -524 0 
-646 -628 440 0 
-233 52 -225 0 
-866 297 795 0 
412 -857 -248 0 
297 -889 -347 0 
791 -870 743 0 
949 -77 673 0 
214 5 151 0 
-664 -740 -228 0 
-318 -903 8 0 
508 348 534 0 
-912 99 -374 0 
841 425 -525 0 
-756 -311 -683 0 
129 -298 135 0 
700 23 -819 0 
153 -187 -179 0 
-484 -802 -422 0 
-804 -245 -62 0 
212 -595 -843 0 
-659 312 -349 0 
-709 312 -525 0 
-791 603 420 0 
-256 -300 -159 0 
514 270 -105 0 
416 -901 -898 0 
368 -45 -632 0 
37 -282 35 0 
-326 -526 735 0 
573 455 -914 0 
-76 -10 412 0 
-166 82 -322 0 
-219 799 -335 0 
-153 -516 -61 0 
-644 639 -528 0 
-444 210 421 0 
920 -291 939 0 
-846 872 -769 0 
830 -375 -616 0 
283 -57 136 0 
1000 -637 -166 0 
-17 522 487 0 
-313 584 -657 0 
-650 561 -14 0 
-633 -807 627 0 
311 482 -517 0 
978 182 999 0 
-163 347 -186 0 
-477 913 -984 0 
328 996 944 0 
295 -388 951 0 
137 -968 -784 0 
-264 16 288 0 
-216 -685 -968 0 
-850 -386 -847 0 
-713 -206 -842 0 
120 -635 119 0 
333 505 -303 0 
-865 766 373 0 
630 -778 -629 0 
-30 907 304 0 
-437 -968 -261 0 
308 -35 612 0 
920 -88 654 0 
-72 -183 24 0 
17 24 -876 0 
-565 -681 -498 0 
214 935 -162 0 
155 752 -144 0 
-936 504 -467 0 
877 782 94 0 
306 819 905 0 
783 -165 -135 0 
-381 -224 979 0 
746 369 188 0 
764 831 605 0 
-337 -783 366 0 
36 451 349 0 
95 -151 219 0 
572 174 -333 0 
-185 351 367 0 
634 -584 663 0 
78 776 148 0 
942 296 250 0 
-131 -183 -205 0 
630 -813 283 0 
-338 845 28 0 
-315 -446 109 0 
-279 -21 520 0 
35 618 728 0 
-516 -637 360 0 
955 338 939 0 
175 238 503 0 
125 -980 929 0 
424 116 786 0 
398 655 -334 0 
547 -414 933 0 
-896 122 286 0 
331 296 815 0 
37 958 -440 0 
-478 625 242 0 
576 193 -380 0 
-507 -889 495 0 
443 707 533 0 
-800 709 -628 0 
-164 -367 -152 0 
-598 -870 442 0 
-979 873 -946 0 
-915 535 68 0 
-573 -398 161 0 
-104 -447 -697 0 
-52 -220 -119 0 
451 -789 928 0 
238 -956 164 0 
659 37 -764 0 
130 195 879 0 
576 20 -82 0 
658 848 927 0 
566 -508 103 0 
-239 -174 -49 0 
384 -283 -13 0 
-977 531 231 0 
558 -335 15 0 
-932 467 -429 0 
850 -980 -636 0 
-570 -846 67 0 
531 -439 -674 0 
677 -625 104 0 
311 -286 -236 0 
-469 -87 361 0 
630 316 -409 0 
-112 152 52 0 
-919 -983 -228 0 
-112 -613 878 0 
-709 -182 902 0 
-4 674 -496 0 
-459 -15 162 0 
771 43 -356 0 
99 -186 -115 0 
-105 355 434 0 
222 629 -26 0 
586 -118 72 0 
928 468 48 0 
-29 -234 981 0 
-208 380 -605 0 
-34 2 446 0 
-614 25 838 0 
-623 -187 -904 0 
30 -533 107 0 
11 328 317 0 
-67 -696 -474 0 
980 8 -358 0 
292 -807 50 0 
-475 -261 -877 0 
842 154 846 0 
55 -552 788 0 
130 -954 -551 0 
-462 636 -172 0 
-289 519 -765 0 
732 -588 -174 0 
-462 156 -183 0 
59 -336 -971 0 
929 -597 -552 0 
-574 -320 175 0 
-831 923 779 0 
250 -280 -825 0 
749 -805 536 0 
641 -153 -935 0 
673 -155 -391 0 
655 689 -570 0 
693 -196 472 0 
113 -116 667 0 
811 -288 640 0 
828 467 -816 0 
281 413 726 0 
433 187 918 0 
328 998 478 0 
657 933 65 0 
-6 556 -139 0 
701 980 217 0 
-331 -746 -324 0 
-12 424 153 0 
-976 -818 -92 0 
-400 -574 539 0 
34 -207 -522 0 
742 639 -169 0 
10 424 419 0 
-173 -917 520 0 
-605 640 629 0 
-221 645 -876 0 
-590 -521 250 0 
-680 -902 -575 0 
371 -812 -940 0 
-223 -947 -525 0 
-112 539 -234 0 
55 908 -671 0 
271 135 -110 0 
700 37 -260 0 
641 455 -1000 0 
-228 443 310 0 
-904 -542 7 0 
950 348 921 0 
-916 -419 -394 0 
-28 -953 971 0 
-398 -568 -517 0 
677 -641 -324 0 
176 509 970 0 
921 480 585 0 
-860 836 -132 0 
-838 647 112 0 
104 278 87 0 
126 541 917 0 
471 244 161 0 
-462 582 -139 0 
-103 917 -743 0 
434 -947 -720 0 
-786 394 -51 0 
-978 -409 163 0 
-227 845 -905 0 
-541 700 -30 0 
347 -396 346 0 
110 -356 -720 0 
139 797 -199 0 
639 -969 -788 0 
463 558 -541 0 
933 -370 -950 0 
-669 -392 -930 0 
-71 -556 -580 0 
-866 -427 331 0 
-324 696 -54 0 
-709 -675 20 0 
-822 -900 187 0 
-108 -960 -461 0 
-204 182 -297 0 
-565 701 -453 0 
-901 -614 -463 0 
282 546 -435 0 
-220 -482 256 0 
281 -992 -542 0 
-503 426 -154 0 
-325 -462 566 0 
202 735 -522 0 
-691 793 637 0 
-845 -191 524 0 
-343 415 -683 0 
-49 395 141 0 
157 922 876 0 
312 231 753 0 
-867 178 -85 0 
-176 633 -131 0 
-532 -733 848 0 
625 547 490 0 
429 -314 -87 0 
54 328 295 0 
744 -788 -346 0 
-232 -118 333 0 
-420 -916 -396 0 
-59 74 540 0 
23 903 -399 0 
-549 473 593 0 
-30 575 -511 0 
-633 600 -96 0 
634 547 -696 0 
439 -803 -234 0 
68 794 418 0 
-567 -978 -676 0 
860 -469 -662 0 
89 538 148 0 
168 -775 -340 0 
966 16 207 0 
955 31 95 0 
-340 -924 -153 0 
-676 -203 663 0 
-298 146 -107 0 
-568 -976 472 0 
-113 14 2 0 
-602 -445 -84 0 
-444 22 580 0 
-39 588 622 0 
-895 -299 -974 0 
302 319 794 0 
458 898 146 0 
588 -60 -966 0 
411 -369 328 0 
989 -307 657 0 
882 -778 -231 0 
117 -189 -426 0 
549 432 -982 0 
91 -78 -411 0 
580 670 -746 0 
24 561 -692 0 
-652 -999 -991 0 
357 -673 -192 0 
-183 -788 141 0 
-876 713 -454 0 
127 -361 -662 0 
-203 -582 587 0 
-741 18 -64 0 
113 850 -771 0 
-763 711 -927 0 
-447 556 -809 0 
330 -33 57 0 
315 648 284 0 
632 -91 400 0 
-430 -354 924 0 
-801 -478 -608 0 
-172 -812 722 0 
-810 -468 74 0 
750 383 -594 0 
836 -393 -152 0 
557 25 -783 0 
-601 -487 443 0 
781 700 -839 0 
-13 -461 672 0 
879 96 623 0 
181 5 597 0 
-712 -182 -422 0 
-579 -39 -384 0 
18 -502 -131 0 
-977 -481 299 0 
878 804 -338 0 
-465 515 425 0 
552 -987 -370 0 
36 295 -875 0 
683 -47 805 0 
10 -566 581 0 
896 461 476 0 
324 233 649 0 
670 -143 97 0 
502 605 205 0 
-995 379 -893 0 
900 545 -467 0 
-908 221 -380 0 
930 -27 -75 0 
305 306 -606 0 
-508 166 -268 0 
-499 -598 -627 0 
585 -260 -111 0 
472 628 -378 0 
666 842 731 0 
-886 841 -567 0 
-783 -203 97 0 
9 472 -899 0 
908 598 -535 0 
843 488 -340 0 
345 -495 343 0 
-404 863 220 0 
545 -98 79 0 
257 -655 -843 0 
193 268 824 0 
112 -848 -137 0 
-452 -283 360 0 
579 -837 84 0 
-602 86 359 0 
637 -639 -764 0 
-588 -638 36 0 
-714 -835 773 0 
-358 -857 860 0 
960 -201 58 0 
-359 -143 165 0 
666 -383 732 0 
-593 770 -463 0 
-502 -845 178 0 
523 515 876 0 
-881 -352 -263 0 
-181 -145 59 0 
-721 -762 -349 0 
790 532 -301 0 
-222 -51 40 0 
327 -351 783 0 
993 -765 677 0 
267 -373 -985 0 
820 609 -596 0 
86 -495 -542 0 
-489 -666 165 0 
-689 -409 -794 0 
-593 210 813 0 
-551 -721 188 0 
919 82 -957 0 
515 -683 -244 0 
-813 142 750 0 
751 -307 -372 0 
30 -466 138 0 
-102 91 400 0 
-756 926 -515 0 
403 794 -384 0 
-198 3 189 0 
347 253 -513 0 
975 235 -604 0 
-854 -104 -464 0 
-783 -461 -384 0 
65 -650 164 0 
-662 138 -847 0 
-725 560 691 0 
-751 560 911 0 
941 853 597 0 
751 -744 129 0 
-870 492 502 0 
-418 438 -433 0 
814 441 304 0 
584 867 -585 0 
-979 -232 458 0 
731 393 298 0 
-522 -961 -786 0 
31 472 983 0 
275 -621 -90 0 
145 65 -738 0 
-41 -732 910 0 
-396 -825 -886 0 
791 -170 -731 0 
153 -910 300 0 
485 -548 197 0 
-369 417 -876 0 
4 675 -339 0 
-749 88 -683 0 
541 -398 -955 0 
-292 -906 144 0 
378 -177 -897 0 
-367 797 -510 0 
-781 -803 667 0 
509 -112 -703 0 
630 523 825 0 
-988 -359 -795 0 
59 527 -881 0 
327 763 -992 0 
437 49 41 0 
-241 351 -133 0 
-299 854 988 0 
636 875 596 0 
-719 131 -165 0 
257 629 -64 0 
-200 90 -210 0 
-183 -995 -331 0 
-69 258 822 0 
-62 539 918 0 
875 -757 764 0 
596 880 -459 0 
719 89 524 0 
-274 525 104 0 
-56 -882 -663 0 
996 182 -552 0 
-698 -501 533 0 
-21 -993 -833 0 
408 -839 253 0 
-514 651 138 0 
-991 359 625 0 
-554 -605 -199 0 
351 -632 -179 0 
-21 655 789 0 
-374 -628 138 0 
558 -320 658 0 
-219 196 -463 0 
122 -835 526 0 
923 -289 415 0 
834 -336 -507 0 
98 -566 958 0 
-441 -627 966 0 
-336 940 -622 0 
784 -885 -323 0 
-64 -850 -688 0 
2 138 -49 0 
-353 971 -692 0 
-486 964 684 0 
668 -495 -751 0 
-252 658 -992 0 
30 -743 556 0 
-963 374 -785 0 
689 -810 357 0 
414 195 668 0 
-52 830 -132 0 
470 -770 196 0 
120 870 860 0 
-740 -614 282 0 
-810 409 -316 0 
86 834 -4 0 
-600 710 -29 0 
906 -484 -185 0 
-464 178 934 0 
634 190 -691 0 
-186 -344 -505 0 
-531 77 -252 0 
-314 191 690 0 
-833 -613 868 0 
-42 -689 260 0 
-804 975 -65 0 
838 -505 766 0 
-925 19 -517 0 
388 -448 -736 0 
-426 -608 793 0 
128 595 466 0 
80 -469 -759 0 
-873 -844 642 0 
-765 -861 -911 0 
446 -656 -568 0 
283 -400 95 0 
-896 -239 271 0 
847 -285 992 0 
-959 364 -690 0 
-332 -233 -107 0 
220 518 -597 0 
-33 14 856 0 
727 -287 982 0 
788 -71 320 0 
289 -142 -856 0 
-730 824 910 0 
-940 121 -515 0 
-574 246 204 0 
-400 214 475 0 
-125 -83 381 0 
-652 -592 -671 0 
-138 267 -716 0 
-624 362 657 0 
552 -581 -629 0 
268 491 274 0 
480 597 -179 0 
-736 169 -929 0 
196 614 298 0 
-277 -501 -842 0 
-323 -589 -993 0 
-690 15 -434 0 
25 -592 864 0 
-598 -36 -229 0 
797 223 213 0 
-586 352 547 0 
-634 148 587 0 
5 607 742 0 
-9 950 499 0 
-352 947 -843 0 
910 487 -127 0 
20 -25 -83 0 
59 842 -946 0 
856 393 -83 0 
-496 -125 930 0 
98 -542 -426 0 
716 -912 624 0 
-895 -77 -178 0 
-943 113 -539 0 
-628 -532 615 0 
116 106 569 0 
-415 958 -703 0 
-753 -908 -810 0 
541 -596 435 0 
186 336 105 0 
218 -90 -114 0 
931 172 181 0 
-707 929 -811 0 
268 -305 -850 0 
-526 773 475 0 
-841 531 -909 0 
229 336 -370 0 
564 -737 -77 0 
-778 -918 -614 0 
-253 -898 -302 0 
-782 704 457 0 
-752 -476 990 0 
-198 -941 115 0 
889 -459 -950 0 
-598 -247 -202 0 
535 -640 -493 0 
-669 265 587 0 
-735 -351 556 0 
351 849 266 0 
936 -163 -245 0 
726 -303 466 0 
-556 -595 -763 0 
985 132 248 0 
848 -501 -349 0 
194 840 -527 0 
579 181 -834 0 
624 -847 -532 0 
-328 324 -50 0 
-750 -635 -71 0 
-982 -719 -588 0 
716 496 465 0 
472 -493 602 0 
147 -37 848 0 
-686 505 945 0 
801 174 83 0 
-780 -667 487 0 
259 51 -219 0 
881 707 -644 0 
-694 -446 -957 0 
-43 -802 -235 0 
432 -347 -52 0 
216 -369 400 0 
-77 -706 -176 0 
199 -677 -431 0 
-382 -940 679 0 
-478 -814 -933 0 
339 253 -769 0 
-850 127 -452 0 
-806 37 -478 0 
-867 -653 -520 0 
280 -784 171 0 
544 817 -54 0 
-164 786 990 0 
-916 802 -272 0 
-938 -858 738 0 
-800 -256 -497 0 
47 51 -298 0 
430 -919 -473 0 
301 250 -516 0 
37 810 -740 0 
-92 -776 960 0 
246 735 524 0 
163 451 -680 0 
612 -34 -340 0 
194 -385 -893 0 
-728 254 -337 0 
488 394 978 0 
676 -290 -252 0 
793 909 238 0 
915 472 36 0 
-779 -172 595 0 
-378 402 -813 0 
977 288 167 0 
9 -986 239 0 
944 297 -231 0 
406 -784 -367 0 
156 12 -152 0 
427 -352 -678 0 
275 716 -87 0 
-67 657 380 0 
233 150 137 0 
-60 -50 -592 0 
512 -125 796 0 
-522 392 -467 0 
1 -321 -977 0 
463 -765 675 0 
-380 -227 281 0 
409 -615 180 0 
-77 167 -546 0 
466 -449 3 0 
572 295 -885 0 
-221 427 29 0 
310 -2 -93 0 
120 296 892 0 
-280 -817 -249 0 
19 553 78 0 
337 572 935 0 
-326 -580 345 0 
-786 650 702 0 
-739 -18 863 0 
125 832 -456 0 
263 571 -370 0 
123 521 -846 0 
-145 -64 -700 0 
-213 -556 -463 0 
-689 938 -967 0 
-380 473 208 0 
136 -303 188 0 
465 -877 -941 0 
-899 -356 -425 0 
-601 -977 -294 0 
762 972 -138 0 
12 189 -414 0 
-332 154 635 0 
845 430 103 0 
-325 62 -599 0 
-193 -23 -847 0 
962 -342 -509 0 
-245 -102 88 0 
-567 -420 437 0 
-491 -750 147 0 
819 -624 -277 0 
-942 -920 -416 0 
767 424 604 0 
582 630 25 0 
708 -572 -780 0 
-249 531 161 0 
-825 -772 -992 0 
446 275 688 0 
-977 682 -511 0 
919 -401 752 0 
-522 -222 -141 0 
981 874 899 0 
593 -535 -231 0 
253 -236 701 0 
-430 505 378 0 
-493 -239 -973 0 
-487 531 -414 0 
-985 410 127 0 
738 926 -295 0 
977 -210 -452 0 
-907 -630 456 0 
828 563 665 0 
608 406 -415 0 
272 -204 -929 0 
-797 118 -221 0 
-758 161 -616 0 
127 328 33 0 
-238 -744 -685 0 
-362 -837 -67 0 
-344 -444 -406 0 
442 435 -844 0 
-677 743 137 0 
-836 951 263 0 
810 934 783 0 
-538 -497 529 0 
-262 54 -909 0 
-884 469 53 0 
-393 -328 822 0 
-718 -763 121 0 
945 -998 519 0 
490 85 -846 0 
-508 331 1 0 
-11 -371 851 0 
344 149 -579 0 
-440 450 -754 0 
201 679 -283 0 
298 -122 471 0 
-730 681 -150 0 
357 787 -559 0 
766 -336 -482 0 
-950 908 -71 0 
-178 -237 -353 0 
-295 -330 187 0 
-789 -731 -845 0 
-23 33 -533 0 
-243 48 125 0 
-8 959 -784 0 
805 -483 79 0 
-245 -8 145 0 
-468 -66 455 0 
193 -118 -361 0 
979 466 -753 0 
-436 556 984 0 
-720 -313 -665 0 
-406 623 860 0 
-580 414 73 0 
270 -981 -465 0 
649 -975 804 0 
854 6 427 0 
-569 -847 141 0 
-311 133 215 0 
518 -493 945 0 
718 -776 418 0 
-840 -299 -88 0 
407 343 -245 0 
-404 698 755 0 
821 10 -20 0 
-65 279 -300 0 
29 920 154 0 
-750 177 858 0 
993 851 -330 0 
-250 -247 -629 0 
108 -237 -816 0 
-40 121 -393 0 
-890 -54 -148 0 
-95 -303 -204 0 
337 -959 993 0 
-903 -212 976 0 
205 -224 818 0 
988 431 -245 0 
162 949 -901 0 
664 -173 -296 0 
529 550 -374 0 
-226 394 -19 0 
574 28 -834 0 
-175 909 -441 0 
-101 -500 467 0 
431 953 693 0 
-66 637 -216 0 
508 452 -488 0 
-192 -798 -286 0 
-428 -715 -341 0 
-404 675 -531 0 
729 245 -621 0 
-494 497 910 0 
718 649 -608 0 
652 886 -859 0 
-703 -58 42 0 
155 -186 554 0 
-762 725 -600 0 
-4 -13 573 0 
174 329 693 0 
230 347 -839 0 
-245 446 443 0 
-416 613 665 0 
-635 -556 870 0 
-489 392 -42 0 
318 714 -494 0 
-676 -896 -254 0 
-133 -220 -81 0 
-132 -797 459 0 
869 905 348 0 
146 751 657 0 
71 -473 786 0 
-450 -126 766 0 
152 768 -446 0 
427 -7 976 0 
-252 433 -340 0 
843 452 639 0 
-315 -412 -219 0 
-387 609 742 0 
551 619 35 0 
-412 -727 -458 0 
-441 690 570 0 
-516 295 -602 0 
-460 360 -164 0 
-788 161 591 0 
-653 690 154 0 
-810 -325 940 0 
-397 -521 685 0 
-608 106 -474 0 
-444 167 246 0 
-563 299 719 0 
-60 -546 677 0 
-964 -766 -620 0 
-131 855 -12 0 
-523 191 -175 0 
500 -88 425 0 
-199 906 656 0 
734 -22 568 0 
-851 -110 173 0 
500 -19 721 0 
-743 -825 -758 0 
-743 23 415 0 
-463 -270 -696 0 
-114 991 -557 0 
-406 -767 560 0 
739 959 -772 0 
369 665 -854 0 
-71 -816 892 0 
-715 -405 88 0 
-452 884 495 0 
-940 445 538 0 
-478 860 378 0 
417 -730 -397 0 
-447 -944 93 0 
-380 120 740 0 
-931 -650 -666 0 
364 -710 -577 0 
35 -837 611 0 
108 679 -896 0 
-725 451 -165 0 
-745 713 145 0 
-972 -720 -504 0 
455 376 -337 0 
965 -570 812 0 
-278 999 -85 0 
188 282 353 0 
-381 -53 514 0 
757 -987 490 0 
214 -1 542 0 
-33 978 712 0 
532 -723 -823 0 
-533 -982 445 0 
275 -677 134 0 
194 -552 -312 0 
-956 -95 5 0 
-571 883 -901 0 
-418 66 -368 0 
-219 -702 -896 0 
530 -151 -561 0 
-662 -228 -959 0 
-757 491 569 0 
-231 831 -425 0 
-947 -820 -832 0 
-467 215 320 0 
400 960 356 0 
400 403 471 0 
-269 345 202 0 
9 239 171 0 
535 -841 -106 0 
-967 364 733 0 
132 -978 333 0 
-43 453 -331 0 
-626 -192 383 0 
-916 -852 253 0 
-349 552 -354 0 
-975 -484 -722 0 
175 -411 893 0 
-366 -730 -280 0 
821 -405 329 0 
66 188 -313 0 
302 825 99 0 
589 932 506 0 
-56 -392 274 0 
-838 640 506 0 
-965 693 601 0 
-840 765 -85 0 
685 315 207 0 
-126 -421 253 0 
734 132 -106 0 
-523 -244 726 0 
-214 135 55 0 
889 -77 273 0 
-349 125 -889 0 
174 444 351 0 
210 -140 -1 0 
9 789 771 0 
-505 64 -879 0 
-185 516 699 0 
-585 163 308 0 
440 -269 -127 0 
697 -519 -456 0 
-898 -213 -984 0 
595 212 -120 0 
-918 554 13 0 
-907 712 874 0 
-372 -37 350 0 
782 -35 -707 0 
-320 673 -57 0 
418 1 71 0 
442 583 -175 0 
380 303 -549 0 
-383 117 -63 0 
752 395 400 0 
361 -677 527 0 
-322 -334 -276 0 
432 797 75 0 
-646 39 111 0 
265 -786 54 0 
-901 -653 -346 0 
-32 -982 341 0 
-412 115 664 0 
-666 886 231 0 
-99 460 -525 0 
-307 -946 985 0 
245 270 486 0 
-502 -340 -927 0 
521 -439 -662 0 
-989 -706 -25 0 
422 496 -620 0 
-324 -269 -643 0 
25 328 975 0 
-314 -275 -93 0 
210 -487 982 0 
129 -395 96 0 
-777 762 -863 0 
-164 715 -595 0 
429 78 -979 0 
-308 -606 -987 0 
-369 472 -911 0 
49 -799 -505 0 
-70 -734 524 0 
444 440 961 0 
-976 843 -893 0 
-497 -531 -86 0 
571 -910 565 0 
425 -717 391 0 
179 431 -223 0 
-145 429 -99 0 
-355 643 184 0 
-517 -283 -919 0 
473 -208 616 0 
948 188 -513 0 
217 816 815 0 
-900 968 435 0 
-603 439 -918 0 
649 -410 -278 0 
-419 26 300 0 
-953 863 -608 0 
-183 384 -403 0 
-185 -227 -647 0 
-179 156 512 0 
503 484 -94 0 
-393 647 681 0 
577 -19 832 0 
-862 417 -843 0 
-464 633 463 0 
-757 946 -370 0 
-847 -972 848 0 
-469 -654 -645 0 
864 -820 453 0 
-683 -595 -590 0 
761 -530 -626 0 
-377 -204 -630 0 
-18 -552 958 0 
-459 56 -64 0 
-824 -942 24 0 
324 -776 -810 0 
-363 898 -921 0 
-239 -487 -326 0 
-979 -99 -486 0 
-740 -910 -81 0 
894 8 -243 0 
-811 14 -238 0 
-714 833 464 0 
963 720 -346 0 
-751 595 -519 0 
-761 -415 643 0 
76 -534 310 0 
-619 997 812 0 
545 -759 -969 0 
73 -224 -340 0 
-658 -784 170 0 
-529 709 135 0 
979 413 993 0 
-140 -564 249 0 
315 515 -415 0 
614 -19 113 0 
665 -174 -706 0 
12 481 -729 0 
323 -909 763 0 
-296 487 -183 0 
457 -591 461 0 
509 750 474 0 
-275 458 410 0 
696 -331 -273 0 
-583 -648 959 0 
-206 135 -809 0 
339 -680 -547 0 
-842 -514 619 0 
611 -995 703 0 
-415 -209 870 0 
517 -885 510 0 
-760 892 -910 0 
647 -672 -782 0 
-717 -745 98 0 
771 -655 -864 0 
-480 348 909 0 
-592 71 -366 0 
-420 172 -51 0 
731 -139 -959 0 
-466 414 985 0 
252 118 -6 0 
-232 -324 -613 0 
944 -373 284 0 
-952 170 333 0 
387 473 264 0 
677 -997 -575 0 
-734 604 485 0 
-127 304 -863 0 
-751 -278 -764 0 
-232 140 805 0 
-946 -63 900 0 
805 -115 881 0 
-863 860 689 0 
983 54 93 0 
-924 -922 927 0 
-869 737 -970 0 
410 -567 -306 0 
664 783 -383 0 
-52 176 413 0 
-956 140 -615 0 
399 -596 -35 0 
381 112 -779 0 
-736 389 -274 0 
814 -311 -242 0 
1000 -65 -397 0 
-933 -425 -849 0 
21 -662 739 0 
380 -692 -38 0 
265 -3 -797 0 
-922 422 839 0 
-42 -213 -937 0 
126 -69 77 0 
-659 -603 634 0 
-342 830 -823 0 
658 -213 178 0 
734 761 852 0 
-303 -688 179 0 
-325 -91 980 0 
109 -320 974 0 
854 -984 -12 0 
553 724 -167 0 
-342 -456 309 0 
-421 910 625 0 
858 840 -660 0 
980 -190 801 0 
-910 -962 318 0 
857 16 155 0 
-933 998 -831 0 
-173 -551 304 0 
811 -431 -850 0 
-418 736 -10 0 
292 -63 319 0 
-205 605 -960 0 
-684 100 -230 0 
919 -696 -160 0 
-677 -698 725 0 
-898 96 -523 0 
546 -593 291 0 
-962 891 667 0 
652 -388 -707 0 
799 601 -575 0 
-588 -823 -32 0 
249 161 437 0 
169 -733 915 0 
-247 -39 -66 0 
518 189 58 0 
-35 236 -287 0 
511 -923 255 0 
446 -651 -348 0 
505 407 73 0 
251 984 788 0 
-538 -79 851 0 
51 263 -527 0 
654 -781 689 0 
-174 435 -439 0 
334 171 -300 0 
-611 -612 -164 0 
-603 713 -213 0 
-238 863 747 0 
-455 -392 -469 0 
-136 732 112 0 
377 59 908 0 
-749 21 -796 0 
856 -18 342 0 
59 -990 -637 0 
780 170 505 0 
-300 61 554 0 
27 -56 -346 0 
193 -922 -4 0 
70 107 764 0 
107 -818 -637 0 
-360 423 350 0 
-685 -972 697 0 
69 981 842 0 
-504 139 705 0 
-955 -894 -610 0 
598 521 -192 0 
512 613 300 0 
-611 660 982 0 
555 43 -221 0 
-825 522 878 0 
-297 -286 -60 0 
515 -543 460 0 
-113 -142 -218 0 
-665 453 -640 0 
5 -32 17 0 
-508 -232 390 0 
117 -237 848 0 
-473 956 -151 0 
598 -230 -722 0 
838 -5 870 0 
624 -41 -969 0 
371 557 309 0 
-84 572 -995 0 
-340 553 -293 0 
-146 963 -610 0 
898 244 -835 0 
414 519 -978 0 
-843 15 301 0 
686 275 -199 0 
226 1 -976 0 
-743 -110 824 0 
-759 -189 -809 0 
-222 241 -742 0 
-823 -77 -41 0 
617 -375 -758 0 
149 -337 -237 0 
-303 -412 -756 0 
105 -439 662 0 
-799 842 548 0 
195 -205 933 0 
762 473 386 0 
-697 676 -638 0 
202 -379 -800 0 
-979 -580 641 0 
-941 922 -159 0 
-788 -947 69 0 
612 183 217 0 
458 -239 -5 0 
548 -44 608 0 
501 -659 876 0 
271 -546 -507 0 
221 393 -65 0 
-805 -48 -990 0 
-411 -890 -541 0 
-651 -49 -622 0 
997 565 -238 0 
791 934 911 0 
539 511 -623 0 
-709 -22 137 0 
-112 954 -100 0 
489 668 -318 0 
199 1000 557 0 
-759 991 -965 0 
814 -684 718 0 
835 -335 -943 0 
455 -718 333 0 
-698 -345 -701 0 
446 -461 -502 0 
231 -164 216 0 
735 -330 177 0 
-885 -166 -941 0 
804 472 -347 0 
655 -186 -469 0 
171 -475 705 0 
205 797 -803 0 
394 -292 395 0 
-792 384 -189 0 
115 87 -662 0 
484 310 746 0 
-135 -640 731 0 
43 -856 347 0 
-524 -569 -198 0 
-608 597 -683 0 
161 -241 -604 0 
353 -754 944 0 
122 -611 -719 0 
979 311 -668 0 
-303 250 733 0 
-772 -955 144 0 
656 97 32 0 
-865 -982 577 0 
34 -703 -184 0 
464 -184 325 0 
682 -240 -781 0 
624 -68 -250 0 
623 -665 91 0 
335 368 708 0 
856 -713 -845 0 
-813 -405 -975 0 
-546 769 -496 0 
-979 -165 305 0 
636 -669 629 0 
-580 -882 119 0 
234 359 -238 0 
-930 -245 987 0 
787 417 -28 0 
58 -938 566 0 
-581 498 882 0 
-54 -285 -131 0 
213 -413 848 0 
-61 -132 889 0 
500 721 -840 0 
211 -648 971 0 
-51 -210 -681 0 
-556 -186 309 0 
371 -78 515 0 
-189 185 873 0 
-362 -653 746 0 
-122 -836 -18 0 
-513 105 310 0 
-16 -387 -71 0 
460 -199 -655 0 
548 817 -461 0 
915 279 614 0 
737 539 -882 0 
117 -643 841 0 
-725 -845 124 0 
-481 617 996 0 
310 -472 77 0 
287 879 83 0 
-549 479 790 0 
129 -576 -315 0 
-851 748 299 0 
386 -43 32 0 
391 -235 -138 0 
-709 243 222 0 
62 775 654 0 
-288 118 768 0 
488 -235 -969 0 
46 -668 -268 0 
10 -149 -373 0 
-191 -198 128 0 
995 -455 -529 0 
-153 -899 -74 0 
-898 720 96 0 
344 566 -778 0 
-489 -769 322 0 
72 844 670 0 
398 -305 -578 0 
-267 471 -30 0 
523 177 -99 0 
556 -94 -731 0 
-5 784 -291 0 
416 245 -470 0 
-563 -432 -871 0 
776 -626 -370 0 
-957 -900 -672 0 
1000 566 500 0 
54 335 233 0 
-949 -872 38 0 
-168 139 -844 0 
78 -153 208 0 
1000 671 -735 0 
507 -196 -543 0 
919 -111 -615 0 
-690 -412 -615 0 
-207 -47 -690 0 
771 177 372 0 
-282 -319 864 0 
-488 466 579 0 
511 -369 555 0 
412 629 333 0 
-897 166 -479 0 
676 -660 835 0 
479 286 677 0 
938 -764 -627 0 
292 564 103 0 
221 -55 -584 0 
-321 -10 -977 0 
-249 -38 -317 0 
81 -872 10 0 
207 -391 -209 0 
665 -817 -959 0 
-284 122 -722 0 
-581 689 480 0 
423 -658 -587 0 
374 112 -153 0 
-120 972 389 0 
-706 -389 973 0 
-150 937 -811 0 
627 637 874 0 
-948 -404 -762 0 
881 776 -295 0 
62 648 647 0 
-753 992 160 0 
-468 -103 645 0 
-784 951 -835 0 
909 140 230 0 
978 -565 -66 0 
392 -743 537 0 
573 626 39 0 
961 -936 712 0 
924 445 -142 0 
454 300 -455 0 
909 -575 -422 0 
-508 -158 717 0 
-537 160 -839 0 
160 -442 252 0 
-813 1000 45 0 
217 -108 129 0 
-807 -512 69 0 
491 44 -148 0 
-149 -832 814 0 
856 509 -373 0 
-206 -869 -652 0 
-202 618 567 0 
-421 -161 667 0 
-302 -991 -854 0 
954 55 -868 0 
353 550 -475 0 
-16 -395 -853 0 
-696 -710 -541 0 
-203 -336 -416 0 
-42 467 -564 0 
-620 -68 565 0 
867 531 -412 0 
290 -223 499 0 
-462 -16 -704 0 
-611 -681 -88 0 
-447 519 -97 0 
-734 -620 -689 0 
669 -352 7 0 
349 193 -471 0 
646 150 723 0 
750 -613 -142 0 
65 -18 805 0 
-635 710 -339 0 
850 304 613 0 
-219 -940 709 0 
-966 863 -241 0 
755 -859 -367 0 
502 929 -486 0 
-118 986 625 0 
-1 -572 -16 0 
655 -338 820 0 
36 421 608 0 
429 -725 -244 0 
650 -67 131 0 
-520 -674 -650 0 
598 -465 -211 0 
-55 -780 791 0 
498 470 -255 0 
63 750 447 0 
-406 365 688 0 
-416 532 -198 0 
-602 858 -495 0 
439 -325 887 0 
-717 221 -106 0 
658 -565 798 0 
-132 -482 -105 0 
-198 734 -118 0 
-842 523 680 0 
-407 24 165 0 
735 80 302 0 
-446 -707 955 0 
-407 -718 -17 0 
445 -300 -656 0 
918 -357 821 0 
949 959 -517 0 
747 390 130 0 
34 -945 942 0 
190 500 -761 0 
122 -811 176 0 
-946 526 644 0 
334 -543 -609 0 
-254 -830 -1000 0 
702 740 -497 0 
-209 307 644 0 
350 500 932 0 
-647 849 245 0 
-463 -564 -654 0 
-619 123 -892 0 
721 235 -367 0 
-579 -460 432 0 
976 472 -747 0 
-138 -989 11 0 
-43 -298 261 0 
-451 -42 -887 0 
890 -392 729 0 
-754 129 -705 0 
988 881 -755 0 
-649 778 745 0 
-862 498 -416 0 
-44 -654 796 0 
720 996 -808 0 
864 201 -818 0 
619 265 291 0 
-648 -889 -773 0 
-49 -356 -204 0 
766 -619 -791 0 
604 -344 -788 0 
547 214 385 0 
963 -819 467 0 
-357 928 -206 0 
354 -421 623 0 
-39 -725 -139 0 
363 104 761 0 
209 964 426 0 
975 -913 721 0 
-653 622 777 0 
-511 -232 597 0 
579 555 895 0 
296 374 -57 0 
-783 -928 463 0 
-924 371 474 0 
-650 -605 146 0 
-32 -908 571 0 
383 -85 942 0 
383 -158 -938 0 
117 431 -176 0 
491 -378 -102 0 
-694 285 529 0 
-675 493 -152 0 
-903 -605 169 0 
378 304 -795 0 
464 654 993 0 
-670 -509 392 0 
-932 -444 718 0 
994 169 214 0 
-541 323 870 0 
621 -723 376 0 
-585 874 -196 0 
-334 -228 769 0 
-718 -34 -918 0 
-337 -640 -884 0 
936 -2 -803 0 
-557 130 346 0 
-171 -572 -689 0 
-698 -507 -126 0 
869 -216 507 0 
-746 -92 -42 0 
791 368 -322 0 
-581 826 102 0 
169 -422 454 0 
196 271 269 0 
188 -560 317 0 
-696 539 284 0 
-245 -938 -408 0 
-74 -461 -653 0 
867 -281 -425 0 
-320 -613 -676 0 
125 -820 664 0 
116 -189 -662 0 
645 -309 -967 0 
593 -961 -126 0 
-994 228 -609 0 
784 240 622 0 
-595 847 -592 0 
-355 470 -659 0 
-26 -373 590 0 
112 27 340 0 
-979 -497 -557 0 
160 392 924 0 
380 -697 374 0 
293 -169 -10 0 
769 -179 -246 0 
724 -252 961 0 
-771 -38 965 0 
370 878 -3 0 
-816 -923 177 0 
169 748 -312 0 
333 -308 404 0 
197 -708 -890 0 
311 826 861 0 
250 -988 -526 0 
403 843 981 0 
-249 -151 947 0 
-496 444 -90 0 
403 269 109 0 
-892 996 -581 0 
506 751 420 0 
-295 634 -950 0 
239 671 779 0 
349 -854 -848 0 
133 115 -303 0 
616 173 275 0 
948 -862 216 0 
-249 181 -660 0 
786 50 158 0 
-75 240 24 0 
-38 -675 -820 0 
-560 626 336 0 
-773 289 589 0 
-948 -791 427 0 
884 539 -650 0 
-222 -970 949 0 
-480 744 -36 0 
-138 -895 -480 0 
31 330 514 0 
-373 122 -744 0 
-886 313 297 0 
668 -152 248 0 
944 -867 687 0 
-926 119 -734 0 
906 434 -717 0 
722 739 -527 0 
408 -6 -273 0 
388 900 -751 0 
40 -84 -240 0 
-622 522 -434 0 
-725 -772 -162 0 
84 852 210 0 
-591 -294 -554 0 
991 790 417 0 
-309 -214 483 0 
-407 552 333 0 
-811 -908 -413 0 
-851 -62 868 0 
-240 807 -905 0 
-316 320 733 0 
-56 -804 -529 0 
575 397 346 0 
-760 577 660 0 
248 -43 -132 0 
612 -131 -713 0 
221 -462 -236 0 
446 -821 900 0 
-22 -255 -986 0 
697 319 -681 0 
-4 -184 355 0 
-207 582 156 0 
45 445 -839 0 
506 251 19 0 
877 453 677 0 
699 971 417 0 
-918 247 420 0 
403 607 474 0 
730 134 35 0 
-145 745 935 0 
572 838 598 0 
528 620 -319 0 
-73 -347 -769 0 
800 -80 -293 0 
717 512 -631 0 
-615 -238 -262 0 
56 -174 416 0 
965 -505 -506 0 
-19 888 243 0 
250 259 -163 0 
218 -487 -503 0 
541 -751 281 0 
-848 -720 128 0 
561 68 -268 0 
944 -956 802 0 
755 -138 -387 0 
-998 397 -399 0 
-901 710 -230 0 
325 234 -796 0 
-26 -183 -913 0 
-391 384 4 0 
428 664 -565 0 
-955 -415 -950 0 
40 -812 -494 0 
302 949 -587 0 
-245 -515 765 0 
-379 -725 596 0 
736 612 858 0 
-62 -688 -564 0 
818 -846 -441 0 
-372 -673 764 0 
-590 566 648 0 
-505 879 -300 0 
-521 -342 -337 0 
-187 -530 654 0 
-847 -295 -451 0 
333 -268 -461 0 
334 564 614 0 
-30 363 164 0 
779 -387 855 0 
-270 863 -290 0 
270 -193 820 0 
349 17 834 0 
-999 559 -441 0 
-145 -230 25 0 
-794 -854 130 0 
-157 616 153 0 
-785 -323 533 0 
442 44 -537 0 
994 877 -557 0 
-63 67 -274 0 
248 -319 353 0 
-48 -974 -894 0 
-773 912 -514 0 
-204 809 -374 0 
197 93 -672 0 
827 -128 -831 0 
-831 1 927 0 
-876 58 979 0 
87 -325 852 0 
-695 -47 -183 0 
-57 847 -244 0 
-2 -570 98 0 
-411 -570 793 0 
17 255 -692 0 
78 -590 -945 0 
473 -334 344 0 
374 -151 71 0 
164 -332 943 0 
915 935 123 0 
915 154 817 0 
-233 788 445 0 
-531 -838 330 0 
98 58 -17 0 
321 981 -177 0 
78 -588 -408 0 
795 -250 -438 0 
-932 729 -392 0 
337 -13 -861 0 
-60 -752 -484 0 
-694 -27 261 0 
643 1 880 0 
-312 629 -777 0 
-457 -651 -772 0 
252 -868 -233 0 
-726 184 -650 0 
-348 -884 -398 0 
874 -974 911 0 
-861 107 -455 0 
-154 -486 742 0 
854 -953 954 0 
-231 255 50 0 
800 -905 -9 0 
-524 859 25 0 
-612 -584 -34 0 
726 204 823 0 
-472 47 -208 0 
-578 -15 936 0 
443 -403 837 0 
563 507 321 0 
-185 -424 -535 0 
151 390 -761 0 
-395 -861 449 0 
-488 -409 -834 0 
395 356 -65 0 
-146 -826 -825 0 
452 269 -228 0 
-363 864 -862 0 
397 622 691 0 
-194 -393 -281 0 
567 -985 651 0 
-890 -744 -877 0 
-207 546 128 0 
-241 296 -610 0 
987 824 838 0 
-383 420 -136 0 
-830 -297 -941 0 
621 411 434 0 
974 119 519 0 
-172 -775 328 0 
-756 870 -497 0 
-704 -7 535 0 
-352 -365 -943 0 
886 -831 996 0 
860 596 -831 0 
547 123 -764 0 
-111 -102 817 0 
-940 213 -95 0 
853 -166 -200 0 
250 -261 327 0 
-191 -134 -52 0 
272 883 -465 0 
-308 -335 -737 0 
-872 389 154 0 
-27 -893 891 0 
590 -702 298 0 
-61 -319 -295 0 
962 -424 -459 0 
-952 333 474 0 
668 -534 767 0 
-861 197 303 0 
-922 -232 119 0 
695 -13 915 0 
333 8 373 0 
267 -29 -273 0 
-222 -568 -514 0 
157 -605 609 0 
-718 402 716 0 
443 -54 -215 0 
-23 -690 -658 0 
957 651 823 0 
44 -34 223 0 
-349 877 505 0 
-206 -746 411 0 
159 -900 764 0 
142 -107 383 0 
795 379 -49 0 
117 -429 132 0 
-32 513 918 0 
132 -945 -881 0 
107 -925 86 0 
86 -711 -300 0 
-716 210 156 0 
-813 140 893 0 
798 936 -841 0 
947 207 88 0 
-806 -346 -612 0 
156 -284 251 0 
394 86 236 0 
-161 -537 -212 0 
-160 495 -855 0 
-782 349 -236 0 
-573 313 -90 0 
257 -568 -623 0 
-788 118 353 0 
-319 -119 -583 0 
-694 -254 550 0 
-719 -925 487 0 
165 930 -977 0 
75 -723 518 0 
-290 -872 -413 0 
648 -83 -668 0 
-501 624 870 0 
80 -65 -810 0 
88 -68 241 0 
478 -30 525 0 
999 427 -124 0 
266 799 843 0 
594 664 -793 0 
815 960 77 0 
727 147 -979 0 
457 -400 -436 0 
512 -859 -440 0 
-769 651 378 0 
-927 688 -2 0 
-451 252 -326 0 
-827 960 -871 0 
415 858 -836 0 
590 -379 -432 0 
-734 139 -10 0 
135 208 374 0 
340 -963 -12 0 
771 -128 -924 0 
190 36 29 0 
425 -364 966 0 
-216 873 -450 0 
-746 -652 -836 0 
-361 552 617 0 
323 -519 -389 0 
-823 61 -328 0 
-28 -79 -872 0 
816 -858 56 0 
850 -72 -225 0 
562 -134 -298 0 
-628 609 -438 0 
-700 -200 935 0 
-303 -204 -830 0 
-843 886 349 0 
-502 -393 229 0 
645 779 -517 0 
841 505 74 0 
-167 -785 -473 0 
-28 815 947 0 
-327 539 -934 0 
266 -535 -274 0 
960 -33 420 0 
888 -513 987 0 
-971 19 924 0 
-253 -102 822 0 
857 -267 935 0 
-696 149 16 0 
-308 743 -742 0 
-391 829 448 0 
-757 345 325 0 
-918 604 11 0 
137 -832 487 0 
358 -679 -521 0 
-364 -654 443 0 
-293 -580 947 0 
-37 859 931 0 
156 -252 -627 0 
332 -978 295 0 
-639 -891 842 0 
-880 523 942 0 
-125 -509 609 0 
802 899 597 0 
-820 303 -57 0 
927 -788 -79 0 
-948 805 185 0 
-315 -491 -756 0 
-817 -626 204 0 
-195 -727 -868 0 
-557 811 -322 0 
-159 433 -693 0 
205 -360 -410 0 
-810 -310 594 0 
-844 500 464 0 
981 -535 -819 0 
-726 35 -248 0 
282 418 -543 0 
810 -324 -865 0 
842 355 547 0 
335 976 560 0 
860 -425 -564 0 
723 -219 396 0 
-287 539 -754 0 
867 205 825 0 
-517 79 -883 0 
674 469 -408 0 
565 -210 454 0 
877 -415 983 0 
-250 -740 -872 0 
-865 160 703 0 
-32 -938 -900 0 
7 392 895 0 
658 271 -225 0 
-580 50 -975 0 
-631 -178 629 0 
76 -896 -196 0 
-16 463 344 0 
-500 744 544 0 
723 243 -316 0 
-456 -845 692 0 
-686 338 792 0 
313 -391 721 0 
326 854 959 0 
-910 -301 -812 0 
-488 -493 275 0 
718 -770 237 0 
-927 -987 684 0 
-813 630 831 0 
-24 -288 527 0 
28 -636 -11 0 
124 677 -942 0 
718 403 359 0 
-686 -371 577 0 
-192 760 -609 0 
-611 -807 -713 0 
41 -36 161 0 
313 -104 355 0 
264 214 -485 0 
-679 -667 -724 0 
811 760 374 0 
21 -913 -556 0 
23 -142 421 0 
9 544 388 0 
-722 111 -976 0 
804 -970 -927 0 
-105 41 146 0 
-208 98 512 0 
-784 -384 440 0 
-379 -301 -203 0 
655 -356 -29 0 
298 584 -127 0 
465 127 545 0 
-743 -436 -987 0 
-884 -493 -279 0 
-719 442 -773 0 
-980 -857 877 0 
-587 -796 -31 0 
-42 -959 707 0 
-983 -507 -416 0 
-674 58 -559 0 
67 506 833 0 
796 -612 849 0 
-877 4 679 0 
766 -692 987 0 
-221 405 32 0 
-473 -678 -103 0 
426 854 470 0 
704 857 -543 0 
-202 620 -922 0 
-320 -33 653 0 
17 946 -786 0 
-242 137 -996 0 
421 587 -111 0 
105 -586 -983 0 
-408 723 -706 0 
472 570 -833 0 
-793 -845 -630 0 
280 727 -74 0 
248 -438 295 0 
-539 -133 278 0 
-770 32 -426 0 
-58 -344 185 0 
-87 -937 806 0 
848 -652 -221 0 
111 -241 -29 0 
-546 667 34 0 
745 336 965 0 
-433 592 -773 0 
914 799 -656 0 
-343 822 633 0 
798 111 -912 0 
215 -289 653 0 
391 -346 -363 0 
447 -896 -954 0 
774 -300 62 0 
369 276 700 0 
-150 -714 -974 0 
-806 -840 229 0 
888 375 -577 0 
321 -348 -429 0 
455 -361 302 0 
-569 794 190 0 
419 975 647 0 
-462 -46 -211 0 
-936 976 773 0 
-558 -349 239 0 
-49 701 453 0 
-39 -739 -830 0 
-739 279 -1000 0 
211 -531 -200 0 
-476 -986 -167 0 
644 526 -60 0 
193 373 -866 0 
693 991 -646 0 
400 808 -471 0 
-977 923 -609 0 
154 -644 971 0 
33 815 -656 0 
-360 693 829 0 
-889 357 990 0 
592 392 -86 0 
-209 -43 343 0 
-967 -430 -206 0 
499 497 237 0 
-267 -714 829 0 
919 926 749 0 
125 856 232 0 
-332 952 -433 0 
471 927 14 0 
-452 604 -953 0 
34 133 -679 0 
-730 -460 266 0 
-366 542 -865 0 
996 -490 946 0 
-718 50 -562 0 
-384 92 18 0 
-146 926 -284 0 
456 -578 448 0 
-770 575 -317 0 
741 593 -987 0 
-58 -850 -18 0 
-112 514 -884 0 
-713 822 191 0 
-747 -493 -926 0 
-873 778 -528 0 
609 555 -515 0 
925 254 -523 0 
314 -760 852 0 
491 -659 436 0 
-268 -350 -784 0 
-579 -218 344 0 
574 -587 133 0 
892 68 63 0 
496 508 684 0 
596 521 -470 0 
-687 892 -51 0 
-567 -821 896 0 
-505 47 -913 0 
-243 612 -868 0 
-839 -705 -401 0 
721 -312 754 0 
660 -824 627 0 
454 701 791 0 
448 161 306 0 
-704 -382 -422 0 
-222 740 -293 0 
-603 -6 723 0 
214 58 -257 0 
362 233 -706 0 
243 941 57 0 
-613 920 -271 0 
-714 -911 -745 0 
503 280 418 0 
261 -297 678 0 
-967 149 -302 0 
-744 -638 80 0 
731 -75 486 0 
-146 916 694 0 
-136 -416 -555 0 
931 -900 189 0 
248 -894 -569 0 
479 -751 776 0 
-913 -647 818 0 
-992 324 -967 0 
245 442 -155 0 
-713 -830 408 0 
340 137 355 0 
-715 -932 653 0 
197 -597 911 0 
-200 916 987 0 
-67 -139 -11 0 
-874 -293 188 0 
343 431 888 0 
-271 84 723 0 
703 705 967 0 
-173 -246 3 0 
-872 875 -678 0 
-969 -645 -579 0 
-863 -28 -370 0 
824 323 -351 0 
-737 -364 -106 0 
-47 -297 688 0 
-713 750 -333 0 
-456 -26 466 0 
-647 516 902 0 
647 792 -653 0 
601 -538 -37 0 
-976 -443 -974 0 
-166 -722 971 0 
-87 -580 -886 0 
-859 -940 -434 0 
628 793 713 0 
309 21 432 0 
293 217 158 0 
-412 -883 -791 0 
-109 -45 -121 0 
862 655 31 0 
309 777 964 0 
-369 -775 855 0 
844 -880 141 0 
650 -156 722 0 
777 959 951 0 
946 -345 -497 0 
653 774 268 0 
61 -645 316 0 
430 -870 -366 0 
-463 -395 408 0 
-519 -418 628 0 
839 222 -110 0 
379 -655 -102 0 
805 224 -427 0 
83 163 -708 0 
407 122 -625 0 
971 -856 486 0 
686 -106 -982 0 
-266 213 -261 0 
-223 -166 693 0 
-406 -790 339 0 
223 -150 541 0 
604 -217 -577 0 
-658 425 -79 0 
168 216 359 0 
633 -574 -140 0 
-624 842 -753 0 
709 -136 954 0 
-158 75 955 0 
-294 229 -770 0 
-682 980 -317 0 
-94 -719 127 0 
-104 -673 196 0 
498 -584 -336 0 
689 240 697 0 
-344 862 313 0 
429 457 -762 0 
256 674 -805 0 
665 -645 233 0 
-927 136 510 0 
751 -203 -620 0 
-280 -375 194 0 
-741 216 -251 0 
545 181 104 0 
-241 628 669 0 
809 781 -182 0 
797 976 -291 0 
-551 582 -252 0 
854 -106 82 0 
-445 -686 -421 0 
-569 123 417 0 
-112 -609 -259 0 
365 -242 -28 0 
-532 518 928 0 
648 270 -558 0 
-80 717 248 0 
67 965 -422 0 
123 586 44 0 
-698 495 529 0 
-158 -768 240 0 
875 -125 -146 0 
12 801 -60 0 
497 335 -647 0 
284 937 771 0 
222 736 166 0 
45 -56 546 0 
58 -195 707 0 
422 114 -287 0 
-718 -523 -693 0 
-908 -541 755 0 
276 861 860 0 
-688 407 587 0 
344 736 545 0 
735 740 -613 0 
-749 774 601 0 
650 642 773 0 
351 -679 -99 0 
-848 -836 184 0 
461 375 874 0 
155 468 -730 0 
160 204 -341 0 
-978 396 604 0 
-124 -663 -837 0 
-383 532 -972 0 
-720 -913 883 0 
-323 -634 262 0 
707 -28 -597 0 
41 847 980 0 
-714 -589 779 0 
-296 381 446 0 
-655 -523 -943 0 
295 483 -104 0 
-333 -142 153 0 
587 501 -916 0 
-612 936 -305 0 
955 -790 397 0 
818 -510 -294 0 
-706 -6 324 0 
96 -957 -19 0 
-273 -495 -567 0 
866 -585 516 0 
-69 461 -371 0 
868 -6 -626 0 
-678 -125 629 0 
-359 40 -166 0 
955 982 -754 0 
359 461 -458 0 
715 500 122 0 
987 141 -71 0 
412 231 -426 0 
222 -536 55 0 
-937 279 -984 0 
125 -473 -895 0 
312 -972 -903 0 
-871 32 935 0 
853 275 -535 0 
-222 667 -693 0 
-218 626 -165 0 
647 438 -523 0 
185 -449 939 0 
639 -563 200 0 
476 -348 679 0 
-750 426 13 0 
602 715 -997 0 
777 742 -136 0 
868 -102 -407 0 
623 -72 -678 0 
-457 -180 -326 0 
475 -105 -56 0 
-145 265 372 0 
-410 100 -852 0 
114 968 -811 0 
-211 225 -702 0 
-289 -975 -648 0 
-65 -209 146 0 
-789 -255 452 0 
583 73 561 0 
777 419 -899 0 
-914 -816 -730 0 
596 -8 100 0 
273 139 655 0 
579 -277 863 0 
-310 435 361 0 
-299 -818 295 0 
-793 780 501 0 
-471 709 -881 0 
915 575 976 0 
563 -569 -217 0 
-13 -48 -895 0 
-238 807 -424 0 
493 54 235 0 
788 -156 498 0 
653 332 -442 0 
-833 -462 578 0 
-435 -2 -276 0 
-577 -749 -213 0 
-758 971 31 0 
-60 283 -618 0 
-746 -459 -210 0 
-376 -134 -217 0 
189 -830 -992 0 
752 763 721 0 
-989 977 -253 0 
-336 -367 -476 0 
501 698 255 0 
-670 363 215 0 
981 -607 994 0 
-541 194 -568 0 
808 -205 310 0 
429 905 -419 0 
372 -949 -177 0 
-32 543 111 0 
230 958 197 0 
984 -66 82 0 
-991 740 -13 0 
-377 -526 95 0 
956 -109 -594 0 
-227 -476 -412 0 
163 -964 -820 0 
-921 -881 -250 0 
-870 951 494 0 
-223 666 725 0 
670 558 731 0 
227 -185 -127 0 
-302 -441 -964 0 
97 385 304 0 
152 891 -579 0 
980 811 85 0 
-574 -71 -479 0 
-280 937 66 0 
-473 -69 -75 0 
-417 329 832 0 
425 655 -403 0 
544 -990 -652 0 
-113 23 -272 0 
803 -449 -468 0 
-38 316 942 0 
685 -339 -216 0 
315 -403 650 0 
-309 8 614 0 
761 598 579 0 
-389 -666 588 0 
-230 -713 -699 0 
226 329 139 0 
679 608 344 0 
430 448 790 0 
170 -545 344 0 
-584 733 750 0 
238 -819 901 0 
-276 -442 245 0 
-76 75 274 0 
-391 -370 892 0 
131 178 -729 0 
782 -708 -973 0 
-890 709 -730 0 
-875 -643 514 0 
626 939 -399 0 
-60 733 260 0 
633 -457 -764 0 
-583 458 -921 0 
-79 -364 -45 0 
-756 809 -720 0 
621 128 -289 0 
431 -373 352 0 
912 -202 -709 0 
160 212 -994 0 
-921 450 992 0 
942 -792 114 0 
-120 960 -671 0 
-435 557 488 0 
-772 605 -522 0 
-173 -50 -281 0 
103 -465 10 0 
210 -767 797 0 
34 59 342 0 
-235 761 -72 0 
591 843 -233 0 
910 -316 897 0 
158 -582 -850 0 
-345 -162 -797 0 
933 -107 -447 0 
-203 937 48 0 
559 39 -694 0 
871 145 -193 0 
596 879 838 0 
-465 -493 -228 0 
202 -891 -138 0 
845 -530 -985 0 
850 92 252 0 
-948 253 499 0 
-990 448 -938 0 
-371 368 -314 0 
-107 509 915 0 
-21 -471 -875 0 
40 249 109 0 
-94 289 705 0 
305 -385 -395 0 
243 -13 -841 0 
-301 -434 -499 0 
677 747 -459 0 
-168 264 873 0 
943 418 701 0 
-831 -948 -15 0 
-123 -17 -661 0 
484 -603 -459 0 
-942 492 -220 0 
-387 955 235 0 
-790 -655 343 0 
-588 414 250 0 
34 -169 -402 0 
553 -882 -537 0 
159 470 -762 0 
-603 678 -608 0 
714 -185 -551 0 
286 517 774 0 
152 20 596 0 
-767 -662 -888 0 
731 -478 233 0 
-559 311 -112 0 
-268 -151 273 0 
-454 -821 -611 0 
741 -960 -517 0 
767 973 -13 0 
-582 -127 776 0 
612 903 -697 0 
572 77 -606 0 
899 -795 619 0 
-947 -482 129 0 
-139 228 887 0 
128 -684 438 0 
52 -441 -319 0 
750 -514 890 0 
660 -7 855 0 
-469 660 637 0 
98 -468 848 0 
-598 -613 894 0 
-120 638 -750 0 
638 480 -529 0 
-301 759 -599 0 
-413 842 -642 0 
-265 -292 -280 0 
-270 899 942 0 
170 -40 -986 0 
-25 421 306 0 
-235 -434 668 0 
-616 49 -233 0 
-904 -288 959 0 
-164 -994 -389 0 
410 -142 -24 0 
-969 -110 437 0 
-114 -881 -191 0 
57 -526 985 0 
744 -432 -56 0 
817 -253 120 0 
665 642 -35 0 
-479 -692 -902 0 
153 277 -171 0 
-799 -790 -574 0 
936 195 785 0 
-632 -273 -85 0 
580 741 34 0 
868 5 131 0 
377 -813 710 0 
586 -833 249 0 
668 104 226 0 
-505 365 121 0 
-376 -909 536 0 
86 673 235 0 
-350 546 535 0 
35 -25 -383 0 
-220 46 340 0 
452 -67 833 0 
-468 892 -973 0 
-123 608 -55 0 
-277 -926 -455 0 
-866 675 400 0 
75 464 56 0 
-233 380 -123 0 
-410 -451 930 0 
363 458 -635 0 
560 212 -770 0 
656 424 -663 0 
956 -672 -358 0 
-751 -544 953 0 
193 -452 597 0 
-450 717 442 0 
-413 758 -276 0 
-757 -56 -969 0 
90 -395 861 0 
62 -575 927 0 
-746 435 179 0 
479 -421 -612 0 
39 428 848 0 
-99 258 783 0 
371 -126 231 0 
920 -470 -544 0 
-956 87 -921 0 
-321 59 918 0 
468 -632 145 0 
80 -996 870 0 
-833 64 -157 0 
-746 238 620 0 
-891 -457 665 0 
166 -748 73 0 
49 -855 226 0 
-776 -541 -10 0 
799 661 503 0 
82 -448 130 0 
-420 -647 512 0 
-516 -663 418 0 
-583 -882 -146 0 
33 780 291 0 
265 -226 621 0 
-215 -579 -773 0 
-630 -202 -766 0 
-47 -126 -276 0 
375 790 -535 0 
720 -728 -269 0 
982 510 -382 0 
-922 967 698 0 
653 278 872 0 
597 -965 -845 0 
-196 125 326 0 
-229 -859 -12 0 
18 -991 875 0 
944 -164 -951 0 
-30 -338 747 0 
-970 -913 -111 0 
-826 -151 -907 0 
349 885 -163 0 
664 -512 -434 0 
-684 510 -416 0 
-159 -572 700 0 
-39 388 -89 0 
-31 865 821 0 
-575 -455 367 0 
-446 561 -215 0 
-704 -534 -26 0 
410 -385 941 0 
-83 965 -893 0 
-99 -578 612 0 
462 -245 -839 0 
726 -729 -851 0 
98 -916 -350 0 
866 702 606 0 
265 -839 849 0 
-826 48 -603 0 
236 526 287 0 
706 375 -764 0 
-398 748 126 0 
-235 -639 -123 0 
-58 571 846 0 
-232 244 555 0 
-1 -395 486 0 
799 482 -719 0 
104 -572 545 0 
424 224 -619 0 
287 -583 691 0 
70 -479 394 0 
-405 -728 821 0 
778 -382 17 0 
952 -973 455 0 
566 424 -768 0 
611 246 -501 0 
-667 -662 192 0 
542 594 733 0 
970 -582 707 0 
-294 -329 735 0 
-309 -696 192 0 
-904 -375 714 0 
-805 -249 -130 0 
339 42 318 0 
-635 -698 79 0 
-691 795 -37 0 
-402 116 967 0 
-357 735 -814 0 
955 35 -165 0 
130 -506 317 0 
770 -407 -641 0 
-976 371 -7 0 
-124 677 -638 0 
-502 -168 918 0 
32 -520 590 0 
8 165 -405 0 
-177 942 -649 0 
809 -717 -855 0 
175 -829 -356 0 
-140 -400 -361 0 
-2 -67 991 0 
-272 348 982 0 
370 529 310 0 
-133 -952 983 0 
287 701 -851 0 
