p cnf 1000 2000
863 500 -34 0 
-425 103 -647 0 
-686 379 867 0 
254 645 113 0 
379 924 706 0 
-89 -649 -387 0 
-967 -370 165 0 
-431 915 -557 0 
-935 324 173 0 
260 -739 790 0 
226 -677 -179 0 
-940 -819 869 0 
-814 440 -918 0 
-48 724 662 0 
-655 182 542 0 
151 -871 -352 0 
-331 760 -262 0 
776 -152 -843 0 
124 761 -613 0 
-655 614 286 0 
-529 956 463 0 
-592 -504 -679 0 
-668 -347 -226 0 
-253 252 -974 0 
157 -592 -103 0 
-390 190 -150 0 
577 549 367 0 
-86 906 479 0 
321 -239 -423 0 
261 693 -939 0 
-708 541 745 0 
-554 -865 762 0 
-809 368 560 0 
-477 -40 8 0 
35 -911 822 0 
-177 769 978 0 
-377 -50 794 0 
978 198 784 0 
-329 488 214 0 
-629 924 79 0 
-720 18 283 0 
470 -433 -865 0 
-325 -183 412 0 
239 926 -430 0 
451 827 -13 0 
29 537 827 0 
547 402 214 0 
-742 -321 473 0 
904 649 747 0 
-525 -884 -557 0 
731 299 160 0 
73 784 30 0 
583 -797 -170 0 
-232 146 236 0 
-394 221 -756 0 
-334 527 908 0 
674 203 473 0 
252 101 813 0 
-766 -164 -153 0 
265 -220 658 0 
-702 -216 776 0 
-284 162 -238 0 
739 343 -184 0 
691 700 511 0 
314 117 366 0 
54 378 493 0 
827 -477 -122 0 
-286 13 679 0 
-722 -510 862 0 
-245 -379 722 0 
-774 749 -398 0 
-731 213 741 0 
-564 355 -919 0 
38 -629 889 0 
203 -454 972 0 
-806 674 -868 0 
246 516 -417 0 
891 192 -951 0 
-833 -497 -783 0 
-909 -803 204 0 
-575 -68 -831 0 
251 369 -934 0 
-521 -3 -762 0 
375 462 840 0 
823 665 -241 0 
380 497 173 0 
966 -667 311 0 
-316 -939 -95 0 
-190 346 -147 0 
7 -561 285 0 
-53 223 -347 0 
-593 858 -335 0 
516 775 -81 0 
-487 942 -435 0 
289 -299 812 0 
234 547 -843 0 
763 -163 -771 0 
303 -395 369 0 
87 253 -813 0 
-833 936 469 0 
-533 -113 -776 0 
-343 358 -899 0 
-910 -661 -67 0 
-269 439 71 0 
-154 -762 395 0 
465 902 137 0 
-351 995 175 0 
-856 -820 -929 0 
541 382 -494 0 
832 -144 652 0 
854 -200 84 0 
802 -700 552 0 
310 229 -401 0 
672 -992 349 0 
-100 -653 -530 0 
-696 410 -485 0 
806 361 495 0 
-479 -109 589 0 
-94 26 -50 0 
-689 549 -718 0 
998 -860 639 0 
-198 -940 -964 0 
628 834 89 0 
-342 -395 -682 0 
418 511 910 0 
281 718 477 0 
381 850 -115 0 
-299 303 -908 0 
-571 -294 -538 0 
900 300 -978 0 
24 -886 697 0 
205 577 964 0 
-145 -245 -108 0 
-407 902 173 0 
793 -281 414 0 
406 -60 -461 0 
-699 20 528 0 
-774 -229 -153 0 
-545 440 -626 0 
-14 -548 -933 0 
-770 646 97 0 
172 461 715 0 
263 161 236 0 
560 -814 915 0 
463 -257 915 0 
913 -461 -363 0 
599 -658 -160 0 
572 -109 -889 0 
982 -645 -721 0 
-811 13 169 0 
-40 -730 945 0 
-919 -408 731 0 
528 -728 648 0 
408 974 -862 0 
982 542 -942 0 
-931 -197 -44 0 
-902 163 -791 0 
649 -645 254 0 
200 -710 -243 0 
-75 -251 457 0 
-408 338 72 0 
-507 -956 834 0 
809 120 -135 0 
-727 731 -518 0 
-294 184 -962 0 
-353 776 828 0 
-782 38 139 0 
-65 889 169 0 
-77 633 36 0 
-856 -387 -474 0 
637 -286 491 0 
227 -798 432 0 
-313 650 -269 0 
-173 332 -957 0 
-441 -109 -198 0 
-834 419 -471 0 
-918 -251 -14 0 
-107 -696 -388 0 
-129 -597 -768 0 
-605 -313 511 0 
-661 781 342 0 
-360 704 57 0 
786 988 -270 0 
51 -58 -348 0 
467 893 452 0 
-511 97 -711 0 
221 75 -908 0 
-930 -189 292 0 
-335 -274 764 0 
-44 -441 578 0 
-933 -654 -88 0 
-744 511 625 0 
-533 381 886 0 
-261 968 310 0 
386 442 -319 0 
-514 532 -928 0 
531 606 -819 0 
162 -248 -214 0 
-967 275 823 0 
-322 184 -730 0 
614 235 678 0 
275 955 -383 0 
885 887 -463 0 
-646 32 -79 0 
353 963 -987 0 
-351 -712 -497 0 
-208 377 -955 0 
-511 -133 -379 0 
-699 -528 -304 0 
833 701 274 0 
-639 257 -823 0 
-779 -891 966 0 
-256 929 399 0 
805 -169 -702 0 
138 177 -382 0 
-402 359 -558 0 
355 -479 5 0 
-895 -952 758 0 
-77 153 -228 0 
-372 -155 -47 0 
-980 -771 201 0 
-317 -555 -788 0 
-793 -12 146 0 
-746 -369 284 0 
-207 514 733 0 
1 222 688 0 
352 123 -69 0 
792 -965 131 0 
-101 -308 -653 0 
980 277 -913 0 
-288 855 872 0 
-612 245 -474 0 
-977 250 356 0 
529 -769 489 0 
-66 -558 -179 0 
701 538 745 0 
-566 644 919 0 
437 -169 923 0 
556 462 -450 0 
98 766 518 0 
-753 -390 290 0 
-890 -10 -81 0 
605 775 -783 0 
276 630 -912 0 
51 823 -74 0 
722 -750 925 0 
-562 942 978 0 
778 502 940 0 
-473 57 -136 0 
745 -631 828 0 
-131 199 -686 0 
38 207 -876 0 
748 -937 -592 0 
-874 675 -623 0 
-373 -687 -268 0 
969 -667 -962 0 
140 994 -432 0 
-449 405 630 0 
-66 -53 37 0 
-804 -975 -912 0 
915 -715 -213 0 
579 -619 -73 0 
-843 399 -555 0 
466 68 537 0 
973 -471 -669 0 
-740 380 886 0 
308 -191 887 0 
-702 975 -218 0 
999 -303 313 0 
-378 -968 -817 0 
-821 -574 -506 0 
462 -90 470 0 
-311 -555 -639 0 
-727 -613 -329 0 
-772 -753 546 0 
-973 58 -670 0 
23 -500 937 0 
738 -521 828 0 
-303 387 -850 0 
936 -965 660 0 
139 -896 -936 0 
-770 -472 -849 0 
-978 -193 -639 0 
372 -857 -267 0 
-239 785 -900 0 
863 807 419 0 
472 826 897 0 
-17 -592 -54 0 
239 -63 870 0 
-659 -605 687 0 
-189 -928 954 0 
621 843 -74 0 
-185 389 975 0 
103 484 804 0 
-899 485 595 0 
874 -910 560 0 
-758 362 25 0 
187 -769 553 0 
-29 -243 -617 0 
176 215 774 0 
416 -920 928 0 
745 -669 637 0 
409 599 636 0 
-567 -426 -465 0 
-550 -402 62 0 
-893 -494 31 0 
142 913 410 0 
63 -345 -535 0 
-898 128 115 0 
-131 -824 706 0 
-376 711 -674 0 
-56 -843 220 0 
822 376 239 0 
569 128 -3 0 
-708 965 -948 0 
-795 115 540 0 
798 534 -429 0 
18 -279 292 0 
402 -889 -33 0 
571 198 -827 0 
12 -876 -500 0 
-799 -485 -988 0 
-141 -456 401 0 
-884 -618 -368 0 
-283 -497 144 0 
-87 232 -507 0 
-72 560 -346 0 
-547 -563 -235 0 
-618 -195 -681 0 
-197 381 449 0 
-17 410 54 0 
-123 6 963 0 
190 346 473 0 
158 618 -187 0 
-452 211 423 0 
-894 240 756 0 
484 -596 887 0 
-952 918 -111 0 
-44 -611 -439 0 
853 -227 11 0 
-734 941 -383 0 
-92 -391 -349 0 
-49 -695 557 0 
100 849 993 0 
-966 -962 640 0 
339 -344 -199 0 
872 -940 131 0 
599 228 434 0 
200 234 -222 0 
-509 -459 -933 0 
371 395 -286 0 
902 916 -344 0 
-281 -822 553 0 
839 309 -869 0 
-982 119 -964 0 
244 224 -508 0 
407 504 -680 0 
420 174 -176 0 
157 -513 -877 0 
416 687 -198 0 
787 714 -412 0 
-316 -967 -615 0 
-913 721 275 0 
753 672 880 0 
-965 44 -433 0 
921 -418 980 0 
45 863 531 0 
629 406 -506 0 
-788 -482 609 0 
117 -604 -330 0 
-192 -14 -926 0 
44 -311 695 0 
-798 -704 -155 0 
708 -313 695 0 
-468 -428 504 0 
-425 120 521 0 
434 399 826 0 
-426 25 -406 0 
27 -243 669 0 
-594 804 -443 0 
543 720 576 0 
-540 174 -112 0 
239 854 -711 0 
-895 713 -871 0 
996 48 603 0 
-895 -928 -622 0 
906 -153 -590 0 
-756 452 221 0 
273 -485 991 0 
471 289 342 0 
-777 480 673 0 
720 90 -710 0 
-423 525 151 0 
-979 307 236 0 
955 503 494 0 
-337 -16 -692 0 
890 -858 654 0 
-850 -920 31 0 
57 890 -670 0 
-859 188 -93 0 
-158 346 -900 0 
337 -900 -314 0 
-437 -916 296 0 
-394 709 -807 0 
-627 237 701 0 
-490 -285 810 0 
1000 143 -174 0 
-311 851 384 0 
956 816 -618 0 
-143 755 -254 0 
-909 863 -44 0 
-244 -108 526 0 
-327 -526 582 0 
576 -592 114 0 
818 -629 -760 0 
496 619 -583 0 
-442 28 298 0 
587 996 -74 0 
85 -880 294 0 
-985 394 968 0 
906 406 119 0 
409 -85 -267 0 
-660 297 -7 0 
-903 -314 687 0 
663 762 219 0 
233 -578 144 0 
-266 -559 -872 0 
983 892 -824 0 
728 595 -438 0 
-290 103 -833 0 
41 223 -637 0 
76 -894 835 0 
991 364 -232 0 
-406 -2 -963 0 
-847 -153 -733 0 
556 -743 -696 0 
-263 -243 -644 0 
83 -522 -177 0 
215 387 393 0 
520 798 -664 0 
-375 615 -700 0 
-996 747 462 0 
-195 -516 228 0 
319 753 -825 0 
-896 -206 -762 0 
504 249 621 0 
126 122 -513 0 
-654 389 -598 0 
709 -277 671 0 
-940 820 -485 0 
253 866 -381 0 
-254 -215 570 0 
-317 186 -1 0 
73 723 -23 0 
895 -99 560 0 
188 -772 161 0 
-370 -248 -562 0 
-856 -198 79 0 
520 -897 -842 0 
410 684 -540 0 
-464 922 648 0 
-5 -963 79 0 
109 -870 339 0 
620 -192 -700 0 
762 -35 -564 0 
-363 -456 22 0 
-256 991 -29 0 
245 990 -978 0 
-400 442 348 0 
934 -471 -435 0 
559 -912 -661 0 
267 603 418 0 
163 -578 -750 0 
-848 -869 650 0 
547 999 623 0 
-959 -377 -488 0 
-478 869 790 0 
181 -226 75 0 
-734 -435 -141 0 
28 -119 126 0 
-416 139 -702 0 
657 -230 302 0 
-780 -744 -70 0 
454 -639 -298 0 
-626 854 42 0 
-355 -646 -137 0 
272 308 339 0 
525 -213 -589 0 
-667 -780 -580 0 
-967 563 -31 0 
963 -735 -343 0 
-628 -605 -721 0 
-445 992 -63 0 
-106 803 936 0 
950 -991 -215 0 
-940 974 -571 0 
-794 -672 -772 0 
628 887 -254 0 
-559 -366 -123 0 
-751 -249 -260 0 
129 891 -241 0 
-169 609 -639 0 
416 -832 -936 0 
-353 -558 -345 0 
546 -99 -703 0 
458 -539 615 0 
-676 320 -663 0 
-443 -994 -821 0 
883 -436 -49 0 
761 -389 -527 0 
114 227 389 0 
791 -483 117 0 
767 -237 992 0 
608 -98 -262 0 
-222 -778 885 0 
-334 71 -831 0 
10 227 350 0 
-619 126 -737 0 
880 -608 -824 0 
-911 991 650 0 
893 -23 -960 0 
194 885 274 0 
456 -945 -206 0 
229 752 204 0 
736 908 420 0 
-164 -4 -658 0 
-16 399 773 0 
-50 108 868 0 
-283 -818 -262 0 
530 -98 -585 0 
987 -706 983 0 
-399 740 -753 0 
-128 -354 -550 0 
-743 -814 391 0 
-959 694 -310 0 
844 490 -319 0 
868 -545 67 0 
-190 -117 106 0 
294 654 -850 0 
-888 -749 34 0 
-76 894 159 0 
-754 447 591 0 
-515 -145 527 0 
564 -524 537 0 
-269 -702 -728 0 
402 -528 -532 0 
311 -320 -498 0 
455 419 -59 0 
75 -664 174 0 
-707 627 184 0 
-963 -509 -156 0 
646 -797 955 0 
-149 -341 221 0 
-335 -933 -929 0 
348 -559 -291 0 
-199 -905 30 0 
525 -475 -648 0 
-427 377 634 0 
-691 -205 -130 0 
954 907 623 0 
-85 630 334 0 
595 -554 -477 0 
135 -87 550 0 
-910 686 873 0 
699 -529 281 0 
-537 -767 463 0 
-345 330 128 0 
-858 -117 226 0 
636 393 66 0 
407 -273 18 0 
133 514 318 0 
984 -345 856 0 
-894 -189 -370 0 
-806 468 934 0 
-803 -1 800 0 
653 -954 523 0 
-28 263 -388 0 
-863 495 631 0 
-632 126 -702 0 
766 692 -255 0 
794 420 -654 0 
397 409 -65 0 
-620 -555 347 0 
-915 394 427 0 
-338 85 -363 0 
-641 -61 239 0 
668 -379 99 0 
-516 543 894 0 
649 766 221 0 
-617 552 -822 0 
-221 -818 -954 0 
777 -151 -386 0 
-805 -216 718 0 
564 -794 -883 0 
-552 -541 300 0 
-778 -847 -757 0 
-690 289 161 0 
510 -168 849 0 
474 197 495 0 
337 176 -306 0 
-276 -25 -633 0 
889 852 328 0 
-289 -459 642 0 
-31 660 937 0 
-829 -888 -77 0 
240 -405 151 0 
861 -99 -783 0 
-953 429 -193 0 
-761 -126 916 0 
-586 187 -53 0 
690 -608 941 0 
81 -447 -879 0 
138 -383 73 0 
-180 -966 -835 0 
927 -338 -30 0 
-255 -167 712 0 
671 850 -73 0 
652 889 972 0 
458 14 716 0 
847 161 -626 0 
-359 290 643 0 
127 660 -155 0 
-371 20 -935 0 
-683 432 728 0 
988 -216 -1000 0 
607 969 -340 0 
443 801 -11 0 
497 -398 250 0 
756 -46 10 0 
152 251 427 0 
-547 -49 -785 0 
441 638 -671 0 
40 538 -923 0 
340 -341 -671 0 
-6 -575 429 0 
613 970 -927 0 
-593 619 -184 0 
72 701 414 0 
247 498 606 0 
974 652 -151 0 
691 262 -73 0 
520 -695 382 0 
291 -620 -659 0 
-716 20 -284 0 
-66 -513 -624 0 
254 561 874 0 
404 257 -917 0 
753 -243 -290 0 
743 739 919 0 
-371 -55 -633 0 
946 327 -877 0 
-434 617 -165 0 
-842 392 849 0 
187 560 326 0 
957 -158 -878 0 
-881 359 -105 0 
-14 292 -833 0 
395 242 728 0 
-704 -698 -120 0 
-540 365 359 0 
-475 903 -380 0 
65 -153 264 0 
62 -482 881 0 
59 -769 -578 0 
-3 -123 873 0 
819 -118 289 0 
422 -68 -257 0 
565 -305 205 0 
686 978 520 0 
970 -596 950 0 
856 -962 -752 0 
-150 -383 -553 0 
929 -849 768 0 
-293 -168 921 0 
-302 -813 563 0 
104 -55 -451 0 
682 -575 -514 0 
-946 151 -476 0 
317 103 611 0 
55 -245 705 0 
-233 -443 -517 0 
687 241 -307 0 
-338 -693 -86 0 
724 -365 -851 0 
-690 319 178 0 
-894 323 95 0 
-356 190 871 0 
512 929 -320 0 
378 724 -57 0 
498 734 807 0 
-455 -825 -417 0 
13 -744 -950 0 
732 134 97 0 
-868 -391 -132 0 
555 -869 662 0 
743 268 112 0 
-28 -19 -779 0 
478 825 -592 0 
607 -29 -807 0 
-795 81 12 0 
590 411 357 0 
-381 513 -565 0 
-42 -583 467 0 
-384 999 918 0 
-464 -611 473 0 
-498 -187 -491 0 
254 -227 97 0 
-619 364 -630 0 
-290 -668 -194 0 
-172 -622 754 0 
238 775 -269 0 
-165 980 429 0 
-164 345 209 0 
-821 -698 282 0 
719 -235 241 0 
-328 -116 163 0 
735 676 -585 0 
-77 935 469 0 
-862 294 370 0 
-699 -462 -355 0 
-540 -145 -22 0 
-91 778 -343 0 
295 -458 615 0 
-230 -162 560 0 
948 669 -910 0 
-817 197 -355 0 
-242 -277 567 0 
-287 -213 307 0 
368 -736 128 0 
-953 370 616 0 
-487 -777 429 0 
340 -813 -54 0 
-429 -370 -314 0 
261 -397 324 0 
-689 993 -559 0 
-370 -271 -81 0 
-257 -509 656 0 
653 -547 -380 0 
-265 208 696 0 
110 416 -166 0 
-64 -749 -743 0 
319 -836 359 0 
-893 360 727 0 
-30 632 -621 0 
-305 -440 -599 0 
-972 -641 -561 0 
590 204 527 0 
68 -417 180 0 
-783 441 -791 0 
-710 -686 115 0 
-807 911 589 0 
-270 -400 67 0 
619 796 -800 0 
-588 393 74 0 
215 187 408 0 
-845 -724 384 0 
905 668 313 0 
975 -488 -842 0 
-153 993 -414 0 
896 619 71 0 
154 850 -679 0 
-93 573 972 0 
-883 -242 -947 0 
-308 226 636 0 
503 -164 507 0 
315 -217 51 0 
112 -147 -115 0 
-920 -916 -132 0 
200 -677 948 0 
-822 135 -94 0 
337 -476 -594 0 
-67 700 449 0 
-1 224 73 0 
-446 644 629 0 
-653 -9 921 0 
-413 668 -595 0 
-109 -459 419 0 
-221 -23 -531 0 
590 379 -143 0 
845 -68 -175 0 
-7 495 -135 0 
865 -779 -669 0 
-163 400 889 0 
-708 4 393 0 
276 -832 -302 0 
-329 -124 -188 0 
840 250 -23 0 
-747 359 658 0 
66 443 -688 0 
-323 319 -362 0 
487 738 633 0 
753 -824 -850 0 
-988 -570 163 0 
-504 -643 -709 0 
492 743 215 0 
233 325 -142 0 
-689 -124 -761 0 
97 -687 -193 0 
-394 -128 -153 0 
-205 -487 -609 0 
256 667 -771 0 
-163 986 -618 0 
752 631 -88 0 
-213 -729 806 0 
-253 -86 443 0 
583 -624 -673 0 
771 -127 -739 0 
-371 -770 -550 0 
591 -834 -911 0 
109 695 350 0 
-748 -506 -478 0 
-56 -21 -503 0 
-869 703 -322 0 
-338 -473 -127 0 
-302 -58 -236 0 
-863 934 94 0 
-313 -396 108 0 
-840 560 -325 0 
611 -526 -5 0 
164 356 628 0 
530 -126 -814 0 
780 845 588 0 
-833 198 -843 0 
317 498 -883 0 
254 135 -419 0 
-678 586 173 0 
669 -92 150 0 
-250 -327 457 0 
797 -743 -378 0 
-411 626 -195 0 
-607 -116 -703 0 
59 -635 -733 0 
-146 -739 -18 0 
334 -726 -389 0 
-914 -561 -501 0 
-329 -166 -206 0 
252 866 200 0 
-187 -882 716 0 
519 -44 -492 0 
-574 -989 55 0 
270 867 -484 0 
-98 564 -579 0 
-971 -610 331 0 
215 -866 84 0 
84 -96 39 0 
865 -219 266 0 
210 -975 -180 0 
613 298 -48 0 
842 338 -576 0 
106 -207 -777 0 
698 -796 465 0 
586 -576 -41 0 
340 640 67 0 
-336 -630 806 0 
169 -937 -646 0 
-705 286 -741 0 
617 -185 -58 0 
-494 341 -355 0 
-503 782 -528 0 
-166 170 -890 0 
-700 9 -977 0 
120 -530 -535 0 
956 -254 -366 0 
-337 903 640 0 
-502 79 -597 0 
467 676 -866 0 
-328 174 133 0 
424 412 -55 0 
135 -373 260 0 
-56 185 481 0 
242 -132 205 0 
382 793 -257 0 
-942 731 -632 0 
-893 -955 132 0 
-38 924 628 0 
714 444 -493 0 
-415 -570 724 0 
181 -509 -846 0 
695 -336 126 0 
-902 655 598 0 
171 556 -982 0 
-518 -578 -112 0 
-143 -349 -764 0 
-156 -105 -209 0 
-254 113 -949 0 
487 142 -902 0 
-761 -917 -376 0 
258 261 -451 0 
178 679 -315 0 
-567 635 738 0 
-858 146 -78 0 
-544 367 -625 0 
586 442 -201 0 
-132 920 -464 0 
-343 512 283 0 
-79 660 588 0 
-826 2 -963 0 
562 -566 -949 0 
-90 -151 64 0 
-632 -101 -846 0 
786 -605 675 0 
-238 629 81 0 
-10 -152 769 0 
408 467 683 0 
851 -546 -260 0 
-546 -854 294 0 
-359 -617 -266 0 
-922 -947 205 0 
397 -181 -689 0 
77 719 849 0 
-247 -866 787 0 
535 844 -394 0 
306 -978 653 0 
-301 488 -236 0 
-603 342 -956 0 
-726 728 693 0 
509 -268 552 0 
522 642 -973 0 
-979 296 511 0 
256 315 386 0 
307 968 -923 0 
-139 -711 715 0 
375 -82 515 0 
889 -362 807 0 
-951 358 887 0 
-72 -777 -593 0 
868 -246 -46 0 
797 866 -764 0 
299 951 180 0 
955 -558 710 0 
933 -516 -409 0 
494 -664 457 0 
-416 -170 323 0 
820 70 -774 0 
596 -286 -333 0 
909 -92 640 0 
-221 980 61 0 
310 -503 289 0 
-971 -397 -893 0 
528 347 -356 0 
296 985 -553 0 
-190 665 915 0 
804 564 812 0 
-8 533 -398 0 
913 -812 877 0 
-243 -164 -614 0 
135 951 948 0 
11 -448 903 0 
-907 -790 134 0 
-646 -334 208 0 
486 -608 15 0 
-552 150 729 0 
-184 -452 501 0 
-946 908 -236 0 
-751 626 -425 0 
-193 -511 -312 0 
989 331 518 0 
-592 -430 -15 0 
431 -202 966 0 
737 -385 -890 0 
-869 -153 622 0 
590 182 -715 0 
264 282 976 0 
705 444 -213 0 
427 752 60 0 
926 -42 789 0 
104 -628 898 0 
18 594 -101 0 
-326 -784 213 0 
-481 -242 570 0 
445 -873 448 0 
-742 -548 -884 0 
314 -384 -364 0 
637 -972 -127 0 
-482 -578 811 0 
106 643 493 0 
582 470 772 0 
-421 -606 15 0 
54 428 -538 0 
553 -210 733 0 
109 224 -133 0 
-613 -486 252 0 
-46 -208 940 0 
-581 -897 -299 0 
-172 127 32 0 
-783 -935 -567 0 
-909 -178 -658 0 
211 -900 -501 0 
586 506 -989 0 
634 -353 789 0 
698 997 -347 0 
206 -297 709 0 
679 876 -668 0 
675 -536 754 0 
-793 -572 591 0 
613 -581 -937 0 
78 45 314 0 
-475 366 -901 0 
-487 33 34 0 
-289 819 -339 0 
315 718 -994 0 
779 -575 16 0 
-593 176 -728 0 
449 670 -925 0 
-764 -979 526 0 
-458 -689 964 0 
168 -275 752 0 
457 180 -165 0 
-956 565 -575 0 
-336 -278 573 0 
689 -449 559 0 
-657 580 896 0 
427 -354 -211 0 
-420 991 -105 0 
991 -641 -277 0 
122 241 957 0 
-476 544 459 0 
-979 -430 -451 0 
690 -128 577 0 
203 850 62 0 
-132 698 127 0 
987 500 -603 0 
729 925 413 0 
234 12 11 0 
735 758 483 0 
901 -37 -745 0 
-458 -358 -684 0 
-447 -767 473 0 
-9 251 -497 0 
-811 968 -131 0 
-643 867 614 0 
-431 346 -268 0 
670 -382 895 0 
-288 -824 373 0 
595 767 466 0 
-501 514 -66 0 
766 444 792 0 
-268 -583 -11 0 
-73 831 840 0 
661 938 -630 0 
-783 -383 -180 0 
-1 687 495 0 
-83 920 -890 0 
380 391 351 0 
-512 -534 -841 0 
-294 -567 -300 0 
146 -535 -22 0 
87 281 -127 0 
-505 662 -976 0 
-672 365 -956 0 
-776 -405 -70 0 
383 -517 -153 0 
697 809 666 0 
671 -739 -567 0 
163 671 -717 0 
20 838 -724 0 
288 100 -336 0 
-489 -579 -919 0 
-94 -118 551 0 
-624 -285 578 0 
-478 150 138 0 
-658 -332 -563 0 
138 193 699 0 
-905 -349 -996 0 
-530 -9 -959 0 
19 182 -965 0 
95 -570 81 0 
-77 36 454 0 
-175 -975 -479 0 
49 283 538 0 
-130 -749 564 0 
167 -580 557 0 
-462 612 -65 0 
-434 277 117 0 
-434 306 -147 0 
-860 114 -744 0 
915 370 863 0 
-970 583 -827 0 
162 31 -661 0 
972 754 935 0 
-466 -318 665 0 
-328 -570 -413 0 
-397 -594 372 0 
355 -429 -586 0 
-885 64 903 0 
-971 123 713 0 
812 -379 -298 0 
-96 -930 -263 0 
531 963 -601 0 
-68 -359 275 0 
249 649 515 0 
-120 913 -767 0 
-900 388 -965 0 
-171 -512 -132 0 
133 706 444 0 
640 847 -889 0 
-176 -46 109 0 
311 -258 325 0 
-368 451 -267 0 
74 -275 605 0 
-377 -128 -271 0 
693 -366 981 0 
-383 -365 -363 0 
-244 432 -333 0 
524 -204 -385 0 
963 -205 660 0 
81 -378 556 0 
-669 554 708 0 
438 992 -945 0 
-865 590 812 0 
545 -846 -744 0 
757 405 641 0 
-229 -894 599 0 
-616 -516 774 0 
-326 385 -128 0 
358 -845 -417 0 
814 -548 612 0 
517 -116 -55 0 
-101 92 -818 0 
198 418 -68 0 
615 -849 -376 0 
126 777 946 0 
870 483 -992 0 
-920 349 620 0 
649 -264 828 0 
-476 -107 -374 0 
-232 271 -710 0 
-320 111 -73 0 
-136 -543 -721 0 
304 965 964 0 
-157 859 -967 0 
-616 -431 375 0 
-708 882 182 0 
-995 39 -391 0 
749 -944 -297 0 
852 -110 -404 0 
750 -564 957 0 
271 -836 -775 0 
-495 -377 280 0 
300 509 716 0 
231 -521 243 0 
-40 636 525 0 
86 701 594 0 
671 839 -456 0 
113 -177 -510 0 
-817 -59 -28 0 
-289 -421 -528 0 
-622 23 273 0 
-901 521 -6 0 
-145 -902 -199 0 
78 -281 -326 0 
-846 -884 847 0 
950 -594 463 0 
-794 -727 93 0 
961 -799 640 0 
101 -642 136 0 
-812 397 554 0 
-774 954 273 0 
477 -963 -377 0 
29 -646 738 0 
-993 149 -31 0 
172 -345 -702 0 
152 -326 -110 0 
-654 396 -894 0 
-373 -984 891 0 
-92 -635 350 0 
-257 -74 468 0 
-914 637 -946 0 
-198 -387 -531 0 
-512 -735 491 0 
-663 723 848 0 
-765 953 189 0 
-300 -830 670 0 
238 856 293 0 
-993 529 -329 0 
96 392 306 0 
235 672 953 0 
-199 599 456 0 
581 -905 396 0 
53 -913 -877 0 
953 240 -212 0 
-250 561 -902 0 
160 -662 -691 0 
-300 -850 -440 0 
-412 -593 733 0 
201 -489 -380 0 
358 951 39 0 
54 852 -195 0 
-54 -46 -548 0 
-862 -704 874 0 
-663 261 926 0 
419 -930 -165 0 
268 684 -617 0 
-796 34 -774 0 
591 914 34 0 
193 -921 -933 0 
-863 659 782 0 
-156 287 -923 0 
666 601 -683 0 
-407 -946 312 0 
-621 259 -727 0 
-754 -555 748 0 
-961 -12 -39 0 
-374 -714 -95 0 
459 917 -468 0 
479 342 950 0 
77 -816 805 0 
-229 -142 320 0 
-569 -112 168 0 
411 -544 -977 0 
856 -608 -242 0 
-61 295 -550 0 
-585 -570 -641 0 
-589 445 -549 0 
130 908 226 0 
395 -725 -575 0 
-701 889 392 0 
471 215 -101 0 
-497 669 244 0 
-55 -504 398 0 
983 -335 576 0 
-467 -904 486 0 
-167 779 -515 0 
-91 -561 -932 0 
-76 714 527 0 
252 -480 699 0 
-424 356 -253 0 
-149 232 910 0 
-674 -510 -517 0 
736 123 771 0 
-535 -415 -817 0 
-17 -151 -220 0 
516 -501 -605 0 
208 -292 -122 0 
540 -968 710 0 
-837 -714 -621 0 
-529 352 -723 0 
206 32 292 0 
-932 -900 -550 0 
457 -971 -794 0 
38 -135 393 0 
171 -193 84 0 
483 -778 -611 0 
-581 -585 -791 0 
-90 -339 824 0 
-83 63 -467 0 
405 188 340 0 
-480 -148 175 0 
-89 355 -320 0 
-778 -434 224 0 
853 -4 81 0 
999 209 -269 0 
-906 945 764 0 
-661 244 -273 0 
-274 -595 -107 0 
-904 -626 973 0 
-894 -160 49 0 
969 -697 -81 0 
49 -987 15 0 
287 -382 -710 0 
-45 -17 671 0 
-602 -900 274 0 
-679 -378 -868 0 
-735 669 443 0 
-840 -511 30 0 
73 -710 430 0 
-619 -907 189 0 
483 599 632 0 
-282 -24 283 0 
-491 -144 -935 0 
-549 -468 490 0 
-81 435 -757 0 
-382 -816 895 0 
644 -462 244 0 
67 119 223 0 
266 -176 353 0 
-226 -877 34 0 
-920 -239 207 0 
262 -55 382 0 
-135 146 -685 0 
-837 868 -563 0 
526 15 -209 0 
207 -828 108 0 
221 904 -740 0 
-999 279 574 0 
-869 337 -131 0 
803 -57 443 0 
877 -281 923 0 
837 -459 74 0 
-538 707 994 0 
365 -917 610 0 
-868 114 -455 0 
-415 -628 -965 0 
-611 -364 803 0 
967 -290 375 0 
397 632 -141 0 
969 -135 -751 0 
862 423 -512 0 
364 -38 -348 0 
-721 783 -403 0 
-589 -99 9 0 
-311 -239 423 0 
542 850 69 0 
-40 150 -916 0 
687 -134 -388 0 
809 -163 313 0 
725 429 -945 0 
-554 735 -509 0 
760 -94 730 0 
128 771 -849 0 
-198 972 901 0 
-642 841 878 0 
441 717 -320 0 
910 -768 -555 0 
831 -758 -448 0 
255 -414 312 0 
-95 346 -226 0 
-666 -681 115 0 
-32 -565 623 0 
-675 -951 -56 0 
-195 -905 -816 0 
-78 661 339 0 
-374 274 618 0 
985 543 237 0 
-188 -713 682 0 
-551 -181 694 0 
384 -658 293 0 
52 973 -711 0 
688 345 797 0 
-384 272 313 0 
-743 -932 26 0 
-983 423 -869 0 
-696 997 -487 0 
-213 635 -162 0 
-388 -812 412 0 
62 973 856 0 
416 21 605 0 
-804 -976 -365 0 
401 683 233 0 
-406 64 -472 0 
595 -23 -161 0 
-486 -718 -762 0 
626 43 -53 0 
161 764 -598 0 
504 196 362 0 
-523 -170 662 0 
-352 872 -430 0 
14 916 563 0 
877 76 762 0 
-45 -368 713 0 
-183 -396 -669 0 
-948 -525 -140 0 
-352 630 -537 0 
-725 -696 -244 0 
-956 911 -61 0 
-798 141 -364 0 
-777 -922 32 0 
827 816 -618 0 
-587 649 -733 0 
310 -318 440 0 
-669 -229 -23 0 
400 -185 -716 0 
909 -620 928 0 
588 936 645 0 
-717 -432 -546 0 
935 -236 67 0 
904 638 392 0 
891 94 -68 0 
-775 201 523 0 
-4 -453 240 0 
-49 -856 -164 0 
-704 -324 153 0 
355 -884 -90 0 
917 -480 891 0 
-901 -947 -349 0 
930 943 -793 0 
359 -240 256 0 
110 723 -734 0 
-745 917 770 0 
389 610 237 0 
145 972 -705 0 
696 -180 -711 0 
273 425 -618 0 
643 836 -444 0 
155 708 -452 0 
461 -896 -690 0 
-174 -162 -542 0 
-528 -819 415 0 
-652 255 -384 0 
-223 882 -805 0 
-872 858 735 0 
139 -295 21 0 
916 -241 -491 0 
-792 -834 89 0 
866 995 -468 0 
-779 322 -887 0 
-674 996 159 0 
-868 106 -838 0 
995 -535 -285 0 
698 -10 148 0 
-37 -144 953 0 
-946 793 821 0 
683 857 506 0 
412 -680 458 0 
-628 592 -835 0 
-222 727 186 0 
133 -897 -262 0 
-12 -555 810 0 
844 -735 888 0 
-21 67 -438 0 
653 214 776 0 
-785 -860 584 0 
81 18 -123 0 
390 -384 -950 0 
550 -411 243 0 
627 250 34 0 
-626 -490 -24 0 
763 271 -615 0 
-13 -753 -859 0 
-405 835 856 0 
-310 -988 577 0 
227 -54 -62 0 
-597 -799 63 0 
-417 275 -643 0 
642 392 285 0 
-148 -373 244 0 
206 -312 -280 0 
-193 -415 -348 0 
363 334 -228 0 
233 -125 -614 0 
-32 -891 627 0 
-976 -707 146 0 
-808 -490 938 0 
801 -770 502 0 
531 -664 -775 0 
-175 -78 461 0 
-193 -305 -433 0 
-532 125 -109 0 
-370 661 -449 0 
225 -8 -823 0 
656 -239 -988 0 
238 -61 547 0 
-748 393 -535 0 
-424 -563 586 0 
160 914 -742 0 
574 -148 -977 0 
-647 -820 789 0 
-850 639 -158 0 
116 -629 -667 0 
-652 304 -815 0 
-122 -810 908 0 
625 -303 -251 0 
-279 -19 475 0 
-553 -103 -138 0 
-137 -402 882 0 
-957 -942 244 0 
-926 313 -861 0 
585 -995 479 0 
-698 374 440 0 
109 491 518 0 
30 -726 632 0 
-66 -30 -873 0 
259 619 -220 0 
-24 437 -672 0 
862 317 252 0 
641 -747 216 0 
-349 -791 191 0 
477 592 96 0 
-123 -669 -853 0 
-966 -353 -677 0 
-480 -11 634 0 
654 -36 211 0 
342 -120 61 0 
-666 -363 414 0 
-23 -247 -42 0 
837 -426 -735 0 
604 -116 378 0 
366 613 -565 0 
-712 -368 894 0 
-426 -513 511 0 
-240 128 -996 0 
-428 -32 -491 0 
-401 864 -358 0 
-761 881 -843 0 
-632 -22 958 0 
-588 478 835 0 
947 -465 867 0 
183 -463 503 0 
-471 541 210 0 
-945 845 -190 0 
-695 890 784 0 
-835 266 -839 0 
526 -61 829 0 
-86 583 -808 0 
-633 684 -766 0 
749 -699 459 0 
-554 -946 194 0 
-51 -476 -945 0 
618 626 771 0 
-247 -160 -663 0 
-999 -155 845 0 
741 -883 -862 0 
748 294 -412 0 
-775 460 -723 0 
125 781 -107 0 
-351 -28 -195 0 
584 879 481 0 
-779 547 21 0 
-351 -211 688 0 
58 -931 609 0 
599 -293 31 0 
-397 -857 817 0 
-230 -724 745 0 
174 181 818 0 
76 902 953 0 
-223 14 -792 0 
-371 -54 -653 0 
-695 -182 178 0 
-534 94 -618 0 
178 238 144 0 
-124 -674 -809 0 
-614 -801 -61 0 
-688 236 353 0 
-141 915 -840 0 
-401 173 -46 0 
196 -503 -800 0 
-631 396 375 0 
-778 -582 -540 0 
46 -670 15 0 
84 -188 38 0 
-5 800 301 0 
620 696 -373 0 
36 -920 -357 0 
-387 656 -398 0 
-43 575 -753 0 
967 756 330 0 
-977 -805 -24 0 
617 742 525 0 
-638 -323 741 0 
93 -122 962 0 
-356 -177 669 0 
190 888 757 0 
-645 933 335 0 
-337 -901 207 0 
-255 -108 79 0 
-385 179 -234 0 
8 -50 -870 0 
-797 -516 -616 0 
994 -961 204 0 
-742 299 66 0 
86 914 -975 0 
-424 813 -443 0 
-454 -853 -41 0 
-304 -207 -700 0 
-964 692 -842 0 
208 -720 728 0 
-36 -52 940 0 
-595 465 -187 0 
-720 -384 -904 0 
-559 445 -367 0 
-109 902 -154 0 
387 -803 220 0 
970 889 66 0 
326 961 -628 0 
-470 -200 -714 0 
-343 -556 -877 0 
921 -361 747 0 
243 -743 762 0 
711 267 361 0 
-766 -948 -197 0 
-6 527 -106 0 
449 -246 134 0 
394 189 -716 0 
-27 -244 189 0 
397 -728 142 0 
417 937 931 0 
-166 -409 685 0 
-574 -175 -963 0 
-797 -839 146 0 
-504 450 488 0 
-228 -415 -546 0 
233 557 671 0 
-592 -249 -978 0 
940 382 67 0 
-383 -551 -175 0 
76 312 -123 0 
855 355 615 0 
-190 -260 862 0 
-991 293 -694 0 
914 -825 -610 0 
435 -125 185 0 
466 -86 942 0 
-344 -596 767 0 
861 -420 675 0 
261 -857 -649 0 
973 -322 -949 0 
181 243 184 0 
562 485 183 0 
-915 -681 -670 0 
736 -382 212 0 
410 -177 664 0 
-733 -74 635 0 
-807 266 -198 0 
-841 743 -795 0 
-409 -399 996 0 
776 -395 -552 0 
-687 -174 297 0 
-70 867 -555 0 
125 396 637 0 
196 731 866 0 
-685 -690 711 0 
279 -492 627 0 
348 -149 76 0 
824 319 -551 0 
-483 -818 203 0 
-341 -874 876 0 
-506 485 604 0 
882 -827 -317 0 
296 857 -493 0 
-678 787 998 0 
923 76 -425 0 
438 779 341 0 
-227 -909 -483 0 
-251 50 -439 0 
522 240 712 0 
32 -677 -836 0 
527 -531 -919 0 
-13 -589 -738 0 
-800 -418 -302 0 
546 -764 443 0 
-225 104 -223 0 
480 -853 -12 0 
-469 604 -654 0 
441 -590 361 0 
-689 311 165 0 
-477 -851 702 0 
-668 -709 814 0 
-922 -835 -64 0 
-943 -862 963 0 
946 -785 966 0 
44 -766 285 0 
25 -381 -410 0 
-753 969 263 0 
-596 -396 151 0 
822 -568 -836 0 
893 621 354 0 
116 379 -21 0 
-815 691 -317 0 
963 189 71 0 
-265 59 667 0 
-356 -103 -996 0 
946 -460 180 0 
-294 -184 442 0 
742 -129 -149 0 
-815 284 458 0 
-117 676 -154 0 
887 -845 -560 0 
355 -875 794 0 
946 576 931 0 
-265 369 530 0 
682 -306 217 0 
101 936 470 0 
858 -216 935 0 
-581 307 262 0 
-75 -864 586 0 
-435 -906 -561 0 
-610 188 -427 0 
-569 -580 -408 0 
-734 -814 16 0 
-566 40 -342 0 
-939 816 -637 0 
184 -84 -210 0 
-300 -6 -520 0 
993 823 916 0 
-448 187 -582 0 
-791 -140 -528 0 
627 138 280 0 
-975 -302 11 0 
-537 975 -782 0 
-719 -403 -375 0 
-804 -505 -382 0 
542 916 -758 0 
639 -326 -583 0 
-825 -718 812 0 
-875 158 726 0 
666 -402 630 0 
-121 -88 14 0 
-85 74 -263 0 
-723 -602 -621 0 
222 973 839 0 
-588 -586 690 0 
-661 717 148 0 
-920 -724 -626 0 
637 954 -603 0 
-336 -409 -456 0 
-708 -550 -245 0 
-690 -668 515 0 
-989 -901 399 0 
-21 -122 953 0 
699 -508 918 0 
624 -286 704 0 
303 665 -105 0 
735 -487 -578 0 
-140 -534 885 0 
912 -308 -662 0 
-394 461 -806 0 
536 831 988 0 
-99 619 -600 0 
-310 -163 -708 0 
-606 -624 -270 0 
-293 349 391 0 
-4 -828 -919 0 
-369 686 545 0 
492 -52 760 0 
-320 -672 781 0 
276 -560 -369 0 
-743 192 744 0 
-950 -610 -751 0 
-930 16 675 0 
490 68 400 0 
-769 677 -288 0 
-225 -231 648 0 
658 520 -552 0 
220 945 -946 0 
345 190 -478 0 
-579 -247 228 0 
788 -283 986 0 
502 787 210 0 
-375 -880 999 0 
641 -468 -392 0 
139 -768 -718 0 
-377 -388 -83 0 
-910 383 -471 0 
272 -767 -757 0 
-505 47 -766 0 
-549 -306 -109 0 
-99 337 24 0 
139 -919 -805 0 
-683 855 -321 0 
-165 -80 -897 0 
399 780 661 0 
-78 -440 -630 0 
435 -463 -800 0 
965 282 745 0 
-139 737 269 0 
-997 623 -244 0 
-2 -420 958 0 
-891 -286 -414 0 
645 -796 -231 0 
410 -783 -55 0 
-205 -692 615 0 
920 -926 -800 0 
426 -747 490 0 
-600 -589 -391 0 
8 -441 935 0 
618 993 71 0 
-336 550 430 0 
767 -589 -164 0 
172 -464 -840 0 
-836 -420 276 0 
568 -394 -475 0 
711 718 -500 0 
-153 -713 53 0 
566 -733 64 0 
-612 -76 63 0 
957 -500 -819 0 
928 809 667 0 
423 692 516 0 
-788 -495 -759 0 
68 212 152 0 
-915 -23 846 0 
341 28 -263 0 
493 -793 861 0 
-724 564 636 0 
210 8 -155 0 
-169 810 -239 0 
724 -494 598 0 
-669 223 653 0 
892 -94 -93 0 
667 -483 573 0 
-307 655 520 0 
-853 504 -885 0 
-39 -718 694 0 
-715 556 -896 0 
632 118 335 0 
-65 857 -256 0 
-123 376 107 0 
-822 -194 291 0 
-529 -574 -275 0 
-866 489 -511 0 
-521 -718 -542 0 
-718 688 -335 0 
-964 -156 394 0 
-207 354 -564 0 
-250 233 -1 0 
-273 205 577 0 
160 813 850 0 
-672 -85 341 0 
-110 -132 -183 0 
138 -53 470 0 
385 632 -793 0 
323 -58 968 0 
-725 615 76 0 
-32 -779 -863 0 
997 910 -618 0 
-688 724 -241 0 
-35 -71 69 0 
-946 661 -58 0 
-831 893 499 0 
-111 -775 955 0 
-179 592 -217 0 
-465 497 534 0 
-882 98 662 0 
536 830 116 0 
-90 596 -80 0 
225 -24 312 0 
-81 -644 -712 0 
303 -732 -751 0 
-492 798 596 0 
-143 479 789 0 
963 -877 -233 0 
-733 -877 462 0 
561 296 682 0 
-206 -591 -920 0 
-120 -672 60 0 
204 606 118 0 
843 -130 949 0 
908 -178 -4 0 
474 -603 506 0 
-649 -251 810 0 
508 463 3 0 
796 809 697 0 
-907 -943 -970 0 
-405 -353 155 0 
-704 -814 173 0 
395 -625 -460 0 
737 -233 -554 0 
179 -939 549 0 
189 -790 953 0 
688 177 -587 0 
368 -96 -298 0 
-99 408 -12 0 
54 878 -155 0 
-393 303 854 0 
893 998 -333 0 
-450 -287 377 0 
684 999 922 0 
-554 -926 830 0 
-951 -146 -315 0 
-953 196 963 0 
-976 -784 476 0 
-852 -132 766 0 
-875 238 228 0 
388 433 845 0 
939 -863 841 0 
606 5 -707 0 
-592 889 -529 0 
-132 241 -792 0 
-302 155 -660 0 
-201 -710 -851 0 
-63 -717 559 0 
687 577 323 0 
-993 -277 -180 0 
-71 722 -985 0 
999 -225 -440 0 
509 458 523 0 
632 -484 -131 0 
-868 743 417 0 
-520 -796 791 0 
-141 -861 -610 0 
619 898 381 0 
-45 130 273 0 
920 162 285 0 
799 -216 91 0 
-199 751 674 0 
145 -577 -991 0 
-478 670 275 0 
441 -632 376 0 
560 771 -744 0 
-868 -588 -591 0 
-22 807 936 0 
701 709 -864 0 
869 -896 936 0 
322 679 628 0 
-728 817 -856 0 
-443 -503 -73 0 
510 999 -476 0 
124 -73 -285 0 
185 640 -42 0 
855 198 -590 0 
-487 -447 -555 0 
-598 -935 184 0 
-5 -792 -859 0 
666 300 612 0 
-52 -985 436 0 
-961 -230 319 0 
622 -441 498 0 
575 -514 472 0 
373 95 709 0 
-961 -568 611 0 
-476 -714 -446 0 
708 -355 -990 0 
859 -627 439 0 
-610 -235 -261 0 
59 -854 61 0 
844 -301 204 0 
-575 -299 823 0 
-537 512 553 0 
740 -60 -571 0 
-593 145 -332 0 
326 134 106 0 
570 55 647 0 
-940 -373 -326 0 
-345 -196 -828 0 
507 132 -10 0 
373 399 -86 0 
-203 105 511 0 
279 736 919 0 
-395 -375 -289 0 
570 -184 -154 0 
983 -41 -432 0 
-11 -171 801 0 
549 -385 -631 0 
-443 -831 -803 0 
486 516 68 0 
-745 -391 355 0 
-580 482 314 0 
-195 542 -500 0 
-328 270 -989 0 
442 3 -193 0 
274 907 -971 0 
102 885 808 0 
645 -971 -689 0 
-684 208 -921 0 
-116 422 562 0 
-121 -830 -254 0 
-23 -652 -424 0 
536 677 696 0 
223 253 -72 0 
548 -10 -535 0 
949 -110 -523 0 
169 555 126 0 
245 582 -367 0 
613 920 626 0 
-490 430 -396 0 
211 704 603 0 
151 662 -197 0 
-617 -755 -87 0 
-214 324 274 0 
-48 226 642 0 
-569 -764 -442 0 
-297 499 682 0 
-294 -931 274 0 
-919 -792 618 0 
-642 565 -224 0 
490 351 836 0 
-872 -909 941 0 
-955 623 802 0 
-984 182 -567 0 
379 119 448 0 
514 -526 270 0 
207 -910 -167 0 
798 -906 149 0 
-633 -670 745 0 
-96 -278 358 0 
517 -975 -361 0 
400 -525 147 0 
-667 -559 -820 0 
367 -489 931 0 
786 265 -776 0 
-944 -243 863 0 
-587 720 -221 0 
943 -827 109 0 
-146 -406 384 0 
-736 -470 -235 0 
643 561 940 0 
-354 53 218 0 
-711 -298 317 0 
998 82 687 0 
887 188 924 0 
-8 -984 -12 0 
309 335 677 0 
-634 -967 -826 0 
314 270 -503 0 
-64 -793 553 0 
-308 -244 -837 0 
-344 -567 860 0 
-584 696 -694 0 
-246 670 995 0 
-753 -379 -424 0 
562 187 289 0 
-475 371 302 0 
-24 469 -977 0 
221 -67 734 0 
-983 -651 -135 0 
-924 809 -484 0 
825 -453 529 0 
469 358 794 0 
-472 -829 864 0 
-519 388 612 0 
