p cnf 1000 3400
-320 -553 -631 0 
668 -202 -293 0 
-826 -184 -526 0 
427 451 -787 0 
-70 137 254 0 
-624 647 -808 0 
182 417 -761 0 
313 955 -427 0 
-429 -545 638 0 
-511 -672 201 0 
675 -858 -932 0 
869 689 -192 0 
752 6 154 0 
-21 -51 62 0 
208 480 230 0 
222 430 336 0 
-900 313 -604 0 
587 564 958 0 
588 -550 492 0 
361 299 -855 0 
-652 -309 719 0 
879 616 780 0 
-136 -208 -448 0 
551 -250 214 0 
853 -822 -217 0 
-839 -110 -283 0 
568 177 57 0 
663 432 902 0 
-430 -793 452 0 
678 -129 -634 0 
39 961 -487 0 
670 -424 -472 0 
186 -644 821 0 
206 -878 368 0 
399 957 -885 0 
171 595 326 0 
-66 205 -361 0 
317 78 -663 0 
181 179 228 0 
874 -465 -522 0 
192 -979 800 0 
932 800 -186 0 
722 -132 259 0 
-125 542 -826 0 
-438 -197 -664 0 
940 232 -804 0 
167 308 940 0 
-200 -743 -852 0 
-852 -693 210 0 
5 -601 145 0 
636 947 -957 0 
-495 -296 7 0 
-958 84 -747 0 
-166 -823 187 0 
450 -751 -349 0 
-34 474 754 0 
-405 -462 822 0 
333 -964 -472 0 
190 -653 -156 0 
191 -834 -264 0 
274 939 -371 0 
-137 -735 336 0 
-457 877 634 0 
-997 996 -757 0 
960 514 -632 0 
527 510 233 0 
-359 -745 -642 0 
884 572 636 0 
876 473 -344 0 
304 74 51 0 
-234 -739 516 0 
-317 -737 -713 0 
179 800 579 0 
-489 497 -498 0 
318 -766 350 0 
513 -243 786 0 
-142 -857 -819 0 
497 -924 919 0 
977 -52 844 0 
884 146 649 0 
841 852 -656 0 
-341 645 519 0 
739 310 -351 0 
537 80 646 0 
-772 -245 266 0 
-497 971 254 0 
-81 521 591 0 
112 818 -704 0 
-625 738 -470 0 
539 -970 -389 0 
877 12 -160 0 
421 924 -918 0 
784 -909 -622 0 
445 768 -162 0 
240 927 841 0 
595 -993 -227 0 
-357 -701 600 0 
820 -13 -310 0 
-573 -495 467 0 
-540 -476 -797 0 
-11 -990 542 0 
-389 -458 457 0 
304 -894 970 0 
852 639 -621 0 
195 -495 -463 0 
761 782 173 0 
-251 680 -616 0 
609 -388 -166 0 
203 -616 625 0 
-885 -571 683 0 
158 -653 -896 0 
153 -974 618 0 
-675 -550 -114 0 
-705 231 -571 0 
286 657 -31 0 
754 391 -12 0 
578 393 542 0 
-993 851 717 0 
838 612 604 0 
-215 -719 -951 0 
-72 -747 -183 0 
769 -395 -38 0 
210 217 -730 0 
863 -869 623 0 
452 123 882 0 
-564 -261 -266 0 
-990 206 807 0 
-236 -384 977 0 
-601 473 219 0 
580 429 141 0 
-244 -268 -448 0 
-717 927 40 0 
65 -888 -221 0 
-622 431 -274 0 
231 -949 -239 0 
906 -258 -804 0 
-502 -940 147 0 
198 -352 364 0 
792 -283 2 0 
246 -274 -608 0 
-588 -221 -195 0 
-668 -952 506 0 
-118 -350 309 0 
-246 628 563 0 
-651 205 472 0 
-681 574 854 0 
514 612 -826 0 
234 -148 944 0 
-158 274 -916 0 
50 -957 -769 0 
-158 641 689 0 
90 -427 -88 0 
954 632 271 0 
-662 -904 96 0 
-911 278 583 0 
-401 -578 811 0 
-348 -325 196 0 
578 880 -964 0 
-783 -532 -914 0 
510 -565 -509 0 
-865 -805 719 0 
-183 428 -944 0 
-95 706 515 0 
-978 307 -830 0 
-362 598 780 0 
950 293 -386 0 
-422 -909 -718 0 
-259 423 645 0 
-375 -324 -768 0 
-433 -569 -389 0 
-503 478 710 0 
982 560 135 0 
-345 -214 -176 0 
380 832 906 0 
-508 644 -775 0 
-319 82 578 0 
-910 -385 128 0 
410 97 -968 0 
279 -832 819 0 
728 -361 -20 0 
-656 -44 -596 0 
339 -908 181 0 
-505 -574 149 0 
924 -145 392 0 
-638 -432 552 0 
-520 -495 -136 0 
315 -848 -65 0 
52 503 -773 0 
-304 -224 -611 0 
215 228 -780 0 
663 -746 813 0 
-772 115 -325 0 
-321 189 502 0 
6 -470 -405 0 
-65 -760 825 0 
-105 -772 4 0 
950 -845 -236 0 
-16 577 189 0 
384 743 21 0 
-129 -230 -211 0 
299 242 164 0 
-957 667 -400 0 
897 405 298 0 
27 -430 -395 0 
9 707 -312 0 
151 -32 458 0 
-668 529 414 0 
-458 -636 731 0 
668 219 441 0 
444 816 272 0 
18 296 -157 0 
-379 -864 -653 0 
995 -709 -904 0 
429 -271 -362 0 
-711 716 -451 0 
-396 -985 840 0 
-46 -256 -225 0 
107 435 -649 0 
795 -624 461 0 
821 -425 -332 0 
742 146 479 0 
817 -155 -746 0 
-115 -450 -193 0 
738 579 -830 0 
203 784 176 0 
-992 -186 408 0 
-792 719 -81 0 
108 -818 551 0 
-896 -417 745 0 
-745 978 339 0 
-344 205 911 0 
-868 163 990 0 
173 -62 -535 0 
-940 -377 -48 0 
-997 447 161 0 
-891 413 -32 0 
-448 -424 -574 0 
-987 -628 613 0 
-487 -368 -393 0 
-972 198 -926 0 
-436 785 606 0 
689 205 -571 0 
660 -557 -217 0 
160 61 572 0 
-642 -692 -279 0 
-214 787 543 0 
-192 639 -979 0 
47 343 -825 0 
73 996 382 0 
-393 -14 18 0 
-733 -498 -286 0 
-175 536 854 0 
-164 -195 -271 0 
828 -762 -626 0 
-260 -15 -68 0 
-313 -932 450 0 
-574 69 -724 0 
180 311 -195 0 
-318 -506 664 0 
-761 -19 -897 0 
500 630 639 0 
127 -627 881 0 
-808 935 -692 0 
587 80 794 0 
-77 -365 791 0 
993 -423 -386 0 
-617 327 481 0 
-200 -319 -948 0 
-829 388 338 0 
290 605 -439 0 
816 307 634 0 
-251 -360 -259 0 
-734 -979 -95 0 
-765 -851 -345 0 
-750 -168 -425 0 
463 -240 -277 0 
-227 -782 -565 0 
114 959 -915 0 
260 668 293 0 
91 -227 308 0 
426 146 -573 0 
932 971 -747 0 
587 -342 805 0 
-747 -227 -902 0 
679 -425 600 0 
-801 84 150 0 
-51 -355 260 0 
832 246 -76 0 
641 457 987 0 
594 600 -146 0 
874 829 28 0 
-182 820 -654 0 
234 -746 226 0 
246 852 58 0 
-111 -821 129 0 
-608 -630 -334 0 
-874 166 873 0 
-651 156 935 0 
688 -36 -532 0 
134 -331 590 0 
-201 677 233 0 
-113 -86 -535 0 
628 -356 253 0 
782 -969 529 0 
-465 -368 -445 0 
288 687 -994 0 
-271 -937 33 0 
-528 347 -387 0 
-459 197 -859 0 
596 -182 999 0 
-639 -835 -567 0 
-139 614 -578 0 
-27 101 -551 0 
918 -609 -702 0 
970 450 96 0 
-526 670 -869 0 
-66 453 -587 0 
523 674 -80 0 
-752 170 830 0 
-372 -19 163 0 
-522 -905 507 0 
-248 -837 542 0 
917 5 564 0 
874 -651 -911 0 
972 -330 -198 0 
-8 -391 457 0 
-456 -267 -941 0 
416 -793 -999 0 
399 -694 714 0 
204 -149 84 0 
-951 50 317 0 
807 -396 -948 0 
608 -445 -811 0 
638 396 -929 0 
-813 673 300 0 
-452 -922 734 0 
-515 -278 930 0 
-393 -560 42 0 
411 508 -297 0 
-728 -791 -174 0 
-43 393 299 0 
549 663 -882 0 
-879 -363 53 0 
391 571 -517 0 
834 302 -934 0 
903 513 382 0 
-299 589 -141 0 
140 263 -82 0 
540 -924 -225 0 
-820 -770 233 0 
-192 -792 -227 0 
-43 -49 871 0 
538 -501 -633 0 
-252 -912 -611 0 
-732 183 -152 0 
801 1000 454 0 
661 -6 -617 0 
-356 693 614 0 
-266 290 -681 0 
-380 -75 -340 0 
-473 887 -27 0 
-357 492 971 0 
115 73 194 0 
-405 -858 254 0 
-750 -530 -828 0 
-738 998 -9 0 
605 7 -445 0 
79 991 667 0 
197 328 -924 0 
-744 -273 -101 0 
584 -286 -936 0 
486 706 600 0 
398 -950 -86 0 
-408 138 -828 0 
-18 763 -165 0 
602 -210 576 0 
-256 895 -334 0 
-688 -166 -439 0 
874 260 -709 0 
-763 -629 647 0 
443 -378 803 0 
-811 481 482 0 
-138 -711 -878 0 
-838 580 -134 0 
900 -711 -98 0 
-952 414 540 0 
800 930 773 0 
-976 627 593 0 
-332 -838 -374 0 
80 -251 806 0 
5 -475 820 0 
-985 -815 -315 0 
-209 84 -546 0 
-900 419 312 0 
-237 442 491 0 
994 320 -974 0 
754 806 -934 0 
255 507 485 0 
-664 -78 -609 0 
-1 -793 911 0 
386 6 -696 0 
693 599 440 0 
-910 692 -137 0 
-690 -955 -698 0 
-874 -795 609 0 
-19 -113 484 0 
218 -462 556 0 
398 8 -765 0 
580 2 -378 0 
-845 -559 -785 0 
-2 -754 158 0 
483 923 54 0 
491 121 -653 0 
512 649 -257 0 
275 -831 -258 0 
490 567 794 0 
547 -80 -397 0 
596 269 637 0 
-280 -123 286 0 
48 329 896 0 
-353 466 -953 0 
-903 4 646 0 
391 459 -880 0 
-419 -13 96 0 
-358 581 -52 0 
-129 133 432 0 
-611 -984 -19 0 
-108 -816 -996 0 
51 -104 -872 0 
-956 -267 -687 0 
-146 409 399 0 
331 -105 -234 0 
364 -433 499 0 
638 186 -110 0 
-654 125 331 0 
-727 -975 -712 0 
40 989 70 0 
357 487 753 0 
766 813 695 0 
592 -828 -851 0 
764 986 -608 0 
-677 -564 599 0 
369 457 6 0 
357 -630 -776 0 
-202 -785 556 0 
-294 -313 157 0 
735 942 614 0 
-492 -594 664 0 
769 -880 -835 0 
870 -988 895 0 
496 -183 -85 0 
696 -362 485 0 
-786 893 -611 0 
-337 449 -656 0 
761 -380 776 0 
275 399 665 0 
-944 223 -542 0 
-803 -888 -388 0 
-439 978 524 0 
164 -856 82 0 
249 989 -204 0 
-206 825 -831 0 
-68 -874 634 0 
466 -492 -607 0 
-14 47 -354 0 
267 83 253 0 
860 -254 803 0 
-23 -239 129 0 
-509 -584 644 0 
588 -703 438 0 
-33 916 -102 0 
418 -344 -747 0 
960 51 186 0 
141 429 644 0 
5 -829 -702 0 
672 -384 327 0 
124 613 -765 0 
58 -980 621 0 
873 20 217 0 
476 927 61 0 
261 -88 -36 0 
-618 -163 472 0 
581 -10 924 0 
100 -728 88 0 
-773 174 -411 0 
976 -319 -385 0 
435 560 -981 0 
659 318 838 0 
82 991 886 0 
-873 650 906 0 
-253 -70 329 0 
-949 167 922 0 
127 -752 -624 0 
-854 307 -446 0 
-357 -14 364 0 
-823 -717 6 0 
7 -241 306 0 
763 101 710 0 
376 -333 800 0 
47 -808 -941 0 
-312 -171 457 0 
559 135 -591 0 
-964 703 -775 0 
918 -566 321 0 
-431 994 603 0 
-849 -762 -134 0 
306 481 -796 0 
375 577 -26 0 
-564 -59 -510 0 
584 444 -874 0 
307 -641 278 0 
842 -285 731 0 
-818 -676 -165 0 
-157 424 -297 0 
-681 691 168 0 
482 959 630 0 
539 72 78 0 
-316 -314 597 0 
970 951 472 0 
-33 960 -830 0 
-512 271 -360 0 
493 -815 217 0 
-376 758 -507 0 
971 -528 256 0 
-162 -793 699 0 
398 -126 -957 0 
52 461 -440 0 
-331 -535 -594 0 
-512 338 -990 0 
-209 503 -921 0 
-616 140 494 0 
-437 796 813 0 
-481 -302 813 0 
-428 161 768 0 
-736 -742 -93 0 
382 857 557 0 
612 -999 -599 0 
920 941 -413 0 
899 -803 -292 0 
-338 434 52 0 
-677 843 538 0 
-303 -106 548 0 
-529 375 612 0 
-104 -474 274 0 
-860 702 620 0 
357 822 454 0 
872 -925 535 0 
202 -263 456 0 
-523 139 445 0 
358 597 179 0 
-373 -170 928 0 
152 -843 420 0 
-898 -869 -368 0 
-479 750 275 0 
-137 629 724 0 
-329 767 -250 0 
406 -108 412 0 
-80 865 658 0 
-743 -150 953 0 
-847 -418 982 0 
-850 146 101 0 
263 503 746 0 
-630 551 -912 0 
633 -236 -374 0 
-729 868 513 0 
-795 687 828 0 
550 -132 -417 0 
799 537 372 0 
-455 -361 -13 0 
746 -910 222 0 
274 -146 -705 0 
776 -598 -677 0 
-729 -591 -78 0 
-139 -958 -595 0 
-222 -814 -553 0 
685 -349 252 0 
647 -953 -327 0 
-383 -663 -480 0 
-708 -126 922 0 
272 -562 153 0 
197 939 243 0 
-222 -281 -551 0 
696 -240 810 0 
-270 -444 684 0 
-482 682 49 0 
-203 -386 144 0 
-396 162 -864 0 
-526 -695 361 0 
799 -761 -442 0 
-372 -999 -811 0 
773 209 -180 0 
-534 -284 -155 0 
139 377 928 0 
398 -145 -143 0 
435 -600 71 0 
-723 939 -142 0 
-388 -838 -999 0 
-173 -302 -139 0 
-716 9 -609 0 
-762 -212 710 0 
662 -557 -983 0 
251 -94 -852 0 
-856 926 -760 0 
25 599 322 0 
-978 512 -372 0 
237 -728 10 0 
-283 576 -87 0 
-370 226 708 0 
-204 -340 -396 0 
770 -773 -639 0 
893 -812 -867 0 
150 -546 -441 0 
960 655 584 0 
-615 72 -932 0 
31 582 -954 0 
-940 -491 -508 0 
13 855 -617 0 
449 185 553 0 
-722 534 -713 0 
550 507 -979 0 
607 80 -833 0 
963 -902 -23 0 
555 -278 433 0 
-373 -273 357 0 
317 207 -519 0 
-948 436 711 0 
-901 -692 451 0 
-12 611 -666 0 
884 602 -424 0 
5 -967 861 0 
993 -174 99 0 
687 -78 128 0 
-678 743 -894 0 
583 11 -124 0 
481 -724 -264 0 
-382 64 377 0 
-490 29 148 0 
-841 1000 -595 0 
237 -517 -593 0 
597 -575 147 0 
634 515 -147 0 
-622 -476 501 0 
664 -186 190 0 
667 -822 -195 0 
-387 -171 -544 0 
676 -594 477 0 
-253 507 744 0 
-652 913 -422 0 
-131 -363 110 0 
146 22 965 0 
25 934 -15 0 
771 850 -190 0 
-856 254 78 0 
196 -819 -558 0 
877 -74 547 0 
90 984 522 0 
-789 -985 446 0 
5 -56 261 0 
-961 717 502 0 
586 -453 -773 0 
-538 500 506 0 
-97 924 746 0 
-582 -771 726 0 
-221 793 943 0 
-253 699 -146 0 
655 542 437 0 
-169 -453 810 0 
743 -4 -548 0 
-728 -255 -959 0 
-317 -551 812 0 
599 -861 623 0 
-85 -785 609 0 
-512 -433 803 0 
924 -898 -389 0 
-415 -347 574 0 
774 -632 -965 0 
2 -833 654 0 
-524 -210 -194 0 
-251 -358 979 0 
374 -224 980 0 
547 615 557 0 
-382 -427 -158 0 
-789 -343 -645 0 
600 -999 553 0 
-939 506 -34 0 
-606 880 -88 0 
-83 -99 -897 0 
665 674 16 0 
-232 -710 787 0 
763 -936 -423 0 
-613 714 -982 0 
-242 586 -949 0 
695 -192 -805 0 
486 -624 -304 0 
-22 791 550 0 
819 -968 -902 0 
-122 450 972 0 
-833 -739 930 0 
-169 824 -268 0 
-820 -688 400 0 
-527 -696 400 0 
-486 785 177 0 
-36 -99 -532 0 
866 -238 818 0 
305 -653 409 0 
-67 288 493 0 
521 -881 110 0 
-491 -213 -88 0 
454 -306 -608 0 
241 101 387 0 
164 -44 796 0 
-516 -933 -248 0 
-312 246 -141 0 
-420 328 729 0 
-891 -895 -187 0 
-643 -554 640 0 
-486 -419 560 0 
-882 -393 -823 0 
-279 -783 -843 0 
459 99 682 0 
-50 67 724 0 
-100 -638 289 0 
142 -97 -121 0 
-217 79 -606 0 
-602 -174 -523 0 
558 347 927 0 
-797 -63 -314 0 
-901 541 273 0 
582 -184 348 0 
137 237 269 0 
-527 993 -166 0 
-153 537 -827 0 
-252 867 -696 0 
-362 -480 654 0 
-823 -300 -96 0 
-467 -424 456 0 
-191 -783 822 0 
-97 201 267 0 
-851 -103 954 0 
924 474 958 0 
733 -124 -351 0 
-951 691 561 0 
-231 -150 999 0 
-80 -487 -51 0 
361 -460 490 0 
-472 -78 -476 0 
-533 319 334 0 
776 91 962 0 
497 -179 -861 0 
-53 373 -267 0 
-593 2 -759 0 
-808 -415 430 0 
-509 647 339 0 
-373 -648 995 0 
845 -177 -135 0 
-345 -528 93 0 
-324 994 298 0 
219 750 707 0 
-574 418 -118 0 
86 43 264 0 
-841 361 -719 0 
550 253 975 0 
-950 50 -137 0 
-20 896 -490 0 
726 403 -160 0 
629 348 -541 0 
846 875 726 0 
-282 509 -265 0 
320 -479 -206 0 
490 -194 936 0 
383 366 48 0 
-219 671 -312 0 
-574 -822 -529 0 
127 971 -775 0 
-369 174 -776 0 
120 -626 -973 0 
875 65 695 0 
201 -272 -48 0 
418 -146 -838 0 
779 -395 238 0 
-523 -55 193 0 
-44 -784 853 0 
644 227 856 0 
590 -247 441 0 
98 -105 507 0 
602 192 756 0 
120 990 -100 0 
600 928 274 0 
-822 21 529 0 
728 353 817 0 
951 302 626 0 
-562 326 -52 0 
84 861 496 0 
-871 -281 981 0 
803 679 -809 0 
489 646 563 0 
927 34 222 0 
844 686 678 0 
604 837 -307 0 
647 741 931 0 
-455 234 -671 0 
-83 818 252 0 
841 324 17 0 
-908 720 -613 0 
-93 498 -365 0 
-140 691 568 0 
508 21 -625 0 
-481 -786 238 0 
-941 120 -353 0 
-87 -20 242 0 
363 -12 600 0 
236 -32 814 0 
-153 -36 663 0 
-514 -324 432 0 
-106 385 -486 0 
-438 -654 -453 0 
-357 -660 53 0 
-670 475 950 0 
-11 264 331 0 
955 -216 -919 0 
-890 91 -612 0 
-309 -407 725 0 
921 -348 130 0 
-281 716 -50 0 
-289 322 640 0 
-258 -549 196 0 
609 -117 467 0 
41 -837 -925 0 
-459 -129 -353 0 
426 -192 -997 0 
-426 234 623 0 
-549 -652 375 0 
-346 576 -626 0 
803 -323 857 0 
-585 672 -343 0 
-265 -608 297 0 
-202 42 524 0 
-243 -192 -600 0 
-197 -800 -1 0 
-127 725 -289 0 
-893 932 656 0 
-597 -912 -887 0 
692 -985 -387 0 
-422 -826 -899 0 
717 -886 -292 0 
942 -19 -284 0 
-69 -903 794 0 
-371 -850 110 0 
-928 -163 -322 0 
761 665 426 0 
-297 231 902 0 
198 -85 989 0 
219 -184 175 0 
-839 350 -491 0 
-138 321 -582 0 
355 -255 -199 0 
-837 -585 95 0 
-640 186 -966 0 
65 580 204 0 
800 -229 -656 0 
799 -315 462 0 
-292 -167 61 0 
934 -803 933 0 
497 369 -273 0 
-105 236 -117 0 
208 845 723 0 
481 82 -292 0 
793 25 225 0 
388 -108 -652 0 
275 -238 -557 0 
-985 468 -374 0 
-641 -251 -68 0 
334 -752 -643 0 
-165 -283 339 0 
336 173 529 0 
802 -103 415 0 
-115 -333 -362 0 
-453 97 948 0 
828 211 -623 0 
-882 644 -352 0 
936 375 925 0 
-155 -823 697 0 
943 571 604 0 
109 -959 -362 0 
-155 -145 34 0 
-720 654 -95 0 
660 -37 163 0 
-170 874 -662 0 
-614 -17 321 0 
818 -963 -506 0 
10 164 214 0 
-827 63 -234 0 
230 313 141 0 
-490 421 -314 0 
599 43 -394 0 
961 722 436 0 
770 -712 74 0 
-856 -384 496 0 
-966 584 915 0 
-208 -95 -880 0 
-698 -304 -821 0 
157 292 -261 0 
-433 461 761 0 
225 -825 217 0 
-603 753 428 0 
-796 818 -61 0 
-711 203 -841 0 
738 -517 85 0 
-412 -413 243 0 
60 898 -550 0 
-670 100 466 0 
-529 -893 -691 0 
-504 568 -239 0 
380 -686 -670 0 
207 -225 -245 0 
-819 159 -347 0 
567 648 141 0 
-21 191 -787 0 
712 19 -485 0 
201 -666 -341 0 
-45 34 545 0 
523 673 516 0 
294 210 136 0 
128 -330 504 0 
-834 855 896 0 
-907 -419 495 0 
-624 729 707 0 
608 -364 788 0 
417 -857 -841 0 
84 270 -181 0 
614 745 -993 0 
143 -214 -261 0 
-624 -206 -521 0 
557 453 175 0 
-39 945 660 0 
-631 393 281 0 
-391 -566 -274 0 
677 386 -821 0 
280 364 -894 0 
-686 -563 -281 0 
-854 47 278 0 
966 982 -447 0 
899 540 -519 0 
369 167 742 0 
-495 -366 -563 0 
-124 111 -442 0 
-233 25 315 0 
194 803 122 0 
426 657 510 0 
26 315 -906 0 
-576 89 -803 0 
-576 965 -725 0 
-172 -533 749 0 
-984 -629 -807 0 
-105 693 579 0 
-817 507 553 0 
-665 -746 -84 0 
-897 429 664 0 
-284 397 -354 0 
941 -442 -592 0 
253 944 50 0 
206 499 659 0 
-601 963 -482 0 
537 -547 -69 0 
-101 148 327 0 
-774 28 -619 0 
-728 174 -997 0 
110 362 421 0 
256 732 -263 0 
538 779 -129 0 
-982 513 -269 0 
861 -253 203 0 
775 -891 220 0 
-624 901 -799 0 
961 727 400 0 
509 -962 741 0 
582 641 873 0 
406 466 569 0 
226 -420 225 0 
-358 -586 520 0 
-584 -963 483 0 
-941 -731 603 0 
-962 -84 -167 0 
-834 419 965 0 
-558 190 168 0 
37 170 497 0 
485 -660 882 0 
-666 163 332 0 
923 2 900 0 
-241 453 592 0 
-171 857 -186 0 
462 -616 -961 0 
-649 -158 -5 0 
828 696 23 0 
-680 -92 239 0 
-327 -417 -439 0 
549 -480 -75 0 
480 -796 -946 0 
710 -23 -889 0 
5 -17 -556 0 
925 497 -999 0 
-150 -228 -604 0 
-273 547 608 0 
-55 125 -144 0 
835 746 565 0 
624 -476 -954 0 
-538 -958 -220 0 
-565 558 370 0 
149 -692 -394 0 
227 308 -604 0 
422 -821 -534 0 
-625 286 -970 0 
740 594 907 0 
-235 -583 -855 0 
-802 782 -113 0 
-468 -46 465 0 
230 -775 -788 0 
-862 -688 576 0 
243 -810 -717 0 
377 -332 181 0 
-656 -984 -370 0 
329 470 753 0 
-123 949 270 0 
-934 -797 -380 0 
-511 185 -778 0 
-961 87 -630 0 
300 -60 24 0 
998 747 559 0 
-326 744 940 0 
-296 -453 -802 0 
262 915 707 0 
-659 958 303 0 
572 99 -184 0 
-533 825 -13 0 
284 981 460 0 
227 -747 63 0 
-346 -294 -179 0 
-766 511 -953 0 
395 -166 543 0 
983 -134 682 0 
792 -425 -283 0 
22 -466 831 0 
-120 -754 82 0 
622 188 700 0 
870 -173 986 0 
656 64 -445 0 
1000 408 865 0 
391 -393 723 0 
118 397 -338 0 
470 334 -234 0 
33 -796 594 0 
-114 406 5 0 
684 -711 51 0 
-930 -45 -975 0 
-654 -277 806 0 
228 -353 -243 0 
309 -742 621 0 
708 390 -426 0 
-94 758 -179 0 
-147 546 102 0 
83 -155 -349 0 
920 -717 -776 0 
403 303 386 0 
-367 -756 921 0 
292 599 -937 0 
760 -507 -99 0 
898 -267 204 0 
757 12 -745 0 
529 -338 -531 0 
348 663 777 0 
-507 -546 -655 0 
98 821 -834 0 
-916 681 401 0 
373 627 580 0 
829 -537 180 0 
-962 -972 103 0 
-935 -603 -646 0 
-997 751 -215 0 
614 -509 760 0 
489 371 481 0 
679 590 737 0 
-216 725 -205 0 
-297 131 910 0 
-333 36 104 0 
-880 822 99 0 
869 694 919 0 
-467 -954 443 0 
-14 -422 983 0 
442 556 -503 0 
-487 247 889 0 
-709 -238 725 0 
386 158 181 0 
947 269 -911 0 
33 532 -488 0 
493 -855 -573 0 
675 -775 835 0 
339 453 -142 0 
729 179 212 0 
693 -439 -884 0 
667 -664 -877 0 
646 226 -264 0 
282 430 528 0 
-898 -384 -412 0 
-928 -337 -820 0 
12 -152 -969 0 
-509 397 -116 0 
-547 -8 -115 0 
-309 199 -521 0 
97 -228 -830 0 
-706 829 677 0 
-655 246 828 0 
375 -793 -5 0 
-452 -639 -441 0 
-364 -744 471 0 
-924 -61 -223 0 
784 -443 -178 0 
757 799 -801 0 
34 295 -374 0 
695 429 -232 0 
-697 -873 -817 0 
746 303 -585 0 
-982 890 -514 0 
-303 -58 426 0 
-28 -852 -361 0 
401 -426 851 0 
813 487 -638 0 
-125 41 -699 0 
-654 850 -462 0 
125 896 -412 0 
-697 826 281 0 
-930 -145 -183 0 
-545 365 524 0 
232 -942 170 0 
536 -260 -676 0 
160 416 204 0 
-166 781 634 0 
-420 891 11 0 
-437 783 -356 0 
820 670 -725 0 
-561 -31 465 0 
378 896 891 0 
21 -211 -7 0 
392 368 -63 0 
-517 663 53 0 
-943 174 661 0 
-279 -559 -704 0 
289 915 -665 0 
-634 -166 122 0 
-282 384 872 0 
-470 245 572 0 
-717 359 199 0 
-972 993 -922 0 
952 -83 -442 0 
985 515 -291 0 
-25 957 576 0 
249 621 -745 0 
213 -189 -609 0 
-880 654 744 0 
201 664 -21 0 
407 -526 842 0 
-359 206 348 0 
975 -702 -873 0 
-950 258 193 0 
-940 -396 33 0 
-239 489 955 0 
-783 937 -147 0 
-87 -586 940 0 
-606 -696 786 0 
747 177 -538 0 
-618 -686 1 0 
442 -803 -476 0 
992 -27 -953 0 
-558 831 -746 0 
245 113 -816 0 
-131 -741 134 0 
359 -113 866 0 
7 -287 -494 0 
-871 647 460 0 
733 -850 -454 0 
952 -297 719 0 
-224 864 -290 0 
-529 991 547 0 
-47 -25 -140 0 
280 -845 948 0 
-443 -465 -482 0 
-805 814 724 0 
975 480 939 0 
212 854 185 0 
452 910 915 0 
-451 490 -48 0 
32 817 347 0 
-267 405 -41 0 
294 994 482 0 
-649 670 -893 0 
-338 -722 592 0 
-375 255 -874 0 
-491 -462 300 0 
-272 526 -651 0 
535 158 676 0 
-442 -918 889 0 
-782 49 -60 0 
842 -73 -219 0 
666 -356 -565 0 
-152 -56 -518 0 
578 -82 -407 0 
31 -416 -659 0 
-413 992 215 0 
-806 722 295 0 
892 270 -12 0 
-718 760 -109 0 
-888 537 -365 0 
-708 -615 9 0 
-605 -362 486 0 
-455 655 440 0 
50 -435 -92 0 
194 -358 740 0 
775 717 -703 0 
-431 148 -960 0 
312 -527 950 0 
-581 557 590 0 
509 988 484 0 
591 -93 79 0 
-386 -293 -840 0 
840 -208 -760 0 
96 667 126 0 
-205 448 572 0 
203 -934 -984 0 
669 260 607 0 
-339 -36 -756 0 
355 -254 -708 0 
-352 -928 -547 0 
544 -367 36 0 
190 -846 988 0 
-939 -113 -695 0 
-72 964 -10 0 
-851 453 600 0 
583 489 597 0 
407 449 -702 0 
-100 -153 202 0 
-573 -961 -301 0 
-647 -264 250 0 
-485 832 -804 0 
486 -772 -262 0 
-838 769 365 0 
-606 -896 -289 0 
693 138 827 0 
-721 956 -785 0 
-783 346 -250 0 
-333 -684 556 0 
-380 919 216 0 
91 -170 720 0 
604 871 -180 0 
50 985 817 0 
-796 760 -183 0 
-936 829 -57 0 
25 555 160 0 
-64 657 -135 0 
535 -818 -852 0 
-114 72 -535 0 
-52 757 -816 0 
-721 -916 -991 0 
514 -324 -241 0 
410 797 414 0 
-281 -329 -67 0 
-132 803 783 0 
970 427 -975 0 
190 -37 422 0 
946 -213 -106 0 
617 -497 449 0 
923 104 -82 0 
778 -871 55 0 
-658 244 305 0 
623 191 156 0 
-523 -932 371 0 
-892 -678 22 0 
-739 -886 845 0 
-532 134 -646 0 
-588 -877 511 0 
372 -972 532 0 
-318 197 567 0 
-219 -30 -326 0 
-234 -951 552 0 
-460 -912 -204 0 
-795 -695 361 0 
-211 -395 334 0 
690 875 906 0 
-863 -164 -236 0 
-321 256 -825 0 
-287 -309 285 0 
842 452 778 0 
-718 133 301 0 
215 -342 -137 0 
-181 -572 282 0 
-175 516 809 0 
833 -132 -317 0 
988 118 399 0 
897 -841 -15 0 
-275 224 852 0 
-90 764 643 0 
-905 -455 185 0 
100 684 872 0 
336 -458 -301 0 
267 -974 -305 0 
653 -112 -769 0 
-959 161 -298 0 
593 362 -109 0 
-509 -947 -844 0 
362 -742 -576 0 
461 111 -616 0 
-295 327 -625 0 
998 -453 -640 0 
-213 -106 739 0 
-671 311 -346 0 
-521 617 -143 0 
-590 -187 -4 0 
-710 912 967 0 
-97 853 735 0 
41 544 -218 0 
233 673 871 0 
-899 -192 337 0 
-119 -335 235 0 
237 -731 -590 0 
-968 742 102 0 
-635 -697 -199 0 
201 463 -527 0 
912 -788 -50 0 
376 446 64 0 
-69 -983 95 0 
540 -796 -518 0 
-964 -933 129 0 
-17 -70 132 0 
-419 239 812 0 
679 -339 -233 0 
-629 -612 608 0 
376 -23 866 0 
27 -244 975 0 
805 -132 135 0 
78 -21 -342 0 
-485 990 944 0 
275 -457 424 0 
-782 984 -788 0 
946 -816 190 0 
281 570 399 0 
-448 785 494 0 
799 197 704 0 
676 871 -992 0 
-138 -517 819 0 
493 -561 -840 0 
-728 595 -669 0 
-636 -295 415 0 
634 -274 -719 0 
324 -775 -939 0 
-308 722 -370 0 
-289 903 846 0 
-403 407 111 0 
520 -827 -768 0 
-414 -608 -754 0 
94 -89 -201 0 
812 -982 -874 0 
195 -152 -498 0 
-771 397 -212 0 
-906 925 -915 0 
796 539 -639 0 
157 -971 -931 0 
437 374 -513 0 
-524 992 673 0 
-604 -842 391 0 
-724 -21 648 0 
-213 919 515 0 
80 898 -143 0 
-46 418 743 0 
698 900 -677 0 
-414 -996 165 0 
89 288 575 0 
669 -895 531 0 
-569 940 -928 0 
828 599 -703 0 
719 -750 -42 0 
851 -557 -195 0 
224 -152 -827 0 
775 -293 625 0 
548 442 -114 0 
459 142 -956 0 
322 122 -227 0 
418 -988 -263 0 
95 623 519 0 
-825 983 -994 0 
-887 901 -361 0 
270 360 193 0 
889 -742 -836 0 
195 650 357 0 
740 631 -771 0 
-363 812 596 0 
-13 -935 226 0 
-159 525 668 0 
-614 -266 -160 0 
-526 810 -918 0 
-423 506 -33 0 
747 841 -347 0 
-5 -345 285 0 
318 -735 -222 0 
-954 -79 185 0 
450 141 -379 0 
717 473 -461 0 
957 913 -517 0 
419 -401 212 0 
565 -331 -82 0 
-509 -794 607 0 
189 292 261 0 
-439 -923 -782 0 
507 -112 737 0 
-357 300 738 0 
166 -400 743 0 
417 -695 -894 0 
-313 -230 872 0 
-159 -949 -71 0 
335 263 -488 0 
847 -368 915 0 
274 732 224 0 
881 -380 506 0 
911 -176 366 0 
-205 488 630 0 
346 -153 562 0 
-298 -531 -364 0 
648 -804 -10 0 
-264 826 758 0 
129 -181 667 0 
824 -201 -88 0 
976 -778 424 0 
782 -390 243 0 
-977 525 184 0 
-807 619 -422 0 
31 -846 -827 0 
-754 63 -920 0 
282 431 123 0 
-138 -669 171 0 
916 -781 448 0 
-704 -580 839 0 
816 515 -918 0 
691 705 541 0 
720 -552 91 0 
-716 857 172 0 
-3 -991 -227 0 
-436 -360 -507 0 
-498 521 164 0 
185 -957 86 0 
983 -853 273 0 
190 -877 -516 0 
215 -297 -850 0 
-705 -667 -638 0 
590 -894 -222 0 
-857 -580 243 0 
-213 541 148 0 
-972 98 99 0 
-245 -832 618 0 
773 -240 45 0 
-41 680 -180 0 
102 -28 711 0 
-798 114 -958 0 
161 -325 200 0 
126 475 839 0 
-707 -593 -254 0 
-303 -786 548 0 
825 227 910 0 
899 -396 -777 0 
369 -627 -781 0 
-434 -481 941 0 
-193 607 -414 0 
-344 445 258 0 
-237 -776 -23 0 
320 583 459 0 
-526 -25 317 0 
-913 762 769 0 
-287 106 -169 0 
-420 -463 -419 0 
939 72 273 0 
826 -634 -533 0 
-284 507 512 0 
146 -850 851 0 
976 -594 -694 0 
-631 698 176 0 
308 -704 351 0 
80 -974 -7 0 
48 808 -635 0 
-386 254 -725 0 
434 153 -705 0 
293 851 638 0 
130 -938 -409 0 
-226 492 -139 0 
-546 -386 -651 0 
-736 -544 -256 0 
-280 303 488 0 
-410 -198 -502 0 
246 73 939 0 
-739 -943 -873 0 
887 616 2 0 
327 -485 595 0 
-753 -409 -893 0 
555 727 -678 0 
-961 -83 975 0 
-385 -830 557 0 
-979 -135 988 0 
-521 152 942 0 
931 -34 -908 0 
28 193 -667 0 
843 -277 57 0 
499 -493 116 0 
407 -324 -228 0 
179 25 419 0 
670 978 449 0 
-361 906 -4 0 
172 -305 992 0 
984 -197 -969 0 
-575 61 911 0 
-601 758 -383 0 
72 957 388 0 
745 635 589 0 
-168 -731 -586 0 
83 273 -328 0 
-762 -83 -65 0 
-782 312 -448 0 
-913 -760 867 0 
101 -612 -607 0 
-668 -513 788 0 
448 896 -732 0 
-739 -306 670 0 
842 525 129 0 
19 -338 236 0 
557 535 -696 0 
428 -228 237 0 
-382 -865 797 0 
706 -992 72 0 
744 574 -20 0 
331 -419 -969 0 
876 -615 72 0 
906 -737 768 0 
-120 400 557 0 
871 -251 -262 0 
-329 -16 778 0 
526 86 -11 0 
918 -952 -282 0 
-128 -120 397 0 
609 -29 -316 0 
888 839 -779 0 
125 859 -144 0 
230 966 -439 0 
491 902 390 0 
300 474 -598 0 
-559 342 -994 0 
-782 -652 -391 0 
-385 -276 -143 0 
-27 -804 145 0 
-435 -403 -261 0 
312 458 762 0 
-953 -736 -696 0 
-188 -78 145 0 
-801 -68 267 0 
-158 860 -877 0 
930 981 276 0 
426 -406 559 0 
-44 -526 855 0 
-446 37 905 0 
-797 272 596 0 
-776 754 345 0 
-930 462 -859 0 
-828 -374 27 0 
450 -254 -758 0 
795 150 -409 0 
-880 -218 -272 0 
476 -553 -990 0 
-677 -879 417 0 
472 -730 421 0 
-614 526 -681 0 
578 -283 -790 0 
639 -264 -161 0 
730 -329 -253 0 
-599 161 -656 0 
-37 644 756 0 
172 769 -607 0 
-750 43 -382 0 
-13 899 -243 0 
-570 351 -31 0 
226 61 25 0 
570 -106 567 0 
947 630 -187 0 
-9 944 105 0 
-688 -754 -832 0 
852 -863 834 0 
693 -904 369 0 
338 809 290 0 
-522 535 354 0 
992 -619 150 0 
-896 -277 215 0 
-875 944 -855 0 
97 -350 489 0 
536 -613 -980 0 
-310 -73 -753 0 
754 696 559 0 
506 -344 -737 0 
210 -223 937 0 
125 66 -561 0 
-859 -300 768 0 
793 948 765 0 
384 325 -546 0 
800 643 -242 0 
-651 -752 -23 0 
-717 471 -590 0 
-805 494 961 0 
151 354 999 0 
486 649 483 0 
765 -556 131 0 
-963 140 -773 0 
954 39 -482 0 
-499 -294 -273 0 
825 172 -765 0 
-59 507 -79 0 
-40 -508 522 0 
-333 274 851 0 
-907 -897 750 0 
-166 -125 427 0 
955 990 570 0 
-280 172 190 0 
-982 297 301 0 
223 238 -579 0 
-993 -981 86 0 
-902 -288 115 0 
947 204 -22 0 
-635 709 -970 0 
-815 -274 -891 0 
929 -598 4 0 
341 853 277 0 
-634 288 -137 0 
195 -463 -367 0 
426 434 -733 0 
604 779 176 0 
663 -684 712 0 
494 183 -225 0 
11 885 -439 0 
-166 617 792 0 
78 466 435 0 
-43 -884 398 0 
-889 335 39 0 
450 -864 556 0 
-589 528 893 0 
930 -944 371 0 
-377 -444 -741 0 
509 -421 -879 0 
560 -66 -624 0 
-917 -648 709 0 
-384 564 339 0 
-606 780 -872 0 
-446 -332 407 0 
-304 -921 -44 0 
-3 -443 696 0 
915 341 -124 0 
851 630 -561 0 
350 495 735 0 
-196 -525 -865 0 
-932 802 -12 0 
-43 -958 380 0 
193 -69 -771 0 
-823 630 -767 0 
661 702 663 0 
998 173 878 0 
-112 910 14 0 
-472 -624 569 0 
680 -268 916 0 
-265 -41 -867 0 
-323 -453 700 0 
355 204 482 0 
-611 -554 956 0 
622 -286 749 0 
862 39 -961 0 
-743 680 797 0 
-953 -242 -129 0 
771 -427 737 0 
-65 -769 -14 0 
-678 -922 -807 0 
40 731 -286 0 
420 208 -513 0 
865 729 -436 0 
-665 510 -428 0 
-331 -969 599 0 
-977 -753 861 0 
-750 -712 147 0 
-3 490 -128 0 
-783 -401 -598 0 
-361 -398 936 0 
239 833 592 0 
816 644 -722 0 
-637 -662 424 0 
771 -201 957 0 
-353 -336 -282 0 
-567 -670 511 0 
586 -383 -410 0 
-332 141 835 0 
-477 603 -752 0 
953 463 509 0 
-153 -992 805 0 
681 671 -813 0 
745 357 -800 0 
-191 456 -469 0 
-490 926 -437 0 
-821 -320 -930 0 
683 515 282 0 
246 -520 353 0 
199 377 -834 0 
-674 391 741 0 
-629 717 -664 0 
-235 603 -74 0 
302 575 786 0 
-565 974 602 0 
-106 -971 -166 0 
721 946 442 0 
-94 -963 206 0 
832 -222 -828 0 
542 735 787 0 
934 -30 -28 0 
-191 -473 170 0 
805 -604 -498 0 
902 -549 361 0 
69 929 15 0 
-413 -200 -68 0 
139 -404 629 0 
382 586 -88 0 
-901 61 340 0 
150 -216 563 0 
-931 -581 377 0 
178 936 852 0 
956 919 189 0 
610 768 -724 0 
-770 -826 -325 0 
537 887 -764 0 
117 -239 -958 0 
-24 -701 -548 0 
-7 -908 254 0 
507 -342 -991 0 
242 97 277 0 
830 -906 -975 0 
-483 579 733 0 
-201 909 -849 0 
435 -955 -242 0 
-656 273 882 0 
-506 611 -351 0 
567 544 -951 0 
-313 -348 986 0 
-984 -436 760 0 
-151 124 544 0 
616 -858 -479 0 
82 -768 463 0 
-413 -343 130 0 
822 -307 113 0 
-391 757 823 0 
-541 -939 -433 0 
-428 -205 -385 0 
-121 -984 892 0 
-416 -270 207 0 
235 596 -961 0 
-892 -919 -130 0 
-520 -826 856 0 
-557 901 -874 0 
-566 694 70 0 
-806 -555 273 0 
-664 335 351 0 
-813 -837 -240 0 
-18 -959 -718 0 
539 657 -39 0 
-317 -79 -491 0 
-483 691 -344 0 
296 774 388 0 
-337 -140 -276 0 
-702 252 -774 0 
-973 -512 -672 0 
520 438 -331 0 
-3 94 85 0 
-734 512 237 0 
-745 -278 912 0 
163 593 230 0 
-410 -442 -265 0 
-358 607 -369 0 
-9 -88 216 0 
-219 236 859 0 
-990 -914 -414 0 
-899 -873 -910 0 
868 -401 564 0 
152 696 703 0 
666 656 691 0 
975 988 73 0 
-598 263 -544 0 
-610 25 -83 0 
-342 535 406 0 
538 381 744 0 
-413 -134 -627 0 
-71 311 306 0 
-528 106 110 0 
68 485 -20 0 
-50 965 -372 0 
-103 830 -397 0 
-569 -809 399 0 
940 -77 201 0 
288 519 -584 0 
28 -863 539 0 
106 -869 469 0 
-379 663 31 0 
-275 -40 -413 0 
39 -731 -422 0 
235 -825 560 0 
-954 -617 -358 0 
-933 237 330 0 
-235 657 -838 0 
-382 312 -299 0 
182 650 -60 0 
-744 466 525 0 
81 264 498 0 
702 -53 -568 0 
68 209 -158 0 
-122 -39 337 0 
755 -256 259 0 
833 -533 -646 0 
-190 -34 -337 0 
-324 39 -709 0 
3 -972 -826 0 
815 605 -907 0 
842 322 -608 0 
-894 502 556 0 
-920 102 384 0 
971 664 -205 0 
-839 -741 905 0 
-103 540 883 0 
-292 -5 49 0 
719 -596 656 0 
404 -279 -801 0 
-281 -36 634 0 
-256 -951 -627 0 
886 -584 196 0 
445 -805 -195 0 
-392 -727 408 0 
-3 -268 12 0 
-54 386 -239 0 
892 -782 -242 0 
84 -588 -443 0 
-727 586 -250 0 
801 608 731 0 
321 -648 -220 0 
-952 970 812 0 
-915 946 -736 0 
478 -823 -609 0 
-171 -247 -276 0 
-343 698 -810 0 
-396 884 -582 0 
803 711 -148 0 
24 984 880 0 
458 -78 585 0 
-241 328 13 0 
-13 670 822 0 
-340 -63 721 0 
482 568 -553 0 
131 775 -864 0 
-375 -558 -253 0 
395 389 466 0 
-343 -102 999 0 
-879 561 347 0 
-382 147 -123 0 
203 525 655 0 
809 447 583 0 
-101 881 -633 0 
-216 -678 749 0 
-293 217 198 0 
-737 731 612 0 
69 883 60 0 
-495 -897 819 0 
-173 -897 -962 0 
-783 -11 -693 0 
-831 -171 -833 0 
-32 717 244 0 
680 224 543 0 
140 -169 -300 0 
153 -1 164 0 
-330 456 931 0 
-994 -353 -754 0 
77 609 863 0 
-123 383 350 0 
-120 86 237 0 
187 155 -949 0 
259 -864 345 0 
-800 -701 997 0 
-388 -844 162 0 
-184 958 -511 0 
-369 -984 577 0 
-639 472 -420 0 
393 -286 -589 0 
-753 -820 996 0 
-265 -465 -598 0 
-169 -252 136 0 
296 738 -619 0 
494 891 646 0 
851 857 -390 0 
427 455 -291 0 
767 -148 -571 0 
-192 759 321 0 
872 401 -389 0 
609 -696 317 0 
-902 111 861 0 
-378 63 -103 0 
987 179 345 0 
-160 -158 -333 0 
-156 739 -420 0 
-375 659 905 0 
-493 -310 524 0 
-501 38 -751 0 
999 -947 -998 0 
-677 640 -563 0 
-654 -141 -711 0 
-2 -709 714 0 
-983 303 589 0 
985 666 -781 0 
-904 -937 -697 0 
-397 -665 -703 0 
-558 -525 -56 0 
294 -24 -139 0 
-820 -678 414 0 
-419 864 605 0 
-309 -547 438 0 
-842 -584 -633 0 
362 234 -546 0 
-180 325 -272 0 
981 -873 520 0 
-35 70 9 0 
137 -637 -9 0 
-882 715 -966 0 
-666 -280 -499 0 
593 74 761 0 
290 898 -978 0 
716 -106 -865 0 
405 -682 -948 0 
-675 -551 925 0 
-330 706 -54 0 
-465 231 -119 0 
-787 -83 -297 0 
483 9 452 0 
-12 -373 996 0 
903 -237 -159 0 
600 -355 882 0 
179 524 668 0 
-734 -867 261 0 
989 -47 -305 0 
53 -813 398 0 
448 -520 -69 0 
-529 314 644 0 
-874 492 652 0 
-105 -259 -546 0 
938 883 -175 0 
387 -84 -954 0 
-850 96 478 0 
350 912 -919 0 
-356 -572 -621 0 
-606 807 936 0 
-335 -829 -840 0 
-9 555 381 0 
-328 -789 -955 0 
643 -675 615 0 
-766 647 518 0 
-904 -29 -590 0 
207 739 845 0 
-45 177 -225 0 
-557 700 -784 0 
706 354 319 0 
-135 149 497 0 
727 413 334 0 
-551 79 -90 0 
-978 462 918 0 
609 619 -985 0 
184 -404 74 0 
308 -667 -893 0 
-158 357 -844 0 
-536 -744 -285 0 
401 309 981 0 
-504 156 -931 0 
278 227 414 0 
963 -79 -537 0 
374 654 121 0 
360 -260 520 0 
142 575 -367 0 
149 -69 -461 0 
-744 -461 549 0 
784 712 -944 0 
551 -393 -13 0 
321 522 -192 0 
-521 -556 258 0 
-440 721 -711 0 
-802 935 -703 0 
-98 -128 532 0 
116 826 -288 0 
762 -109 185 0 
-312 -483 -605 0 
-462 -596 638 0 
-75 -270 400 0 
188 -433 1 0 
556 -166 613 0 
-736 -561 504 0 
-965 -272 -295 0 
-704 -608 -451 0 
582 -5 -65 0 
316 -632 327 0 
-566 839 -413 0 
-534 -267 -756 0 
620 -919 36 0 
-183 607 -572 0 
119 -328 -262 0 
597 514 -857 0 
-259 -705 161 0 
197 11 -230 0 
-58 -278 -400 0 
-134 933 993 0 
-576 -288 -830 0 
-934 -804 678 0 
-171 353 -804 0 
-884 -901 -120 0 
402 389 166 0 
811 901 265 0 
414 -326 -389 0 
-892 -885 -590 0 
-303 126 500 0 
-845 -181 -803 0 
-516 519 438 0 
-681 136 -298 0 
497 423 820 0 
341 -376 603 0 
-470 -406 856 0 
-544 -418 -653 0 
332 -219 386 0 
461 249 -828 0 
-283 -941 674 0 
-775 -479 831 0 
-845 965 -291 0 
721 -510 150 0 
335 -949 724 0 
987 -67 541 0 
-718 680 399 0 
23 -200 -544 0 
586 -651 -913 0 
-246 -41 971 0 
-149 -313 767 0 
-221 -241 -247 0 
-703 -275 533 0 
307 25 987 0 
-128 522 56 0 
-46 850 -209 0 
924 -679 -934 0 
-364 -373 -481 0 
-633 240 -919 0 
650 -66 632 0 
177 262 404 0 
-364 795 -218 0 
200 324 -832 0 
506 -707 840 0 
-592 322 -800 0 
-830 -483 -515 0 
-148 -259 149 0 
898 -517 102 0 
-800 790 419 0 
-509 -644 -917 0 
942 51 789 0 
-735 339 647 0 
737 786 -586 0 
-29 -3 579 0 
-305 -1000 -383 0 
81 -91 289 0 
-339 -542 -861 0 
-456 894 -422 0 
-327 -901 55 0 
-661 709 880 0 
534 803 -765 0 
261 901 -454 0 
-798 -450 534 0 
898 -13 -230 0 
937 571 -468 0 
-826 -948 -658 0 
138 -339 156 0 
283 441 -165 0 
338 -36 663 0 
332 400 -679 0 
280 -481 -553 0 
-779 878 -770 0 
-133 848 148 0 
-693 180 756 0 
-805 -424 -149 0 
478 -223 -162 0 
-647 -924 -245 0 
-397 213 776 0 
-126 -311 554 0 
-344 329 176 0 
-638 87 -495 0 
148 -204 223 0 
-790 484 -406 0 
37 29 684 0 
-60 449 444 0 
-424 128 -999 0 
-572 710 100 0 
-606 734 -331 0 
-617 242 512 0 
-285 785 548 0 
-750 -517 -964 0 
838 -727 176 0 
593 -541 177 0 
748 -32 -592 0 
-215 -880 -717 0 
785 313 218 0 
-31 -717 523 0 
-832 -517 -710 0 
-143 429 -440 0 
795 229 928 0 
-477 223 -916 0 
-309 830 -633 0 
100 715 -318 0 
-127 955 844 0 
354 517 -263 0 
-538 375 981 0 
-347 -780 -58 0 
-576 521 -333 0 
784 -389 422 0 
564 -737 109 0 
69 -94 774 0 
-258 690 -740 0 
-99 281 -282 0 
-33 397 -455 0 
-768 181 372 0 
-392 67 407 0 
907 -387 -405 0 
309 -573 927 0 
-61 624 -979 0 
220 48 -721 0 
-360 -398 928 0 
-390 -146 -239 0 
53 202 -817 0 
901 350 -520 0 
982 -795 754 0 
565 -597 -536 0 
-170 746 520 0 
832 -678 523 0 
462 506 184 0 
663 207 807 0 
-885 122 -564 0 
896 224 -783 0 
753 -611 195 0 
461 594 -851 0 
199 -232 -59 0 
-849 -459 -122 0 
-310 -615 -625 0 
-572 -373 -919 0 
76 586 -303 0 
-54 -373 64 0 
653 -772 -36 0 
617 24 -938 0 
856 -879 303 0 
-196 318 -634 0 
987 72 -471 0 
-687 749 -268 0 
803 -964 373 0 
-244 -242 836 0 
-191 412 571 0 
-295 -984 -24 0 
748 -248 -441 0 
-184 514 -444 0 
824 881 335 0 
880 294 -264 0 
-239 630 -113 0 
-159 -282 89 0 
212 -907 -754 0 
-561 -977 429 0 
-456 -990 -226 0 
-756 -290 452 0 
345 591 389 0 
126 -778 -235 0 
-534 368 616 0 
492 544 -846 0 
403 108 -30 0 
839 -107 -708 0 
-386 880 961 0 
763 638 -429 0 
843 112 797 0 
-499 -956 665 0 
613 -673 786 0 
-269 302 -685 0 
337 -399 910 0 
-691 742 -302 0 
924 -409 -641 0 
-76 -296 315 0 
-162 -694 -427 0 
-798 619 -905 0 
-228 -819 -579 0 
124 666 -626 0 
65 166 19 0 
-321 56 -577 0 
368 -376 614 0 
941 508 151 0 
745 589 184 0 
-272 -478 -253 0 
845 -768 -839 0 
-893 224 -213 0 
762 904 -994 0 
684 -522 -440 0 
-50 785 -97 0 
-779 -676 -895 0 
916 -530 526 0 
-735 -837 -378 0 
524 -698 -32 0 
891 -318 -742 0 
-599 655 792 0 
526 396 -485 0 
-979 -859 -702 0 
-245 870 -386 0 
-702 -459 688 0 
-906 453 -700 0 
-35 -626 996 0 
-80 -363 46 0 
-801 -730 -279 0 
-258 -735 16 0 
-547 111 745 0 
-399 913 -643 0 
-317 -27 357 0 
407 -254 498 0 
-485 282 -90 0 
-267 -431 576 0 
411 -826 -483 0 
622 -44 -806 0 
-525 311 -430 0 
705 578 245 0 
599 71 -837 0 
-529 -385 -704 0 
-9 -200 117 0 
-942 560 -389 0 
183 406 -542 0 
-362 -710 -221 0 
327 -520 -320 0 
-624 -814 772 0 
741 -66 524 0 
399 -438 -221 0 
147 235 34 0 
-572 844 -901 0 
817 -573 -321 0 
250 67 -669 0 
592 -6 461 0 
166 560 -618 0 
504 868 -385 0 
897 795 -836 0 
536 156 238 0 
-159 703 37 0 
122 -678 -944 0 
-443 -606 -312 0 
-488 -428 32 0 
928 -57 230 0 
-453 450 -423 0 
810 137 -862 0 
-211 -472 -440 0 
-242 67 -550 0 
469 185 248 0 
-594 848 148 0 
509 -98 691 0 
757 861 452 0 
701 845 -233 0 
-283 -958 -391 0 
-232 -785 321 0 
-761 -795 729 0 
-239 -592 -564 0 
-947 345 -64 0 
389 -948 202 0 
-493 155 -408 0 
-289 324 -645 0 
-690 585 442 0 
415 -620 11 0 
64 -711 -680 0 
222 -209 -337 0 
671 106 -281 0 
-428 -151 847 0 
302 263 -22 0 
371 821 202 0 
-441 -158 -644 0 
629 504 -297 0 
727 -659 -640 0 
-215 115 231 0 
979 -590 -385 0 
-35 -184 -805 0 
-650 -875 845 0 
-999 -708 993 0 
4 638 975 0 
231 -508 546 0 
171 94 767 0 
-340 284 23 0 
-422 682 -549 0 
970 929 744 0 
-305 142 -802 0 
-770 -323 -853 0 
124 429 723 0 
103 -609 -529 0 
817 -762 -286 0 
-316 -17 -760 0 
-684 -666 -465 0 
326 755 -742 0 
-644 269 -775 0 
-127 -606 929 0 
-162 319 -455 0 
218 689 234 0 
320 626 66 0 
-456 283 50 0 
-155 927 204 0 
-406 619 82 0 
690 264 -240 0 
806 375 -485 0 
695 819 -929 0 
500 -950 34 0 
928 -175 -503 0 
-837 501 445 0 
423 -567 412 0 
554 186 500 0 
162 947 -528 0 
-856 15 322 0 
57 615 -7 0 
100 597 799 0 
292 440 -161 0 
244 539 185 0 
-468 898 -513 0 
885 -516 -745 0 
-527 -233 850 0 
-416 -34 -562 0 
-253 -639 -695 0 
-408 -145 767 0 
-906 732 564 0 
113 794 -627 0 
874 -324 -16 0 
-912 -555 -413 0 
-13 79 -130 0 
-58 846 351 0 
451 656 -643 0 
-560 -357 -756 0 
-325 46 958 0 
823 876 -337 0 
532 344 -451 0 
785 990 -755 0 
857 -441 152 0 
574 -432 -679 0 
-336 640 385 0 
7 -253 210 0 
-405 -170 860 0 
538 -741 -757 0 
31 909 851 0 
942 430 -425 0 
560 -882 -624 0 
-772 158 -900 0 
467 -352 684 0 
528 -93 381 0 
-231 756 517 0 
205 -997 330 0 
-11 866 -139 0 
334 -810 455 0 
-495 -556 351 0 
-672 641 -429 0 
991 802 -234 0 
-689 -438 757 0 
-489 106 -409 0 
387 -969 319 0 
113 85 -158 0 
9 489 -666 0 
-382 878 -82 0 
660 -484 296 0 
428 -445 694 0 
-449 -185 989 0 
-571 -261 642 0 
938 436 -154 0 
-975 691 118 0 
-629 -395 188 0 
270 -6 -206 0 
676 409 -543 0 
-342 -776 504 0 
652 -698 -78 0 
-995 426 -997 0 
-84 -531 142 0 
842 -538 959 0 
-506 269 138 0 
727 -798 -813 0 
48 254 991 0 
-846 -2 -793 0 
840 -282 35 0 
294 -263 248 0 
611 934 825 0 
402 693 -703 0 
-781 -994 -653 0 
-729 734 371 0 
974 327 89 0 
914 -405 -372 0 
-368 577 748 0 
-542 -40 -703 0 
-24 146 541 0 
-433 -679 87 0 
-178 991 296 0 
-544 -758 -521 0 
-190 -525 -850 0 
106 -535 -926 0 
-470 157 416 0 
941 516 -963 0 
-31 580 365 0 
-185 839 645 0 
75 59 985 0 
352 -657 202 0 
-99 962 213 0 
-400 189 713 0 
-596 -483 -450 0 
-93 -713 390 0 
-749 556 252 0 
592 -67 -452 0 
398 732 -545 0 
-544 533 -105 0 
352 4 635 0 
619 -968 221 0 
-535 373 -524 0 
-691 25 488 0 
782 -623 -436 0 
969 442 236 0 
-807 -654 720 0 
-374 -303 915 0 
274 770 583 0 
-835 846 622 0 
192 377 -72 0 
170 -473 -188 0 
-252 -142 998 0 
-58 217 -421 0 
362 -698 458 0 
36 -523 -713 0 
486 532 425 0 
-184 359 -263 0 
-313 578 536 0 
160 146 448 0 
-48 600 540 0 
946 -570 251 0 
620 -525 -685 0 
-289 -818 -773 0 
312 37 745 0 
160 435 260 0 
-419 -270 912 0 
-642 -603 -693 0 
-859 -659 825 0 
-905 900 -649 0 
231 -690 342 0 
-81 -43 -562 0 
-259 -752 961 0 
-829 178 853 0 
378 385 -246 0 
-679 -239 -391 0 
-398 -963 503 0 
-820 969 129 0 
249 586 285 0 
-6 -574 -676 0 
-31 -654 -958 0 
-767 445 762 0 
-493 -946 211 0 
-766 94 -739 0 
876 -166 369 0 
-936 82 -124 0 
-366 -815 -480 0 
788 189 135 0 
268 -645 196 0 
833 -467 525 0 
-117 359 -470 0 
701 -978 -352 0 
-16 -282 137 0 
-469 566 861 0 
-562 -802 645 0 
-652 -914 558 0 
578 -530 327 0 
305 -160 -429 0 
-146 -860 909 0 
465 -349 336 0 
601 -7 -894 0 
-697 -418 494 0 
-629 -612 850 0 
-222 -919 -536 0 
-22 -336 299 0 
952 645 675 0 
530 604 -998 0 
654 -959 88 0 
-465 346 170 0 
638 -536 -532 0 
-43 -505 -21 0 
352 616 -354 0 
103 751 -286 0 
621 540 -238 0 
-292 209 -750 0 
331 6 52 0 
853 -495 770 0 
700 91 -578 0 
-232 -753 657 0 
52 912 737 0 
-373 167 -93 0 
565 -970 980 0 
-287 604 540 0 
-943 930 638 0 
-743 -597 147 0 
-625 679 -205 0 
69 -716 -240 0 
666 342 498 0 
186 -811 703 0 
293 -549 595 0 
214 -381 116 0 
-283 487 -621 0 
19 112 -860 0 
93 275 937 0 
999 635 -540 0 
-642 109 -486 0 
23 144 707 0 
105 -220 -163 0 
646 -514 21 0 
-209 -163 -815 0 
-480 182 -953 0 
216 761 -452 0 
-34 -847 857 0 
-306 -765 427 0 
-484 355 201 0 
-126 -355 -321 0 
375 -210 635 0 
-800 274 950 0 
519 133 981 0 
-210 -733 -416 0 
380 13 -397 0 
-390 -585 862 0 
596 -465 -953 0 
910 -628 652 0 
-887 -866 -803 0 
-959 434 -766 0 
79 795 -480 0 
-582 -419 -989 0 
341 61 -560 0 
-973 632 -326 0 
961 767 -282 0 
-676 687 -586 0 
44 -171 13 0 
-654 574 932 0 
994 406 550 0 
689 540 421 0 
771 885 571 0 
877 916 702 0 
47 775 -380 0 
-781 145 -447 0 
76 -424 -61 0 
117 26 -384 0 
768 410 -76 0 
-199 -169 -407 0 
968 -692 521 0 
-713 182 908 0 
656 -278 222 0 
798 884 611 0 
938 -520 -12 0 
-90 -990 -85 0 
828 897 -492 0 
-59 -969 -16 0 
-473 686 -270 0 
-537 -69 283 0 
-226 701 -995 0 
-374 988 78 0 
-530 -287 470 0 
-678 -976 1000 0 
-107 795 720 0 
-211 -530 987 0 
832 318 -941 0 
-186 927 125 0 
626 -736 575 0 
-619 245 170 0 
647 97 99 0 
626 -503 -413 0 
-998 327 735 0 
-280 757 -160 0 
-843 -665 -89 0 
735 -649 -834 0 
485 -649 632 0 
-673 663 -741 0 
-538 428 246 0 
-239 75 -524 0 
-310 69 7 0 
-848 -618 -644 0 
171 -708 -352 0 
-709 -255 315 0 
856 -313 474 0 
455 69 -432 0 
957 -243 916 0 
604 -337 351 0 
42 -127 -664 0 
-847 945 864 0 
-365 630 602 0 
459 -192 -403 0 
-616 284 -483 0 
-447 -12 -454 0 
498 -626 -904 0 
893 -116 623 0 
-45 77 820 0 
-321 -759 319 0 
-571 -915 -169 0 
484 -441 402 0 
-945 862 -306 0 
573 630 -659 0 
287 -686 -276 0 
-435 -489 -650 0 
386 298 -680 0 
665 794 264 0 
-768 688 828 0 
520 -484 797 0 
-834 292 -623 0 
42 477 891 0 
189 -682 -84 0 
-732 -757 -903 0 
754 67 904 0 
-533 527 652 0 
-108 -439 -268 0 
223 830 969 0 
990 451 -640 0 
197 597 -333 0 
-123 -871 291 0 
856 625 -460 0 
654 999 -901 0 
818 88 919 0 
931 861 930 0 
740 611 613 0 
-168 143 -356 0 
-271 679 -551 0 
223 -377 -49 0 
273 -380 197 0 
877 -157 -205 0 
63 -114 -573 0 
550 -803 902 0 
502 -378 191 0 
619 -48 -495 0 
-135 -594 -99 0 
909 780 -379 0 
-138 -254 327 0 
-800 609 -424 0 
-947 -155 -145 0 
811 -424 856 0 
-928 -465 98 0 
58 -564 476 0 
225 -533 25 0 
-98 -367 -634 0 
-843 -285 321 0 
378 -541 587 0 
877 -657 165 0 
328 160 151 0 
-737 -948 -739 0 
237 437 -540 0 
352 -497 566 0 
579 613 912 0 
-238 -938 -996 0 
-175 -577 -857 0 
-146 -897 726 0 
-638 -608 -653 0 
677 -740 -503 0 
-359 588 900 0 
-213 644 954 0 
-122 814 -859 0 
-215 -424 764 0 
-86 -735 -795 0 
201 94 368 0 
-255 -50 989 0 
-406 744 -886 0 
822 -656 -735 0 
488 977 385 0 
-962 518 -912 0 
-613 997 84 0 
71 319 -431 0 
548 -864 651 0 
820 -877 -940 0 
-690 -877 -280 0 
-176 699 -928 0 
902 254 -435 0 
132 -434 931 0 
670 729 416 0 
797 -228 795 0 
454 211 763 0 
405 -443 -534 0 
-294 -171 177 0 
-33 694 753 0 
-945 -784 -148 0 
101 219 -6 0 
686 364 -438 0 
138 -72 130 0 
-651 19 172 0 
982 710 562 0 
-127 -418 130 0 
252 898 538 0 
857 902 598 0 
266 951 -78 0 
487 -772 658 0 
659 -81 -270 0 
-740 687 -657 0 
-204 -291 -823 0 
-553 -999 -395 0 
-948 -923 559 0 
344 302 910 0 
-11 221 189 0 
852 516 674 0 
604 -869 735 0 
29 93 845 0 
-104 -102 428 0 
707 527 86 0 
-805 -335 111 0 
-383 476 -637 0 
-796 436 314 0 
-940 -921 -90 0 
359 147 -910 0 
-215 -591 823 0 
-482 -667 -478 0 
-966 -270 -731 0 
-566 -544 -773 0 
-424 -726 -518 0 
885 -385 -152 0 
378 605 -794 0 
709 154 232 0 
17 601 44 0 
622 778 959 0 
-899 -183 -106 0 
161 201 -914 0 
-402 761 -900 0 
190 -291 524 0 
-821 -551 381 0 
461 -1000 -77 0 
-349 -996 745 0 
642 565 -13 0 
-305 391 -642 0 
-276 293 273 0 
-819 -339 -3 0 
-742 -504 -544 0 
-910 488 -608 0 
525 545 -771 0 
-487 666 -413 0 
-207 922 386 0 
-861 871 234 0 
-446 -985 -731 0 
870 31 645 0 
954 -378 -941 0 
-772 -985 -931 0 
-341 -306 762 0 
-840 809 -406 0 
-80 -502 -835 0 
506 62 298 0 
54 -81 968 0 
-201 -152 -717 0 
-862 853 -191 0 
-132 138 691 0 
112 -377 -15 0 
207 843 632 0 
355 154 854 0 
240 -631 989 0 
306 568 782 0 
578 64 234 0 
-214 823 888 0 
667 -396 462 0 
-120 -553 -54 0 
-294 892 110 0 
-256 730 973 0 
966 744 -229 0 
422 -394 -111 0 
321 352 -141 0 
616 -336 876 0 
873 -125 -905 0 
341 -285 466 0 
-35 825 -814 0 
192 856 -365 0 
679 72 -674 0 
409 131 -944 0 
-192 19 179 0 
463 452 891 0 
-472 -783 790 0 
869 494 -220 0 
82 99 675 0 
-947 321 276 0 
-879 29 949 0 
-271 -105 792 0 
616 -425 142 0 
981 144 -627 0 
-160 947 334 0 
-537 -188 804 0 
-54 528 -679 0 
170 -816 584 0 
-226 552 -61 0 
529 -741 884 0 
381 -66 -564 0 
-442 -914 -412 0 
761 216 687 0 
986 29 -70 0 
-161 842 440 0 
-381 -526 357 0 
746 760 403 0 
684 39 -649 0 
-520 897 -633 0 
687 792 -325 0 
-655 544 757 0 
95 -468 -653 0 
-50 923 129 0 
60 999 -196 0 
792 -654 196 0 
368 -743 516 0 
-368 -727 -485 0 
233 857 968 0 
-32 -737 972 0 
425 -725 -574 0 
-366 -267 -556 0 
-371 570 308 0 
136 879 603 0 
316 238 -546 0 
191 -46 82 0 
494 -219 525 0 
793 910 -52 0 
879 843 997 0 
-144 -411 471 0 
-28 803 -337 0 
-935 957 189 0 
-760 336 -891 0 
-360 748 -292 0 
468 860 -831 0 
-368 -272 -702 0 
-527 -979 834 0 
502 -742 260 0 
-586 755 -808 0 
244 22 -535 0 
-989 -466 283 0 
85 793 776 0 
347 -110 -486 0 
-74 266 208 0 
-30 -782 945 0 
93 566 161 0 
136 -420 499 0 
570 192 585 0 
-232 -218 -152 0 
-85 -484 -12 0 
977 323 802 0 
-713 -546 -217 0 
945 238 -988 0 
-99 -250 -482 0 
-456 979 -965 0 
390 -511 539 0 
-380 -197 -684 0 
-723 -586 809 0 
253 -733 63 0 
647 543 790 0 
342 -832 -642 0 
-135 362 959 0 
488 -863 -35 0 
-925 -189 672 0 
-272 103 138 0 
779 257 -514 0 
336 863 -399 0 
-707 340 809 0 
-290 -579 144 0 
648 279 -994 0 
954 130 829 0 
-447 -445 902 0 
-31 -477 -463 0 
-663 497 827 0 
-348 -883 -423 0 
645 -716 107 0 
170 -530 867 0 
-976 108 -607 0 
650 -471 -72 0 
-55 708 688 0 
439 497 -985 0 
-439 -206 -171 0 
-297 -537 518 0 
-882 -886 635 0 
-40 -734 136 0 
461 -115 284 0 
-226 -199 10 0 
-979 589 -983 0 
-544 -868 -705 0 
-982 -883 -59 0 
627 497 -479 0 
-30 370 354 0 
910 -446 648 0 
608 288 632 0 
-519 -176 -751 0 
624 -476 -150 0 
879 706 -489 0 
32 790 661 0 
-883 183 -742 0 
93 831 728 0 
692 283 -266 0 
2 731 -670 0 
101 963 123 0 
-420 -885 -118 0 
-145 -150 826 0 
-997 222 247 0 
449 244 558 0 
454 -922 825 0 
-681 131 899 0 
755 849 38 0 
-904 -249 -383 0 
147 -775 -217 0 
-839 29 990 0 
783 -617 -827 0 
950 420 842 0 
37 -730 -696 0 
482 353 -880 0 
777 -182 -989 0 
101 -416 -287 0 
836 -458 53 0 
768 791 336 0 
46 -955 809 0 
-373 135 -319 0 
-455 197 290 0 
641 -952 832 0 
-548 -350 -715 0 
-704 602 -616 0 
401 245 -183 0 
-474 936 569 0 
463 639 205 0 
-647 -891 -671 0 
-244 151 -137 0 
684 910 -561 0 
412 220 -686 0 
-318 417 934 0 
207 -231 867 0 
358 646 555 0 
924 -149 -903 0 
619 923 268 0 
-648 290 -856 0 
-342 602 747 0 
-451 -78 261 0 
348 -595 -779 0 
117 -16 851 0 
566 520 -892 0 
783 -392 451 0 
-484 383 37 0 
571 -90 686 0 
-945 -415 479 0 
500 404 986 0 
-789 -392 -3 0 
832 960 34 0 
-48 -420 59 0 
-307 130 647 0 
623 -709 -173 0 
797 445 -875 0 
-456 -591 -405 0 
-608 -586 779 0 
-582 830 963 0 
26 998 706 0 
943 -705 657 0 
-866 -799 -643 0 
-489 -906 481 0 
197 -452 506 0 
-286 240 795 0 
-993 4 109 0 
-162 249 -339 0 
-217 40 -21 0 
533 -712 352 0 
865 -837 966 0 
90 -544 761 0 
-140 473 -258 0 
-898 931 -896 0 
-914 -965 632 0 
-170 -630 -480 0 
-654 737 -937 0 
-885 622 874 0 
344 444 -289 0 
235 589 202 0 
-590 830 754 0 
-133 886 -642 0 
282 -953 69 0 
44 -880 -668 0 
-438 678 -40 0 
-416 388 -97 0 
907 832 95 0 
246 -791 239 0 
-675 10 840 0 
-952 -752 -118 0 
-42 982 -77 0 
-1000 553 -198 0 
1 -340 671 0 
-480 -112 -728 0 
395 819 990 0 
893 -612 100 0 
-582 806 -350 0 
-461 -963 -155 0 
-101 356 146 0 
90 -756 516 0 
954 -187 -379 0 
492 -359 972 0 
98 470 553 0 
-172 -739 -381 0 
634 -391 -53 0 
49 19 886 0 
-113 -687 -858 0 
-945 -644 729 0 
-48 -295 -392 0 
-914 230 499 0 
490 602 307 0 
-860 108 -731 0 
698 -981 257 0 
-159 -858 465 0 
-388 268 -75 0 
901 14 988 0 
686 -907 -819 0 
-938 -859 -607 0 
661 -50 17 0 
-223 -346 -821 0 
-952 -457 -140 0 
812 122 -219 0 
689 -303 -697 0 
274 690 624 0 
-419 -168 -766 0 
-395 349 -559 0 
996 -641 -237 0 
147 -409 -905 0 
797 -323 -518 0 
-971 -44 -993 0 
648 583 427 0 
976 519 -155 0 
868 599 584 0 
544 927 -880 0 
239 -900 354 0 
865 -190 -198 0 
-226 779 -207 0 
8 -287 633 0 
678 528 796 0 
-541 -527 468 0 
347 400 -769 0 
-895 429 612 0 
26 -857 48 0 
432 848 517 0 
-814 -802 -45 0 
864 -732 659 0 
605 -712 -822 0 
953 887 230 0 
-86 -669 849 0 
689 557 -484 0 
-116 863 344 0 
300 512 850 0 
-521 -976 823 0 
-56 960 126 0 
-492 -604 -421 0 
-529 911 711 0 
667 163 612 0 
-184 922 853 0 
134 -119 -404 0 
20 892 -829 0 
858 604 -695 0 
-8 870 423 0 
154 -614 -892 0 
-979 303 -640 0 
-786 727 446 0 
-791 -416 -698 0 
326 -50 -898 0 
19 324 -206 0 
-713 2 -662 0 
452 -406 -449 0 
945 299 -66 0 
-281 -346 -159 0 
-384 294 -680 0 
-402 -767 -171 0 
837 -864 338 0 
-304 -387 -386 0 
-191 -173 2 0 
-901 -361 279 0 
-28 144 295 0 
584 456 -128 0 
-418 -911 516 0 
-484 -221 -630 0 
208 792 52 0 
-945 -729 167 0 
-443 275 -421 0 
-210 242 93 0 
-610 -833 678 0 
-451 -92 343 0 
877 418 973 0 
500 -878 -843 0 
-892 -739 404 0 
159 982 673 0 
138 -17 -120 0 
103 -873 -388 0 
350 761 -472 0 
576 482 -264 0 
973 -434 922 0 
-741 -564 -175 0 
-302 181 113 0 
-115 698 -953 0 
122 -417 180 0 
21 912 -65 0 
920 969 406 0 
69 734 -982 0 
120 -476 -537 0 
486 630 170 0 
-300 313 632 0 
-348 -712 -985 0 
-392 546 365 0 
181 -301 46 0 
635 115 21 0 
665 621 -355 0 
-849 166 659 0 
720 553 237 0 
-537 -753 200 0 
307 -298 565 0 
-443 949 -296 0 
-85 92 559 0 
-710 543 517 0 
240 -850 779 0 
325 303 290 0 
3 -134 289 0 
-931 608 227 0 
-426 -942 -258 0 
695 -487 759 0 
300 -492 675 0 
945 -6 -622 0 
-254 -620 894 0 
547 -645 -356 0 
624 361 -260 0 
-4 -192 102 0 
304 858 -913 0 
106 408 -654 0 
341 -625 -302 0 
132 860 -930 0 
461 -307 240 0 
27 -843 199 0 
878 197 499 0 
-530 -212 298 0 
-982 930 -937 0 
-335 779 -59 0 
328 -538 -984 0 
901 -959 479 0 
616 -5 885 0 
-972 163 270 0 
-407 498 370 0 
402 236 -925 0 
-85 -485 -542 0 
660 355 846 0 
-985 -384 -785 0 
313 -865 556 0 
-402 -758 689 0 
302 -82 183 0 
550 284 -920 0 
92 -985 79 0 
637 -648 768 0 
-505 571 -53 0 
120 -904 53 0 
928 -217 -114 0 
886 -315 662 0 
426 757 -265 0 
-65 -941 868 0 
473 139 304 0 
-457 -615 402 0 
903 -968 544 0 
463 -587 -230 0 
851 149 -930 0 
47 -304 -193 0 
-139 756 -18 0 
647 -295 857 0 
983 -239 -405 0 
-333 736 -379 0 
579 286 -684 0 
811 -796 611 0 
-815 715 -267 0 
-89 364 -612 0 
263 162 235 0 
84 -330 499 0 
-824 542 553 0 
-54 44 841 0 
-566 -42 899 0 
961 -574 -432 0 
306 907 -408 0 
409 92 -863 0 
883 -819 651 0 
209 -432 -69 0 
669 335 373 0 
427 -247 -592 0 
-416 441 425 0 
930 -762 -614 0 
259 -742 -661 0 
-622 -675 432 0 
722 5 403 0 
24 -820 415 0 
-306 438 -100 0 
176 -275 -199 0 
-517 -553 -626 0 
191 -437 619 0 
732 -203 -547 0 
-71 -134 -747 0 
41 462 258 0 
959 473 -284 0 
965 -496 -295 0 
-569 327 -217 0 
574 -428 608 0 
-860 416 -610 0 
-981 -186 -18 0 
709 86 257 0 
456 836 725 0 
570 -868 -112 0 
-607 987 -485 0 
-490 437 385 0 
-604 313 -595 0 
-570 -745 -316 0 
-712 710 -36 0 
-210 -887 563 0 
-546 299 533 0 
-426 353 261 0 
850 629 -124 0 
-48 563 -648 0 
749 569 -923 0 
24 672 -628 0 
351 -321 -304 0 
-83 634 -620 0 
925 837 -588 0 
-683 -241 956 0 
166 -157 -160 0 
-707 -730 -845 0 
-870 592 -963 0 
-888 -814 -319 0 
627 -710 -20 0 
699 535 -375 0 
510 -696 -707 0 
-958 81 -183 0 
179 876 877 0 
-850 139 119 0 
-784 638 981 0 
706 644 -584 0 
951 592 886 0 
334 604 -607 0 
379 59 42 0 
143 41 823 0 
250 -299 -602 0 
226 -294 488 0 
-969 853 722 0 
-761 394 -188 0 
412 880 895 0 
-722 -465 456 0 
-684 -393 56 0 
398 204 55 0 
-359 -612 484 0 
-881 514 -43 0 
992 -748 422 0 
690 909 317 0 
-404 -974 -707 0 
-854 -764 -904 0 
245 347 175 0 
-530 830 780 0 
140 757 185 0 
458 -379 -609 0 
-418 -90 -171 0 
366 52 -262 0 
839 -639 -870 0 
-352 728 714 0 
438 -976 -829 0 
-331 501 -744 0 
-697 -733 -55 0 
-485 678 -719 0 
-418 -611 668 0 
514 906 388 0 
827 -622 303 0 
725 136 -398 0 
-122 51 -875 0 
-93 -384 -46 0 
-476 882 -111 0 
253 -109 -543 0 
220 176 309 0 
399 -322 377 0 
-908 439 -419 0 
-207 856 154 0 
690 -736 427 0 
-468 207 -955 0 
-528 -739 -978 0 
-236 -851 407 0 
-752 -883 853 0 
856 796 745 0 
-754 -323 -551 0 
-349 -409 49 0 
-241 -429 341 0 
808 -733 939 0 
-214 -864 -763 0 
-966 478 718 0 
131 -527 708 0 
-637 536 -474 0 
-430 -476 -875 0 
-41 613 -908 0 
759 -421 745 0 
801 879 705 0 
876 -968 -878 0 
-43 607 -57 0 
-533 -773 912 0 
-462 -570 -215 0 
535 159 904 0 
-16 -886 320 0 
518 412 -797 0 
562 117 -724 0 
-920 63 164 0 
-924 -155 189 0 
733 189 242 0 
480 462 -193 0 
471 556 312 0 
630 880 310 0 
108 -159 -683 0 
265 -326 586 0 
-980 -523 455 0 
-613 -93 683 0 
40 -97 -353 0 
193 -223 -426 0 
-924 999 -508 0 
-337 730 289 0 
426 -864 -958 0 
-175 -399 -828 0 
638 754 -347 0 
529 811 792 0 
-416 -993 839 0 
798 -506 912 0 
-103 802 190 0 
774 338 384 0 
863 -918 -533 0 
696 -763 934 0 
-77 -33 -825 0 
703 870 -948 0 
-729 200 -454 0 
853 -354 -265 0 
864 -729 -936 0 
-758 251 -852 0 
-340 654 264 0 
564 -998 799 0 
-189 -684 -699 0 
-779 -40 -983 0 
-162 -416 -914 0 
271 -634 17 0 
-273 212 627 0 
462 -256 141 0 
-303 768 468 0 
-792 851 616 0 
192 -899 10 0 
-672 64 954 0 
430 -842 -673 0 
779 792 121 0 
-152 68 67 0 
-317 -567 -573 0 
-403 -333 -363 0 
-126 -526 34 0 
247 705 998 0 
293 -228 316 0 
-652 -179 75 0 
844 -823 -245 0 
-536 -349 277 0 
-778 -406 -4 0 
38 273 323 0 
-798 -221 -342 0 
399 331 -718 0 
-421 813 -100 0 
766 -41 -613 0 
959 -274 168 0 
-407 705 580 0 
-147 848 -469 0 
578 91 -231 0 
-611 -941 -751 0 
443 -128 -356 0 
-939 604 126 0 
692 469 616 0 
-572 6 936 0 
-633 273 682 0 
-375 174 -143 0 
-641 -759 -615 0 
980 533 -101 0 
752 813 -773 0 
-606 -359 47 0 
-839 261 579 0 
-971 -678 316 0 
17 748 -945 0 
-56 189 364 0 
816 438 487 0 
311 -586 718 0 
-597 -109 -416 0 
997 604 198 0 
713 291 -358 0 
-489 902 12 0 
817 -462 -905 0 
-550 395 197 0 
595 -239 -315 0 
-283 -929 131 0 
733 -265 919 0 
-355 -358 543 0 
690 -327 -366 0 
121 -245 -205 0 
-821 625 -439 0 
-800 -11 488 0 
577 362 552 0 
-431 661 847 0 
-698 793 -469 0 
-432 464 -820 0 
930 -909 -108 0 
699 -358 -336 0 
-680 704 -541 0 
869 856 -878 0 
418 389 779 0 
-431 -420 16 0 
-200 -381 -933 0 
746 903 -16 0 
-23 -355 243 0 
-766 234 -684 0 
-464 -226 792 0 
-694 912 -158 0 
466 -376 597 0 
770 -688 -438 0 
-21 -533 -872 0 
26 293 -158 0 
-423 -420 327 0 
