p cnf 1000 2000
-881 -606 553 0 
36 -604 350 0 
779 353 734 0 
-538 -579 86 0 
846 398 189 0 
-123 459 -856 0 
-244 -546 39 0 
388 347 -536 0 
418 -492 867 0 
612 478 -613 0 
289 30 664 0 
279 -159 -762 0 
575 -573 636 0 
79 454 501 0 
-166 335 -43 0 
417 -411 -8 0 
-639 -146 502 0 
-888 191 -32 0 
-928 445 -46 0 
-517 -187 -270 0 
-862 -830 -369 0 
-219 -622 -625 0 
-890 95 850 0 
-661 638 627 0 
-686 810 -355 0 
973 16 -653 0 
33 588 372 0 
-934 -163 782 0 
-565 -62 55 0 
-980 -759 283 0 
132 271 -313 0 
-490 386 -627 0 
-630 -721 287 0 
255 -634 -131 0 
436 -386 -388 0 
-908 -52 -767 0 
621 209 627 0 
355 -862 -521 0 
516 235 -832 0 
-611 -106 279 0 
-727 -767 -313 0 
-152 956 816 0 
-187 -953 677 0 
-713 -95 890 0 
730 45 -474 0 
704 945 -178 0 
421 313 -608 0 
91 160 664 0 
-953 -746 233 0 
-319 248 578 0 
361 911 914 0 
302 349 -473 0 
-486 46 -822 0 
515 -241 -575 0 
-483 299 809 0 
-742 -66 -438 0 
735 429 -112 0 
-533 78 -931 0 
-258 -241 -813 0 
-768 337 -646 0 
-115 -709 -879 0 
-81 649 -169 0 
-749 -594 303 0 
542 214 -103 0 
84 -348 51 0 
-958 22 915 0 
573 170 872 0 
770 -116 102 0 
-422 150 -437 0 
473 -340 -310 0 
905 173 -697 0 
880 -78 -777 0 
820 193 4 0 
941 -599 363 0 
-502 -731 311 0 
-200 -697 -822 0 
-846 -890 -266 0 
766 -308 393 0 
-830 540 411 0 
-618 -738 -220 0 
-926 214 302 0 
-740 853 347 0 
511 196 -150 0 
854 761 207 0 
778 632 549 0 
515 396 -469 0 
-368 -258 -478 0 
860 317 -284 0 
43 874 -167 0 
-102 117 -631 0 
648 -746 -520 0 
-899 669 -929 0 
870 362 -137 0 
-750 -321 631 0 
-68 -912 710 0 
249 -546 326 0 
-976 -375 730 0 
614 -533 -788 0 
-348 -981 625 0 
740 398 -974 0 
-621 -709 -143 0 
-228 468 -748 0 
-81 235 59 0 
957 -161 -668 0 
122 758 202 0 
-341 430 -398 0 
-780 482 326 0 
23 733 973 0 
526 198 441 0 
808 -56 476 0 
-843 591 -994 0 
884 890 -859 0 
-500 -228 -344 0 
-2 -37 -69 0 
-322 231 390 0 
70 -281 162 0 
689 -568 801 0 
-987 -572 -503 0 
-905 132 -990 0 
-935 701 -187 0 
-85 -585 849 0 
921 569 -644 0 
626 -32 90 0 
-467 -902 959 0 
-836 -618 -783 0 
-131 -957 77 0 
-169 769 -974 0 
457 580 -95 0 
821 184 -415 0 
952 -18 -505 0 
-700 673 749 0 
12 109 -266 0 
-532 -226 443 0 
-594 121 -258 0 
367 58 -317 0 
-970 680 -66 0 
-637 -450 -399 0 
-240 682 137 0 
458 -897 337 0 
-846 787 -821 0 
-511 -626 403 0 
-199 -131 272 0 
268 17 92 0 
-358 61 -569 0 
125 68 -958 0 
-976 756 199 0 
-285 376 458 0 
-716 -102 -479 0 
282 150 -462 0 
-785 -963 358 0 
-638 -830 -999 0 
-88 -697 -190 0 
954 -985 -979 0 
575 944 -144 0 
-551 863 -446 0 
-817 242 -472 0 
-785 396 789 0 
-627 389 589 0 
725 888 942 0 
164 -530 -757 0 
214 -246 -576 0 
199 -810 102 0 
180 -829 -346 0 
-845 -503 423 0 
-963 -553 726 0 
-504 -444 950 0 
-947 -264 -252 0 
566 791 -416 0 
-388 -195 -240 0 
837 539 460 0 
-684 -220 -530 0 
187 715 -285 0 
432 72 962 0 
731 843 114 0 
818 -428 -964 0 
933 -85 -174 0 
751 779 -394 0 
-482 58 -905 0 
637 -921 -419 0 
936 520 508 0 
-249 112 -761 0 
64 -474 761 0 
264 695 -355 0 
458 460 -211 0 
632 770 535 0 
-174 -83 -958 0 
-918 240 -564 0 
202 145 -180 0 
-263 -956 656 0 
-860 -809 339 0 
-77 -130 -196 0 
-995 965 -443 0 
599 -108 -769 0 
-650 15 -818 0 
36 -307 502 0 
-871 -915 -782 0 
-947 -410 -527 0 
-753 -262 -642 0 
981 -305 -617 0 
-883 -340 814 0 
-688 498 924 0 
-247 827 67 0 
804 -571 -606 0 
-24 -568 -498 0 
-120 881 -182 0 
96 -443 259 0 
670 -471 474 0 
816 220 -482 0 
-307 -154 -924 0 
-501 -786 -246 0 
-324 687 501 0 
863 26 232 0 
570 -934 131 0 
-630 181 186 0 
-273 -386 592 0 
166 -252 534 0 
353 437 992 0 
-622 812 -728 0 
95 742 -794 0 
930 818 131 0 
279 -5 794 0 
814 -81 655 0 
-4 -116 857 0 
441 718 -929 0 
-697 488 232 0 
980 -6 -546 0 
795 -223 -891 0 
27 -657 -298 0 
-361 -516 582 0 
-459 -282 -185 0 
741 -282 750 0 
-253 -624 -980 0 
735 -281 -230 0 
276 -245 -248 0 
-83 179 -140 0 
418 -226 662 0 
78 261 -158 0 
344 -182 734 0 
827 -86 937 0 
-78 -935 -652 0 
774 712 -251 0 
399 905 690 0 
-232 835 -763 0 
790 -323 -53 0 
-753 457 -197 0 
-959 -59 -327 0 
-861 -236 -32 0 
969 188 -356 0 
-608 855 744 0 
740 -838 -315 0 
902 -251 -479 0 
-485 -945 -744 0 
-583 312 -565 0 
383 72 -91 0 
193 264 868 0 
911 354 228 0 
-841 -90 518 0 
-464 -751 -716 0 
-559 26 -774 0 
100 680 363 0 
124 -936 -370 0 
-360 -439 -380 0 
525 -725 -546 0 
106 28 671 0 
244 616 -714 0 
487 -566 957 0 
-429 202 -373 0 
-922 -496 847 0 
379 -615 900 0 
-700 447 612 0 
-904 -563 239 0 
21 595 -870 0 
-354 918 466 0 
682 -252 -946 0 
-326 -40 829 0 
-952 142 702 0 
-796 485 -525 0 
-714 -625 459 0 
-244 -208 -469 0 
831 182 -117 0 
-415 724 -205 0 
849 -111 214 0 
-209 -17 701 0 
-251 -346 -780 0 
-545 -663 512 0 
228 137 -949 0 
-694 967 -798 0 
-218 -521 -519 0 
552 515 -926 0 
754 554 56 0 
-803 -350 949 0 
-919 -157 -18 0 
-469 -62 -755 0 
941 935 -844 0 
-337 -748 -684 0 
977 -218 901 0 
-81 718 -500 0 
-134 187 413 0 
933 -138 -813 0 
468 -919 154 0 
710 -344 -622 0 
-963 -374 303 0 
-938 -314 -914 0 
209 -103 308 0 
351 -860 668 0 
204 -179 -446 0 
848 64 982 0 
-393 -118 -655 0 
-998 303 516 0 
674 -763 -187 0 
455 68 -653 0 
93 502 478 0 
762 -811 -155 0 
991 -456 927 0 
112 -353 868 0 
-838 251 -983 0 
80 668 777 0 
-36 -460 26 0 
515 -150 -987 0 
-746 499 276 0 
-335 103 -872 0 
597 22 902 0 
697 -691 108 0 
725 784 -110 0 
-220 31 90 0 
-652 139 68 0 
-201 165 753 0 
129 -6 -634 0 
542 887 -176 0 
-55 -918 -427 0 
171 -150 819 0 
673 505 125 0 
622 -845 -764 0 
-446 -474 -878 0 
-44 829 -509 0 
1 734 -627 0 
-802 352 406 0 
921 -142 550 0 
434 -466 -249 0 
831 90 672 0 
-75 757 672 0 
-636 326 -123 0 
854 259 753 0 
-541 -477 -292 0 
-785 -595 107 0 
263 955 50 0 
378 -959 -587 0 
-128 -671 666 0 
-858 909 -986 0 
929 -996 94 0 
-810 -27 -10 0 
280 734 -17 0 
606 212 612 0 
878 -551 240 0 
-57 -504 491 0 
-520 140 -812 0 
-799 -854 -346 0 
-669 -722 793 0 
-184 -385 -639 0 
-73 -174 -406 0 
657 -239 -389 0 
924 879 -541 0 
-359 987 217 0 
-228 121 -884 0 
-992 -697 528 0 
-843 862 304 0 
215 -914 -748 0 
674 -440 -571 0 
561 -512 -377 0 
-686 -596 989 0 
-864 -86 -679 0 
739 -967 170 0 
189 -669 976 0 
23 -362 -543 0 
-250 732 778 0 
-235 -209 -365 0 
427 -968 -506 0 
188 -327 750 0 
-789 289 359 0 
-984 -497 757 0 
-490 853 691 0 
-269 677 149 0 
525 -904 -352 0 
-258 972 -978 0 
-689 650 299 0 
523 533 633 0 
-41 -294 -752 0 
727 270 52 0 
644 151 -620 0 
725 -827 691 0 
576 136 -58 0 
297 -689 558 0 
223 513 213 0 
754 354 -580 0 
-511 -488 296 0 
-898 -569 990 0 
-725 62 937 0 
-115 -830 -580 0 
351 742 -954 0 
54 245 -395 0 
-874 602 -914 0 
70 -287 10 0 
-174 -538 -467 0 
685 -328 -938 0 
-986 -430 -488 0 
-690 997 -729 0 
468 947 314 0 
-740 -946 -384 0 
156 -568 756 0 
-90 921 -843 0 
507 559 -12 0 
-915 -554 441 0 
697 -244 398 0 
259 -525 297 0 
-835 -76 722 0 
-704 -720 872 0 
288 -946 492 0 
799 -833 -221 0 
-482 -800 -374 0 
128 293 -390 0 
-221 62 297 0 
490 -495 -76 0 
459 -717 -351 0 
-884 -134 -3 0 
681 -435 829 0 
-152 851 -6 0 
965 280 385 0 
761 -123 181 0 
-39 120 642 0 
-565 -732 227 0 
-892 140 -670 0 
-297 -345 -398 0 
617 -482 427 0 
-789 -121 -773 0 
157 -836 982 0 
-826 324 -371 0 
-974 -506 217 0 
506 329 -504 0 
831 572 -617 0 
-863 -300 -194 0 
355 477 252 0 
-908 -61 619 0 
161 -626 -233 0 
620 314 520 0 
-804 523 -482 0 
346 581 -475 0 
-493 -861 -222 0 
198 -464 -9 0 
-940 -897 923 0 
911 -290 812 0 
-945 -416 -767 0 
807 72 -266 0 
234 -494 -406 0 
-660 505 196 0 
-760 -9 82 0 
461 497 208 0 
-287 -331 -508 0 
801 -226 88 0 
-229 832 131 0 
419 -140 519 0 
1000 -691 -289 0 
-102 -954 925 0 
901 -479 -565 0 
-350 85 848 0 
-316 -852 -313 0 
532 -901 678 0 
-396 307 873 0 
152 -187 467 0 
158 216 -108 0 
-121 317 -106 0 
-936 480 796 0 
2 -485 -997 0 
-501 -366 -647 0 
219 -616 418 0 
714 -171 -731 0 
-978 494 -675 0 
-274 -367 343 0 
322 -119 369 0 
30 41 822 0 
-635 -631 -345 0 
698 460 209 0 
-457 774 115 0 
-46 989 -533 0 
-741 -457 -697 0 
859 688 124 0 
-609 -375 -874 0 
653 52 -723 0 
-160 868 838 0 
-745 -660 583 0 
929 -839 -242 0 
-15 -481 110 0 
799 -492 -626 0 
-430 -620 197 0 
-402 -720 261 0 
-821 661 186 0 
-576 -404 338 0 
303 -273 -668 0 
801 -483 455 0 
-256 47 209 0 
344 365 786 0 
23 -828 -116 0 
522 -577 413 0 
476 778 570 0 
804 -713 -308 0 
-991 212 -483 0 
-567 414 -347 0 
-212 919 -74 0 
-819 -543 661 0 
954 920 505 0 
-366 -766 54 0 
-837 -439 -806 0 
697 465 -978 0 
52 700 91 0 
911 650 -218 0 
-497 712 -414 0 
71 -675 -849 0 
-583 294 -578 0 
-660 13 396 0 
-956 -927 358 0 
-553 770 208 0 
344 708 -327 0 
-672 -477 792 0 
-906 813 -652 0 
257 -563 731 0 
-820 949 631 0 
315 317 572 0 
990 410 803 0 
-533 -138 -391 0 
790 708 -92 0 
708 -64 -172 0 
-873 -352 -946 0 
960 -889 -880 0 
869 772 -965 0 
-449 -600 198 0 
12 -756 -282 0 
776 15 226 0 
-729 -888 -16 0 
241 -742 82 0 
-878 213 899 0 
-648 -266 408 0 
575 529 818 0 
-495 326 -944 0 
648 -824 67 0 
-564 27 -776 0 
-971 707 -478 0 
823 -20 -882 0 
852 600 -143 0 
-517 723 318 0 
357 479 -625 0 
-824 177 -115 0 
-572 866 655 0 
291 975 -710 0 
854 938 62 0 
-233 -324 -158 0 
-47 357 -876 0 
-423 937 -131 0 
506 714 -523 0 
-740 -433 -794 0 
65 220 967 0 
-969 -786 -991 0 
838 -749 410 0 
-592 128 667 0 
-960 115 382 0 
-376 486 -539 0 
-342 916 568 0 
355 895 596 0 
166 -808 49 0 
9 -647 964 0 
565 946 109 0 
-941 -656 -128 0 
-597 585 -639 0 
-76 7 -811 0 
489 -93 502 0 
-560 -404 732 0 
-438 331 -954 0 
-421 -974 807 0 
498 281 262 0 
493 -672 -299 0 
618 -35 660 0 
-14 973 482 0 
326 -61 -620 0 
-418 899 937 0 
386 -608 -880 0 
222 488 798 0 
713 782 147 0 
-991 -240 -419 0 
383 -826 928 0 
-869 -228 -110 0 
334 461 -106 0 
-553 -823 9 0 
823 419 -626 0 
-832 -467 -428 0 
566 517 -333 0 
747 797 414 0 
-592 14 -500 0 
939 -905 859 0 
-754 814 874 0 
665 -90 684 0 
544 693 400 0 
628 153 -815 0 
78 -36 382 0 
83 771 644 0 
819 969 826 0 
662 334 -702 0 
-59 935 877 0 
567 879 338 0 
-395 807 -206 0 
452 -763 -541 0 
-293 -545 -476 0 
-11 -38 -281 0 
-302 363 -198 0 
-686 705 663 0 
471 -536 -616 0 
389 -583 968 0 
49 -949 92 0 
915 845 409 0 
815 144 96 0 
629 951 -311 0 
658 -939 -251 0 
330 279 -449 0 
-380 -998 -178 0 
-721 620 596 0 
-813 170 159 0 
-672 260 -968 0 
924 -421 -117 0 
-538 272 385 0 
236 982 -182 0 
854 633 -110 0 
-269 -508 836 0 
-649 -141 -91 0 
424 916 36 0 
265 991 172 0 
822 841 -222 0 
-383 -267 55 0 
801 659 -544 0 
-887 438 513 0 
-730 -299 258 0 
912 660 402 0 
-245 966 839 0 
-694 -455 86 0 
308 -193 -810 0 
398 837 -750 0 
791 38 502 0 
-623 -180 -835 0 
-811 974 -164 0 
-214 -482 -150 0 
957 -220 821 0 
-221 -984 205 0 
-651 -79 950 0 
-511 324 728 0 
191 -633 928 0 
582 -828 557 0 
-899 256 766 0 
95 483 -763 0 
162 991 -985 0 
321 844 -823 0 
333 -778 491 0 
612 -10 224 0 
728 -286 129 0 
-654 5 198 0 
-421 -428 -178 0 
-514 -559 -391 0 
438 -591 788 0 
-664 -770 119 0 
-934 283 -971 0 
440 233 -497 0 
-150 -353 -107 0 
282 -7 799 0 
-986 -409 -977 0 
905 -532 -84 0 
159 987 -147 0 
-321 758 -6 0 
677 -665 212 0 
-247 947 503 0 
-444 -523 274 0 
610 171 950 0 
-25 -2 -184 0 
-935 428 169 0 
-465 -851 438 0 
14 402 -11 0 
114 -694 672 0 
-501 743 -925 0 
237 103 711 0 
89 553 795 0 
-552 -972 -558 0 
893 548 -983 0 
-594 -794 -658 0 
725 -675 891 0 
-401 959 -786 0 
-734 -376 -958 0 
-147 476 -239 0 
-63 -830 -76 0 
-576 -284 215 0 
162 735 120 0 
-884 691 -909 0 
977 165 738 0 
300 -57 -582 0 
-481 -396 -237 0 
-744 633 -417 0 
231 -863 -814 0 
-335 240 221 0 
587 531 418 0 
-163 -404 574 0 
671 93 -312 0 
-427 -812 665 0 
-66 -496 -939 0 
430 -385 -699 0 
-666 995 497 0 
-594 -1000 -254 0 
491 759 -469 0 
-166 -561 825 0 
-279 -479 -173 0 
283 215 947 0 
-212 -992 403 0 
972 -593 930 0 
168 -889 34 0 
-365 -94 -308 0 
130 51 221 0 
600 -780 -568 0 
-328 443 519 0 
153 -263 -702 0 
524 709 394 0 
-838 215 627 0 
720 550 -743 0 
-488 -680 -899 0 
-387 -598 604 0 
587 -292 -648 0 
-932 -745 -363 0 
476 968 -235 0 
110 418 -917 0 
319 905 -160 0 
-447 428 -587 0 
-336 -449 260 0 
-792 -705 -330 0 
-58 679 -568 0 
190 790 277 0 
-120 100 -794 0 
947 531 115 0 
513 -887 53 0 
-430 -915 -626 0 
159 47 -549 0 
-452 -448 15 0 
337 603 -892 0 
669 -648 -544 0 
-361 -827 -520 0 
623 803 -149 0 
592 884 244 0 
140 -82 542 0 
-41 -488 489 0 
485 849 -865 0 
-686 -884 -379 0 
-782 459 -461 0 
-79 780 -782 0 
-218 632 22 0 
300 -906 87 0 
299 -440 -672 0 
-718 595 621 0 
817 -437 196 0 
-988 400 419 0 
-429 -124 -436 0 
-475 -983 742 0 
-205 -810 635 0 
-413 -687 -429 0 
-678 689 281 0 
-928 -772 117 0 
-907 -952 -395 0 
842 942 180 0 
323 -204 -127 0 
763 -585 -32 0 
730 -726 990 0 
791 849 250 0 
441 -230 -860 0 
-669 -927 313 0 
-349 981 651 0 
302 -537 -568 0 
-668 -880 -661 0 
354 -838 397 0 
149 825 -736 0 
947 19 -663 0 
773 -304 770 0 
-359 -407 -89 0 
965 -33 426 0 
-981 771 536 0 
-758 -531 491 0 
128 313 -753 0 
311 -790 -118 0 
399 -524 -141 0 
-618 503 168 0 
577 565 -751 0 
-866 105 510 0 
333 562 -906 0 
-618 -177 -453 0 
-494 -885 -606 0 
20 -295 949 0 
-183 -208 550 0 
116 310 -674 0 
819 -170 -516 0 
847 83 800 0 
-803 -278 218 0 
613 461 812 0 
-319 25 -788 0 
507 -794 -689 0 
713 71 -344 0 
-732 -709 657 0 
436 19 585 0 
-379 -719 556 0 
-522 -860 374 0 
967 730 -637 0 
397 28 518 0 
-646 -648 -415 0 
261 -620 355 0 
96 356 346 0 
591 -808 -842 0 
863 221 324 0 
515 -343 -677 0 
-855 639 -310 0 
-980 -804 -199 0 
-752 -92 60 0 
-519 -148 533 0 
-165 -274 -373 0 
-472 87 66 0 
-57 157 -707 0 
548 -522 -757 0 
792 -922 983 0 
-965 254 -593 0 
-930 349 471 0 
871 -556 616 0 
475 -107 -519 0 
362 500 377 0 
334 -483 -235 0 
-164 729 -607 0 
9 -801 118 0 
-15 -926 -723 0 
473 -340 789 0 
129 -858 4 0 
-271 312 -290 0 
-433 -930 896 0 
415 -878 -122 0 
-220 845 213 0 
-44 291 166 0 
-445 114 -310 0 
-826 -959 896 0 
-647 449 -917 0 
-383 829 -751 0 
421 537 -457 0 
-774 -695 -2 0 
-38 885 280 0 
994 -913 720 0 
-266 -293 375 0 
192 -361 -110 0 
-2 359 240 0 
-591 275 110 0 
-20 678 272 0 
84 421 860 0 
-253 388 938 0 
-718 472 -32 0 
-599 416 -693 0 
833 -813 -743 0 
572 -499 -338 0 
-658 -260 354 0 
394 555 77 0 
123 107 578 0 
314 173 168 0 
703 -949 278 0 
933 -701 -704 0 
34 -376 690 0 
-497 946 -244 0 
-327 264 -123 0 
-756 -403 -162 0 
-139 -421 -842 0 
-12 667 945 0 
675 -396 135 0 
-290 -777 -106 0 
279 -287 121 0 
353 -897 562 0 
-798 723 -106 0 
660 1000 79 0 
-596 -122 554 0 
823 356 -210 0 
114 822 525 0 
-66 129 227 0 
592 -504 -773 0 
-151 285 175 0 
-630 -452 158 0 
227 -465 -346 0 
-241 -90 -660 0 
901 475 669 0 
622 -17 -729 0 
-448 -26 -35 0 
-467 -725 -644 0 
509 663 654 0 
-294 -607 435 0 
599 -860 -136 0 
-578 75 -778 0 
609 132 763 0 
-408 -710 -521 0 
849 -704 -402 0 
-760 -984 -530 0 
275 255 724 0 
514 438 -393 0 
-405 -957 -990 0 
-720 200 470 0 
283 388 -780 0 
-352 200 346 0 
-784 643 -897 0 
-366 -771 -699 0 
-540 211 445 0 
-650 471 -846 0 
370 569 -575 0 
58 275 23 0 
-291 66 410 0 
-268 396 -463 0 
217 -808 487 0 
-61 134 -509 0 
61 -658 204 0 
-426 -97 -467 0 
591 -215 -827 0 
-578 155 -875 0 
660 -266 792 0 
471 -163 -257 0 
548 -392 98 0 
810 198 99 0 
-479 -864 914 0 
-718 -631 917 0 
-251 197 211 0 
343 -195 3 0 
904 703 -50 0 
-360 112 751 0 
-910 406 -642 0 
165 758 -140 0 
426 427 507 0 
-318 -905 -603 0 
-693 -480 -269 0 
-788 364 -527 0 
85 -432 -96 0 
233 -231 -213 0 
-280 -166 513 0 
729 513 105 0 
642 -946 -277 0 
-961 374 -908 0 
828 419 398 0 
316 -752 445 0 
-776 -734 -803 0 
937 -754 -394 0 
-274 986 345 0 
236 -383 815 0 
-361 -947 804 0 
-52 168 551 0 
24 146 87 0 
-379 80 881 0 
512 -365 788 0 
-795 -196 99 0 
973 72 -82 0 
680 11 332 0 
-499 -355 67 0 
-177 460 -60 0 
5 931 -646 0 
391 -453 438 0 
636 -576 -809 0 
-769 279 580 0 
776 -549 -815 0 
285 733 -977 0 
-345 -302 868 0 
-137 98 175 0 
307 -454 -242 0 
422 475 -530 0 
-732 374 419 0 
-74 107 -147 0 
-709 291 -479 0 
-761 -305 -563 0 
277 -126 -673 0 
939 644 193 0 
-990 -273 -39 0 
799 581 -523 0 
-194 579 -748 0 
533 -989 -998 0 
1000 411 218 0 
200 295 292 0 
171 997 658 0 
-579 298 973 0 
31 -608 622 0 
970 -263 77 0 
641 -545 525 0 
-169 -817 -773 0 
-215 -1 -757 0 
182 267 -814 0 
-156 664 142 0 
-363 533 109 0 
-70 -354 995 0 
-103 -860 -721 0 
-884 -122 998 0 
-448 -178 -192 0 
318 656 454 0 
-643 41 802 0 
-663 565 -301 0 
-937 265 22 0 
-790 167 493 0 
-281 -551 -289 0 
-539 -770 -750 0 
347 -865 910 0 
494 -708 967 0 
675 748 -862 0 
699 459 -924 0 
-621 304 -191 0 
499 -311 -930 0 
-361 250 -437 0 
-444 87 -852 0 
529 -746 727 0 
67 539 -806 0 
-148 554 186 0 
72 105 626 0 
-879 -941 -744 0 
762 -477 428 0 
-200 67 13 0 
-882 371 -939 0 
-922 145 600 0 
75 115 753 0 
-661 254 932 0 
764 -34 -913 0 
-18 -628 -318 0 
-664 903 431 0 
74 -907 -354 0 
-455 -262 634 0 
-516 -419 20 0 
-814 392 -870 0 
37 73 -557 0 
-604 305 -319 0 
865 -712 743 0 
586 435 -993 0 
85 -974 -775 0 
637 -410 735 0 
543 -438 -886 0 
-720 -922 574 0 
827 872 237 0 
591 260 734 0 
-440 817 -631 0 
75 131 751 0 
299 -413 -595 0 
-581 -137 902 0 
-713 -324 -462 0 
-167 -546 -350 0 
-605 -492 -509 0 
659 40 332 0 
667 42 -97 0 
-746 402 448 0 
-449 -461 -264 0 
-11 869 356 0 
-703 -474 -420 0 
-714 17 933 0 
22 -689 -227 0 
-625 993 104 0 
988 989 688 0 
873 -111 -667 0 
571 -744 896 0 
-500 799 376 0 
-866 -599 292 0 
697 540 -349 0 
-282 -941 763 0 
627 71 794 0 
-947 -825 918 0 
-823 239 -995 0 
845 156 -276 0 
281 -406 784 0 
114 422 -377 0 
889 185 -695 0 
14 -273 -284 0 
-987 741 -424 0 
-837 60 59 0 
986 -694 -652 0 
-361 -158 85 0 
96 -186 449 0 
190 87 74 0 
105 -228 -29 0 
-923 174 -143 0 
88 815 14 0 
794 -309 -157 0 
-150 -412 197 0 
593 -481 -361 0 
788 -194 274 0 
-931 843 -608 0 
-318 -124 777 0 
61 471 907 0 
-400 -945 106 0 
194 -310 -856 0 
-234 -710 557 0 
652 322 -967 0 
-267 -721 568 0 
280 -230 422 0 
-769 756 54 0 
673 -494 -826 0 
-661 -728 734 0 
-602 525 -912 0 
962 248 -368 0 
-162 -668 257 0 
-120 437 302 0 
-44 -924 156 0 
109 -537 -117 0 
478 -745 738 0 
-83 964 94 0 
972 361 997 0 
-922 893 -702 0 
781 -398 -851 0 
668 390 184 0 
776 -20 451 0 
189 -262 -486 0 
107 -811 582 0 
-299 -752 -248 0 
966 725 583 0 
-481 978 -135 0 
-58 -186 -929 0 
-780 -345 -340 0 
-233 -846 -174 0 
698 -101 668 0 
-726 301 -686 0 
-911 663 527 0 
564 -589 322 0 
810 -425 575 0 
25 93 -596 0 
-136 606 484 0 
217 838 204 0 
911 655 -213 0 
-773 47 -63 0 
777 -732 -48 0 
-645 886 589 0 
-229 -197 -927 0 
-539 80 -229 0 
-775 551 256 0 
842 -389 466 0 
-205 -666 417 0 
932 590 766 0 
478 215 -989 0 
-750 -311 817 0 
-399 102 -250 0 
-696 -409 -88 0 
-25 151 876 0 
-890 -632 -459 0 
-631 703 -173 0 
133 120 25 0 
913 38 -947 0 
758 -435 218 0 
126 -576 214 0 
634 -859 645 0 
-579 -766 731 0 
785 -505 111 0 
878 -254 592 0 
-619 -895 493 0 
-31 788 185 0 
-61 -660 -853 0 
373 29 -531 0 
-64 613 517 0 
428 432 801 0 
-722 -834 -624 0 
-702 892 -872 0 
-821 93 760 0 
-614 342 -799 0 
-996 237 -999 0 
402 -136 909 0 
259 369 -84 0 
-392 881 382 0 
-438 -681 -898 0 
-879 994 553 0 
-258 915 -857 0 
77 -288 -318 0 
178 897 879 0 
-924 -782 501 0 
31 800 -802 0 
784 -624 646 0 
361 108 -70 0 
-636 812 222 0 
-649 125 -109 0 
522 231 -513 0 
271 782 523 0 
-626 -815 984 0 
-854 379 -161 0 
-953 -208 940 0 
-35 787 -570 0 
569 -783 -191 0 
37 11 -130 0 
-453 786 404 0 
689 16 -790 0 
62 -483 263 0 
-100 -237 837 0 
-95 760 278 0 
419 -81 -887 0 
477 -728 309 0 
-945 -242 -138 0 
-703 786 553 0 
739 -542 397 0 
669 895 603 0 
-517 -179 -770 0 
122 961 963 0 
737 166 237 0 
-739 -666 -214 0 
-974 -746 -930 0 
429 224 -472 0 
299 -828 -349 0 
72 39 221 0 
-690 297 -252 0 
-682 578 270 0 
755 112 170 0 
-919 375 3 0 
111 -805 315 0 
-335 399 -35 0 
-738 -495 308 0 
277 600 -272 0 
79 549 190 0 
-761 -282 412 0 
-920 304 -388 0 
-753 900 591 0 
672 633 -787 0 
826 -815 -348 0 
-944 696 -228 0 
-640 -466 -752 0 
687 350 497 0 
937 -268 -182 0 
464 -555 -69 0 
963 -250 391 0 
-750 912 192 0 
-245 -319 -576 0 
237 636 -747 0 
734 -267 -94 0 
-95 242 978 0 
-750 505 -704 0 
-710 -670 5 0 
-556 -207 -550 0 
-654 -232 -978 0 
-25 659 -133 0 
-614 374 881 0 
632 -438 -760 0 
310 785 423 0 
-951 -285 -481 0 
-840 579 -577 0 
-362 -241 652 0 
654 -435 531 0 
608 756 -802 0 
787 -475 263 0 
727 -241 973 0 
-408 -346 -928 0 
-524 -86 214 0 
443 -909 636 0 
553 -706 954 0 
383 635 -643 0 
-642 -610 368 0 
497 -710 8 0 
-623 684 -750 0 
-567 431 841 0 
-294 89 930 0 
-931 -997 -645 0 
105 -351 -461 0 
-702 473 -246 0 
-670 907 981 0 
672 266 -563 0 
-766 -359 534 0 
-247 954 -131 0 
-879 -527 487 0 
-155 -224 52 0 
495 -870 64 0 
739 322 875 0 
-299 -745 267 0 
751 786 516 0 
59 -515 653 0 
39 122 -806 0 
740 -660 -343 0 
-459 -650 -874 0 
-932 808 806 0 
284 -268 752 0 
617 207 44 0 
-638 755 430 0 
149 426 771 0 
471 -159 -619 0 
30 758 -436 0 
-98 -69 289 0 
-432 216 932 0 
199 137 -922 0 
-307 851 -379 0 
-918 -91 933 0 
954 -199 823 0 
936 -585 445 0 
871 816 -444 0 
-170 -978 -998 0 
494 -343 -264 0 
458 -238 -556 0 
-655 354 -907 0 
198 -53 269 0 
496 819 694 0 
233 581 -238 0 
645 238 430 0 
-126 -354 -709 0 
359 309 424 0 
-445 740 776 0 
349 549 714 0 
-257 -694 -740 0 
-926 -961 -84 0 
-559 -7 -677 0 
-550 -795 -891 0 
-809 -543 -404 0 
17 -876 612 0 
-863 -935 -602 0 
-324 157 -171 0 
468 -984 128 0 
-638 314 -214 0 
417 -559 -509 0 
851 180 667 0 
339 650 952 0 
-283 -799 -699 0 
203 528 -575 0 
-297 822 621 0 
169 888 -549 0 
709 -28 -208 0 
-392 -17 -984 0 
-557 -807 -693 0 
651 -169 -166 0 
495 886 -510 0 
575 -89 742 0 
500 429 163 0 
207 -779 825 0 
-646 509 224 0 
-705 778 205 0 
176 -793 -600 0 
796 -381 178 0 
800 -518 -446 0 
519 188 -299 0 
459 519 259 0 
-770 1 -394 0 
221 -526 89 0 
939 -278 -796 0 
-148 274 417 0 
349 -245 466 0 
-594 424 -109 0 
804 -240 -160 0 
777 920 144 0 
760 -487 87 0 
344 -145 -598 0 
-9 780 350 0 
-572 878 135 0 
986 -630 -307 0 
-820 201 -162 0 
-309 -185 -671 0 
282 952 471 0 
-173 349 955 0 
441 108 -727 0 
57 29 4 0 
810 610 633 0 
107 912 -477 0 
-111 -192 -472 0 
629 492 372 0 
-17 -852 -260 0 
-831 345 45 0 
492 -574 251 0 
594 -187 456 0 
861 360 -22 0 
-117 -825 -181 0 
-997 -894 123 0 
574 399 516 0 
594 -125 92 0 
802 -904 934 0 
-166 211 562 0 
86 -514 -931 0 
588 970 920 0 
-633 13 -596 0 
-871 -413 -853 0 
-126 814 -500 0 
-590 -464 240 0 
-875 199 -336 0 
659 698 -890 0 
265 928 -738 0 
88 -208 756 0 
-259 546 -888 0 
334 -267 259 0 
-966 -124 -126 0 
114 514 293 0 
431 -283 -965 0 
629 -403 -694 0 
-232 826 -910 0 
-962 90 -593 0 
698 147 -915 0 
804 351 -574 0 
-55 -406 -543 0 
-284 886 46 0 
-574 945 87 0 
-1 898 226 0 
419 -198 554 0 
537 178 983 0 
724 -539 -713 0 
909 -561 97 0 
640 863 -366 0 
84 630 549 0 
954 -920 750 0 
839 407 -342 0 
989 -751 405 0 
-862 195 627 0 
148 864 108 0 
-399 -900 283 0 
-331 -196 -193 0 
321 409 237 0 
865 658 -416 0 
534 62 -483 0 
-847 131 992 0 
699 -895 266 0 
323 866 549 0 
-314 -795 -811 0 
-756 502 649 0 
183 871 370 0 
414 263 613 0 
-934 -712 -453 0 
11 902 -660 0 
-418 185 -332 0 
-89 -607 989 0 
-156 -452 649 0 
757 -79 -148 0 
522 -183 678 0 
-863 -367 -503 0 
552 -72 201 0 
-451 -617 -834 0 
864 -470 990 0 
648 280 -68 0 
699 680 621 0 
121 -346 713 0 
893 797 978 0 
-974 705 -992 0 
-326 935 588 0 
381 -264 960 0 
-671 -353 505 0 
-633 366 892 0 
939 606 -670 0 
-596 905 15 0 
182 232 479 0 
114 971 -7 0 
-912 196 587 0 
987 216 -4 0 
642 711 -387 0 
-360 -159 -484 0 
-356 -799 800 0 
-447 675 -865 0 
-558 96 293 0 
-660 -626 251 0 
997 -556 773 0 
-372 432 520 0 
-293 -203 789 0 
-434 561 -925 0 
-920 -449 -248 0 
-994 -618 -358 0 
-349 -724 28 0 
86 -376 863 0 
-362 163 -57 0 
173 207 -606 0 
-445 -306 -143 0 
-59 777 652 0 
-757 -134 -168 0 
-942 259 526 0 
483 -529 198 0 
548 -340 -880 0 
-325 -14 -414 0 
-477 452 -617 0 
-252 -595 539 0 
823 354 -841 0 
-776 485 972 0 
550 292 -160 0 
500 489 681 0 
-542 503 322 0 
-1 890 -658 0 
-969 867 -770 0 
692 -48 7 0 
575 -983 759 0 
997 264 86 0 
-632 707 -839 0 
732 556 -382 0 
204 -726 -686 0 
625 -781 -492 0 
138 -154 -599 0 
-531 327 -764 0 
832 -998 -354 0 
652 951 -677 0 
746 137 -944 0 
476 -787 230 0 
1 -578 -228 0 
826 88 474 0 
-999 -944 -390 0 
829 -260 -446 0 
-606 -154 42 0 
575 -492 -168 0 
561 597 522 0 
474 -668 607 0 
-181 978 -644 0 
553 -862 279 0 
482 -907 138 0 
-879 799 765 0 
-909 -326 523 0 
-514 -364 801 0 
799 717 463 0 
947 -311 70 0 
73 814 64 0 
-908 8 -231 0 
-991 -816 -918 0 
-620 421 144 0 
426 695 -71 0 
-415 322 -763 0 
-454 -908 953 0 
350 391 -510 0 
88 940 593 0 
993 862 386 0 
-323 -613 393 0 
-561 -357 845 0 
707 157 -732 0 
458 -992 29 0 
967 203 -470 0 
548 -887 306 0 
458 95 394 0 
-29 203 416 0 
-597 -931 376 0 
-948 -685 -496 0 
48 -13 915 0 
-760 1 294 0 
728 321 776 0 
310 -810 420 0 
927 -526 997 0 
764 -815 -570 0 
554 562 219 0 
723 837 887 0 
-283 -535 577 0 
-879 300 -426 0 
-593 271 -140 0 
-102 -359 -5 0 
455 576 86 0 
-577 -398 28 0 
456 -562 422 0 
734 482 742 0 
999 -762 373 0 
-456 -386 -527 0 
-329 404 -33 0 
876 -927 838 0 
-454 926 -553 0 
330 -549 224 0 
-152 -275 478 0 
696 -530 -182 0 
658 -384 -22 0 
-495 -646 -245 0 
707 812 -357 0 
-351 949 -761 0 
-131 232 -356 0 
-88 -343 -634 0 
-60 -581 369 0 
491 386 305 0 
326 356 69 0 
400 839 847 0 
-907 229 -523 0 
-686 81 906 0 
-678 179 -465 0 
-230 494 -848 0 
-904 585 199 0 
-989 -738 407 0 
-95 280 -676 0 
603 25 -516 0 
-370 312 -842 0 
-626 5 -431 0 
-122 256 259 0 
892 827 545 0 
38 130 -963 0 
806 -572 -105 0 
-70 477 862 0 
-778 -784 -902 0 
-995 64 -91 0 
-552 840 811 0 
126 -173 -954 0 
388 -240 740 0 
-899 436 -204 0 
169 -912 -195 0 
200 -222 380 0 
360 -702 890 0 
935 770 -709 0 
-982 634 -910 0 
-174 284 227 0 
677 -865 20 0 
241 715 127 0 
556 910 355 0 
-862 -198 570 0 
213 434 -331 0 
16 726 -155 0 
-601 -183 -174 0 
-233 -807 -551 0 
952 -142 -518 0 
-978 37 -414 0 
129 -124 168 0 
-796 -257 -709 0 
968 527 749 0 
271 108 -646 0 
390 -396 -549 0 
413 -806 -570 0 
190 199 779 0 
-67 -318 228 0 
-527 -482 -987 0 
-665 -592 720 0 
-414 -161 -264 0 
65 398 67 0 
388 435 -818 0 
779 578 -540 0 
302 -932 744 0 
410 198 -409 0 
-750 67 -668 0 
-565 -335 652 0 
-625 -836 568 0 
-954 922 516 0 
-209 -26 -304 0 
-76 519 -293 0 
758 933 -808 0 
242 -36 -341 0 
-533 -279 113 0 
-299 274 -758 0 
-451 344 843 0 
-766 906 -490 0 
527 581 514 0 
-587 638 933 0 
-129 -396 16 0 
569 736 -395 0 
654 91 -857 0 
-53 218 -497 0 
998 133 -759 0 
290 -336 362 0 
-453 -29 698 0 
392 -564 605 0 
139 -632 160 0 
701 -140 277 0 
-257 -504 730 0 
296 -780 154 0 
469 -532 580 0 
247 592 14 0 
292 -931 789 0 
-621 -860 436 0 
-148 -8 -47 0 
498 721 -321 0 
-614 -572 564 0 
-953 190 -866 0 
215 492 -903 0 
910 757 386 0 
273 -515 60 0 
447 329 816 0 
-232 372 -358 0 
167 -410 508 0 
146 854 468 0 
44 -213 -754 0 
-264 999 -748 0 
-648 -445 604 0 
932 -996 -872 0 
560 -43 -981 0 
543 494 -68 0 
873 530 745 0 
92 461 814 0 
625 329 782 0 
307 -877 -465 0 
-208 516 -262 0 
-95 -500 524 0 
-233 -18 853 0 
858 -897 -462 0 
73 230 -964 0 
-667 -548 950 0 
496 -400 50 0 
-148 -90 86 0 
-833 232 920 0 
-927 158 361 0 
719 -264 529 0 
-55 671 -951 0 
-123 -926 277 0 
-34 -733 889 0 
-375 -561 406 0 
777 -904 2 0 
-964 197 263 0 
242 -952 258 0 
700 -437 543 0 
-203 900 -999 0 
192 -44 571 0 
-86 725 -544 0 
608 -655 685 0 
-139 387 -5 0 
-934 739 544 0 
320 123 -69 0 
317 -455 -18 0 
-388 366 -670 0 
-823 -327 -771 0 
-903 620 589 0 
949 299 -964 0 
748 840 -896 0 
27 633 -912 0 
-903 697 -778 0 
864 25 -687 0 
-864 -126 817 0 
159 851 -558 0 
-311 -435 -548 0 
-80 951 -706 0 
140 724 787 0 
-234 570 -734 0 
996 408 -781 0 
-714 -564 802 0 
340 575 -154 0 
64 -437 230 0 
-338 746 -677 0 
-722 -783 96 0 
-533 310 138 0 
976 974 784 0 
-508 -945 -811 0 
-923 350 -1000 0 
-781 60 -987 0 
122 -496 302 0 
790 211 397 0 
266 331 843 0 
-78 -949 -627 0 
-137 254 -154 0 
755 392 -112 0 
130 -742 -585 0 
-933 -562 -384 0 
984 341 609 0 
981 -691 399 0 
192 600 938 0 
980 -110 467 0 
267 26 631 0 
556 -40 -398 0 
-448 451 503 0 
-323 -76 973 0 
614 -641 -220 0 
-889 -200 -626 0 
-560 -839 718 0 
655 -930 749 0 
-767 -852 -605 0 
603 -833 -139 0 
-84 -701 927 0 
167 -975 -574 0 
656 637 -464 0 
-243 -270 -586 0 
186 22 -908 0 
535 -419 -702 0 
-928 963 341 0 
478 -314 786 0 
3 -621 -320 0 
-810 271 884 0 
736 -297 -793 0 
-151 -367 546 0 
956 -606 -121 0 
-493 -871 113 0 
-997 792 -79 0 
-146 -150 946 0 
531 -808 78 0 
305 -808 -918 0 
-650 -747 263 0 
-647 993 124 0 
-607 -636 -513 0 
-665 592 -779 0 
-299 -590 -932 0 
905 -745 -675 0 
647 819 -377 0 
197 -861 544 0 
520 711 -17 0 
856 394 681 0 
-144 724 -168 0 
349 -642 -376 0 
-436 86 987 0 
594 407 -234 0 
696 187 326 0 
-21 -455 -110 0 
-933 -841 -364 0 
-418 -845 -174 0 
534 -603 -925 0 
864 38 762 0 
-332 471 724 0 
475 -633 -829 0 
82 412 270 0 
54 507 -845 0 
-649 -115 -976 0 
-360 930 -370 0 
887 -728 -665 0 
566 -342 -986 0 
-770 -545 -923 0 
336 -812 -9 0 
574 192 -53 0 
-199 127 -811 0 
835 -777 319 0 
-535 715 549 0 
-329 722 388 0 
-13 517 43 0 
650 -459 -664 0 
179 410 249 0 
659 -153 974 0 
-96 982 -709 0 
306 841 486 0 
-918 -909 993 0 
-328 778 833 0 
-636 -794 208 0 
-668 854 -706 0 
558 -403 -884 0 
944 30 -916 0 
-387 364 -518 0 
-424 374 -298 0 
-127 -896 839 0 
576 -889 555 0 
-871 -389 -563 0 
-342 -176 -255 0 
607 446 -904 0 
-615 152 -836 0 
13 -281 -33 0 
-535 -765 -450 0 
-644 -156 -939 0 
472 -170 522 0 
857 235 50 0 
-333 912 886 0 
537 156 877 0 
843 -375 -918 0 
832 515 239 0 
63 618 776 0 
197 363 -291 0 
-167 -908 937 0 
801 -74 965 0 
-305 -867 -301 0 
430 -550 857 0 
965 -947 -221 0 
-827 621 383 0 
-898 -497 -244 0 
-151 -921 705 0 
360 -671 863 0 
-741 163 -907 0 
633 -588 -348 0 
288 -433 915 0 
104 -938 310 0 
-867 437 777 0 
-440 -795 -599 0 
599 495 -146 0 
-446 -997 -182 0 
-548 -94 -602 0 
-149 -543 -550 0 
-967 788 271 0 
-770 -99 977 0 
403 550 -234 0 
121 -161 -793 0 
-612 -45 -199 0 
-337 405 -600 0 
-703 656 -270 0 
64 -519 -390 0 
128 -498 964 0 
-950 139 -936 0 
277 -821 -394 0 
-149 -227 -951 0 
-978 -622 620 0 
-267 201 789 0 
-346 -283 -807 0 
-369 907 522 0 
685 -669 403 0 
-424 919 -439 0 
-776 109 -907 0 
906 82 465 0 
-292 640 -5 0 
-428 892 471 0 
369 -3 259 0 
396 447 500 0 
-938 -374 -695 0 
122 -163 708 0 
-810 -729 343 0 
827 -952 -168 0 
239 -209 -97 0 
281 477 -12 0 
848 528 -769 0 
62 595 -955 0 
-202 -532 -14 0 
-392 -441 -130 0 
257 733 753 0 
872 -709 -591 0 
-181 -361 -902 0 
-146 836 233 0 
335 -183 230 0 
918 6 935 0 
-612 -585 516 0 
-151 -398 -797 0 
129 285 -134 0 
-675 -596 194 0 
406 296 -14 0 
439 -933 -128 0 
-609 259 -450 0 
-653 796 -417 0 
175 252 454 0 
-190 812 332 0 
300 -405 -788 0 
559 126 -493 0 
817 881 68 0 
785 -602 -68 0 
-530 -607 -828 0 
-987 652 55 0 
440 -67 30 0 
-43 -247 -335 0 
850 725 474 0 
274 -298 181 0 
399 508 -842 0 
-392 -648 182 0 
-496 291 -339 0 
-904 648 -940 0 
358 -955 -719 0 
-494 -412 481 0 
552 668 733 0 
-549 578 938 0 
-750 120 -335 0 
-862 486 -608 0 
801 -286 613 0 
372 -224 593 0 
21 936 91 0 
-743 -69 -532 0 
-335 281 -489 0 
24 -818 38 0 
-506 663 58 0 
-121 -266 140 0 
-618 -446 153 0 
436 82 -413 0 
329 -624 746 0 
245 -348 403 0 
-108 -738 -610 0 
-999 942 -728 0 
-899 526 621 0 
238 707 -721 0 
-612 -583 788 0 
781 76 -521 0 
285 390 50 0 
730 377 10 0 
925 668 -532 0 
347 853 493 0 
-908 550 758 0 
771 393 -957 0 
777 -905 -1000 0 
676 -315 -201 0 
116 -633 -51 0 
528 354 -844 0 
-692 595 359 0 
251 622 -864 0 
961 -907 382 0 
164 203 -382 0 
-834 -998 -97 0 
-862 -450 -124 0 
-178 251 527 0 
949 -266 -196 0 
-311 691 -431 0 
-156 -740 -269 0 
-749 -641 503 0 
536 784 584 0 
919 511 612 0 
-224 -924 -910 0 
-313 -739 -456 0 
-633 -888 -211 0 
-23 -784 -182 0 
-293 -803 -322 0 
-18 8 51 0 
393 -421 303 0 
-337 -903 -176 0 
558 -828 560 0 
339 -733 -452 0 
-35 556 461 0 
750 758 433 0 
-429 356 41 0 
-60 -597 823 0 
-80 -360 -218 0 
-948 -416 548 0 
933 455 -383 0 
-114 320 -416 0 
162 102 -408 0 
601 13 908 0 
438 -563 913 0 
-741 678 176 0 
-245 937 212 0 
-95 -925 -44 0 
125 401 -756 0 
-828 -891 -741 0 
-962 -858 238 0 
-532 -887 -720 0 
-546 914 -872 0 
706 -853 -693 0 
196 -295 564 0 
981 319 -42 0 
-412 262 -546 0 
-592 689 -495 0 
-211 825 839 0 
-83 148 -135 0 
-245 -916 858 0 
470 -679 358 0 
-327 -91 -737 0 
634 795 405 0 
857 -781 238 0 
95 847 -490 0 
-686 -824 -480 0 
-622 -62 -793 0 
-362 183 -819 0 
-662 -528 -365 0 
739 -848 360 0 
-229 348 -421 0 
-178 -892 -218 0 
534 -568 -332 0 
-790 -843 -144 0 
-885 -883 715 0 
-459 291 -188 0 
419 -407 -899 0 
-715 -534 -796 0 
495 -136 -646 0 
608 595 -350 0 
-351 -414 -547 0 
753 274 700 0 
926 674 484 0 
-266 728 -98 0 
-19 205 -752 0 
-461 -19 32 0 
