p cnf 1000 3200
613 705 966 0 
-925 -439 303 0 
-872 -546 194 0 
-454 990 -656 0 
241 451 -334 0 
-740 -85 276 0 
-497 610 -147 0 
-429 -379 -581 0 
-202 -575 -861 0 
511 -791 913 0 
501 -369 -176 0 
575 964 -799 0 
-776 -809 -703 0 
330 815 258 0 
-829 -875 -240 0 
-133 397 -628 0 
-759 -696 -396 0 
-486 -686 220 0 
-372 510 -370 0 
-247 -856 649 0 
-306 699 -994 0 
-571 354 -637 0 
104 -982 356 0 
242 -564 -570 0 
-438 497 -65 0 
-933 -594 -762 0 
-432 142 758 0 
579 -679 -488 0 
-494 -722 532 0 
-833 -455 324 0 
592 -95 -408 0 
197 -958 268 0 
530 -612 216 0 
315 406 702 0 
-658 971 820 0 
-548 -425 657 0 
711 444 448 0 
724 833 -707 0 
220 970 -728 0 
244 -375 293 0 
-366 16 -504 0 
994 550 -649 0 
653 373 -445 0 
-839 -22 147 0 
720 623 431 0 
-740 -505 128 0 
690 -598 -884 0 
577 139 472 0 
-410 462 -161 0 
653 -335 -637 0 
-818 -583 707 0 
-164 685 -349 0 
-396 -38 -365 0 
-933 -588 330 0 
652 637 -452 0 
561 -900 -263 0 
-750 511 691 0 
-341 -482 149 0 
626 62 831 0 
-924 -865 842 0 
187 -520 -867 0 
-873 969 603 0 
787 829 -700 0 
358 809 -834 0 
-769 -686 266 0 
602 -601 85 0 
-545 -995 131 0 
645 -241 808 0 
-3 -525 -460 0 
-590 701 -319 0 
-195 -922 905 0 
10 724 -488 0 
351 984 -987 0 
-769 -829 -91 0 
328 719 313 0 
-954 784 677 0 
-300 -677 82 0 
561 -245 158 0 
-595 -633 -843 0 
-77 322 753 0 
622 -48 630 0 
315 -48 -927 0 
609 -398 -944 0 
-174 31 387 0 
517 647 -543 0 
704 558 -148 0 
-768 -134 422 0 
-682 702 -234 0 
88 920 858 0 
-441 -7 311 0 
817 18 -652 0 
224 -31 529 0 
145 502 43 0 
-390 -521 -945 0 
297 427 557 0 
-685 20 -931 0 
136 987 -680 0 
-846 -353 -880 0 
668 707 897 0 
-156 517 674 0 
240 -983 -33 0 
491 251 589 0 
969 -850 620 0 
552 337 -221 0 
-634 316 -648 0 
162 596 -186 0 
582 939 40 0 
122 188 344 0 
171 565 -693 0 
958 292 974 0 
-929 639 -825 0 
336 -49 -836 0 
-876 264 -158 0 
187 -84 579 0 
-846 -253 13 0 
562 -624 -191 0 
-663 13 360 0 
769 -240 -763 0 
-6 -25 -522 0 
854 618 -810 0 
-160 956 96 0 
-776 646 -787 0 
670 -636 -902 0 
21 -456 -24 0 
-680 -109 74 0 
194 203 -993 0 
-392 -362 912 0 
973 637 916 0 
-934 570 -102 0 
-352 633 -36 0 
-982 939 -136 0 
-856 -821 952 0 
-253 30 -637 0 
-339 45 730 0 
138 619 -998 0 
50 -893 115 0 
-9 -464 861 0 
-207 386 678 0 
-920 -490 579 0 
72 -682 298 0 
-185 -817 180 0 
-297 -91 -458 0 
643 -364 -283 0 
-995 -843 -355 0 
284 983 116 0 
-254 337 985 0 
-33 -169 736 0 
500 652 120 0 
366 738 229 0 
-503 -861 225 0 
-600 -955 -793 0 
5 -754 -250 0 
839 324 175 0 
658 18 722 0 
-598 -299 357 0 
13 896 159 0 
697 199 -909 0 
294 8 161 0 
806 199 -200 0 
264 -477 152 0 
-179 -498 497 0 
156 -901 -61 0 
545 -404 -508 0 
268 441 201 0 
241 -573 -28 0 
468 979 -393 0 
-758 365 662 0 
-117 -634 783 0 
-752 940 25 0 
-841 775 63 0 
208 480 531 0 
-48 741 549 0 
949 -392 -1000 0 
898 -906 648 0 
123 -401 995 0 
-325 562 -370 0 
738 -680 -947 0 
430 507 814 0 
253 -397 205 0 
-568 64 -260 0 
-788 -552 724 0 
-424 434 218 0 
-842 452 911 0 
317 511 -448 0 
-326 637 -78 0 
804 908 132 0 
-243 652 -398 0 
215 825 84 0 
977 -648 49 0 
-568 -393 -343 0 
-184 -818 473 0 
-694 650 -833 0 
-738 615 822 0 
787 -946 -170 0 
970 -231 361 0 
-186 -898 -474 0 
-934 385 966 0 
55 -698 -376 0 
-578 459 679 0 
-99 783 340 0 
571 -315 -546 0 
711 903 -90 0 
733 495 -648 0 
462 -187 -38 0 
140 897 -823 0 
775 798 121 0 
-929 969 -614 0 
-597 341 320 0 
-461 748 -526 0 
-229 209 -350 0 
-702 623 395 0 
330 123 -103 0 
-996 931 625 0 
611 170 659 0 
62 -214 -262 0 
-320 702 735 0 
-553 985 -254 0 
-373 1 -126 0 
-583 -187 -714 0 
71 124 326 0 
94 800 410 0 
-74 996 393 0 
-93 -601 -471 0 
-409 -297 -854 0 
513 -520 564 0 
-591 -641 703 0 
463 -482 831 0 
137 -650 750 0 
860 759 -887 0 
-841 -349 980 0 
-668 -215 543 0 
851 352 361 0 
252 -847 844 0 
-16 548 942 0 
-346 -902 -645 0 
-875 -164 804 0 
-427 521 -643 0 
-431 -594 73 0 
635 316 -817 0 
-943 -630 -685 0 
-997 -579 -264 0 
-141 355 -123 0 
651 -915 -318 0 
-191 -989 -310 0 
-379 -3 -118 0 
950 -623 -985 0 
-553 559 -269 0 
287 291 -912 0 
459 161 888 0 
-92 636 709 0 
208 552 -176 0 
539 117 814 0 
-74 615 239 0 
-196 -384 -31 0 
-49 511 922 0 
826 -454 989 0 
770 900 -683 0 
41 -871 -700 0 
614 -777 594 0 
-340 291 278 0 
-504 -320 949 0 
-273 -49 -61 0 
-144 919 -892 0 
465 409 332 0 
-472 230 -543 0 
393 -847 -203 0 
-88 -255 -326 0 
-908 938 -532 0 
208 -451 -421 0 
250 638 315 0 
-193 458 502 0 
475 672 104 0 
-562 -888 -29 0 
-753 -243 971 0 
241 -977 -77 0 
262 179 368 0 
-992 -101 671 0 
14 514 -652 0 
-969 -343 150 0 
22 830 204 0 
-91 -173 -615 0 
-989 440 894 0 
758 -775 -167 0 
598 244 -513 0 
172 917 660 0 
493 123 -88 0 
-127 -105 -682 0 
-639 -474 416 0 
-387 194 -346 0 
-90 147 -949 0 
101 -387 364 0 
-377 -692 -219 0 
468 55 -207 0 
241 -286 706 0 
370 -330 25 0 
533 -987 -375 0 
-950 -948 -714 0 
123 -280 171 0 
483 743 585 0 
15 -379 892 0 
10 860 517 0 
-93 -742 791 0 
678 626 -662 0 
-24 -475 -303 0 
531 673 465 0 
267 -349 599 0 
422 540 693 0 
113 571 -422 0 
-959 761 -344 0 
869 313 -235 0 
272 626 -409 0 
208 249 -234 0 
410 -89 -806 0 
646 -705 511 0 
444 -641 -627 0 
841 -981 -115 0 
-35 -815 443 0 
355 -826 91 0 
-684 246 497 0 
66 482 231 0 
-696 -727 338 0 
-942 -344 -173 0 
-689 -848 125 0 
282 -85 69 0 
-988 328 944 0 
919 793 -80 0 
497 643 -475 0 
504 933 -646 0 
882 117 368 0 
115 714 -704 0 
-925 -222 388 0 
521 -551 1 0 
893 -564 60 0 
-177 26 -424 0 
-794 877 -294 0 
15 277 -295 0 
604 -71 207 0 
103 843 -196 0 
-942 -598 -117 0 
486 175 -220 0 
-391 72 551 0 
716 785 -772 0 
938 -735 766 0 
-50 24 665 0 
463 358 -763 0 
989 842 152 0 
163 408 -467 0 
-562 284 -17 0 
-595 235 -34 0 
951 328 804 0 
452 298 -781 0 
-529 -8 447 0 
409 -910 366 0 
-896 -264 656 0 
602 -939 -927 0 
-222 590 471 0 
378 637 698 0 
256 578 -301 0 
-181 -400 -7 0 
-859 907 174 0 
622 -414 -187 0 
-328 806 -62 0 
-939 -914 -384 0 
-727 137 -754 0 
702 127 -244 0 
49 890 362 0 
360 -582 -724 0 
992 758 -756 0 
435 -587 -257 0 
707 -865 -88 0 
472 -671 -908 0 
764 -889 386 0 
137 865 751 0 
839 32 -246 0 
-715 127 -444 0 
271 -437 -465 0 
466 278 814 0 
412 -210 -783 0 
830 -848 46 0 
263 -892 62 0 
-375 -222 -672 0 
773 218 -523 0 
-16 -37 489 0 
-143 -320 447 0 
384 613 -230 0 
647 515 -965 0 
-899 997 776 0 
78 -802 -660 0 
787 -604 184 0 
-285 709 -524 0 
822 -323 -791 0 
-988 -161 -577 0 
831 815 -77 0 
274 -264 911 0 
49 -850 -430 0 
742 -283 620 0 
-537 -171 600 0 
799 904 -869 0 
-942 499 -558 0 
275 941 839 0 
208 54 857 0 
168 -56 869 0 
-670 583 368 0 
-941 -926 769 0 
-679 -236 -488 0 
-135 905 -109 0 
-595 -343 -567 0 
-827 924 541 0 
478 489 -54 0 
-797 -203 795 0 
235 -894 803 0 
-508 385 -919 0 
-8 -254 -607 0 
-368 537 -835 0 
-361 -440 -276 0 
-178 -355 467 0 
778 489 -186 0 
-461 -986 -529 0 
170 -824 -896 0 
-976 -739 -363 0 
852 600 -502 0 
713 53 -902 0 
876 -23 -22 0 
819 -23 -354 0 
-361 -549 -284 0 
394 -328 867 0 
-496 -767 997 0 
-64 -747 555 0 
929 -280 -881 0 
-911 -509 -39 0 
-30 -155 -602 0 
369 -898 117 0 
-108 -497 360 0 
522 -483 -519 0 
492 -309 -23 0 
-161 -396 -988 0 
238 768 73 0 
-475 365 -70 0 
143 68 -493 0 
269 375 -18 0 
274 572 956 0 
-474 -815 954 0 
-905 -510 571 0 
723 906 479 0 
-613 723 121 0 
-492 16 -543 0 
635 -833 3 0 
59 630 987 0 
856 -616 -601 0 
533 719 437 0 
-689 510 -422 0 
-476 173 362 0 
-864 -589 88 0 
558 900 -75 0 
-546 503 -701 0 
-107 71 -911 0 
-853 -108 628 0 
-218 -930 784 0 
399 441 -63 0 
-979 257 -443 0 
967 710 -716 0 
-454 -690 710 0 
845 -290 41 0 
757 -719 -675 0 
-826 282 115 0 
63 928 -218 0 
71 -280 704 0 
-660 819 367 0 
-879 -163 -860 0 
935 -380 682 0 
832 -307 -803 0 
893 -214 -927 0 
890 585 545 0 
853 -796 -365 0 
488 -159 -213 0 
-489 -940 522 0 
-274 859 -708 0 
-655 41 -537 0 
-35 -266 929 0 
803 -194 356 0 
76 -593 -456 0 
876 139 57 0 
-766 204 419 0 
-440 -284 782 0 
418 956 -84 0 
393 -323 484 0 
-754 465 108 0 
624 -105 -662 0 
-647 -25 -324 0 
260 -885 -147 0 
108 -397 -827 0 
9 681 -751 0 
-259 133 64 0 
-613 -641 -697 0 
-705 78 -96 0 
-737 828 -621 0 
-76 801 319 0 
-178 -590 237 0 
600 198 -362 0 
169 -515 863 0 
835 -768 191 0 
716 -456 -698 0 
788 -403 -444 0 
-118 903 142 0 
-406 -174 39 0 
-653 -99 76 0 
-535 -190 -358 0 
199 202 577 0 
503 839 -462 0 
-247 78 874 0 
571 -336 -757 0 
604 871 463 0 
-587 535 -742 0 
-255 -291 -539 0 
416 -28 -598 0 
-917 -536 -668 0 
909 634 115 0 
590 365 -677 0 
-858 -982 368 0 
732 801 633 0 
-48 209 -644 0 
647 -695 -489 0 
-536 -529 969 0 
-277 813 913 0 
797 271 520 0 
336 -474 -544 0 
-861 -653 312 0 
-774 698 233 0 
632 -980 673 0 
21 19 765 0 
-785 504 298 0 
502 629 587 0 
-441 266 107 0 
46 910 360 0 
502 986 143 0 
-606 464 450 0 
580 96 143 0 
241 -596 -247 0 
12 783 964 0 
-972 -314 62 0 
597 832 621 0 
-460 962 830 0 
-135 -604 301 0 
-919 -163 -70 0 
988 653 372 0 
372 139 302 0 
-711 -3 841 0 
-516 -86 56 0 
153 -425 -218 0 
701 -661 -712 0 
-96 -368 321 0 
72 586 639 0 
381 -118 -635 0 
-531 -450 842 0 
-796 912 118 0 
-118 186 -71 0 
-10 -70 -687 0 
-569 -477 -625 0 
-140 -801 -753 0 
-300 -903 84 0 
311 -689 -177 0 
-812 287 509 0 
-901 176 145 0 
668 -909 -44 0 
632 89 -693 0 
-652 722 -819 0 
963 -463 -419 0 
468 -500 -602 0 
940 727 663 0 
-869 -93 -489 0 
-814 -458 -643 0 
885 -148 -834 0 
-939 30 -26 0 
-363 104 905 0 
-258 669 -511 0 
-601 37 -672 0 
45 284 -805 0 
-801 10 -174 0 
-300 -942 608 0 
-874 -848 -570 0 
-985 445 22 0 
-669 -717 -466 0 
-150 -523 783 0 
500 -787 805 0 
466 -486 720 0 
151 -757 -154 0 
130 -52 933 0 
547 -12 -541 0 
450 -30 409 0 
827 917 288 0 
-71 811 -521 0 
684 554 -360 0 
47 -475 847 0 
-148 -129 -319 0 
98 12 -180 0 
307 -462 133 0 
889 797 518 0 
-225 -334 -528 0 
586 -470 -893 0 
-845 -755 -936 0 
617 532 -54 0 
624 -746 -845 0 
-845 -703 981 0 
644 470 -720 0 
850 -537 116 0 
683 -897 891 0 
-672 -287 524 0 
397 -159 -453 0 
539 452 133 0 
690 -813 138 0 
-744 162 28 0 
-719 -688 963 0 
903 695 -129 0 
835 862 216 0 
-231 528 248 0 
-734 264 -213 0 
-395 445 -221 0 
676 -250 929 0 
-738 -625 -65 0 
980 709 -247 0 
-668 -984 550 0 
-953 104 150 0 
432 -110 240 0 
-42 -906 -987 0 
-978 -535 223 0 
-51 -610 -91 0 
974 -84 443 0 
-16 830 601 0 
-230 589 -822 0 
-866 -105 -821 0 
-198 701 -907 0 
-742 886 727 0 
361 322 -192 0 
-359 633 109 0 
-592 181 891 0 
63 785 -616 0 
52 538 -233 0 
-228 597 -745 0 
-534 961 975 0 
-433 836 442 0 
-270 -35 877 0 
-391 -230 -259 0 
807 -427 367 0 
371 191 93 0 
676 -514 873 0 
-925 -448 106 0 
-992 502 -214 0 
-315 -710 662 0 
-371 -814 -921 0 
818 176 -905 0 
-751 -159 -55 0 
237 842 -231 0 
506 479 450 0 
120 -827 -952 0 
547 -512 -27 0 
-664 485 -549 0 
599 153 696 0 
-301 -21 -104 0 
114 62 -780 0 
135 -489 -632 0 
411 -9 177 0 
215 575 -197 0 
570 584 -676 0 
-205 78 374 0 
-638 -900 -736 0 
232 -567 -81 0 
302 -417 410 0 
397 -999 197 0 
95 181 175 0 
-27 -23 938 0 
978 916 -820 0 
-947 -931 -624 0 
819 -50 768 0 
-988 -781 595 0 
-440 323 158 0 
-465 720 613 0 
5 376 840 0 
89 466 -518 0 
-717 679 -774 0 
-742 355 -768 0 
734 -286 75 0 
-670 -424 -672 0 
319 523 175 0 
-924 817 -22 0 
32 -936 -363 0 
-398 -416 576 0 
-984 -427 789 0 
-121 -361 699 0 
158 -447 940 0 
-679 801 -515 0 
-968 158 -162 0 
247 -104 602 0 
445 -830 -523 0 
818 -905 835 0 
228 456 -880 0 
489 -197 -588 0 
-78 719 -84 0 
-216 -521 682 0 
317 635 -1000 0 
-752 944 -461 0 
-209 -166 345 0 
145 -533 -841 0 
293 -934 -349 0 
-246 -708 120 0 
-203 820 844 0 
-364 942 -796 0 
-464 -453 -826 0 
232 635 -408 0 
222 122 -767 0 
-665 -310 -452 0 
-803 52 -629 0 
-420 -819 -880 0 
438 -501 732 0 
-257 503 612 0 
-262 -59 212 0 
691 -72 920 0 
-3 616 -539 0 
325 -369 385 0 
39 -837 -240 0 
-462 883 766 0 
-713 733 -131 0 
-372 -944 971 0 
-317 -616 164 0 
528 382 400 0 
527 813 -829 0 
916 761 657 0 
829 -906 676 0 
747 -821 -584 0 
-875 679 -693 0 
450 -848 234 0 
-53 -896 -452 0 
-986 552 125 0 
-648 -768 -478 0 
648 555 325 0 
-224 -249 -480 0 
130 -836 444 0 
-415 538 362 0 
-897 894 -88 0 
-873 -751 291 0 
-481 -235 289 0 
472 42 -47 0 
47 -188 -181 0 
644 115 -954 0 
460 -355 417 0 
326 687 350 0 
-600 -510 -944 0 
891 -608 970 0 
-89 -259 1000 0 
-435 888 963 0 
-45 325 -384 0 
-698 460 -723 0 
35 -81 91 0 
-961 569 334 0 
699 -202 560 0 
873 -303 -492 0 
744 265 677 0 
-80 -844 349 0 
348 -7 -557 0 
-568 -141 10 0 
835 -343 -426 0 
-756 -186 814 0 
126 -623 -8 0 
-271 -800 -696 0 
509 552 -214 0 
702 -173 -298 0 
820 -794 997 0 
476 -469 -845 0 
-619 -333 -387 0 
397 764 791 0 
913 334 257 0 
814 -665 562 0 
-992 164 -326 0 
386 63 517 0 
-371 837 -129 0 
405 -775 -40 0 
700 486 -83 0 
-51 874 156 0 
567 729 182 0 
-291 -161 -147 0 
-123 441 -936 0 
40 38 -960 0 
-631 -564 -934 0 
-292 -789 -505 0 
-642 423 18 0 
497 -157 -298 0 
-474 964 -896 0 
865 -770 377 0 
549 951 202 0 
-131 785 -52 0 
-246 504 447 0 
258 264 -529 0 
643 808 896 0 
170 454 698 0 
-179 -155 -295 0 
-647 56 -250 0 
426 255 -101 0 
165 -267 754 0 
114 -968 717 0 
-108 -34 975 0 
-805 -900 330 0 
-156 -239 -546 0 
-639 582 595 0 
16 456 955 0 
-419 -664 -412 0 
546 -212 -188 0 
-695 -514 41 0 
-1 705 674 0 
395 306 865 0 
19 -49 -469 0 
370 -922 440 0 
-95 -69 498 0 
-592 -814 177 0 
138 -116 -465 0 
354 -447 548 0 
497 -774 -506 0 
-388 432 -389 0 
675 -429 -710 0 
-138 -736 -731 0 
-880 250 -168 0 
869 769 -639 0 
-814 850 -438 0 
966 111 940 0 
690 -597 -271 0 
952 31 -24 0 
648 245 -679 0 
225 199 333 0 
547 232 371 0 
97 226 948 0 
229 -214 -990 0 
-999 -555 -780 0 
904 86 881 0 
-505 985 -623 0 
-736 -203 -29 0 
693 380 926 0 
995 -208 543 0 
81 -669 -489 0 
-454 -488 772 0 
163 -77 -307 0 
-291 -505 679 0 
-577 -130 987 0 
-687 5 319 0 
-278 -204 85 0 
623 -26 548 0 
184 423 104 0 
1 -417 -713 0 
413 -300 -481 0 
645 753 594 0 
962 494 -797 0 
-102 244 -491 0 
615 841 910 0 
214 469 -619 0 
533 -661 318 0 
819 83 816 0 
-482 -885 239 0 
504 1000 -316 0 
359 1 389 0 
-816 -927 332 0 
-894 -838 -149 0 
354 884 642 0 
544 251 478 0 
-12 -357 649 0 
-766 -857 24 0 
-23 129 878 0 
418 -815 134 0 
-242 676 -904 0 
673 387 -703 0 
879 863 -480 0 
530 882 -66 0 
280 -180 -804 0 
-687 -926 -323 0 
-556 -997 897 0 
398 282 -930 0 
-592 91 -198 0 
931 -134 769 0 
-548 -764 -871 0 
-548 156 467 0 
486 -243 997 0 
-414 437 64 0 
464 432 484 0 
338 -696 669 0 
457 -849 196 0 
753 -549 878 0 
-388 248 977 0 
694 74 -547 0 
125 143 -838 0 
-266 303 727 0 
-798 -111 -170 0 
871 -677 -713 0 
879 814 483 0 
-373 -898 282 0 
-57 953 -657 0 
37 121 -811 0 
633 493 -312 0 
-76 -167 -413 0 
791 -284 -22 0 
910 -63 372 0 
-175 201 585 0 
585 19 -948 0 
734 267 -425 0 
-268 -311 -473 0 
292 -880 626 0 
-515 902 486 0 
671 648 -575 0 
566 194 526 0 
-664 587 400 0 
-467 -780 -277 0 
-661 33 61 0 
-778 -701 -269 0 
561 -524 576 0 
857 15 -975 0 
-502 -118 229 0 
605 619 -412 0 
-92 774 -231 0 
990 -306 26 0 
299 393 480 0 
-892 669 601 0 
-894 215 798 0 
647 -880 171 0 
-160 770 694 0 
166 -592 -612 0 
890 -733 628 0 
760 280 -754 0 
-354 153 549 0 
349 -911 403 0 
-697 751 963 0 
-143 -292 893 0 
-563 806 642 0 
-47 -647 -105 0 
253 550 626 0 
590 -717 800 0 
-118 742 624 0 
-160 899 385 0 
-335 944 -580 0 
-216 -880 -647 0 
-463 713 -578 0 
-451 -901 -198 0 
333 -636 232 0 
-77 800 -765 0 
336 744 975 0 
-911 231 4 0 
483 -888 562 0 
-149 343 -754 0 
329 -397 -753 0 
-841 -402 -912 0 
-540 -859 -203 0 
723 -437 277 0 
-435 -815 -115 0 
264 -806 -442 0 
-900 -410 -76 0 
-449 270 -803 0 
-632 -123 -337 0 
-836 872 -156 0 
-565 466 698 0 
-772 -905 -10 0 
509 293 211 0 
343 -899 920 0 
312 -416 -181 0 
-681 -143 20 0 
66 486 -195 0 
325 936 -247 0 
664 256 283 0 
142 756 313 0 
-909 -138 -542 0 
441 420 -194 0 
-165 -754 780 0 
-458 -60 89 0 
559 -404 989 0 
-798 127 431 0 
621 654 889 0 
732 -628 -251 0 
475 -518 -13 0 
-536 -9 165 0 
458 677 535 0 
-364 898 180 0 
908 -86 -773 0 
723 185 817 0 
517 -627 -581 0 
756 -308 471 0 
-86 -267 106 0 
-479 -40 313 0 
834 -913 -436 0 
961 -564 732 0 
917 -319 527 0 
-543 -988 98 0 
-482 153 239 0 
-638 -886 -195 0 
-787 -765 -987 0 
-741 -481 524 0 
-108 672 -217 0 
-899 -852 -953 0 
-213 -158 -159 0 
234 777 697 0 
613 786 -584 0 
41 510 336 0 
-54 -406 879 0 
-119 -582 344 0 
-109 732 639 0 
-608 -542 369 0 
-360 35 704 0 
-969 523 -837 0 
-783 955 -968 0 
-412 -285 50 0 
943 93 -102 0 
524 -932 411 0 
-126 -567 502 0 
546 108 4 0 
-932 761 144 0 
-756 -722 589 0 
158 315 -502 0 
-836 -551 307 0 
169 982 689 0 
760 -551 912 0 
-42 610 -889 0 
736 -249 -465 0 
714 999 789 0 
-256 698 -616 0 
-106 -981 -507 0 
256 567 -741 0 
-425 650 539 0 
-14 442 436 0 
255 -492 460 0 
-413 145 857 0 
-176 76 643 0 
-358 461 -615 0 
709 213 782 0 
515 -194 616 0 
480 496 -116 0 
450 -8 870 0 
-268 589 -374 0 
-153 -771 -434 0 
-614 267 4 0 
-79 498 406 0 
385 -126 -91 0 
711 -811 491 0 
733 -458 -615 0 
-796 877 -198 0 
-298 279 -759 0 
779 -407 50 0 
-92 -699 764 0 
-269 741 378 0 
837 -321 -951 0 
320 45 641 0 
-633 -638 857 0 
113 -836 993 0 
-844 804 -724 0 
-704 647 -684 0 
-422 644 239 0 
258 -365 967 0 
-393 351 -822 0 
754 -692 -148 0 
435 -890 -684 0 
-297 900 -934 0 
-981 -35 542 0 
167 848 -35 0 
392 -668 -481 0 
616 -985 349 0 
-333 656 953 0 
287 347 65 0 
-101 -507 -119 0 
-232 -101 -163 0 
-111 335 860 0 
172 844 834 0 
-744 -683 60 0 
62 -89 -862 0 
504 746 -628 0 
898 -148 642 0 
167 -453 303 0 
-341 -82 534 0 
-332 719 -643 0 
436 506 -935 0 
664 285 -629 0 
539 -748 -601 0 
438 -862 -400 0 
-367 -38 -826 0 
87 -262 105 0 
485 177 557 0 
527 -803 251 0 
78 -428 -383 0 
-692 483 860 0 
-966 -303 -236 0 
352 912 701 0 
584 -481 477 0 
-889 -723 -516 0 
589 -234 -476 0 
-619 -882 756 0 
972 758 -800 0 
-233 -380 -935 0 
229 932 -501 0 
-248 616 -7 0 
365 66 175 0 
-378 -340 -328 0 
607 -184 -403 0 
364 650 611 0 
721 172 851 0 
-220 20 -305 0 
-807 -363 711 0 
103 848 290 0 
173 683 -983 0 
-338 -655 508 0 
904 389 -892 0 
-244 -242 -746 0 
-758 86 -726 0 
634 790 312 0 
745 -297 222 0 
797 175 -748 0 
-901 624 628 0 
328 131 624 0 
108 -450 -234 0 
486 243 -396 0 
356 -9 936 0 
213 -9 687 0 
857 -31 945 0 
247 721 293 0 
576 115 -528 0 
284 -856 787 0 
-637 -211 -221 0 
424 -854 -24 0 
136 56 413 0 
915 411 -589 0 
370 643 835 0 
250 -147 583 0 
-904 -775 39 0 
-465 -921 -164 0 
416 -134 335 0 
-693 153 748 0 
-777 232 -33 0 
-623 -472 -429 0 
241 -77 367 0 
346 665 756 0 
362 581 -291 0 
-31 627 -831 0 
-9 760 -120 0 
-502 -503 741 0 
988 -500 756 0 
824 -200 -894 0 
819 324 126 0 
-431 -302 411 0 
349 848 -113 0 
-972 682 326 0 
895 -514 -787 0 
-359 868 59 0 
80 -47 -270 0 
-912 -936 469 0 
744 -433 833 0 
-275 -299 -164 0 
-750 307 -738 0 
548 -926 23 0 
-816 691 -870 0 
-924 -673 750 0 
400 -743 -264 0 
-769 805 719 0 
111 326 177 0 
-505 -568 -775 0 
-950 -369 -329 0 
374 -677 160 0 
4 -411 534 0 
-970 -922 43 0 
-28 -730 -951 0 
-957 -1 86 0 
-314 -937 393 0 
682 -225 63 0 
760 -26 305 0 
-748 358 508 0 
789 -368 303 0 
-600 -692 420 0 
860 -229 408 0 
928 429 924 0 
536 -445 170 0 
-548 930 -784 0 
-352 29 -226 0 
199 -722 -573 0 
439 329 -315 0 
625 364 -148 0 
-730 273 464 0 
-571 128 200 0 
-834 -228 221 0 
52 -127 389 0 
138 -565 139 0 
-424 41 -940 0 
550 798 -573 0 
-143 -266 -356 0 
-298 -342 -38 0 
671 303 -708 0 
-967 719 401 0 
265 -133 923 0 
-960 553 -443 0 
-417 508 -414 0 
954 270 -297 0 
895 979 -857 0 
550 -267 931 0 
485 -188 949 0 
907 73 22 0 
-681 978 -700 0 
-190 466 -86 0 
-311 994 819 0 
845 184 -103 0 
-197 80 582 0 
245 999 -767 0 
-838 331 -174 0 
610 920 180 0 
-355 157 937 0 
-526 -103 402 0 
-444 517 -909 0 
990 360 -966 0 
-272 588 -960 0 
-977 -36 350 0 
872 -869 470 0 
-838 804 540 0 
585 -363 776 0 
-483 479 624 0 
368 344 -958 0 
768 -746 403 0 
-762 235 950 0 
-911 -505 -319 0 
-184 737 249 0 
-604 -162 825 0 
921 557 68 0 
-376 -865 590 0 
152 -820 33 0 
-976 881 -77 0 
-873 344 304 0 
-860 -464 -979 0 
27 824 -662 0 
57 -25 592 0 
258 -336 -59 0 
-158 983 -874 0 
744 553 314 0 
163 -500 -563 0 
-251 860 -259 0 
305 601 -301 0 
772 948 619 0 
224 -268 -514 0 
-415 -357 558 0 
943 428 -21 0 
-181 -612 -401 0 
599 729 -276 0 
944 723 -605 0 
-732 -917 816 0 
925 254 192 0 
-791 251 -972 0 
-717 -111 907 0 
-339 468 393 0 
-756 658 -106 0 
-389 -204 -630 0 
-255 -930 964 0 
479 94 845 0 
-446 731 358 0 
86 367 704 0 
-60 389 578 0 
51 35 -541 0 
24 348 151 0 
-704 381 369 0 
-303 244 350 0 
-883 542 256 0 
223 -169 184 0 
-127 667 616 0 
402 -53 -185 0 
878 -861 -991 0 
73 530 -909 0 
808 -833 -368 0 
-421 169 -821 0 
216 669 -252 0 
623 117 198 0 
-437 -41 866 0 
149 702 -342 0 
-709 371 -398 0 
325 -508 -468 0 
-273 533 196 0 
728 -769 -19 0 
-989 886 -40 0 
366 870 -427 0 
-594 -801 703 0 
753 -418 -638 0 
676 624 346 0 
-24 -423 372 0 
-849 -881 -670 0 
515 -319 -546 0 
-750 302 922 0 
983 113 -432 0 
-637 -596 -860 0 
368 -553 474 0 
-549 166 95 0 
-599 327 839 0 
-351 538 555 0 
406 -88 366 0 
695 707 947 0 
832 543 230 0 
541 -56 -856 0 
318 911 -197 0 
-536 204 -335 0 
597 -508 38 0 
-615 905 519 0 
227 625 670 0 
-794 125 858 0 
485 296 130 0 
-469 -486 -388 0 
-880 232 914 0 
566 400 626 0 
-106 5 -397 0 
970 382 398 0 
547 268 -284 0 
36 -18 651 0 
966 28 -8 0 
795 -549 -929 0 
-874 513 962 0 
656 758 -424 0 
-333 -202 -909 0 
-314 377 -858 0 
157 -814 809 0 
-505 911 383 0 
422 851 681 0 
-944 -523 -459 0 
-832 639 612 0 
-787 -924 37 0 
233 455 967 0 
-339 -166 -276 0 
-125 453 -34 0 
151 -198 -578 0 
551 142 419 0 
-284 123 696 0 
-115 -618 359 0 
-865 -94 -847 0 
835 -629 -879 0 
-918 -569 -11 0 
768 -444 -221 0 
54 438 -599 0 
-210 -512 -619 0 
276 118 -358 0 
396 -414 698 0 
45 771 -80 0 
456 672 563 0 
-354 645 -408 0 
553 355 -606 0 
-301 -955 560 0 
-702 -503 -597 0 
-29 -651 -107 0 
-603 978 -486 0 
-526 -193 -613 0 
659 -263 954 0 
223 -556 901 0 
442 890 -96 0 
502 772 -208 0 
968 -55 -302 0 
76 -844 519 0 
-399 398 892 0 
-826 382 -873 0 
-413 580 858 0 
-544 -572 -878 0 
-778 902 -725 0 
-478 788 -86 0 
-61 562 691 0 
447 -647 -944 0 
-128 -784 880 0 
-786 840 -607 0 
385 76 552 0 
783 902 -380 0 
-685 -697 632 0 
-61 60 743 0 
984 -221 -501 0 
968 -3 130 0 
-641 -696 199 0 
103 668 550 0 
-128 -358 -311 0 
544 677 -48 0 
-950 606 612 0 
-756 216 -698 0 
-774 29 454 0 
-654 776 -487 0 
-416 -554 -635 0 
500 294 855 0 
463 -742 -265 0 
-343 733 754 0 
55 242 -596 0 
-186 711 -675 0 
-674 -302 811 0 
77 790 541 0 
-25 -862 174 0 
-393 -93 160 0 
-53 331 -395 0 
501 32 890 0 
974 107 -372 0 
-686 -384 -258 0 
225 335 456 0 
-132 -661 430 0 
-865 410 -593 0 
337 481 -150 0 
-768 569 -383 0 
-595 -429 519 0 
-184 250 -996 0 
909 -943 227 0 
915 542 -420 0 
-79 -288 -738 0 
240 704 -745 0 
559 246 -406 0 
-622 44 -67 0 
-27 -250 227 0 
-217 -303 -728 0 
-512 998 20 0 
-932 929 -303 0 
-668 -161 471 0 
-604 556 916 0 
-129 945 229 0 
120 -177 523 0 
73 -128 -952 0 
-573 215 -241 0 
-247 603 544 0 
157 835 94 0 
493 772 278 0 
-335 -137 -200 0 
417 727 -248 0 
-95 71 -256 0 
-571 -54 -433 0 
936 274 -505 0 
-480 -630 -555 0 
-39 -993 -43 0 
538 -836 -731 0 
-539 9 -609 0 
-256 763 -178 0 
864 310 -76 0 
658 268 -389 0 
188 489 -520 0 
302 651 -454 0 
935 320 240 0 
-699 -815 698 0 
156 -617 779 0 
-473 -977 -738 0 
-130 -758 374 0 
81 468 -223 0 
38 698 607 0 
-364 -874 310 0 
463 -839 225 0 
-539 -564 357 0 
725 -169 521 0 
737 814 231 0 
-880 -975 -890 0 
-321 637 -481 0 
771 369 712 0 
-89 -477 596 0 
13 76 -594 0 
702 513 -929 0 
802 -658 127 0 
-193 -143 -118 0 
-208 870 -143 0 
-833 -222 565 0 
360 772 -911 0 
-332 195 -388 0 
97 213 -672 0 
-300 -838 582 0 
984 788 -708 0 
300 -27 478 0 
-6 863 -73 0 
694 -910 -825 0 
-344 611 464 0 
-385 -748 503 0 
383 -302 85 0 
-740 -164 -945 0 
-248 461 823 0 
-521 959 -718 0 
429 223 53 0 
815 596 -282 0 
-652 307 783 0 
-474 986 536 0 
-573 -884 50 0 
953 -882 188 0 
-815 428 506 0 
-934 -172 611 0 
-771 386 638 0 
617 717 -8 0 
-36 -920 -505 0 
54 757 -382 0 
-784 -10 -743 0 
236 -137 162 0 
208 -186 -79 0 
628 449 -2 0 
659 -528 -129 0 
-765 718 -9 0 
-366 645 -734 0 
-555 -86 -482 0 
-845 -523 -872 0 
255 -621 131 0 
-687 344 -536 0 
158 -233 -832 0 
472 -868 560 0 
560 -973 100 0 
809 639 -248 0 
274 44 -636 0 
892 372 648 0 
761 421 58 0 
727 -83 -589 0 
-754 867 281 0 
462 -594 -225 0 
88 368 -738 0 
905 64 901 0 
933 218 -595 0 
628 -951 886 0 
674 529 628 0 
-727 52 251 0 
731 -642 922 0 
41 -350 -864 0 
7 807 42 0 
-257 -822 -60 0 
-177 -189 121 0 
263 965 -463 0 
-14 150 -177 0 
121 165 -435 0 
-719 -662 392 0 
389 -528 341 0 
655 214 512 0 
206 180 320 0 
177 -620 427 0 
328 315 -991 0 
686 440 569 0 
-938 205 -408 0 
-50 -447 724 0 
-989 8 -372 0 
164 316 -948 0 
-883 88 872 0 
552 -631 551 0 
69 99 521 0 
113 -939 978 0 
-599 -606 -469 0 
284 -452 770 0 
-757 233 -724 0 
-171 -887 -326 0 
-469 -533 115 0 
-694 216 865 0 
40 299 339 0 
654 213 -820 0 
10 -721 404 0 
-339 976 -447 0 
-462 977 -433 0 
209 -269 261 0 
-34 -864 -27 0 
-224 -931 364 0 
222 -350 158 0 
-4 390 -472 0 
-405 -236 -611 0 
-863 -839 -674 0 
-40 -718 -530 0 
178 460 173 0 
-11 -559 -482 0 
-439 455 73 0 
-728 51 470 0 
-79 652 -352 0 
-795 280 827 0 
-454 85 -673 0 
-376 -889 979 0 
360 695 757 0 
-952 -971 -277 0 
818 274 778 0 
202 -688 -415 0 
196 -923 86 0 
-156 -168 -333 0 
-852 28 363 0 
286 -368 -40 0 
278 901 -770 0 
562 732 -622 0 
11 -740 252 0 
802 434 -947 0 
746 -832 873 0 
-423 622 -695 0 
842 -924 781 0 
154 -988 109 0 
634 918 428 0 
-38 90 898 0 
-404 621 66 0 
609 407 856 0 
344 657 917 0 
704 -176 -458 0 
275 -837 -966 0 
-28 -59 -881 0 
862 323 405 0 
355 847 699 0 
-654 691 -265 0 
156 -949 -710 0 
-741 410 -622 0 
-565 769 -823 0 
791 112 -704 0 
-701 -961 -378 0 
296 852 796 0 
603 -851 601 0 
-484 -282 -745 0 
553 729 -534 0 
-559 -639 890 0 
-812 148 -858 0 
842 219 438 0 
382 103 -430 0 
-943 -84 -486 0 
419 -308 -433 0 
-749 495 903 0 
-927 -940 450 0 
784 -636 -57 0 
279 -273 -639 0 
450 903 -994 0 
-414 754 -894 0 
-298 -240 972 0 
-154 -896 176 0 
676 928 -980 0 
797 -929 151 0 
-875 76 -175 0 
-190 791 -117 0 
962 322 432 0 
-383 -473 11 0 
699 -235 -802 0 
294 868 -241 0 
586 977 214 0 
732 -15 -616 0 
305 -787 750 0 
462 -76 979 0 
430 257 -425 0 
908 692 165 0 
-273 -94 910 0 
164 -974 432 0 
-45 -100 -776 0 
873 -517 976 0 
-690 121 397 0 
220 -953 5 0 
-996 -547 122 0 
719 553 267 0 
-253 -752 -503 0 
-625 -657 -683 0 
-34 -559 942 0 
307 -363 306 0 
-629 646 -403 0 
394 438 711 0 
-514 -463 315 0 
624 943 642 0 
-798 166 -373 0 
393 -797 -390 0 
-460 -287 -376 0 
-955 10 -580 0 
-60 -686 -419 0 
-518 -818 -469 0 
426 759 -888 0 
-890 -83 300 0 
-972 58 -877 0 
204 312 530 0 
-33 -926 -58 0 
594 -856 503 0 
86 816 -175 0 
604 -144 947 0 
-276 -248 634 0 
-579 -955 22 0 
-187 -257 729 0 
-548 -787 174 0 
399 925 710 0 
350 -299 -967 0 
654 630 337 0 
-578 -356 27 0 
-606 654 -335 0 
-62 724 669 0 
-512 -276 -563 0 
-787 758 637 0 
211 762 -638 0 
128 -711 346 0 
-610 900 -106 0 
-596 -181 -221 0 
-866 987 -792 0 
-578 -287 -114 0 
399 243 141 0 
-746 867 874 0 
743 -222 399 0 
-932 913 -37 0 
-951 -525 571 0 
37 -366 -178 0 
-586 138 609 0 
-525 -325 50 0 
-678 -856 -697 0 
38 183 -861 0 
714 -485 -672 0 
456 457 -304 0 
514 -409 -954 0 
374 -785 119 0 
609 670 107 0 
-559 26 745 0 
5 415 -123 0 
-120 -638 -32 0 
-852 216 372 0 
822 117 -172 0 
-57 497 -648 0 
-619 377 -714 0 
-938 902 -623 0 
-706 -929 785 0 
-215 -820 159 0 
-209 -375 53 0 
-66 718 606 0 
136 238 -922 0 
978 -526 717 0 
-333 -803 -288 0 
-626 -653 2 0 
-330 521 741 0 
176 -648 -289 0 
248 -299 -788 0 
107 -137 -427 0 
-106 138 -572 0 
516 628 -702 0 
-507 -572 -484 0 
57 459 337 0 
-638 -197 695 0 
869 -920 642 0 
-7 -747 -879 0 
-23 -805 -534 0 
920 -436 205 0 
712 -522 383 0 
62 -121 -968 0 
598 -450 -648 0 
113 684 -485 0 
-535 912 717 0 
472 747 104 0 
120 470 -705 0 
217 -559 -49 0 
434 -495 631 0 
621 764 -833 0 
699 99 37 0 
811 -336 715 0 
-128 -890 956 0 
360 420 56 0 
-806 -764 31 0 
-978 24 671 0 
-224 -267 -145 0 
-40 522 -384 0 
917 131 -103 0 
964 -634 272 0 
-565 536 -544 0 
-50 413 -170 0 
-187 398 -843 0 
454 -924 586 0 
-390 175 -281 0 
922 78 194 0 
539 479 867 0 
-684 -636 661 0 
695 -980 344 0 
-112 -978 508 0 
91 -214 124 0 
788 -991 -771 0 
-756 711 156 0 
172 619 296 0 
-555 -275 -111 0 
-858 -823 763 0 
-407 640 -661 0 
-622 693 767 0 
-143 691 139 0 
-954 -941 374 0 
-739 -146 -652 0 
-888 803 505 0 
-451 330 -576 0 
200 -304 766 0 
372 -409 85 0 
425 110 248 0 
50 41 -75 0 
-703 -42 331 0 
346 -955 242 0 
-335 188 652 0 
272 -775 667 0 
685 265 -526 0 
633 -485 -361 0 
-285 -551 -349 0 
-221 303 -127 0 
-521 196 249 0 
-987 249 -760 0 
-1000 -994 -949 0 
699 716 -928 0 
-954 476 855 0 
924 -444 -539 0 
161 714 -427 0 
-959 122 -987 0 
-668 -968 -395 0 
-467 -100 -391 0 
-666 755 -275 0 
206 652 879 0 
88 62 -524 0 
167 -610 -86 0 
-650 486 237 0 
754 490 -615 0 
-14 346 -596 0 
176 814 144 0 
-27 -397 234 0 
784 -63 327 0 
335 952 303 0 
-962 758 431 0 
917 268 -534 0 
-582 376 -571 0 
-563 6 32 0 
-94 52 925 0 
-928 -71 177 0 
-957 -952 -143 0 
770 707 68 0 
-452 -940 -949 0 
-687 852 -907 0 
5 -317 -225 0 
-60 -701 463 0 
830 -147 311 0 
273 795 391 0 
-133 -156 839 0 
-296 -540 -405 0 
498 307 618 0 
-854 150 932 0 
-564 712 258 0 
-848 -686 845 0 
839 762 -16 0 
130 612 -502 0 
-691 -610 606 0 
-759 903 173 0 
-223 -145 413 0 
-121 665 367 0 
574 277 778 0 
-778 419 -648 0 
214 -811 -629 0 
84 800 -298 0 
-469 522 -373 0 
-300 600 -253 0 
239 -907 -646 0 
-377 929 732 0 
-709 664 -549 0 
745 274 608 0 
-28 256 928 0 
-589 593 -226 0 
-623 580 -463 0 
578 110 -454 0 
-389 655 454 0 
723 32 689 0 
602 59 406 0 
-738 -558 -555 0 
567 -363 759 0 
475 75 -888 0 
754 951 900 0 
-341 807 -615 0 
-929 -188 38 0 
-285 -572 268 0 
248 18 197 0 
-542 -781 -297 0 
623 -917 109 0 
200 536 498 0 
963 682 781 0 
975 517 818 0 
-998 -341 -512 0 
976 -472 887 0 
82 702 -444 0 
-671 -70 1 0 
569 -17 157 0 
62 441 -479 0 
182 -841 279 0 
-785 -269 -274 0 
432 -421 -570 0 
-448 -81 -414 0 
-121 981 -878 0 
561 638 -252 0 
-840 -137 -189 0 
225 -18 -33 0 
-247 -439 668 0 
-912 -888 -519 0 
-334 -936 180 0 
-882 -395 -956 0 
-980 -52 -1 0 
79 48 -86 0 
213 634 -229 0 
-456 869 -95 0 
-261 -616 944 0 
488 -224 -650 0 
34 -253 -62 0 
224 157 -957 0 
304 893 399 0 
823 907 -892 0 
-296 -719 -619 0 
-718 745 480 0 
-280 544 469 0 
-385 620 864 0 
848 -617 713 0 
330 161 -294 0 
422 236 542 0 
938 -387 -130 0 
-129 417 677 0 
835 215 -324 0 
-169 264 590 0 
322 -420 849 0 
509 -18 -593 0 
-115 -468 -772 0 
703 450 -629 0 
616 272 -359 0 
141 -275 211 0 
-531 140 -781 0 
3 281 602 0 
-75 67 -767 0 
624 248 240 0 
-713 -472 -413 0 
-661 998 -66 0 
-163 720 744 0 
-109 -719 -222 0 
745 -979 491 0 
833 719 -792 0 
-936 -609 667 0 
167 -382 388 0 
-416 -962 -322 0 
-408 207 -464 0 
-523 -91 -284 0 
-958 48 52 0 
-40 -649 643 0 
894 56 950 0 
860 514 -274 0 
-332 114 -376 0 
-566 225 -437 0 
337 721 -793 0 
-45 -221 -482 0 
924 -986 201 0 
359 -984 -170 0 
389 -117 -689 0 
-516 -924 -738 0 
584 -196 -35 0 
429 60 -309 0 
-721 -441 -789 0 
207 -860 -616 0 
891 652 448 0 
366 -289 72 0 
-796 -421 529 0 
-236 28 -649 0 
792 352 -677 0 
-222 543 -782 0 
541 570 930 0 
385 742 936 0 
12 170 693 0 
-35 593 -375 0 
-321 -64 309 0 
350 529 -28 0 
-312 574 727 0 
-716 778 304 0 
794 13 335 0 
86 398 451 0 
-316 784 -42 0 
899 706 555 0 
959 -818 414 0 
-601 -747 51 0 
2 662 460 0 
589 432 -853 0 
-418 -608 89 0 
-612 -805 -365 0 
58 972 406 0 
-786 -625 -944 0 
-721 116 -895 0 
-197 209 101 0 
-370 264 761 0 
-102 -937 -341 0 
-322 857 -630 0 
522 638 -929 0 
-897 -906 -197 0 
862 -761 980 0 
938 205 -477 0 
64 142 124 0 
416 -633 623 0 
-755 837 -309 0 
-902 -223 -55 0 
-147 -608 -341 0 
995 934 178 0 
-949 -846 -671 0 
-421 -303 553 0 
129 784 -149 0 
-462 -487 119 0 
607 -982 497 0 
701 423 -218 0 
475 548 147 0 
-344 799 833 0 
-903 -107 -640 0 
494 -164 -19 0 
-103 -913 308 0 
-59 377 -782 0 
-287 70 88 0 
841 674 -525 0 
712 -116 -293 0 
75 41 471 0 
-146 498 28 0 
-975 -540 -714 0 
-442 -797 -794 0 
458 777 -189 0 
848 551 -680 0 
841 -186 749 0 
-960 768 12 0 
-110 -492 988 0 
-121 -132 -386 0 
127 -416 982 0 
-161 897 625 0 
-758 177 966 0 
998 -455 -649 0 
144 27 -603 0 
-600 346 -267 0 
395 240 -770 0 
398 690 -162 0 
501 473 -997 0 
-376 -968 -787 0 
242 525 -436 0 
362 304 556 0 
-414 198 -868 0 
316 -795 -383 0 
176 299 -285 0 
923 804 -882 0 
191 289 -307 0 
686 483 -215 0 
610 382 330 0 
-63 -31 -35 0 
-605 -138 -234 0 
36 -936 -14 0 
-693 567 -596 0 
204 401 -317 0 
-668 -811 269 0 
-738 -1000 414 0 
-477 331 144 0 
543 -712 840 0 
907 186 517 0 
-752 -853 -710 0 
-643 357 852 0 
-735 -92 838 0 
223 -826 -687 0 
-162 366 238 0 
615 -731 643 0 
645 -149 -953 0 
369 553 -941 0 
407 -178 -538 0 
424 185 -672 0 
35 -76 -529 0 
157 -340 884 0 
-888 941 316 0 
-197 -529 985 0 
-403 -151 -11 0 
-65 579 792 0 
-910 441 976 0 
-826 -529 -634 0 
-588 -296 -84 0 
902 664 -435 0 
84 966 213 0 
848 -126 -810 0 
915 961 -101 0 
510 -839 71 0 
462 89 -419 0 
-866 169 864 0 
824 -932 -923 0 
-334 -675 -526 0 
-905 665 283 0 
-453 -828 507 0 
-982 747 378 0 
-315 -297 -858 0 
677 -739 556 0 
608 -117 -162 0 
-96 872 -597 0 
3 89 -355 0 
-630 377 -361 0 
571 86 -674 0 
702 835 25 0 
-483 -155 -841 0 
-118 -549 902 0 
-944 -708 -453 0 
457 -957 -434 0 
-689 -157 547 0 
-86 -700 -352 0 
-325 -891 787 0 
-50 -496 -637 0 
-207 896 -318 0 
915 83 -778 0 
-691 -615 -562 0 
-961 -949 61 0 
952 203 -27 0 
-81 -862 -657 0 
563 275 -675 0 
-482 301 956 0 
-262 375 106 0 
919 -727 485 0 
-375 467 913 0 
-596 644 -866 0 
-79 -562 17 0 
915 117 -408 0 
251 815 302 0 
-524 -88 932 0 
18 -311 -857 0 
606 426 -83 0 
-124 -839 -442 0 
524 -433 190 0 
272 28 31 0 
787 -670 -287 0 
661 412 533 0 
601 -400 16 0 
-543 -171 438 0 
-761 818 -719 0 
-462 -466 -797 0 
-686 389 -310 0 
-401 298 621 0 
614 46 -654 0 
700 131 45 0 
-429 458 765 0 
-826 112 -859 0 
379 -294 364 0 
-900 -738 932 0 
-102 -174 916 0 
560 400 -669 0 
-843 -723 -508 0 
700 -843 -280 0 
935 -382 -381 0 
187 360 -123 0 
851 -110 -250 0 
-325 776 -167 0 
-567 736 610 0 
-485 219 326 0 
370 597 437 0 
-189 -920 -620 0 
-127 -862 -919 0 
807 -759 -102 0 
559 151 -256 0 
-607 -213 -836 0 
-575 17 -226 0 
692 9 -990 0 
-244 -907 -543 0 
738 -218 -135 0 
-472 -620 -834 0 
-759 465 890 0 
-984 -70 -974 0 
-584 -285 185 0 
-61 -359 266 0 
-469 805 424 0 
829 -406 -836 0 
915 -594 513 0 
377 -16 788 0 
-938 -561 -243 0 
459 -641 -707 0 
43 -165 694 0 
649 -266 436 0 
-391 388 923 0 
-20 131 -995 0 
-478 -715 -549 0 
728 -396 -108 0 
-440 -74 204 0 
-910 -693 892 0 
-669 852 -373 0 
927 -473 373 0 
-624 191 644 0 
469 -954 -486 0 
-365 478 348 0 
-841 -603 166 0 
-215 -630 -180 0 
-222 974 -326 0 
-154 612 401 0 
291 -555 -69 0 
-135 -494 -773 0 
427 -531 -219 0 
-718 952 143 0 
-104 780 823 0 
115 609 -550 0 
943 340 -349 0 
164 795 770 0 
-81 745 595 0 
-494 -455 -283 0 
765 759 886 0 
308 21 569 0 
194 -99 457 0 
-450 226 -609 0 
591 -687 -338 0 
-141 475 58 0 
-870 137 -325 0 
-188 -490 -248 0 
-97 227 -643 0 
-480 -729 792 0 
-999 -359 -979 0 
-738 -330 763 0 
356 915 -548 0 
580 -755 -86 0 
930 540 453 0 
-788 188 522 0 
954 -5 -351 0 
-40 51 549 0 
133 -566 -1000 0 
-867 -915 621 0 
937 -149 109 0 
998 -98 776 0 
503 -523 -648 0 
-787 197 -871 0 
-123 -383 -598 0 
82 18 -391 0 
934 -1 -748 0 
-978 829 -819 0 
-168 -412 419 0 
766 -88 970 0 
137 -955 773 0 
-761 -574 958 0 
-765 -900 -44 0 
-511 589 997 0 
449 23 -773 0 
-543 807 281 0 
-203 -158 588 0 
-683 787 649 0 
-171 596 866 0 
323 408 -195 0 
861 -468 -369 0 
-792 393 552 0 
962 8 -759 0 
-976 980 998 0 
709 61 -752 0 
818 494 198 0 
327 499 650 0 
-135 -128 427 0 
269 146 -340 0 
417 498 96 0 
-387 93 710 0 
-130 -147 -145 0 
84 -50 125 0 
-822 271 159 0 
-954 -625 -657 0 
596 846 -85 0 
-787 -27 223 0 
992 757 713 0 
429 117 9 0 
892 -956 590 0 
-582 -610 606 0 
42 -409 -777 0 
-637 959 300 0 
295 -306 -666 0 
-989 976 849 0 
-358 224 380 0 
-412 -746 -238 0 
213 15 -652 0 
159 -635 -840 0 
283 -841 404 0 
-993 242 403 0 
-355 -814 952 0 
925 696 572 0 
-372 214 358 0 
756 817 -836 0 
-782 -774 -395 0 
-777 -445 227 0 
-616 118 -900 0 
169 -829 -776 0 
-681 131 -212 0 
773 -38 992 0 
615 189 -574 0 
302 -231 569 0 
849 -543 958 0 
-547 767 243 0 
680 112 -848 0 
-889 773 -528 0 
233 513 -627 0 
-854 -24 408 0 
-748 61 -221 0 
10 -113 -876 0 
595 -554 -534 0 
-644 -734 -510 0 
-923 840 546 0 
233 472 -772 0 
191 -389 199 0 
-429 -833 -584 0 
-16 -259 585 0 
-872 377 -280 0 
-489 405 517 0 
-866 -94 -21 0 
-412 5 -265 0 
-439 -306 -746 0 
870 -667 -633 0 
674 983 90 0 
559 636 877 0 
566 30 -823 0 
85 317 -559 0 
-465 -64 -147 0 
716 -803 -49 0 
-49 294 -110 0 
-549 -853 138 0 
34 177 -137 0 
787 -505 -702 0 
234 975 -977 0 
-125 609 -152 0 
-543 -714 -890 0 
838 170 -705 0 
971 -527 -134 0 
-106 -966 919 0 
329 -73 -112 0 
29 889 -993 0 
989 -23 -680 0 
782 -447 -135 0 
-561 -449 620 0 
970 145 700 0 
-338 -4 424 0 
-735 -221 154 0 
-482 -682 155 0 
-474 -479 969 0 
369 890 -436 0 
429 -213 -717 0 
-855 211 985 0 
-429 191 439 0 
-226 -757 669 0 
-940 -158 -73 0 
-646 473 729 0 
795 -855 53 0 
-38 -740 -824 0 
969 -828 -970 0 
-570 -687 449 0 
108 -603 -262 0 
-175 244 -363 0 
-949 -548 -485 0 
-44 482 -1 0 
214 446 -343 0 
-733 282 192 0 
-251 -710 -655 0 
582 30 -323 0 
-63 -558 -277 0 
-992 -633 -7 0 
-54 -523 819 0 
-664 268 785 0 
-867 684 412 0 
327 -854 -38 0 
240 -267 883 0 
-373 -853 -70 0 
-433 135 -432 0 
640 -71 286 0 
306 -943 -912 0 
704 38 342 0 
-179 -125 -757 0 
95 655 -291 0 
410 656 -793 0 
-771 294 -746 0 
411 -16 27 0 
117 88 -753 0 
825 115 388 0 
-497 -932 -264 0 
850 -362 88 0 
204 -470 227 0 
553 874 566 0 
776 539 418 0 
-314 113 948 0 
857 -991 599 0 
999 835 -723 0 
-429 341 616 0 
726 698 84 0 
345 -156 -71 0 
491 -781 23 0 
844 -954 483 0 
-585 -498 542 0 
-439 -791 -961 0 
-238 153 613 0 
-148 560 321 0 
-216 -604 547 0 
413 -929 -480 0 
240 570 -392 0 
-109 31 945 0 
254 -618 -256 0 
-272 50 105 0 
945 411 -687 0 
-604 339 125 0 
-794 173 -829 0 
871 693 292 0 
-366 586 -899 0 
-354 -468 -688 0 
-904 -989 688 0 
-137 -785 -533 0 
504 -803 -639 0 
-563 590 -210 0 
-158 -380 164 0 
51 -149 536 0 
424 -617 840 0 
-791 805 -544 0 
-830 46 -279 0 
992 -196 -703 0 
-987 -558 -927 0 
712 57 163 0 
-959 175 345 0 
919 619 -517 0 
427 383 -470 0 
811 831 -855 0 
-181 -530 483 0 
483 -26 -672 0 
636 -511 -155 0 
-30 988 630 0 
-236 23 289 0 
272 698 917 0 
-956 -785 -977 0 
127 -601 142 0 
575 980 209 0 
-148 -344 -919 0 
-538 445 875 0 
-345 -169 -148 0 
343 278 -136 0 
783 899 665 0 
393 -65 719 0 
886 -77 -281 0 
234 872 -812 0 
-209 -255 497 0 
-420 -919 -714 0 
-587 346 -131 0 
639 -777 -206 0 
-299 259 370 0 
-787 -542 847 0 
968 -591 -115 0 
-605 -309 486 0 
720 904 -42 0 
281 -845 -377 0 
-118 824 314 0 
-99 -819 -350 0 
-149 -530 344 0 
-528 -14 76 0 
-524 663 470 0 
996 970 866 0 
-59 -801 655 0 
106 -729 -85 0 
162 -537 342 0 
-746 -762 -251 0 
-128 -304 840 0 
488 -741 -163 0 
649 583 -974 0 
654 -317 988 0 
991 399 2 0 
187 -773 667 0 
813 21 322 0 
-704 -510 -256 0 
-769 -766 535 0 
-591 630 409 0 
332 -863 77 0 
-824 -581 205 0 
496 -423 485 0 
-936 144 692 0 
991 423 333 0 
821 729 74 0 
-217 661 -86 0 
-488 247 371 0 
-518 764 63 0 
57 -633 539 0 
-525 76 799 0 
-917 717 481 0 
-702 -122 -287 0 
-168 219 679 0 
404 -43 566 0 
634 921 -626 0 
724 279 -6 0 
-624 -166 -380 0 
-945 -455 507 0 
-336 -937 -327 0 
563 -370 -597 0 
-725 802 -954 0 
38 -847 709 0 
67 283 874 0 
334 364 -539 0 
-72 221 -700 0 
690 -895 -633 0 
93 299 758 0 
-193 921 38 0 
-875 -971 -6 0 
-478 11 -431 0 
-847 38 -428 0 
449 289 728 0 
766 138 305 0 
-728 895 -477 0 
418 799 132 0 
-705 921 106 0 
330 157 -942 0 
-868 -339 -593 0 
-228 80 -344 0 
-714 -107 117 0 
-461 -803 396 0 
127 -452 546 0 
786 -293 896 0 
594 -611 -608 0 
-876 79 729 0 
-819 531 967 0 
685 417 -611 0 
167 -986 661 0 
113 -480 -196 0 
-646 -132 -642 0 
-221 -199 -852 0 
680 136 390 0 
717 13 -538 0 
848 620 -138 0 
-103 -528 -277 0 
-518 67 -491 0 
999 896 -614 0 
-4 369 113 0 
399 -138 -15 0 
-737 -153 -318 0 
-987 281 420 0 
-298 -746 -307 0 
-397 854 99 0 
-996 277 931 0 
-394 -847 335 0 
590 114 -842 0 
-376 -172 -57 0 
-279 -349 780 0 
546 -479 43 0 
-22 93 589 0 
-617 767 -11 0 
-304 -713 -992 0 
-100 -207 883 0 
957 -976 372 0 
647 -54 373 0 
-161 -327 -2 0 
-211 868 743 0 
686 452 198 0 
-951 -724 833 0 
-264 376 -274 0 
659 -810 -822 0 
-507 -934 288 0 
-672 -338 -188 0 
-551 -972 -633 0 
-992 -859 -973 0 
-642 -443 -534 0 
524 -551 -172 0 
950 324 704 0 
553 -447 11 0 
155 407 -704 0 
935 452 402 0 
-977 -313 277 0 
-120 -783 -74 0 
280 516 -226 0 
-10 -599 797 0 
2 -28 -67 0 
-814 -815 380 0 
612 -951 172 0 
879 -504 947 0 
227 205 167 0 
-859 629 -105 0 
953 165 -710 0 
491 471 -395 0 
160 -322 694 0 
277 -162 -268 0 
301 -337 -478 0 
707 1 -894 0 
731 960 906 0 
244 606 464 0 
-35 -724 -608 0 
-776 -192 284 0 
-518 436 -499 0 
550 -57 514 0 
-518 81 -774 0 
805 -278 934 0 
19 -155 627 0 
571 -26 417 0 
-550 -384 458 0 
725 826 772 0 
-366 538 -526 0 
602 -339 723 0 
-415 -908 487 0 
989 -549 111 0 
496 -950 109 0 
-274 776 852 0 
-880 567 932 0 
-736 669 819 0 
823 -46 -394 0 
-440 -869 858 0 
-555 -126 131 0 
-326 965 -282 0 
-124 -197 -722 0 
962 883 810 0 
815 248 141 0 
554 461 957 0 
890 602 -100 0 
524 -995 -818 0 
-497 -940 508 0 
-761 324 -749 0 
955 536 233 0 
648 -672 374 0 
811 269 -203 0 
-810 293 -223 0 
-722 -583 -972 0 
-603 -594 201 0 
462 98 -767 0 
-506 -187 -738 0 
-111 296 28 0 
-874 472 -713 0 
-978 -748 817 0 
690 -728 -440 0 
330 -181 913 0 
944 268 548 0 
816 -529 643 0 
-669 178 -361 0 
767 935 -997 0 
855 -406 137 0 
311 -771 821 0 
350 -297 604 0 
248 699 -651 0 
550 -372 516 0 
-250 -856 -118 0 
-336 180 578 0 
856 -78 836 0 
-761 68 -345 0 
-512 532 -817 0 
-259 -797 -798 0 
54 39 -866 0 
-155 -741 880 0 
186 224 -350 0 
-536 391 -278 0 
-951 521 -437 0 
-328 -597 664 0 
79 119 -313 0 
642 -581 516 0 
-624 698 148 0 
-615 714 934 0 
-229 -133 958 0 
411 922 -182 0 
267 -233 823 0 
-921 338 339 0 
255 -238 770 0 
-289 716 -499 0 
751 82 -768 0 
-321 -944 760 0 
802 538 568 0 
125 915 -660 0 
528 -10 101 0 
-403 -34 -177 0 
-524 332 867 0 
-299 566 738 0 
423 -549 -454 0 
696 753 940 0 
-247 756 -79 0 
434 409 -107 0 
237 466 146 0 
312 851 283 0 
735 -770 -509 0 
545 321 242 0 
104 -630 948 0 
-398 -226 117 0 
-676 455 -555 0 
959 264 -646 0 
464 -102 834 0 
-945 407 -23 0 
-765 -191 419 0 
-705 603 -326 0 
322 -471 -183 0 
29 94 945 0 
-446 816 -582 0 
-692 232 495 0 
746 133 -704 0 
947 476 -80 0 
-139 -917 290 0 
-403 626 122 0 
668 695 -569 0 
-877 -792 -78 0 
708 -231 400 0 
-74 -698 745 0 
-850 405 -945 0 
-129 -319 665 0 
-104 -585 -502 0 
991 -589 -544 0 
742 -351 -599 0 
787 -956 -814 0 
740 -5 -651 0 
606 865 832 0 
-54 400 587 0 
-837 510 -430 0 
159 426 315 0 
-831 -290 -968 0 
-749 -245 824 0 
682 963 -543 0 
603 -386 -728 0 
-162 -465 740 0 
-831 -824 -611 0 
-309 765 -748 0 
368 920 976 0 
159 -948 372 0 
991 -765 -38 0 
760 -739 -306 0 
354 675 581 0 
-798 534 -335 0 
-313 166 664 0 
479 -62 228 0 
922 -994 -504 0 
50 442 809 0 
-279 -165 716 0 
-173 658 -44 0 
805 -536 -695 0 
165 238 449 0 
-982 -717 -298 0 
-986 -154 -401 0 
-534 -515 290 0 
509 -840 -720 0 
-40 603 -450 0 
-741 861 589 0 
360 361 -627 0 
658 -518 -838 0 
421 48 227 0 
-236 382 -506 0 
-177 930 -164 0 
484 773 -324 0 
-435 749 328 0 
-372 965 16 0 
-172 -683 -452 0 
296 -455 925 0 
-698 -739 -230 0 
571 -683 567 0 
408 -136 195 0 
-974 496 -578 0 
-365 -976 -932 0 
818 -869 882 0 
485 -142 57 0 
513 994 797 0 
-400 309 910 0 
-62 -879 17 0 
-512 459 66 0 
-374 -725 770 0 
-409 -886 -305 0 
872 971 309 0 
511 178 303 0 
-305 -264 -731 0 
758 907 -102 0 
930 25 761 0 
748 892 742 0 
-382 -275 333 0 
-701 419 938 0 
-98 21 702 0 
-837 923 -461 0 
429 -349 775 0 
460 998 -327 0 
127 19 992 0 
67 -263 -27 0 
724 -211 381 0 
469 -915 502 0 
452 -769 -544 0 
117 -974 740 0 
-162 357 251 0 
-240 969 258 0 
-495 503 -122 0 
-913 271 -920 0 
-3 878 -644 0 
-298 379 -219 0 
893 -985 379 0 
-145 -561 -293 0 
-491 -416 25 0 
423 176 263 0 
-770 -111 -830 0 
802 -820 336 0 
513 -78 972 0 
46 -867 703 0 
-225 588 59 0 
-371 -695 -400 0 
929 825 823 0 
402 -360 937 0 
308 -508 -527 0 
-842 91 602 0 
-202 -712 761 0 
714 437 -677 0 
756 -478 -2 0 
-515 9 -957 0 
-778 -598 650 0 
693 -449 383 0 
-956 -594 158 0 
-428 809 -214 0 
-459 375 394 0 
612 495 -488 0 
-726 892 -735 0 
150 134 -241 0 
-839 993 -829 0 
328 -825 -987 0 
716 -501 595 0 
330 -85 370 0 
157 59 -572 0 
-710 -340 -405 0 
145 -637 -559 0 
-19 -176 821 0 
-326 373 -604 0 
-828 -847 607 0 
-287 723 145 0 
-909 -271 320 0 
-810 814 -618 0 
-842 -974 878 0 
257 -367 -451 0 
-291 -797 -143 0 
609 987 310 0 
-565 -368 29 0 
-935 76 175 0 
-847 -43 746 0 
510 344 -251 0 
-519 413 -807 0 
-30 747 -286 0 
662 141 -380 0 
964 -617 518 0 
932 383 -216 0 
-167 983 331 0 
-279 664 -200 0 
207 -227 319 0 
154 253 55 0 
155 -215 -27 0 
302 250 -188 0 
-588 -541 473 0 
177 925 115 0 
-312 759 593 0 
-30 527 -521 0 
906 -622 -89 0 
-15 -20 -154 0 
847 -132 -497 0 
-774 993 908 0 
714 46 -6 0 
169 795 214 0 
-580 -229 -451 0 
724 527 -739 0 
450 -693 -705 0 
-528 -271 557 0 
-597 -124 400 0 
-778 -707 538 0 
-110 -308 -269 0 
-246 434 -464 0 
46 -584 257 0 
399 -499 -978 0 
-782 977 -275 0 
617 -11 171 0 
-69 937 -259 0 
962 -473 -929 0 
819 576 -899 0 
-679 -544 -932 0 
538 783 672 0 
433 -400 -611 0 
686 -898 -550 0 
216 412 -334 0 
182 320 -840 0 
-151 -886 691 0 
498 -559 842 0 
-701 -591 420 0 
491 899 -304 0 
623 262 847 0 
812 -252 335 0 
-876 101 -723 0 
-129 362 369 0 
947 768 -615 0 
556 -839 -580 0 
826 -513 -466 0 
859 41 996 0 
-998 938 -287 0 
223 -459 774 0 
-551 -128 -558 0 
894 490 -853 0 
418 -634 -565 0 
-782 122 745 0 
-788 570 235 0 
7 -582 450 0 
486 -981 -25 0 
-859 -701 561 0 
-292 597 404 0 
66 562 -834 0 
-703 386 923 0 
-118 315 628 0 
-158 -233 209 0 
429 -157 -531 0 
929 -59 -684 0 
20 -94 330 0 
-43 -288 -701 0 
-510 736 482 0 
103 959 -451 0 
91 723 373 0 
-980 -329 377 0 
919 887 53 0 
-938 -104 592 0 
586 -139 -901 0 
-429 -361 -64 0 
-354 -195 -928 0 
940 617 -243 0 
181 -483 539 0 
-33 94 -607 0 
-215 404 -650 0 
-554 -496 139 0 
105 -811 807 0 
-276 630 154 0 
-331 390 -933 0 
379 250 -680 0 
46 -302 -37 0 
-625 -691 -761 0 
-624 54 864 0 
-2 820 -559 0 
-181 273 542 0 
-500 -489 -381 0 
47 487 471 0 
-498 -59 -825 0 
5 460 -366 0 
-419 496 -140 0 
-431 -91 67 0 
998 -842 330 0 
-940 -365 990 0 
-369 915 -638 0 
-203 885 -272 0 
364 763 -519 0 
-39 -425 232 0 
286 -201 -759 0 
221 288 12 0 
-799 -929 630 0 
-53 959 292 0 
487 -195 -549 0 
-511 -782 287 0 
280 -887 470 0 
454 797 174 0 
-20 977 182 0 
532 -706 686 0 
-294 811 -525 0 
-609 -430 403 0 
850 936 642 0 
465 -119 -625 0 
-45 79 650 0 
686 821 473 0 
267 822 -587 0 
129 75 -254 0 
-848 -200 778 0 
556 659 210 0 
22 553 661 0 
-847 -322 -45 0 
336 387 23 0 
-233 -496 -429 0 
851 -952 -479 0 
-333 -760 535 0 
882 -943 -998 0 
-814 234 635 0 
-377 -571 -784 0 
-242 -655 -907 0 
84 261 -606 0 
-100 618 660 0 
294 705 234 0 
-434 167 -182 0 
-103 -693 386 0 
257 -302 -525 0 
-311 469 425 0 
-460 874 871 0 
592 195 -74 0 
640 -271 -442 0 
-494 541 86 0 
-97 -29 -344 0 
-445 560 297 0 
-791 -169 -423 0 
-845 328 -872 0 
157 -50 -592 0 
-817 33 -245 0 
-283 863 824 0 
323 -892 31 0 
641 364 -654 0 
375 -184 -506 0 
726 464 943 0 
890 481 118 0 
-924 -263 -592 0 
-670 285 798 0 
579 657 -467 0 
-480 -655 652 0 
-88 -450 219 0 
-873 394 -535 0 
732 830 -274 0 
985 707 231 0 
362 -660 406 0 
-978 -190 121 0 
-558 -222 379 0 
-497 -376 984 0 
-379 -991 -317 0 
-963 670 475 0 
-425 926 -289 0 
379 388 -542 0 
-30 916 -552 0 
703 993 620 0 
-91 -445 -4 0 
-955 -943 479 0 
644 -577 -611 0 
-887 -361 -819 0 
-190 -263 -227 0 
-692 496 -358 0 
116 -977 -182 0 
82 712 585 0 
267 220 -918 0 
-368 -118 -521 0 
-870 -92 -401 0 
584 202 -166 0 
-708 898 -709 0 
816 154 9 0 
160 505 -272 0 
-966 -92 -13 0 
1000 883 831 0 
-872 583 35 0 
-701 832 449 0 
728 314 -635 0 
-225 -491 -127 0 
-663 342 -744 0 
-93 92 222 0 
-593 13 715 0 
-690 624 367 0 
945 -222 -951 0 
100 786 365 0 
-45 799 672 0 
-281 50 88 0 
854 113 -102 0 
-693 605 697 0 
690 -23 16 0 
-384 -523 -557 0 
449 962 -222 0 
541 -656 370 0 
814 962 -839 0 
-400 788 812 0 
-411 -332 217 0 
-595 -200 -512 0 
-82 -740 -574 0 
-330 294 -216 0 
359 292 879 0 
-220 567 -452 0 
937 879 -144 0 
840 -812 39 0 
-517 308 -382 0 
-952 730 776 0 
179 -822 750 0 
359 991 -81 0 
-50 -201 -384 0 
-662 517 -260 0 
433 976 247 0 
755 662 415 0 
-24 42 532 0 
85 557 271 0 
-323 164 608 0 
493 -510 412 0 
-238 370 -809 0 
-798 -640 285 0 
337 75 -3 0 
-792 -375 -458 0 
-117 324 274 0 
-790 -173 571 0 
-158 767 -996 0 
-565 959 -985 0 
542 -416 481 0 
-99 344 645 0 
-977 223 -769 0 
-104 1 -128 0 
-225 957 908 0 
-835 29 -322 0 
770 -947 163 0 
98 86 385 0 
66 105 -64 0 
603 -202 -805 0 
-819 349 -128 0 
-757 285 -395 0 
-925 -295 862 0 
-298 91 -710 0 
927 799 -375 0 
740 983 -819 0 
-82 -786 -971 0 
661 427 733 0 
-209 -815 763 0 
-275 -957 256 0 
510 809 957 0 
-335 -631 297 0 
728 -951 -981 0 
227 -366 539 0 
-30 -561 312 0 
412 823 -799 0 
-594 -670 803 0 
-292 679 -581 0 
886 -792 29 0 
984 -621 -929 0 
-134 176 671 0 
-915 -803 835 0 
588 -607 -463 0 
767 585 412 0 
-38 742 891 0 
-414 -105 204 0 
-856 240 325 0 
53 -532 988 0 
-931 -748 -839 0 
978 -302 682 0 
-681 -371 -961 0 
541 256 -767 0 
-750 391 -526 0 
-925 182 663 0 
515 535 288 0 
-85 -997 81 0 
-340 -299 337 0 
-602 430 -143 0 
-460 750 491 0 
523 688 -102 0 
-393 -364 -672 0 
-916 -197 -612 0 
-338 176 397 0 
389 3 630 0 
563 941 -426 0 
274 335 32 0 
-87 -626 -651 0 
552 923 -443 0 
12 612 85 0 
-479 539 115 0 
105 -730 -588 0 
-552 945 573 0 
-149 -217 -178 0 
-143 -433 -224 0 
-209 -525 -752 0 
-270 -901 210 0 
-557 644 -743 0 
-27 -896 246 0 
784 409 713 0 
249 -268 -83 0 
204 -815 638 0 
789 891 -982 0 
709 -446 203 0 
-764 -141 584 0 
628 709 142 0 
931 -591 117 0 
796 278 625 0 
-114 442 207 0 
850 712 -883 0 
-429 -652 -599 0 
-991 362 175 0 
404 733 963 0 
-875 998 -355 0 
52 666 -198 0 
110 -310 -884 0 
266 -856 153 0 
-895 327 909 0 
824 69 880 0 
-780 893 361 0 
202 -292 -439 0 
98 -69 -323 0 
-775 -644 880 0 
697 -5 -109 0 
-568 -950 768 0 
113 307 346 0 
895 64 -560 0 
618 -553 -819 0 
-989 52 -919 0 
-232 -202 -416 0 
-38 897 229 0 
-955 -40 721 0 
590 75 -261 0 
-133 -925 -448 0 
318 973 753 0 
229 -338 -188 0 
-775 588 -265 0 
60 381 375 0 
493 473 -980 0 
644 856 -417 0 
-90 -516 -358 0 
748 -406 -185 0 
-563 574 -611 0 
814 -40 797 0 
-656 -12 374 0 
685 -910 508 0 
787 -975 -59 0 
367 -159 116 0 
976 -136 -843 0 
808 46 -443 0 
789 -168 887 0 
-120 -371 -236 0 
422 828 -147 0 
-483 -440 68 0 
-660 415 213 0 
-857 260 -423 0 
118 198 438 0 
-404 510 -900 0 
866 -526 -287 0 
-409 116 -976 0 
-313 -478 -524 0 
143 541 890 0 
835 358 910 0 
501 -695 515 0 
357 825 -939 0 
-557 -589 239 0 
231 -162 920 0 
620 512 -800 0 
-464 -13 -790 0 
881 751 464 0 
-360 -567 -838 0 
-878 131 562 0 
-722 798 -772 0 
904 -940 559 0 
576 879 967 0 
-731 5 702 0 
643 -851 -692 0 
667 927 332 0 
418 488 -824 0 
654 -951 812 0 
253 -476 121 0 
544 901 -965 0 
444 -580 826 0 
-642 -974 634 0 
-626 486 284 0 
295 -227 -399 0 
770 918 -840 0 
-91 948 762 0 
-152 -660 -760 0 
-150 933 -748 0 
-252 952 153 0 
-842 41 -632 0 
-37 479 -584 0 
-741 510 -176 0 
-488 -464 399 0 
96 953 -498 0 
178 315 -107 0 
-355 737 225 0 
631 149 -577 0 
56 -509 750 0 
497 -823 175 0 
845 928 -231 0 
937 549 832 0 
-484 469 -561 0 
-319 -640 -86 0 
327 -811 102 0 
922 645 893 0 
-255 -79 -67 0 
685 36 811 0 
210 930 -282 0 
869 -589 899 0 
972 399 16 0 
-495 -832 230 0 
295 690 -504 0 
-15 -853 58 0 
782 -312 731 0 
829 64 665 0 
-253 -162 489 0 
109 -890 -439 0 
-145 609 -515 0 
49 364 500 0 
181 -377 445 0 
-464 285 270 0 
-952 -557 200 0 
260 -286 707 0 
721 500 609 0 
-830 407 552 0 
516 -511 -524 0 
297 590 552 0 
