p cnf 1000 3800
-636 -930 828 0 
908 -637 -916 0 
-791 -218 -229 0 
-228 966 299 0 
-411 490 803 0 
152 -924 -921 0 
-218 760 -325 0 
-886 -147 -444 0 
972 987 366 0 
888 195 -740 0 
-723 250 39 0 
-639 -149 883 0 
-826 -560 637 0 
73 846 -726 0 
736 -600 931 0 
19 836 314 0 
-927 108 203 0 
306 362 963 0 
612 139 150 0 
734 48 -279 0 
335 638 -441 0 
-125 165 962 0 
406 -252 663 0 
-723 496 573 0 
-328 108 -166 0 
-937 948 -659 0 
904 -44 295 0 
978 -490 -785 0 
650 238 -971 0 
-500 851 -760 0 
-489 -757 199 0 
-894 -1000 -510 0 
-74 -296 -274 0 
-881 -181 -416 0 
-624 -850 -432 0 
566 754 -949 0 
-214 -1000 321 0 
240 112 -325 0 
-76 418 637 0 
509 -672 987 0 
242 -211 339 0 
899 511 131 0 
709 -147 -860 0 
-520 -927 -311 0 
-671 726 -472 0 
-934 401 84 0 
733 -48 -327 0 
-58 -104 236 0 
309 -200 -891 0 
-294 735 -245 0 
-658 -619 667 0 
-994 -178 -925 0 
330 -785 -964 0 
122 -34 430 0 
23 829 866 0 
-286 75 788 0 
-793 877 -217 0 
105 -132 -51 0 
114 488 -315 0 
484 -375 -668 0 
-130 -789 401 0 
-74 -177 666 0 
541 724 236 0 
862 -551 -387 0 
-178 692 409 0 
-273 707 680 0 
-452 -542 378 0 
299 -483 919 0 
-714 267 -249 0 
-733 -159 397 0 
-168 -324 393 0 
-73 -291 588 0 
92 975 -383 0 
-239 450 719 0 
-269 838 847 0 
-154 -910 -949 0 
264 -437 -103 0 
837 182 355 0 
-300 -869 -434 0 
-46 -85 -195 0 
627 -512 -561 0 
959 913 -929 0 
388 -97 814 0 
880 -633 -488 0 
340 696 73 0 
-407 239 635 0 
534 -644 992 0 
735 -727 -539 0 
908 -935 689 0 
851 880 459 0 
78 564 -766 0 
-19 -451 -772 0 
465 194 -224 0 
-209 926 154 0 
-293 -580 640 0 
680 -170 869 0 
-464 285 -433 0 
-467 82 -125 0 
-412 -564 -547 0 
-615 882 606 0 
-559 -799 967 0 
357 -145 210 0 
-44 728 -534 0 
-337 102 2 0 
-971 257 -643 0 
-863 -302 -255 0 
813 -83 922 0 
-836 -114 -232 0 
-789 468 -535 0 
165 634 -259 0 
-532 -476 875 0 
-5 543 37 0 
783 -243 308 0 
-267 -235 751 0 
127 824 -509 0 
-54 -959 -655 0 
110 909 745 0 
-567 -904 758 0 
826 509 426 0 
-512 -957 -54 0 
997 -932 681 0 
-188 -767 776 0 
408 -595 491 0 
745 218 129 0 
301 -635 -89 0 
355 394 -867 0 
-951 -349 -610 0 
-322 658 -290 0 
650 -902 -80 0 
777 968 -63 0 
453 308 159 0 
-999 152 -849 0 
344 -317 -906 0 
285 -610 949 0 
-133 860 -582 0 
356 -909 705 0 
641 605 -420 0 
799 -775 798 0 
139 281 475 0 
507 -808 -191 0 
-670 239 -513 0 
-463 -671 -129 0 
-28 3 -30 0 
652 133 50 0 
-502 -989 51 0 
565 -987 -503 0 
-376 -499 68 0 
339 642 -300 0 
-850 -597 -825 0 
-915 265 -654 0 
319 -757 964 0 
-784 -441 23 0 
-718 -970 -357 0 
-926 90 -941 0 
-522 -837 279 0 
-474 -366 -224 0 
-728 -619 -290 0 
-662 776 313 0 
877 -73 318 0 
556 -610 198 0 
990 -766 743 0 
-565 867 -931 0 
636 -685 -989 0 
-336 -612 590 0 
-231 -236 367 0 
-296 956 545 0 
345 -590 -158 0 
787 429 41 0 
-693 189 222 0 
-157 906 -34 0 
-415 -999 305 0 
-590 -352 863 0 
163 399 69 0 
783 284 851 0 
-738 364 147 0 
472 -123 -283 0 
-59 999 47 0 
-597 -374 -625 0 
305 -94 489 0 
499 461 -57 0 
471 -497 916 0 
-144 944 -10 0 
-412 270 964 0 
483 -585 -781 0 
567 -135 795 0 
-295 -14 681 0 
-392 831 -835 0 
-602 915 445 0 
734 -832 93 0 
557 -305 -821 0 
918 -225 508 0 
-833 -397 -192 0 
-515 -474 -240 0 
636 160 -245 0 
783 -700 120 0 
636 316 257 0 
72 -861 437 0 
-91 382 -834 0 
-297 -914 -167 0 
199 -53 -764 0 
6 125 -317 0 
-647 -493 -518 0 
836 653 -104 0 
-759 11 975 0 
-888 -880 685 0 
-394 945 -689 0 
476 -31 -771 0 
70 -640 -400 0 
563 -818 -697 0 
12 149 -297 0 
-900 580 -870 0 
-214 542 -577 0 
7 -160 -602 0 
-996 -979 463 0 
-471 963 465 0 
-480 -900 -917 0 
347 -176 991 0 
-493 -545 -480 0 
783 -231 -203 0 
999 316 -558 0 
-867 560 527 0 
-42 -729 -345 0 
-313 -845 -933 0 
-666 -247 249 0 
514 -319 97 0 
-87 287 -451 0 
540 581 386 0 
-198 -809 269 0 
213 -461 887 0 
-480 221 169 0 
648 -103 -883 0 
880 -143 216 0 
-873 555 896 0 
707 18 256 0 
-29 897 -115 0 
-131 -37 -664 0 
333 293 -724 0 
-983 -868 92 0 
438 -862 870 0 
-622 -162 61 0 
655 -446 131 0 
838 514 -454 0 
-792 563 799 0 
-673 608 -568 0 
-576 -754 313 0 
356 991 -95 0 
-576 946 757 0 
156 -661 664 0 
725 -378 -776 0 
-50 485 589 0 
-905 -304 508 0 
800 -263 399 0 
228 278 31 0 
-142 763 -622 0 
-888 981 33 0 
19 700 416 0 
-744 -896 215 0 
-309 312 585 0 
-705 418 817 0 
-194 327 971 0 
733 497 -900 0 
732 -250 -559 0 
978 515 668 0 
-613 856 -383 0 
84 439 -789 0 
364 -650 -394 0 
204 287 983 0 
-416 -720 -981 0 
-214 905 -953 0 
608 60 -184 0 
680 643 966 0 
970 -889 207 0 
437 949 -335 0 
-31 887 -112 0 
-585 -362 631 0 
557 626 -670 0 
-182 244 -134 0 
17 -529 -194 0 
-267 364 734 0 
-761 446 120 0 
931 -519 -561 0 
-575 -905 -62 0 
749 818 815 0 
-236 254 -621 0 
-439 -376 -339 0 
111 -795 -348 0 
111 883 -690 0 
91 -994 -611 0 
888 -20 182 0 
95 700 -401 0 
-607 952 977 0 
363 -224 -280 0 
62 593 200 0 
629 41 519 0 
-351 -792 430 0 
-232 -482 711 0 
900 627 -337 0 
-819 -654 -624 0 
20 -170 -419 0 
-813 505 884 0 
312 399 -155 0 
270 745 813 0 
64 708 -270 0 
955 853 -910 0 
-951 -533 -189 0 
952 -977 -839 0 
455 410 -786 0 
-535 -492 221 0 
-559 350 -386 0 
751 430 374 0 
-358 -612 547 0 
595 6 823 0 
-425 680 128 0 
-259 -918 -803 0 
460 -662 -758 0 
949 231 210 0 
461 243 -900 0 
449 448 80 0 
523 -250 214 0 
-461 585 373 0 
735 -647 883 0 
-635 452 -331 0 
414 -44 585 0 
-487 300 971 0 
-193 685 -439 0 
-737 179 367 0 
305 -725 -14 0 
-240 -206 -500 0 
-888 816 941 0 
768 843 891 0 
72 437 430 0 
-92 -117 26 0 
-974 65 -828 0 
141 -24 -653 0 
931 -509 891 0 
-825 -246 425 0 
348 797 949 0 
789 414 880 0 
860 638 923 0 
-720 -620 983 0 
-370 -909 257 0 
-446 -987 -946 0 
775 608 -595 0 
678 61 811 0 
317 -191 275 0 
107 891 483 0 
-565 349 -735 0 
-436 547 900 0 
699 307 -290 0 
672 384 -915 0 
-455 191 598 0 
499 -996 -395 0 
-889 463 -145 0 
759 17 612 0 
778 534 594 0 
-819 -641 880 0 
-190 515 386 0 
26 -991 8 0 
974 518 -214 0 
-34 -312 635 0 
-838 845 -793 0 
-599 -849 795 0 
952 318 -155 0 
-327 -752 193 0 
-875 -297 -948 0 
-311 -93 522 0 
68 775 -987 0 
-557 -239 -148 0 
-989 481 679 0 
699 270 -6 0 
520 409 162 0 
-179 -555 -484 0 
-292 13 547 0 
-929 -897 -867 0 
-912 -817 201 0 
321 -4 -496 0 
-966 -717 -121 0 
290 351 -812 0 
793 -208 -152 0 
-674 947 -201 0 
-292 -110 813 0 
958 230 429 0 
-385 -375 -330 0 
-627 287 -214 0 
154 -493 155 0 
495 262 -72 0 
-769 50 -315 0 
539 334 174 0 
-872 567 -98 0 
855 758 -261 0 
991 -504 -641 0 
476 -943 198 0 
-982 449 -459 0 
557 -858 -487 0 
-259 215 838 0 
322 210 834 0 
946 -15 547 0 
419 828 -281 0 
-442 -597 32 0 
-351 522 -176 0 
-209 -522 -485 0 
-647 -782 -715 0 
710 -969 -587 0 
-898 105 -339 0 
654 -283 -589 0 
506 666 -278 0 
722 -38 302 0 
969 696 228 0 
644 493 345 0 
877 -401 -941 0 
-534 349 -567 0 
-429 -546 -803 0 
780 703 358 0 
615 510 -548 0 
1000 -16 -234 0 
-480 641 890 0 
-478 398 -358 0 
-972 507 -825 0 
-185 -555 -135 0 
315 809 -84 0 
886 384 -355 0 
934 243 340 0 
-549 -242 787 0 
-190 -25 505 0 
324 510 273 0 
3 764 -887 0 
224 813 360 0 
-549 816 556 0 
-651 -598 -507 0 
981 705 -34 0 
-262 507 527 0 
-526 571 828 0 
370 -547 49 0 
-40 -298 -324 0 
-486 -413 -365 0 
-517 156 -910 0 
-647 -936 558 0 
-510 -911 869 0 
-752 -979 220 0 
-111 376 -100 0 
-601 754 892 0 
-337 109 334 0 
925 31 -885 0 
8 42 -148 0 
-542 -906 278 0 
-831 -363 912 0 
371 -125 548 0 
-973 -507 -774 0 
255 -894 833 0 
-753 -202 -243 0 
957 658 -120 0 
-278 -866 71 0 
133 -109 -251 0 
-378 456 -469 0 
-949 802 -63 0 
-470 536 474 0 
534 138 432 0 
329 334 581 0 
-536 -714 -976 0 
780 852 699 0 
-869 872 373 0 
352 489 -10 0 
-816 -623 -95 0 
-548 -752 -733 0 
-602 201 899 0 
60 411 -187 0 
277 445 -743 0 
644 697 68 0 
-170 -308 -946 0 
746 -901 -92 0 
101 861 -380 0 
748 308 502 0 
-558 898 839 0 
-22 -434 -595 0 
607 -255 468 0 
-895 -576 303 0 
858 -406 794 0 
38 -117 992 0 
569 193 364 0 
308 -368 198 0 
109 -383 -324 0 
238 -893 616 0 
652 214 356 0 
-981 -273 140 0 
10 605 6 0 
265 -519 -14 0 
-508 -722 -222 0 
-564 -195 638 0 
766 -605 -966 0 
-21 -23 -539 0 
339 -521 -463 0 
-927 641 -700 0 
-380 -222 -682 0 
183 -212 504 0 
-158 202 -233 0 
-23 -121 -857 0 
-627 856 -515 0 
-23 -887 -729 0 
-643 211 -630 0 
-434 335 -120 0 
883 54 427 0 
-533 535 960 0 
-265 51 -541 0 
-2 -475 -316 0 
881 -349 -591 0 
-850 -249 -411 0 
-117 -442 -536 0 
-465 744 907 0 
186 730 -749 0 
577 -342 -676 0 
930 557 -878 0 
-4 931 -712 0 
-400 841 -229 0 
-228 69 610 0 
-85 740 -940 0 
732 -97 72 0 
642 -336 193 0 
466 -210 -298 0 
-647 -930 601 0 
634 366 -148 0 
-830 -804 -154 0 
-663 -942 813 0 
941 36 565 0 
-59 527 -777 0 
828 -399 -38 0 
-529 -233 295 0 
286 -39 203 0 
-600 539 890 0 
-475 156 -827 0 
-790 -687 -129 0 
-812 394 645 0 
-359 607 851 0 
-996 759 12 0 
-843 -934 820 0 
-187 -612 203 0 
749 149 -419 0 
-955 -722 -451 0 
-988 -206 524 0 
-129 308 -395 0 
882 -103 -795 0 
777 -411 -837 0 
561 702 -475 0 
23 36 704 0 
-731 787 -80 0 
443 827 -953 0 
982 -841 -768 0 
-838 -827 -970 0 
751 619 831 0 
-557 -494 -372 0 
469 81 -282 0 
67 66 545 0 
53 35 -957 0 
371 391 557 0 
-48 135 362 0 
-401 997 790 0 
-573 -59 35 0 
-709 393 842 0 
-708 631 712 0 
-957 390 832 0 
-714 -456 -868 0 
-123 756 712 0 
-764 -354 -572 0 
-157 -913 95 0 
-827 -490 -208 0 
-974 597 -359 0 
372 -198 -882 0 
665 458 9 0 
-89 563 44 0 
363 980 -272 0 
-336 -231 -584 0 
975 -519 59 0 
677 -85 613 0 
839 -760 94 0 
112 -868 -491 0 
596 259 238 0 
286 686 -425 0 
-223 -969 -4 0 
-615 -81 -504 0 
752 -940 -694 0 
-653 -507 -768 0 
571 -244 -75 0 
-740 202 -773 0 
453 -809 -805 0 
-542 428 824 0 
371 -61 -564 0 
-962 -580 -767 0 
-331 545 993 0 
-323 874 -204 0 
896 -615 497 0 
795 812 -650 0 
-12 -219 667 0 
120 259 828 0 
263 291 -486 0 
-454 32 -544 0 
337 -964 -128 0 
-935 174 693 0 
-409 -518 -782 0 
862 115 305 0 
-247 -552 -991 0 
681 -715 -964 0 
-782 195 -328 0 
-968 493 -412 0 
-871 -533 -4 0 
-809 -774 -36 0 
658 -462 134 0 
255 -533 -728 0 
163 -200 931 0 
593 967 -356 0 
509 261 -91 0 
-709 61 -502 0 
124 -545 -548 0 
115 360 162 0 
-752 32 691 0 
-680 70 559 0 
-122 80 -216 0 
533 633 549 0 
-617 407 997 0 
-979 -903 -352 0 
145 93 895 0 
-794 858 -433 0 
764 69 747 0 
-400 242 39 0 
28 826 -138 0 
331 -162 -190 0 
-671 -50 -309 0 
942 147 -30 0 
617 -555 505 0 
215 -139 -29 0 
931 148 -896 0 
759 564 -527 0 
-412 120 4 0 
-805 -964 275 0 
51 500 315 0 
-366 568 986 0 
913 -311 -631 0 
683 365 -248 0 
-708 439 350 0 
762 650 827 0 
398 -891 -15 0 
880 239 -249 0 
847 759 640 0 
283 754 590 0 
-865 -227 143 0 
-79 -797 -375 0 
-797 896 -270 0 
-485 -557 -984 0 
-102 895 360 0 
452 201 -442 0 
955 -905 828 0 
-719 -419 -858 0 
-840 -22 -692 0 
236 -896 -780 0 
415 147 -205 0 
-392 -548 596 0 
-153 900 -302 0 
940 -249 -323 0 
-945 279 -641 0 
-861 640 -980 0 
934 562 -819 0 
598 -979 -746 0 
-956 -628 671 0 
58 -43 -428 0 
-417 -209 -444 0 
278 632 -505 0 
-372 -989 212 0 
-665 600 440 0 
-809 -712 -669 0 
-330 221 -268 0 
-649 767 -626 0 
211 -606 -172 0 
501 257 -857 0 
649 430 -111 0 
214 865 666 0 
91 182 562 0 
-52 795 -79 0 
-471 738 -218 0 
799 864 -663 0 
-951 824 -814 0 
-689 313 -787 0 
-59 -971 313 0 
108 904 352 0 
360 460 784 0 
888 486 -980 0 
522 -729 -890 0 
-76 -220 -729 0 
-392 -606 -737 0 
-621 848 71 0 
182 -714 715 0 
-780 227 472 0 
445 810 -176 0 
781 85 554 0 
-470 170 352 0 
-217 -542 -693 0 
692 -206 -975 0 
-95 152 593 0 
-974 102 -449 0 
208 436 -836 0 
-231 325 797 0 
-861 -733 869 0 
-17 -846 340 0 
111 -520 210 0 
419 -563 -761 0 
744 -512 -727 0 
501 -568 -40 0 
572 -863 715 0 
-960 -207 -331 0 
-888 920 -443 0 
-264 -507 -694 0 
490 915 176 0 
-659 184 557 0 
280 -735 -105 0 
416 307 94 0 
439 685 -141 0 
-387 357 -237 0 
654 435 536 0 
-661 -764 701 0 
453 126 913 0 
566 507 801 0 
-497 242 124 0 
995 873 -188 0 
-989 380 -119 0 
277 -913 684 0 
-393 -539 -805 0 
-348 760 -679 0 
-876 990 773 0 
711 895 402 0 
778 19 720 0 
274 -444 329 0 
420 39 -677 0 
319 -331 560 0 
297 -513 -726 0 
430 744 334 0 
-194 531 -50 0 
237 -879 931 0 
-639 749 -230 0 
-702 -804 -623 0 
-637 60 -334 0 
699 871 -434 0 
-843 365 939 0 
-891 772 -551 0 
-408 328 681 0 
569 -642 -681 0 
-358 -446 992 0 
339 -32 362 0 
38 -757 725 0 
814 8 -372 0 
-18 -774 -941 0 
-507 169 -145 0 
-575 -27 -413 0 
172 66 -87 0 
-318 -925 510 0 
104 -919 843 0 
753 923 -338 0 
-495 876 -202 0 
653 460 -129 0 
833 307 -229 0 
-268 -701 -981 0 
555 906 -733 0 
-577 174 -913 0 
259 -548 -162 0 
120 865 311 0 
77 -19 803 0 
877 803 -214 0 
334 -480 -135 0 
-141 -466 -884 0 
-546 -48 80 0 
-933 124 354 0 
947 -543 497 0 
-447 -435 683 0 
-252 905 -688 0 
-199 275 25 0 
-390 597 -68 0 
137 811 -642 0 
471 862 644 0 
636 383 -371 0 
-219 -195 36 0 
129 255 -296 0 
-844 -152 -238 0 
-968 -29 606 0 
337 -565 547 0 
-908 -772 204 0 
150 262 -836 0 
149 794 -186 0 
727 -485 -326 0 
-51 -247 280 0 
436 564 167 0 
633 804 -331 0 
-543 -417 483 0 
14 -272 -687 0 
526 275 138 0 
846 -31 151 0 
997 -905 -928 0 
152 312 -897 0 
741 -952 -887 0 
980 290 -834 0 
-683 969 871 0 
111 -318 710 0 
-585 -244 -59 0 
357 -987 -931 0 
318 -207 444 0 
-91 -911 863 0 
-485 -288 769 0 
-21 975 -603 0 
883 847 936 0 
-746 -354 928 0 
398 677 -645 0 
275 -158 -32 0 
-822 186 754 0 
781 786 -287 0 
-424 704 -864 0 
871 -102 643 0 
-339 50 -863 0 
-141 757 232 0 
-802 639 -959 0 
-178 -21 -440 0 
922 715 862 0 
966 488 -329 0 
-64 -443 249 0 
-834 -602 406 0 
490 -626 275 0 
2 432 -482 0 
-795 -779 730 0 
351 -895 -42 0 
-92 -810 -912 0 
981 -635 881 0 
-756 707 -709 0 
416 -343 -216 0 
-781 -659 355 0 
-163 -289 138 0 
609 240 36 0 
758 713 661 0 
966 -413 -964 0 
-555 617 -380 0 
-674 134 393 0 
-518 560 412 0 
943 -771 984 0 
-525 -797 63 0 
841 840 156 0 
137 -461 909 0 
240 983 -917 0 
275 -508 35 0 
26 843 40 0 
-701 -239 -796 0 
-267 -869 -413 0 
798 -669 156 0 
7 -112 984 0 
-60 360 51 0 
-788 679 -695 0 
-975 -852 169 0 
555 942 611 0 
-584 215 143 0 
536 453 221 0 
772 368 896 0 
-855 567 97 0 
-660 911 -228 0 
-674 165 57 0 
-556 -737 784 0 
-158 235 -29 0 
162 -865 -853 0 
-28 458 263 0 
-637 283 115 0 
83 914 749 0 
-784 828 752 0 
741 -467 -18 0 
523 -665 -179 0 
-726 161 144 0 
201 494 846 0 
61 -814 -116 0 
75 -161 -890 0 
-669 990 424 0 
-972 559 515 0 
-952 -845 -988 0 
-619 518 914 0 
-516 312 -655 0 
404 622 158 0 
-471 999 254 0 
356 -829 -95 0 
-328 -440 -325 0 
965 -163 747 0 
-622 -704 -131 0 
-589 134 226 0 
477 -927 -118 0 
-450 -637 -642 0 
-947 -875 -603 0 
1 921 -804 0 
920 -149 654 0 
-575 -469 486 0 
443 -145 887 0 
576 -229 720 0 
-254 -55 -851 0 
440 -754 534 0 
-929 -593 -701 0 
216 995 -537 0 
-607 -619 -663 0 
-671 197 689 0 
-274 -892 730 0 
-237 705 -944 0 
-422 -980 -322 0 
50 144 -763 0 
441 -852 -245 0 
-151 -935 -176 0 
84 713 577 0 
-605 530 109 0 
-682 -45 114 0 
470 -808 480 0 
915 -918 -431 0 
954 401 -673 0 
-588 -32 660 0 
-379 -110 694 0 
859 -356 -989 0 
-736 -97 -624 0 
-13 -177 -816 0 
-164 934 -333 0 
836 -123 -646 0 
-602 375 195 0 
-781 -591 -54 0 
573 -736 523 0 
997 748 472 0 
928 -615 -350 0 
-673 541 -130 0 
688 714 373 0 
-376 455 205 0 
162 603 -604 0 
332 -374 948 0 
-585 879 848 0 
-216 -208 676 0 
-89 355 297 0 
918 -140 131 0 
-801 -199 -956 0 
567 367 730 0 
757 -382 4 0 
-250 27 496 0 
228 245 858 0 
-641 646 -477 0 
751 628 440 0 
-987 -390 -45 0 
-116 943 -774 0 
102 -470 -708 0 
-637 166 -41 0 
-881 308 -715 0 
971 662 166 0 
-988 423 -82 0 
666 -4 93 0 
-199 -623 314 0 
-932 26 327 0 
318 476 -121 0 
334 -956 309 0 
576 458 634 0 
-513 -708 200 0 
-198 875 -442 0 
-356 -130 -486 0 
-868 -340 842 0 
-167 -10 -237 0 
-971 -160 -792 0 
552 36 597 0 
-745 -416 -360 0 
921 -497 251 0 
510 858 172 0 
896 -559 -993 0 
962 -66 -257 0 
42 -448 297 0 
-321 -803 573 0 
-608 265 -253 0 
-767 -516 694 0 
480 809 -870 0 
-561 -571 885 0 
-582 283 -240 0 
-257 -101 94 0 
151 -560 -887 0 
-536 -619 -506 0 
-145 -753 413 0 
160 -574 307 0 
-806 -819 -974 0 
-809 997 6 0 
733 646 -849 0 
58 -874 536 0 
898 -416 701 0 
-368 231 611 0 
180 -405 -347 0 
293 -370 -9 0 
-215 357 -954 0 
-827 279 -867 0 
993 -903 -283 0 
938 565 7 0 
-849 -731 627 0 
500 329 -117 0 
-899 696 893 0 
-144 270 -626 0 
-699 454 -47 0 
-586 356 159 0 
334 -571 895 0 
-285 164 -110 0 
-913 -614 -521 0 
-682 -36 -890 0 
-796 -301 191 0 
-859 156 -78 0 
-551 -359 67 0 
-961 386 316 0 
223 925 -305 0 
491 -353 157 0 
276 -177 954 0 
880 -985 165 0 
667 183 -476 0 
95 285 -131 0 
-69 -810 548 0 
-579 -210 -262 0 
-928 -373 545 0 
986 -627 566 0 
299 640 -90 0 
695 753 -961 0 
-56 -536 559 0 
-57 -423 -841 0 
-633 -433 -219 0 
-859 -478 535 0 
-76 596 -99 0 
-545 -123 865 0 
-565 -24 22 0 
-429 924 246 0 
363 526 -600 0 
-167 80 -266 0 
-754 984 -424 0 
391 111 826 0 
-210 11 -712 0 
328 445 313 0 
-595 -305 90 0 
255 866 941 0 
-505 424 -811 0 
-929 -965 -75 0 
-33 -467 -502 0 
145 -947 -150 0 
-549 599 704 0 
-56 -178 -382 0 
-272 793 -991 0 
351 -334 448 0 
616 430 904 0 
-639 752 453 0 
775 396 99 0 
637 442 -151 0 
312 331 -143 0 
-735 672 -58 0 
661 -173 152 0 
-838 -869 991 0 
-689 -92 -777 0 
-313 -540 708 0 
-180 -679 -706 0 
-374 -372 25 0 
-923 -360 -262 0 
475 -51 166 0 
-210 -396 -114 0 
-213 -166 -501 0 
-806 -666 620 0 
-548 -669 223 0 
888 -400 122 0 
589 996 29 0 
849 -723 -735 0 
-273 841 463 0 
-172 401 271 0 
-78 374 -291 0 
848 -105 503 0 
-54 286 -276 0 
-845 916 -886 0 
394 -454 -907 0 
299 184 945 0 
90 -226 828 0 
685 -611 669 0 
705 457 -318 0 
-382 653 -556 0 
-388 -964 -464 0 
164 -272 -161 0 
539 -313 -434 0 
-899 -38 584 0 
134 -614 -539 0 
848 -73 488 0 
640 -646 -952 0 
879 768 -841 0 
330 185 -570 0 
663 857 302 0 
-500 519 -891 0 
7 194 672 0 
-738 893 202 0 
186 -50 -728 0 
-905 -705 282 0 
-703 462 -830 0 
-271 675 -776 0 
694 854 -976 0 
-163 -615 -699 0 
-989 579 205 0 
944 -855 -385 0 
527 -869 -88 0 
976 -524 -137 0 
-210 -769 45 0 
-868 447 937 0 
28 -923 124 0 
766 675 -596 0 
467 -681 -785 0 
-469 285 -85 0 
329 115 200 0 
197 -93 777 0 
-893 325 525 0 
-134 393 63 0 
577 -906 -183 0 
-455 -242 -881 0 
635 698 -219 0 
-999 744 -659 0 
3 444 -527 0 
-34 723 -319 0 
-522 174 359 0 
180 438 897 0 
-574 -403 -384 0 
-412 -846 217 0 
-920 -207 759 0 
94 944 275 0 
728 -213 57 0 
-337 -21 -970 0 
895 879 -307 0 
-242 373 -872 0 
856 568 -647 0 
752 952 750 0 
-396 79 -204 0 
-561 165 -826 0 
823 371 -408 0 
633 994 -845 0 
-462 -979 -489 0 
-821 17 570 0 
-23 240 -394 0 
139 756 -835 0 
951 -303 -759 0 
-515 -934 -647 0 
-544 918 -670 0 
-983 5 -327 0 
180 308 374 0 
182 -348 -100 0 
726 212 -643 0 
820 509 291 0 
-718 143 -862 0 
740 877 -492 0 
-286 193 140 0 
-767 940 266 0 
21 -500 69 0 
412 -941 633 0 
-771 857 -852 0 
839 -786 336 0 
-895 498 472 0 
-559 -122 221 0 
-517 93 -897 0 
-753 650 -56 0 
466 -894 -104 0 
573 279 11 0 
998 105 -297 0 
963 -61 52 0 
639 534 930 0 
393 -585 -931 0 
-966 31 596 0 
546 -999 252 0 
843 -701 -669 0 
-816 -930 -677 0 
-327 -772 -175 0 
-773 828 -127 0 
538 723 -109 0 
240 603 -439 0 
213 -415 103 0 
772 427 673 0 
501 75 -215 0 
503 228 -568 0 
133 -81 -908 0 
2 -693 381 0 
109 2 -922 0 
-563 -874 -788 0 
-960 -142 639 0 
-137 -111 279 0 
963 32 -521 0 
-755 678 307 0 
-689 660 155 0 
-567 -134 588 0 
633 -52 533 0 
588 -233 -461 0 
-237 -587 154 0 
-533 -725 606 0 
94 -610 850 0 
957 901 -518 0 
431 -8 -188 0 
-464 898 -794 0 
475 228 -783 0 
293 269 623 0 
-252 322 650 0 
517 -711 -394 0 
-328 95 521 0 
-59 849 -643 0 
93 597 -653 0 
-666 -256 230 0 
985 -339 -342 0 
-931 -892 -987 0 
272 -233 -939 0 
141 177 81 0 
895 36 496 0 
572 705 276 0 
-888 -570 940 0 
-93 -800 390 0 
349 991 586 0 
755 466 14 0 
305 -716 -584 0 
939 4 394 0 
-193 780 417 0 
457 -864 -482 0 
216 770 -831 0 
771 479 597 0 
-318 259 632 0 
-225 31 -134 0 
-443 -194 -929 0 
973 -275 729 0 
-470 176 338 0 
117 349 812 0 
-672 -387 -241 0 
772 444 -830 0 
735 -673 174 0 
731 -639 -107 0 
243 -346 705 0 
-980 -652 824 0 
-392 -257 -466 0 
-179 75 -731 0 
-222 -495 -334 0 
-665 -745 144 0 
274 374 -712 0 
-741 401 -826 0 
818 672 -903 0 
-550 -473 -872 0 
989 -851 -171 0 
963 -678 -463 0 
851 119 590 0 
-604 -269 711 0 
-953 624 913 0 
767 679 760 0 
712 -641 -831 0 
-420 654 510 0 
2 -15 -572 0 
-560 -324 -727 0 
661 -377 372 0 
585 -515 958 0 
704 291 -816 0 
-778 -822 652 0 
135 191 -430 0 
434 -636 130 0 
-95 -323 -640 0 
715 -164 -892 0 
146 -346 615 0 
838 -342 -558 0 
300 -525 -941 0 
-240 -691 -463 0 
-39 -666 -590 0 
-889 -482 286 0 
-419 629 836 0 
315 -9 529 0 
-584 -259 -77 0 
702 -781 -143 0 
593 -13 -609 0 
358 133 713 0 
562 -204 -926 0 
-379 -361 438 0 
-53 406 -955 0 
150 691 -767 0 
623 316 828 0 
-364 -266 90 0 
-346 -202 267 0 
180 257 -113 0 
469 412 606 0 
178 148 158 0 
-758 906 -833 0 
476 739 -459 0 
-312 -783 831 0 
558 -959 -415 0 
917 -788 -60 0 
-962 -437 -784 0 
-860 334 -717 0 
-609 -138 240 0 
31 883 -961 0 
-119 617 -793 0 
-642 -186 -223 0 
-394 145 547 0 
-115 -768 -72 0 
397 459 52 0 
281 866 333 0 
475 302 237 0 
-522 -492 931 0 
-275 -831 537 0 
-214 930 -552 0 
-574 -173 -228 0 
791 428 783 0 
-7 -914 -18 0 
-557 -922 375 0 
222 272 -699 0 
905 983 -52 0 
-557 -797 942 0 
772 -918 367 0 
211 302 -166 0 
183 3 825 0 
752 -10 -704 0 
-593 -996 -720 0 
159 244 -977 0 
-587 411 108 0 
-724 -919 -324 0 
905 43 -350 0 
665 -258 -362 0 
-199 -93 -663 0 
-10 576 929 0 
-108 -928 397 0 
-10 -90 678 0 
567 -740 -37 0 
425 -474 -428 0 
962 -502 442 0 
-588 293 -421 0 
-656 -525 19 0 
-288 590 -622 0 
155 241 -319 0 
526 -792 432 0 
-844 -631 123 0 
-108 -515 -857 0 
998 499 -507 0 
335 -127 -212 0 
809 -881 185 0 
-412 -653 656 0 
-319 -890 455 0 
-605 792 913 0 
398 -444 -448 0 
-667 -489 296 0 
-399 297 512 0 
207 886 354 0 
-710 -374 -464 0 
348 -930 -657 0 
-931 57 -981 0 
-374 204 493 0 
-89 -711 195 0 
800 809 232 0 
-377 993 -72 0 
932 -693 181 0 
150 -436 -589 0 
817 -520 -446 0 
-372 -780 2 0 
20 946 842 0 
-18 -251 374 0 
20 881 -975 0 
-665 -679 678 0 
492 40 -157 0 
800 387 -378 0 
-254 -292 815 0 
181 -634 554 0 
-885 -124 134 0 
178 861 -376 0 
-718 412 110 0 
367 378 235 0 
-995 877 158 0 
-783 430 -941 0 
-365 546 -397 0 
-77 -932 901 0 
904 -621 -327 0 
264 -312 -320 0 
673 306 -349 0 
18 185 919 0 
-643 842 -236 0 
-520 -736 -4 0 
-580 633 9 0 
457 830 314 0 
-897 191 60 0 
760 127 71 0 
665 944 449 0 
-840 -940 463 0 
623 123 457 0 
-466 -916 560 0 
-155 -434 -968 0 
445 45 -107 0 
-935 -548 990 0 
-823 -475 820 0 
-444 -353 319 0 
-282 -21 -395 0 
920 -737 -213 0 
-659 858 231 0 
67 -477 102 0 
-101 613 547 0 
82 123 937 0 
789 724 -475 0 
834 -176 34 0 
904 -875 514 0 
-442 284 466 0 
168 916 -832 0 
-144 678 -84 0 
-643 -95 -558 0 
899 549 143 0 
-162 -655 -478 0 
-796 -334 -466 0 
877 956 931 0 
-127 89 -543 0 
71 645 557 0 
163 -251 26 0 
-437 143 974 0 
1 215 -184 0 
-436 732 892 0 
577 -853 -845 0 
-924 458 498 0 
79 975 -915 0 
58 642 97 0 
-988 562 671 0 
-575 970 -128 0 
-90 266 333 0 
-98 778 661 0 
869 -169 -344 0 
-419 -9 -951 0 
-115 315 24 0 
-997 -196 822 0 
-382 -54 280 0 
714 -539 479 0 
771 -384 -979 0 
289 -222 -779 0 
-211 -766 922 0 
-111 56 334 0 
983 -491 608 0 
-504 -444 -743 0 
-290 -857 -849 0 
547 667 -187 0 
-176 483 825 0 
-356 183 504 0 
792 530 943 0 
-778 934 324 0 
102 -904 -307 0 
-154 423 -275 0 
634 462 885 0 
-791 485 -479 0 
247 -110 -252 0 
91 741 -241 0 
-944 -212 -905 0 
-709 917 985 0 
-776 532 -464 0 
-97 -839 -889 0 
-240 -88 -29 0 
-340 295 459 0 
-763 -690 39 0 
-798 631 959 0 
493 599 -394 0 
888 -420 -300 0 
332 164 729 0 
-1 798 45 0 
596 -724 197 0 
-604 239 -681 0 
540 871 -525 0 
-556 456 -249 0 
-656 760 -678 0 
-972 772 -241 0 
410 854 -982 0 
119 -506 -367 0 
-828 -831 -801 0 
630 -793 -150 0 
16 219 947 0 
298 -718 957 0 
707 -205 -530 0 
643 -581 515 0 
156 846 -582 0 
-770 46 82 0 
842 -265 433 0 
-793 444 994 0 
-109 -962 49 0 
959 -309 -547 0 
529 959 -798 0 
-959 -991 353 0 
-926 979 -584 0 
98 668 -262 0 
939 -613 242 0 
-926 -113 -105 0 
234 -58 472 0 
643 -941 -632 0 
-654 -386 991 0 
-893 80 -461 0 
659 -92 -835 0 
-393 110 567 0 
1000 -942 185 0 
-32 -520 -850 0 
804 -866 527 0 
-622 826 -480 0 
-539 -383 993 0 
647 292 -490 0 
232 -923 -941 0 
117 -384 -519 0 
391 -164 -148 0 
509 -875 676 0 
384 884 114 0 
-61 977 599 0 
951 334 460 0 
971 604 -15 0 
5 -70 511 0 
-151 -281 628 0 
-906 337 531 0 
716 -458 422 0 
981 543 756 0 
516 742 1000 0 
-423 554 -10 0 
-176 562 177 0 
-416 436 -2 0 
272 689 419 0 
557 -169 643 0 
-388 577 204 0 
303 -180 969 0 
-797 428 435 0 
380 -461 585 0 
746 249 579 0 
-404 6 -65 0 
543 -736 52 0 
-372 -232 -655 0 
289 -613 -707 0 
496 -590 -116 0 
660 331 -597 0 
729 -698 987 0 
355 10 -450 0 
950 365 772 0 
-931 848 -339 0 
512 -776 151 0 
316 169 -404 0 
745 -851 -974 0 
-592 -405 864 0 
206 743 -447 0 
-646 -834 524 0 
-778 894 -877 0 
-324 -178 552 0 
147 -306 -946 0 
-665 -770 734 0 
-657 -332 -31 0 
-210 -50 607 0 
-938 558 -782 0 
-642 696 585 0 
619 845 752 0 
982 84 -518 0 
38 -46 -469 0 
-224 439 -703 0 
598 -332 -886 0 
395 -366 351 0 
-299 -464 995 0 
-36 58 778 0 
-826 224 -104 0 
-15 994 -368 0 
-637 299 629 0 
-456 888 -33 0 
-425 755 160 0 
-183 682 -539 0 
-255 796 586 0 
52 461 726 0 
590 90 -778 0 
389 -773 -368 0 
-46 248 915 0 
-224 -64 -332 0 
-608 762 -744 0 
-975 -635 757 0 
-406 -784 -303 0 
-142 956 -801 0 
-73 -785 86 0 
720 -801 -622 0 
133 -657 -969 0 
826 -181 -897 0 
885 -698 386 0 
233 625 -540 0 
-807 -129 386 0 
-338 -540 685 0 
-429 -477 -373 0 
-578 -308 13 0 
29 448 514 0 
-280 722 697 0 
-725 925 58 0 
-339 607 -355 0 
-824 450 -887 0 
864 -364 -821 0 
152 193 964 0 
-919 -290 -65 0 
316 475 908 0 
637 -11 280 0 
-493 -535 158 0 
-762 996 -1 0 
-421 226 351 0 
-646 -802 -225 0 
-378 307 -578 0 
-776 588 410 0 
133 855 132 0 
-748 -280 -185 0 
153 235 793 0 
-958 640 -160 0 
374 -547 -370 0 
-647 -791 784 0 
-391 859 996 0 
-945 197 602 0 
-769 -606 -807 0 
581 -312 964 0 
850 478 -621 0 
-478 -153 -519 0 
984 141 -668 0 
947 999 -647 0 
-106 -527 670 0 
-853 -790 -8 0 
533 -838 599 0 
-328 -734 312 0 
-895 -28 955 0 
-207 -213 490 0 
68 -781 -543 0 
-908 -847 -255 0 
659 624 -799 0 
817 -277 977 0 
748 -378 -368 0 
474 549 662 0 
741 -167 -107 0 
-121 -448 458 0 
-479 36 -331 0 
-702 49 -412 0 
85 575 141 0 
927 874 443 0 
737 -945 -157 0 
602 279 -656 0 
555 347 412 0 
346 -7 700 0 
-877 -75 -659 0 
-958 -856 -950 0 
-490 -480 -372 0 
610 991 -993 0 
21 696 540 0 
-908 -1000 301 0 
310 -733 552 0 
-544 -99 -342 0 
-948 -685 601 0 
-354 622 -108 0 
-847 240 25 0 
-344 -862 -271 0 
520 216 799 0 
283 -68 977 0 
501 -369 716 0 
884 -273 -260 0 
-776 -909 289 0 
-717 914 399 0 
782 -468 -6 0 
254 -279 549 0 
-880 -94 358 0 
-137 153 363 0 
-774 141 996 0 
52 385 410 0 
-714 -328 151 0 
795 -888 -164 0 
-204 -258 -166 0 
-727 -138 450 0 
442 -834 -157 0 
840 559 -844 0 
297 989 -193 0 
262 17 -980 0 
-134 100 -725 0 
42 866 -791 0 
-313 513 796 0 
-625 489 623 0 
937 -264 391 0 
-903 971 184 0 
761 -451 493 0 
-753 223 718 0 
639 575 -161 0 
818 336 217 0 
236 -84 -254 0 
61 -688 674 0 
256 711 306 0 
325 -193 927 0 
-687 199 502 0 
851 -966 -283 0 
-611 -140 -293 0 
-403 243 827 0 
235 597 -229 0 
-441 615 87 0 
-770 92 -110 0 
963 -845 607 0 
-483 -316 520 0 
111 589 388 0 
-275 420 92 0 
480 484 168 0 
-393 234 610 0 
-941 457 -257 0 
166 -740 -278 0 
-313 -741 -715 0 
699 433 -858 0 
-794 -524 948 0 
409 566 -512 0 
188 -43 -770 0 
-549 963 -930 0 
-906 -880 57 0 
-959 6 909 0 
-758 -654 105 0 
28 922 12 0 
-43 968 903 0 
-494 463 -732 0 
491 -636 846 0 
757 478 405 0 
-761 440 361 0 
523 -244 221 0 
-551 667 282 0 
-222 -356 207 0 
637 -799 -759 0 
593 -908 -140 0 
952 680 -819 0 
341 294 -786 0 
-115 -259 -993 0 
562 -23 72 0 
175 -952 -291 0 
-770 -224 200 0 
-631 392 658 0 
-783 -680 548 0 
846 -459 110 0 
73 -805 894 0 
935 -558 -32 0 
-13 -283 -319 0 
558 -704 -496 0 
838 -724 486 0 
513 268 28 0 
925 779 603 0 
925 945 403 0 
-965 555 428 0 
872 119 991 0 
861 671 281 0 
-783 748 319 0 
-136 -563 -16 0 
-227 -626 271 0 
-739 914 106 0 
-919 200 -512 0 
422 110 333 0 
979 76 158 0 
-18 229 -625 0 
-214 -365 638 0 
693 -543 -51 0 
928 977 -822 0 
-809 -22 -122 0 
906 437 849 0 
-937 -492 -284 0 
-519 -827 -185 0 
420 -480 -75 0 
483 326 -978 0 
-123 173 -1 0 
389 -592 -19 0 
-51 -400 950 0 
-267 -737 -15 0 
786 395 -992 0 
-794 267 -386 0 
620 -237 -809 0 
-184 -134 118 0 
509 237 -236 0 
757 -122 -682 0 
204 279 -704 0 
865 534 -345 0 
800 -236 -650 0 
-44 -689 -857 0 
522 -988 -441 0 
-381 -443 507 0 
966 80 -491 0 
157 641 997 0 
-332 -525 399 0 
-394 -861 522 0 
-765 -178 658 0 
902 477 -278 0 
-232 36 -63 0 
978 -890 562 0 
-166 323 -204 0 
-829 269 -134 0 
-536 972 573 0 
-924 -431 -18 0 
620 646 981 0 
-807 681 148 0 
261 -450 -869 0 
449 75 371 0 
-14 983 -13 0 
555 190 -817 0 
-96 -505 -951 0 
136 -233 -929 0 
244 403 -856 0 
-881 -69 766 0 
-422 904 155 0 
414 448 777 0 
-188 -693 -362 0 
267 872 -527 0 
142 70 -797 0 
285 -272 100 0 
202 -494 856 0 
906 -741 -919 0 
754 -679 367 0 
464 376 -792 0 
923 -261 -875 0 
-794 503 -678 0 
240 -422 -980 0 
-249 405 639 0 
-326 -802 321 0 
767 984 -939 0 
139 -711 -690 0 
-716 52 763 0 
-370 -954 -744 0 
-716 230 529 0 
979 -391 -704 0 
-94 597 514 0 
930 -759 -620 0 
831 -880 906 0 
328 972 -252 0 
-917 836 438 0 
793 999 -145 0 
-735 -891 -594 0 
726 -981 876 0 
50 -659 286 0 
-452 -615 -782 0 
-594 271 -34 0 
181 -757 -77 0 
66 -294 -783 0 
-44 -504 -320 0 
111 919 313 0 
10 -186 -688 0 
131 -879 -361 0 
89 788 397 0 
-377 -217 344 0 
-242 -496 -562 0 
-536 363 835 0 
-800 -234 -155 0 
489 -38 371 0 
-724 -897 -274 0 
-49 -262 711 0 
320 627 -730 0 
371 -448 33 0 
180 683 -686 0 
958 242 786 0 
259 -955 947 0 
-822 -135 912 0 
928 952 -643 0 
225 -233 351 0 
-612 654 685 0 
-532 367 -99 0 
533 694 -134 0 
-211 895 -435 0 
386 -456 -596 0 
701 933 -51 0 
-563 318 744 0 
-415 604 671 0 
408 -108 -346 0 
-535 816 594 0 
665 636 292 0 
-922 855 -129 0 
-970 -663 -924 0 
912 -441 -723 0 
529 235 -970 0 
-146 -36 227 0 
675 778 587 0 
795 -957 418 0 
996 308 317 0 
-334 205 -894 0 
-969 -892 388 0 
-402 -21 -751 0 
150 707 568 0 
945 256 916 0 
233 976 799 0 
-266 762 -135 0 
-857 -392 578 0 
808 -308 -92 0 
-947 -616 -887 0 
985 318 -363 0 
-677 -592 -256 0 
-910 -96 458 0 
836 -861 291 0 
299 -128 -995 0 
-216 438 -825 0 
-144 -382 544 0 
-941 52 456 0 
-363 408 -769 0 
-280 970 541 0 
479 746 394 0 
397 -119 189 0 
544 231 400 0 
353 -400 198 0 
107 -562 -31 0 
305 368 430 0 
993 894 922 0 
535 282 761 0 
-604 -766 -997 0 
896 -238 982 0 
658 568 801 0 
827 -216 -79 0 
-685 553 -561 0 
38 -35 94 0 
360 -702 725 0 
-850 -582 911 0 
-204 -579 525 0 
-934 622 -922 0 
-857 -359 357 0 
-529 -684 -965 0 
-907 333 401 0 
-939 968 -350 0 
598 354 9 0 
833 -12 299 0 
344 -496 -530 0 
-817 978 953 0 
710 -190 -13 0 
214 147 -375 0 
912 356 -877 0 
-790 -650 -243 0 
-638 893 -410 0 
799 -570 -668 0 
560 -641 884 0 
-214 -184 860 0 
-765 309 -664 0 
51 968 862 0 
666 766 410 0 
747 -532 416 0 
356 -672 253 0 
10 771 -132 0 
-289 279 -589 0 
-313 -428 -181 0 
65 -645 -361 0 
-929 -634 92 0 
129 -368 794 0 
-168 529 604 0 
-78 -857 403 0 
-429 -223 802 0 
-315 -828 -166 0 
6 -460 -590 0 
726 888 722 0 
31 -463 -361 0 
691 372 743 0 
-933 114 -26 0 
-209 -564 -541 0 
-724 174 -930 0 
282 583 -313 0 
71 -384 754 0 
761 -693 -623 0 
335 388 -233 0 
933 -66 -613 0 
-593 -155 478 0 
812 -97 610 0 
-924 317 106 0 
-926 -637 -902 0 
-619 877 781 0 
866 -45 583 0 
976 160 530 0 
-129 403 -24 0 
503 -69 448 0 
-722 -198 -42 0 
883 -526 -333 0 
528 -729 479 0 
-934 61 -350 0 
-913 470 -652 0 
-273 131 -871 0 
200 655 458 0 
-420 -588 436 0 
309 -292 117 0 
-111 -219 -782 0 
-963 386 124 0 
-43 568 779 0 
220 22 410 0 
89 709 -67 0 
120 245 -889 0 
-741 31 233 0 
-252 892 703 0 
-267 310 84 0 
-837 848 -997 0 
739 82 259 0 
-489 -108 791 0 
910 -503 -708 0 
-626 -558 785 0 
-37 -849 -149 0 
751 -868 -341 0 
-859 386 -152 0 
399 -109 -221 0 
-639 -372 -468 0 
508 404 779 0 
174 110 -726 0 
615 -932 93 0 
-911 174 -283 0 
780 1 -95 0 
250 958 895 0 
-838 -554 711 0 
-174 360 -513 0 
918 735 -282 0 
304 -826 -551 0 
-46 705 -719 0 
-655 -194 938 0 
4 -786 -904 0 
147 -117 -388 0 
795 821 -559 0 
597 566 988 0 
-238 -701 -187 0 
-23 718 560 0 
505 602 634 0 
921 -747 370 0 
-913 -427 95 0 
-238 -996 656 0 
-716 -266 -468 0 
-894 448 567 0 
-564 -83 451 0 
-663 794 -976 0 
-557 -206 558 0 
-324 -506 564 0 
-340 214 998 0 
-624 576 -616 0 
769 191 -619 0 
432 -515 192 0 
829 -842 601 0 
722 -691 -833 0 
-146 -986 23 0 
-806 11 619 0 
-636 528 -97 0 
-515 -555 722 0 
712 33 -776 0 
52 961 412 0 
-783 -415 -760 0 
-388 564 -371 0 
-473 -574 -328 0 
863 -100 -745 0 
776 901 -461 0 
797 -45 -2 0 
-18 849 788 0 
803 -642 -897 0 
58 642 760 0 
-575 14 -957 0 
-558 251 -922 0 
-593 -921 -147 0 
957 -507 168 0 
-209 -370 -526 0 
-261 32 -992 0 
-878 -210 802 0 
-955 -566 -434 0 
965 -998 -649 0 
-817 -32 -914 0 
704 -850 242 0 
735 -494 -176 0 
754 -969 300 0 
-81 665 141 0 
466 -529 -153 0 
-533 -135 937 0 
-689 -89 -384 0 
-885 -319 -462 0 
388 544 446 0 
-3 665 -961 0 
-815 26 334 0 
-559 -981 -221 0 
545 234 496 0 
357 -978 -523 0 
-703 -742 -999 0 
118 -474 -413 0 
-189 638 -767 0 
940 -161 -508 0 
-203 994 -959 0 
-739 -892 967 0 
85 891 623 0 
99 292 872 0 
-815 277 -260 0 
-859 197 -516 0 
-161 -830 -142 0 
989 314 -224 0 
-429 -979 -155 0 
898 -738 -99 0 
-118 -155 792 0 
-415 -203 -662 0 
-173 -43 -921 0 
-840 865 -439 0 
-566 439 -397 0 
311 989 -906 0 
-890 791 897 0 
507 887 -977 0 
955 905 330 0 
-193 11 460 0 
694 -959 188 0 
35 647 63 0 
211 -568 -332 0 
-409 447 650 0 
-967 77 829 0 
-89 -851 -33 0 
494 421 700 0 
993 805 -77 0 
-248 -192 713 0 
-641 11 -232 0 
482 -934 -204 0 
311 -545 145 0 
-674 207 -475 0 
-945 497 262 0 
214 -126 -421 0 
664 -646 990 0 
354 586 630 0 
891 549 -826 0 
-875 -651 767 0 
-54 -736 520 0 
180 -451 -478 0 
-614 -428 -941 0 
783 -709 619 0 
124 -625 -699 0 
427 844 821 0 
-915 136 -393 0 
422 724 -417 0 
358 352 -413 0 
246 833 -230 0 
190 -237 -983 0 
-245 690 528 0 
-79 852 616 0 
93 222 -870 0 
-251 324 -964 0 
265 704 -60 0 
-315 -478 936 0 
-70 -910 525 0 
631 -68 94 0 
-239 -737 -829 0 
280 404 803 0 
165 -421 -211 0 
-356 -296 -412 0 
93 856 -819 0 
-699 -362 446 0 
664 -970 366 0 
698 -575 480 0 
930 563 -82 0 
936 -853 -303 0 
-7 906 509 0 
916 470 -688 0 
349 -330 995 0 
-536 -879 -79 0 
743 -818 88 0 
322 338 187 0 
308 -622 95 0 
135 -917 566 0 
834 -815 -619 0 
-386 -33 981 0 
-414 -204 -173 0 
931 401 25 0 
103 -405 115 0 
-655 -919 -779 0 
836 811 -117 0 
956 -329 -728 0 
-927 757 -345 0 
254 -232 -689 0 
-984 224 -542 0 
-350 -262 -769 0 
-27 755 627 0 
244 313 859 0 
-556 991 860 0 
-273 -224 620 0 
-617 182 720 0 
-202 451 -726 0 
609 -817 -910 0 
466 399 982 0 
794 60 432 0 
-371 -664 665 0 
512 -666 228 0 
683 -222 834 0 
327 232 -732 0 
542 -804 392 0 
-599 111 688 0 
946 887 64 0 
701 -795 -914 0 
-82 473 -98 0 
-482 525 -680 0 
-517 65 248 0 
-890 -440 -244 0 
-210 -262 109 0 
103 877 -406 0 
228 469 522 0 
506 615 -537 0 
-318 -67 -347 0 
451 -105 783 0 
582 -223 134 0 
-26 691 -536 0 
953 -795 -916 0 
703 829 -33 0 
-121 827 885 0 
883 927 545 0 
222 -688 564 0 
242 -273 874 0 
305 30 947 0 
863 363 -221 0 
-724 -586 -759 0 
-297 -77 -828 0 
67 125 -775 0 
-655 748 286 0 
19 500 437 0 
-445 -752 257 0 
-270 956 -336 0 
124 854 -136 0 
-599 -960 -596 0 
800 431 215 0 
-153 478 -368 0 
692 -826 218 0 
-205 796 90 0 
568 784 -32 0 
469 -253 718 0 
385 487 339 0 
-696 -287 9 0 
-660 -490 210 0 
-405 498 -891 0 
-389 859 -468 0 
19 -520 -410 0 
135 -318 905 0 
197 -880 -594 0 
522 -733 -91 0 
148 232 -231 0 
-415 45 457 0 
159 -464 -462 0 
-218 331 27 0 
10 906 901 0 
-611 -434 -808 0 
-698 41 -202 0 
-32 -445 -994 0 
872 740 -983 0 
542 -371 41 0 
-5 -254 819 0 
-536 -578 -486 0 
-100 55 -759 0 
987 71 553 0 
-907 678 982 0 
-767 388 -699 0 
514 -485 539 0 
-901 -767 496 0 
-409 98 -75 0 
-610 -125 -478 0 
56 731 -36 0 
-457 -965 955 0 
321 363 -855 0 
866 47 -280 0 
-574 -409 -8 0 
-59 167 705 0 
-530 -224 -772 0 
-723 3 795 0 
-190 -101 -286 0 
-330 -972 -249 0 
-370 777 282 0 
-899 -373 -483 0 
-231 586 881 0 
440 -848 950 0 
127 711 50 0 
-96 -165 858 0 
-80 -997 476 0 
-263 -1 -762 0 
231 926 -142 0 
-289 399 -845 0 
913 -802 530 0 
584 -92 495 0 
73 -386 -767 0 
13 55 76 0 
-369 604 -147 0 
237 -140 -379 0 
-709 -436 416 0 
305 -265 -573 0 
-506 -142 122 0 
-930 127 238 0 
-287 474 727 0 
935 932 958 0 
259 573 599 0 
-728 738 247 0 
-465 777 -742 0 
-989 -171 -544 0 
109 62 -290 0 
717 762 -227 0 
-79 995 -97 0 
615 -463 566 0 
-557 356 -427 0 
716 910 -408 0 
481 45 -391 0 
-213 -80 547 0 
907 458 993 0 
760 -128 727 0 
533 -466 428 0 
-766 -909 -155 0 
-670 159 84 0 
752 875 -381 0 
-353 476 -712 0 
708 -513 -318 0 
-4 -116 949 0 
79 430 -420 0 
-745 -211 -427 0 
-703 -570 390 0 
-476 196 -33 0 
43 -462 -59 0 
-565 799 -310 0 
-129 385 -738 0 
-470 86 725 0 
565 45 -147 0 
507 -817 -580 0 
-856 814 -633 0 
-917 970 -990 0 
164 -316 -856 0 
-111 570 -747 0 
76 -316 717 0 
175 843 337 0 
-490 -847 165 0 
993 654 -225 0 
-109 813 138 0 
932 -538 245 0 
341 254 456 0 
758 -618 336 0 
-8 -312 538 0 
462 678 752 0 
506 -951 -381 0 
-234 532 -798 0 
-803 53 188 0 
-430 -565 311 0 
914 -289 81 0 
709 -643 860 0 
473 -356 839 0 
-446 -54 -855 0 
561 -314 124 0 
-530 -415 -767 0 
30 -107 -573 0 
810 -917 -395 0 
-692 -126 -102 0 
-1 44 -817 0 
-654 -314 -557 0 
-131 -194 632 0 
-235 -556 708 0 
-943 -705 -858 0 
-150 510 -873 0 
-816 920 444 0 
517 -724 -811 0 
-297 -669 131 0 
778 862 2 0 
-990 -384 436 0 
-568 351 447 0 
780 -807 960 0 
468 632 -687 0 
825 999 808 0 
463 -597 737 0 
-439 870 -221 0 
-571 183 667 0 
1 -605 771 0 
331 774 -81 0 
-595 716 442 0 
-619 -760 286 0 
-91 -219 -850 0 
358 -24 411 0 
-537 601 111 0 
-876 -762 966 0 
345 833 -643 0 
-53 866 -882 0 
735 -393 151 0 
602 -77 -891 0 
-859 -980 856 0 
-39 399 -734 0 
91 939 -121 0 
800 778 684 0 
-751 -82 -27 0 
233 -980 -40 0 
-777 -522 -931 0 
-467 -816 -209 0 
-747 398 -460 0 
-689 368 -739 0 
-554 86 -954 0 
-840 789 734 0 
-699 -307 -840 0 
980 778 -787 0 
52 -96 -201 0 
345 -612 -892 0 
197 -795 -87 0 
-396 216 839 0 
-62 -243 -630 0 
11 -830 982 0 
-623 -356 420 0 
-955 740 -64 0 
536 -198 179 0 
-225 -403 256 0 
422 304 554 0 
300 -870 -152 0 
-80 -395 286 0 
-307 -839 149 0 
-293 -384 181 0 
58 721 265 0 
531 75 575 0 
-174 -982 161 0 
-381 382 -80 0 
-205 672 -943 0 
665 -950 662 0 
350 -24 -205 0 
-251 833 -710 0 
559 909 -943 0 
-938 -422 -169 0 
47 139 -199 0 
576 -51 -908 0 
296 518 -806 0 
-856 371 822 0 
712 -977 -119 0 
910 -432 -551 0 
734 -643 956 0 
565 -277 734 0 
-23 -839 685 0 
-722 -521 445 0 
811 -689 824 0 
-934 139 245 0 
-423 -523 866 0 
758 -184 75 0 
-247 -990 139 0 
406 378 -266 0 
-279 677 827 0 
-590 -121 -433 0 
339 314 304 0 
-214 -201 -938 0 
-922 341 -526 0 
-978 1000 -977 0 
941 900 275 0 
457 225 -943 0 
564 959 -140 0 
-227 91 603 0 
-701 743 21 0 
394 -166 769 0 
401 544 465 0 
74 -18 -89 0 
-335 -324 -697 0 
569 43 -524 0 
394 428 -240 0 
221 732 -590 0 
-598 -443 307 0 
-280 -718 -502 0 
-670 452 365 0 
562 784 -613 0 
-698 195 -576 0 
691 -669 -706 0 
708 -794 247 0 
890 737 -10 0 
41 351 38 0 
-326 887 38 0 
721 895 -522 0 
-402 -284 638 0 
-240 718 959 0 
-836 -342 -46 0 
582 383 -698 0 
-922 345 -808 0 
306 -679 847 0 
849 -552 -19 0 
384 -973 747 0 
-466 857 -905 0 
982 -243 -953 0 
945 132 786 0 
519 -935 149 0 
-265 -743 450 0 
152 168 578 0 
-907 -684 324 0 
404 -19 540 0 
-884 -508 -731 0 
-745 -993 -835 0 
-148 -103 -143 0 
552 -233 -370 0 
-576 -833 493 0 
-787 20 -404 0 
-484 -957 10 0 
-506 -653 873 0 
-630 -878 -152 0 
-870 -717 -661 0 
-774 -587 432 0 
-100 -331 45 0 
185 175 557 0 
916 929 158 0 
844 36 -357 0 
-843 138 -440 0 
-695 204 199 0 
-128 -825 -16 0 
-524 456 -386 0 
162 220 -110 0 
313 69 -42 0 
-906 -852 441 0 
639 -531 -802 0 
-242 -584 -627 0 
-951 361 388 0 
31 429 182 0 
-409 233 120 0 
-663 599 -681 0 
-409 -586 -678 0 
940 -182 -950 0 
-93 -619 818 0 
155 456 -999 0 
707 -704 655 0 
-411 -154 129 0 
182 161 771 0 
-225 321 -400 0 
-535 -462 278 0 
388 -280 467 0 
442 859 -735 0 
914 -22 -173 0 
854 -857 -541 0 
-272 -639 -483 0 
969 -622 -25 0 
101 43 -260 0 
-508 -715 782 0 
-212 -938 924 0 
342 -333 306 0 
897 -641 -310 0 
-302 410 742 0 
673 -200 -834 0 
987 -523 295 0 
32 -558 696 0 
374 309 318 0 
-597 143 757 0 
31 219 841 0 
963 421 143 0 
301 -744 519 0 
628 243 -548 0 
812 -171 -40 0 
491 41 416 0 
21 370 -893 0 
-709 -461 -766 0 
223 962 -829 0 
-582 -869 -620 0 
-148 497 561 0 
-615 464 -326 0 
-61 -697 -458 0 
-283 397 66 0 
275 -824 539 0 
426 821 890 0 
601 -536 737 0 
-491 233 275 0 
-938 -718 836 0 
-360 -149 -576 0 
359 -382 -662 0 
-806 -286 727 0 
30 -888 -547 0 
626 520 -479 0 
976 35 242 0 
619 -3 972 0 
-764 868 620 0 
183 188 -574 0 
-335 890 380 0 
-913 -758 -648 0 
-893 336 652 0 
-745 -42 925 0 
406 155 -848 0 
94 257 368 0 
-318 606 -591 0 
-222 -951 -872 0 
560 -616 -957 0 
-567 38 382 0 
126 260 450 0 
-53 -162 324 0 
111 -938 -846 0 
606 -88 -647 0 
279 -802 -680 0 
-508 -328 931 0 
160 -405 -274 0 
-892 -70 -686 0 
-927 -876 758 0 
436 -116 -821 0 
260 129 296 0 
517 -45 427 0 
-767 -540 -389 0 
-586 423 918 0 
-926 -59 -27 0 
-119 -956 542 0 
605 472 -571 0 
-667 -250 -276 0 
96 581 147 0 
-837 -982 -992 0 
580 -713 -246 0 
-235 930 -163 0 
-278 506 -879 0 
342 -976 -714 0 
-851 -774 -89 0 
998 -519 272 0 
-614 364 -180 0 
-468 -840 418 0 
59 936 423 0 
965 -849 601 0 
240 278 884 0 
-327 -411 615 0 
-369 -759 12 0 
-569 -540 -883 0 
-647 -598 802 0 
-663 426 719 0 
-788 -94 761 0 
-130 877 -468 0 
-525 344 625 0 
315 -462 -339 0 
-757 823 -575 0 
395 539 993 0 
732 86 -679 0 
138 256 -9 0 
-607 90 -865 0 
703 -345 -331 0 
202 602 915 0 
501 277 -860 0 
971 737 -763 0 
-757 298 -140 0 
-23 -767 393 0 
167 -257 683 0 
-399 554 917 0 
134 988 -304 0 
273 954 650 0 
-232 198 -861 0 
461 204 294 0 
-814 853 -280 0 
329 -530 77 0 
769 -153 899 0 
537 -33 -476 0 
-804 -267 -119 0 
568 -707 357 0 
798 909 656 0 
688 404 356 0 
-157 -813 -659 0 
-696 638 354 0 
-386 724 -437 0 
-834 234 845 0 
-770 -568 -223 0 
404 486 -961 0 
660 -152 -499 0 
-262 757 -788 0 
-636 -137 -968 0 
438 -661 657 0 
-291 507 143 0 
-171 -386 995 0 
-690 573 -557 0 
816 752 425 0 
206 -488 552 0 
-672 -980 516 0 
505 -926 200 0 
780 74 -663 0 
-939 604 -532 0 
263 12 585 0 
417 590 799 0 
81 408 51 0 
408 481 -212 0 
-973 -237 307 0 
-889 443 823 0 
-945 477 286 0 
-230 -374 539 0 
220 -486 -439 0 
707 643 289 0 
766 43 -328 0 
897 -932 -340 0 
-368 -555 467 0 
-604 572 -432 0 
-90 -187 -428 0 
-17 -770 411 0 
204 -89 951 0 
-841 816 540 0 
-787 432 407 0 
-95 861 226 0 
-32 747 415 0 
284 691 -394 0 
-260 -428 -822 0 
631 -166 -787 0 
356 -903 45 0 
667 255 804 0 
-457 160 621 0 
542 930 -711 0 
-435 -323 -568 0 
-61 -522 621 0 
342 981 -927 0 
452 -648 -310 0 
-36 321 981 0 
-836 548 -203 0 
-496 426 320 0 
225 -329 -441 0 
751 832 -918 0 
-537 40 623 0 
166 -858 -966 0 
860 -235 -289 0 
857 -272 376 0 
-99 953 534 0 
-286 373 -659 0 
440 478 919 0 
57 877 -776 0 
965 -974 -87 0 
600 888 -189 0 
-195 -719 144 0 
-350 226 234 0 
-402 -726 -241 0 
843 95 895 0 
774 384 459 0 
-45 399 -770 0 
-171 -781 994 0 
-269 -977 783 0 
570 587 807 0 
28 -58 -850 0 
-477 -328 -15 0 
783 -662 -403 0 
-408 -13 -886 0 
453 208 -6 0 
-907 -169 -847 0 
-776 477 441 0 
-410 898 459 0 
779 611 -87 0 
-162 300 -956 0 
-436 549 -595 0 
637 614 -841 0 
-184 -631 465 0 
-283 -289 -175 0 
340 -531 236 0 
-866 292 985 0 
-742 -944 -90 0 
-402 571 -963 0 
461 614 901 0 
-612 -153 -418 0 
-391 -150 -219 0 
22 881 609 0 
-641 -223 575 0 
-68 -643 861 0 
868 197 745 0 
938 449 -218 0 
680 771 -254 0 
346 342 334 0 
-686 909 -83 0 
-740 984 503 0 
170 -507 -699 0 
-498 947 449 0 
-187 367 639 0 
-754 -961 -481 0 
-954 702 -971 0 
-1 101 -833 0 
-83 -901 -802 0 
299 966 960 0 
654 97 206 0 
512 -782 -824 0 
-62 911 -285 0 
-318 -239 -369 0 
-84 -252 -268 0 
-800 343 685 0 
378 -576 -907 0 
-946 618 -284 0 
-873 -287 532 0 
98 558 155 0 
-342 417 -4 0 
-182 -385 853 0 
-40 313 27 0 
178 -613 168 0 
-385 -66 467 0 
-579 557 226 0 
-998 -95 256 0 
313 -565 -151 0 
-808 -378 -197 0 
-502 31 257 0 
424 -507 952 0 
-273 993 -367 0 
314 -283 -658 0 
766 419 -217 0 
-846 -576 -895 0 
723 420 152 0 
-773 -838 -828 0 
-660 -149 512 0 
40 -268 757 0 
880 882 603 0 
-842 104 586 0 
68 -887 797 0 
166 -999 -780 0 
926 340 949 0 
905 -854 885 0 
314 80 759 0 
-29 -578 721 0 
-452 919 957 0 
987 112 390 0 
-442 825 371 0 
-210 579 -375 0 
464 410 762 0 
566 212 -176 0 
-912 503 127 0 
801 259 -940 0 
-883 65 545 0 
954 -222 703 0 
427 1000 579 0 
-795 -422 219 0 
-554 103 345 0 
-10 874 -513 0 
719 601 919 0 
-994 817 -757 0 
46 -196 403 0 
996 901 -925 0 
-399 361 -827 0 
-954 -43 -641 0 
305 -743 -221 0 
813 -893 755 0 
-540 414 626 0 
-96 742 26 0 
-23 767 -617 0 
99 -476 539 0 
623 98 -752 0 
601 -812 -436 0 
-328 961 -763 0 
-872 745 -357 0 
-693 -499 -812 0 
42 796 567 0 
338 -540 -176 0 
-797 -293 894 0 
-398 381 -180 0 
360 -635 190 0 
866 916 -188 0 
563 -318 -964 0 
-320 551 203 0 
34 809 -597 0 
404 -323 81 0 
582 -261 -838 0 
-708 -64 -743 0 
874 -484 583 0 
-974 21 862 0 
-170 -555 509 0 
-701 421 470 0 
285 453 -974 0 
-122 -790 -839 0 
553 81 614 0 
53 -565 252 0 
-869 -494 -331 0 
-329 -80 227 0 
-278 -653 459 0 
508 901 -952 0 
102 -926 -289 0 
-757 -636 933 0 
-115 998 -770 0 
-959 363 -826 0 
641 -675 -152 0 
-489 -132 919 0 
-928 -317 606 0 
947 -899 -678 0 
217 -187 501 0 
-225 940 265 0 
425 -436 -921 0 
677 -759 375 0 
-83 -581 264 0 
194 978 -922 0 
-57 -571 -122 0 
-211 -53 589 0 
-650 -743 41 0 
-488 -978 813 0 
-937 649 -347 0 
-538 -819 -651 0 
-227 -257 -424 0 
308 -762 -570 0 
-359 -462 598 0 
55 610 -68 0 
14 792 773 0 
-665 434 343 0 
967 94 284 0 
-74 130 -887 0 
-1000 184 956 0 
533 -420 -839 0 
108 378 363 0 
-481 105 -177 0 
483 -804 -725 0 
-825 688 782 0 
881 -475 267 0 
595 -569 -194 0 
-501 -911 244 0 
-914 453 138 0 
-263 -54 974 0 
94 -677 -822 0 
-783 -509 663 0 
132 238 165 0 
51 -362 871 0 
-932 -516 122 0 
-152 608 -700 0 
245 514 -636 0 
-910 -622 584 0 
-32 -147 -380 0 
-168 396 -780 0 
-508 -570 649 0 
-966 516 -952 0 
645 -223 -608 0 
-324 200 -937 0 
521 -334 454 0 
77 -567 -977 0 
682 -648 -812 0 
168 -579 -170 0 
490 -341 -463 0 
-275 -522 544 0 
-326 -660 12 0 
731 997 -343 0 
-222 820 -301 0 
309 -967 -822 0 
211 531 -179 0 
620 241 -146 0 
-71 927 -817 0 
-890 715 124 0 
-298 969 -639 0 
752 215 -907 0 
-409 182 484 0 
-97 648 -676 0 
-698 496 -112 0 
-983 -668 478 0 
786 -163 -15 0 
-639 -943 673 0 
-226 49 82 0 
512 521 -794 0 
506 -217 362 0 
-988 247 -450 0 
-411 -933 -920 0 
-351 928 -164 0 
-575 563 533 0 
282 4 332 0 
328 -435 -288 0 
965 578 -715 0 
836 -389 -939 0 
779 647 -320 0 
-57 -862 -981 0 
-80 276 -269 0 
-30 -528 -934 0 
-779 -514 -576 0 
-286 422 -985 0 
-958 397 156 0 
219 -58 -476 0 
46 -542 26 0 
-323 -434 -839 0 
-710 -467 -351 0 
388 704 -422 0 
-486 -710 838 0 
-34 149 540 0 
835 -495 429 0 
207 324 -138 0 
973 -715 -387 0 
601 964 937 0 
-703 -365 -377 0 
-349 -791 750 0 
-711 -37 -967 0 
31 630 844 0 
-699 776 536 0 
571 -679 -670 0 
-290 -946 -791 0 
-255 -582 -855 0 
998 -411 -343 0 
-63 -561 820 0 
-995 275 -247 0 
419 -693 401 0 
-484 911 -201 0 
843 -440 771 0 
-802 -44 819 0 
13 -543 -401 0 
533 848 817 0 
-839 480 331 0 
-851 -401 151 0 
649 417 -715 0 
-27 410 -84 0 
-698 199 234 0 
-832 -426 212 0 
-53 984 210 0 
204 -71 460 0 
532 -95 -940 0 
-936 -322 196 0 
-486 -304 -698 0 
-400 271 -324 0 
882 571 635 0 
980 694 227 0 
390 -498 -28 0 
-989 81 -953 0 
258 -144 -453 0 
79 347 -575 0 
652 -930 427 0 
-121 3 265 0 
-855 688 -349 0 
88 -940 -437 0 
708 -681 807 0 
364 -757 -587 0 
-149 -767 -131 0 
675 -6 665 0 
705 -774 -944 0 
847 122 -198 0 
-915 -742 -316 0 
325 -805 -899 0 
-414 562 612 0 
-761 23 57 0 
-743 -899 -136 0 
691 773 -945 0 
938 821 -1 0 
453 826 -28 0 
263 -303 -973 0 
597 277 -345 0 
628 -616 914 0 
445 -108 -396 0 
-65 -319 834 0 
-789 -54 -832 0 
-3 595 -690 0 
7 -229 967 0 
-508 -397 434 0 
-231 -792 -971 0 
753 -756 -917 0 
644 -632 560 0 
-944 416 119 0 
-303 242 98 0 
-299 -271 -99 0 
409 873 -751 0 
-410 326 516 0 
-935 -71 -476 0 
318 -724 433 0 
-866 -21 589 0 
536 477 305 0 
546 320 -261 0 
571 589 831 0 
139 235 -664 0 
-867 -932 -417 0 
472 981 607 0 
-789 -137 495 0 
-166 -705 -19 0 
110 -263 336 0 
-992 -62 551 0 
39 -788 924 0 
213 -382 -146 0 
160 244 -888 0 
-859 647 818 0 
158 -98 774 0 
-974 -44 -280 0 
685 924 -753 0 
-385 -261 276 0 
-479 -809 260 0 
702 -313 -511 0 
-490 -965 610 0 
-499 -283 -481 0 
-80 -485 -343 0 
575 105 -529 0 
871 -96 476 0 
-890 731 -380 0 
737 -717 -60 0 
-988 567 959 0 
-875 279 147 0 
513 -932 685 0 
823 -354 51 0 
573 -348 584 0 
168 -292 -542 0 
516 272 -665 0 
686 -68 -859 0 
-754 -683 -776 0 
406 811 -756 0 
664 -825 656 0 
-845 616 -304 0 
396 -12 -385 0 
-151 399 4 0 
-640 -604 -956 0 
-923 6 289 0 
-651 132 811 0 
416 -717 -529 0 
-119 692 325 0 
690 -670 463 0 
-722 1000 189 0 
-450 302 333 0 
576 644 -674 0 
265 257 271 0 
-758 -542 868 0 
-635 -403 -299 0 
75 -547 -655 0 
-795 228 -860 0 
54 209 -660 0 
103 -607 -139 0 
92 929 933 0 
-245 307 -974 0 
703 573 78 0 
-625 -519 -629 0 
904 -796 849 0 
-796 394 -558 0 
-927 612 -875 0 
143 640 257 0 
127 -632 353 0 
-805 191 -595 0 
-765 153 687 0 
-229 801 740 0 
190 -521 111 0 
836 9 -180 0 
470 -361 -301 0 
687 -463 933 0 
-514 -723 731 0 
442 345 -505 0 
375 -629 -706 0 
-961 -49 709 0 
-651 54 -975 0 
109 746 876 0 
-332 -373 -183 0 
-322 -43 335 0 
-751 -317 546 0 
738 402 240 0 
-916 224 745 0 
612 286 72 0 
970 449 -570 0 
256 -368 -969 0 
984 952 673 0 
-27 183 610 0 
-803 -508 -403 0 
347 732 -635 0 
-878 -958 -103 0 
-554 -521 -570 0 
-479 820 520 0 
-233 -759 487 0 
25 71 43 0 
-602 -566 413 0 
-724 826 769 0 
-871 -461 353 0 
356 140 -461 0 
571 692 -59 0 
-130 -20 767 0 
816 -946 -524 0 
-136 341 593 0 
-388 -632 407 0 
104 -358 435 0 
524 -968 -10 0 
621 986 734 0 
783 244 -299 0 
-477 177 646 0 
-262 -579 -226 0 
357 -878 -588 0 
-797 811 55 0 
95 -441 79 0 
903 818 -996 0 
309 389 -763 0 
-523 108 -449 0 
-631 -34 -422 0 
-495 485 -998 0 
-515 -40 790 0 
-460 819 -601 0 
829 -657 26 0 
923 585 -810 0 
-486 587 6 0 
986 385 -887 0 
-283 256 -849 0 
-656 808 -667 0 
-13 -407 614 0 
-7 -508 880 0 
645 -278 -529 0 
672 589 -743 0 
145 963 -124 0 
979 -324 -442 0 
-68 -139 970 0 
2 455 -612 0 
443 77 -949 0 
-490 -153 485 0 
-807 509 385 0 
732 382 -958 0 
-161 926 633 0 
-698 -900 -342 0 
691 226 -434 0 
434 -963 413 0 
-516 -787 462 0 
-561 345 -204 0 
461 -885 -426 0 
964 -160 717 0 
-470 -686 -3 0 
-694 335 457 0 
157 -165 -903 0 
351 -922 854 0 
-553 -923 -735 0 
71 -288 -302 0 
60 25 673 0 
564 -284 -790 0 
709 -189 455 0 
936 429 -73 0 
956 761 210 0 
591 922 341 0 
57 204 -587 0 
426 551 222 0 
659 463 479 0 
951 617 -776 0 
-164 -804 -937 0 
223 -353 -469 0 
-378 -21 -964 0 
-761 986 792 0 
-528 -784 -54 0 
-864 -994 -669 0 
929 -148 432 0 
877 24 137 0 
134 -810 333 0 
-316 88 506 0 
928 508 -233 0 
953 400 402 0 
-397 -614 -514 0 
-935 340 230 0 
626 643 191 0 
573 284 -576 0 
939 -912 -794 0 
-156 793 -701 0 
148 -721 784 0 
-887 779 829 0 
456 622 -458 0 
-186 876 962 0 
713 -156 988 0 
-2 691 -825 0 
-434 -488 -736 0 
844 -374 -302 0 
-471 415 322 0 
327 324 372 0 
-34 -345 626 0 
758 720 -118 0 
-214 -645 -554 0 
806 -712 652 0 
526 -383 -430 0 
-536 806 -207 0 
455 189 985 0 
-322 -282 -132 0 
619 -955 985 0 
-43 712 -583 0 
520 -936 74 0 
858 74 554 0 
-450 214 437 0 
-24 976 594 0 
-640 -755 -679 0 
-955 -478 185 0 
875 346 736 0 
843 544 -98 0 
-219 597 622 0 
250 429 622 0 
-538 962 -498 0 
-705 596 -471 0 
420 277 443 0 
826 472 433 0 
-14 -164 654 0 
167 390 -190 0 
310 758 -465 0 
265 437 -24 0 
511 210 339 0 
515 -969 -655 0 
322 860 849 0 
468 729 -909 0 
334 -716 -311 0 
-912 -546 -976 0 
-826 159 521 0 
60 -719 -794 0 
505 484 59 0 
-166 -927 762 0 
594 -608 -267 0 
531 -102 816 0 
410 -20 489 0 
774 -801 -509 0 
876 445 -951 0 
336 631 1000 0 
216 311 52 0 
-7 116 -557 0 
36 -71 112 0 
-6 277 -619 0 
631 433 -192 0 
711 -27 -162 0 
-740 -982 -398 0 
707 -195 -734 0 
17 -201 490 0 
-980 -421 -38 0 
495 883 -187 0 
488 -76 779 0 
697 610 -704 0 
864 531 -300 0 
-432 595 642 0 
-337 2 -826 0 
-540 820 -689 0 
977 803 364 0 
292 407 -375 0 
-578 14 208 0 
563 244 -287 0 
713 656 -575 0 
504 -298 -510 0 
-55 -131 -115 0 
916 998 663 0 
-239 -295 235 0 
232 -598 -701 0 
-43 839 157 0 
-131 236 -564 0 
424 696 699 0 
-908 -820 -149 0 
-474 55 465 0 
588 -410 -665 0 
780 -955 -166 0 
780 531 -343 0 
-685 855 -115 0 
522 989 124 0 
482 -684 110 0 
-666 -127 -527 0 
290 329 -325 0 
129 -678 389 0 
681 -984 -578 0 
-968 -686 734 0 
939 -292 403 0 
808 925 -974 0 
652 173 -573 0 
762 215 -620 0 
538 67 188 0 
-912 58 822 0 
-168 119 484 0 
102 -822 -499 0 
514 652 -267 0 
187 188 345 0 
-703 329 287 0 
713 540 776 0 
86 -67 954 0 
-136 -825 666 0 
-592 208 71 0 
-642 530 -217 0 
643 -338 967 0 
-297 -915 -19 0 
-204 502 132 0 
-274 -115 -440 0 
-518 -28 842 0 
-20 -317 356 0 
-671 47 -9 0 
-611 -265 -72 0 
413 -581 -759 0 
-537 774 496 0 
737 -776 527 0 
407 -211 309 0 
-793 142 883 0 
844 -860 314 0 
-843 5 -335 0 
-419 256 -88 0 
538 120 255 0 
-140 -677 -474 0 
-240 -508 466 0 
-708 -536 -422 0 
-856 585 -58 0 
-634 -534 -638 0 
-30 40 -940 0 
566 545 -450 0 
688 693 593 0 
528 -88 336 0 
554 -589 294 0 
917 801 123 0 
-47 329 993 0 
-522 -677 398 0 
64 625 -588 0 
-920 -438 -711 0 
217 912 961 0 
499 -809 155 0 
822 -588 -32 0 
779 939 -21 0 
-30 455 -189 0 
390 -187 448 0 
-423 834 270 0 
499 777 -914 0 
539 -239 -35 0 
-780 -261 702 0 
729 769 14 0 
-350 414 587 0 
-1 918 236 0 
-801 792 312 0 
-308 792 -622 0 
-683 -930 -106 0 
-694 -671 -218 0 
-529 -463 87 0 
-439 665 -351 0 
172 -504 -388 0 
913 821 -468 0 
-200 66 399 0 
-637 -940 -302 0 
-524 630 947 0 
-938 286 229 0 
-184 -630 -368 0 
-441 -727 -380 0 
924 370 -729 0 
742 -622 313 0 
-520 -726 725 0 
242 -753 -194 0 
914 -769 -453 0 
-316 396 -330 0 
645 743 751 0 
205 380 959 0 
587 -310 977 0 
-736 760 814 0 
416 -654 297 0 
-211 -555 600 0 
288 -824 827 0 
292 -780 -679 0 
977 -431 147 0 
-614 162 387 0 
-798 761 -93 0 
-348 -500 229 0 
412 715 148 0 
235 899 -777 0 
-480 747 780 0 
971 -40 671 0 
-335 -878 -355 0 
431 -970 282 0 
-461 210 485 0 
-381 -255 -584 0 
864 518 376 0 
-583 -939 -303 0 
441 883 183 0 
-914 -889 106 0 
-706 287 -674 0 
-733 -862 -879 0 
-564 984 -161 0 
-945 572 218 0 
43 815 502 0 
-844 -454 531 0 
-699 -789 370 0 
20 -117 482 0 
-52 590 -924 0 
-556 587 168 0 
-369 641 557 0 
28 668 -255 0 
-921 -272 237 0 
-790 -302 602 0 
139 132 759 0 
-652 -623 814 0 
-289 637 -791 0 
-20 198 -163 0 
236 -182 972 0 
299 -854 255 0 
-284 -359 898 0 
162 742 728 0 
416 418 -466 0 
-906 349 539 0 
498 359 -151 0 
600 610 837 0 
-630 -144 114 0 
-348 282 308 0 
360 101 817 0 
791 620 817 0 
564 421 -233 0 
-879 574 506 0 
21 -927 -624 0 
341 -624 -349 0 
-194 669 -725 0 
269 847 -131 0 
-670 -605 759 0 
-11 105 147 0 
-278 -96 -101 0 
-780 -644 -694 0 
-608 -538 -946 0 
-399 -568 -429 0 
-825 -987 59 0 
-450 595 239 0 
68 281 -489 0 
-844 -969 783 0 
-269 -953 167 0 
761 -566 511 0 
-10 873 -41 0 
-835 -396 -707 0 
213 -504 823 0 
723 -823 784 0 
955 -381 -135 0 
121 -634 501 0 
869 106 -857 0 
561 585 -111 0 
46 -439 687 0 
-676 -794 -494 0 
736 -957 -966 0 
-624 -857 942 0 
111 208 441 0 
-217 598 384 0 
-163 -485 123 0 
630 -668 257 0 
-938 96 32 0 
-401 -81 -171 0 
402 612 57 0 
549 789 732 0 
-984 -894 -81 0 
-509 -913 -251 0 
665 165 61 0 
-794 236 -777 0 
-193 -89 -554 0 
310 -575 14 0 
670 973 -163 0 
992 505 434 0 
924 440 -736 0 
29 267 671 0 
390 516 -547 0 
314 565 -109 0 
458 -838 376 0 
-730 583 -722 0 
115 627 644 0 
351 266 -761 0 
345 266 727 0 
-584 293 300 0 
-112 226 212 0 
-207 750 -867 0 
138 -369 727 0 
104 -74 -67 0 
595 -12 766 0 
-669 799 -913 0 
910 -863 -206 0 
-418 -796 921 0 
-364 -461 295 0 
-410 -353 -688 0 
800 -410 -584 0 
-515 -789 751 0 
-741 848 -668 0 
-984 -911 -61 0 
-629 894 400 0 
-291 -88 -192 0 
-915 359 -226 0 
747 777 302 0 
-639 -129 -696 0 
-840 109 231 0 
663 -742 -855 0 
109 -854 390 0 
145 -64 -745 0 
852 -8 -527 0 
-853 463 91 0 
-653 119 850 0 
236 -871 -83 0 
-439 101 705 0 
912 445 753 0 
-595 -562 723 0 
498 852 -825 0 
-36 718 765 0 
492 -778 512 0 
-805 193 25 0 
970 668 384 0 
203 -982 -197 0 
73 -494 45 0 
182 248 -68 0 
555 -453 -521 0 
616 941 789 0 
-774 553 -430 0 
20 -832 -869 0 
-762 -711 504 0 
-210 -630 -812 0 
-231 697 -655 0 
546 776 902 0 
-337 358 -794 0 
-883 817 301 0 
301 -351 173 0 
103 1000 126 0 
-943 346 697 0 
261 732 -401 0 
186 -841 -485 0 
-269 -644 -881 0 
-429 -646 86 0 
917 752 415 0 
-336 518 106 0 
297 789 520 0 
-452 167 724 0 
719 58 -560 0 
710 -975 89 0 
556 130 578 0 
294 929 -147 0 
-140 -605 788 0 
692 -619 -244 0 
969 138 -112 0 
11 297 -698 0 
-938 -443 -660 0 
430 -838 -249 0 
760 343 736 0 
-797 -180 629 0 
-352 -866 -897 0 
-137 937 -608 0 
-91 -375 -867 0 
-274 59 -346 0 
-587 553 -861 0 
-907 7 -32 0 
-933 343 -128 0 
-8 594 588 0 
-385 25 357 0 
-215 415 -68 0 
810 -724 -483 0 
-873 338 -670 0 
755 801 -634 0 
-699 -171 263 0 
763 -341 -877 0 
-124 10 -678 0 
585 501 -927 0 
851 118 -567 0 
763 -669 581 0 
-543 -389 53 0 
476 -968 -584 0 
63 165 -737 0 
-560 206 -799 0 
-898 730 -857 0 
96 793 188 0 
139 -19 558 0 
-283 137 341 0 
611 536 -133 0 
261 637 795 0 
749 -376 -120 0 
461 956 -823 0 
334 -684 756 0 
-703 -398 896 0 
655 745 -130 0 
-447 -142 -637 0 
874 -956 -144 0 
-742 567 -334 0 
903 -650 -281 0 
-266 961 782 0 
389 -280 -316 0 
534 -614 -331 0 
989 -307 -45 0 
-884 -537 -662 0 
-89 -39 50 0 
165 642 541 0 
-115 -821 165 0 
109 -431 347 0 
796 28 723 0 
334 -447 847 0 
-214 -717 119 0 
626 684 -517 0 
90 -660 305 0 
345 610 -130 0 
263 84 -276 0 
117 -317 -695 0 
381 -116 12 0 
-659 560 327 0 
-876 893 579 0 
784 266 114 0 
-848 436 -580 0 
-190 16 571 0 
-196 809 65 0 
-370 -26 -848 0 
972 951 564 0 
679 -282 276 0 
138 934 913 0 
802 290 -630 0 
228 -950 -988 0 
-342 370 410 0 
838 978 597 0 
-605 -229 -890 0 
139 -480 482 0 
512 83 776 0 
-318 -641 -882 0 
-519 -444 793 0 
353 334 9 0 
-532 -551 123 0 
20 -609 95 0 
222 -740 250 0 
-51 60 406 0 
-974 321 877 0 
-342 -780 959 0 
326 413 -529 0 
450 -892 -110 0 
-973 -599 22 0 
-811 -648 753 0 
-378 8 -607 0 
-142 -428 -884 0 
827 338 -333 0 
868 917 907 0 
106 229 880 0 
-760 860 -781 0 
-360 -927 -39 0 
427 -322 599 0 
743 -364 -37 0 
969 611 404 0 
875 827 697 0 
-349 923 -873 0 
434 -572 913 0 
-562 551 790 0 
-180 621 22 0 
-306 -681 202 0 
761 924 -414 0 
947 -542 461 0 
-664 825 936 0 
195 377 -440 0 
-132 -266 150 0 
70 -878 38 0 
-242 -855 -972 0 
287 375 -414 0 
54 473 494 0 
-87 585 937 0 
709 232 219 0 
-609 729 -367 0 
850 120 838 0 
-585 887 -153 0 
-974 416 503 0 
553 845 280 0 
-468 -611 -166 0 
918 365 -401 0 
-340 -92 397 0 
369 289 -235 0 
-570 -829 -148 0 
654 743 44 0 
-491 470 251 0 
-814 -2 -761 0 
456 607 558 0 
685 173 -755 0 
-484 359 -502 0 
824 655 -493 0 
-330 620 17 0 
298 -469 -858 0 
339 798 832 0 
567 978 -504 0 
473 262 628 0 
89 545 -229 0 
-391 287 -699 0 
-936 -87 -310 0 
-545 693 -28 0 
650 713 -823 0 
-687 -156 -900 0 
-527 -642 -250 0 
-515 -105 738 0 
321 -514 -822 0 
-204 -285 -106 0 
416 71 375 0 
-65 726 851 0 
928 468 -114 0 
470 -739 434 0 
-819 -141 934 0 
-971 -665 -214 0 
72 -846 822 0 
-156 372 645 0 
-166 -625 667 0 
-638 -695 -19 0 
299 -338 829 0 
422 -907 -904 0 
-331 -289 434 0 
400 -593 -324 0 
-804 148 -659 0 
38 340 616 0 
-534 -440 -390 0 
189 382 -646 0 
378 -239 -767 0 
-969 -790 459 0 
827 21 226 0 
637 -351 -579 0 
-158 -508 -334 0 
88 -644 -418 0 
885 566 214 0 
-53 -962 639 0 
-223 -385 746 0 
697 390 677 0 
-889 5 799 0 
-78 -557 100 0 
-403 -12 725 0 
894 -911 -789 0 
-699 -710 -870 0 
27 385 -592 0 
-304 783 -677 0 
-923 684 -399 0 
777 773 486 0 
-882 357 -353 0 
293 499 -371 0 
-971 -481 632 0 
-791 -134 -145 0 
393 -634 -118 0 
-689 -756 214 0 
122 -815 -9 0 
-671 -284 406 0 
578 142 -743 0 
494 -587 -461 0 
897 -628 -540 0 
-801 418 97 0 
510 291 -632 0 
-945 232 344 0 
-858 -226 -355 0 
-320 -499 918 0 
-47 183 -79 0 
-187 -284 934 0 
-214 -609 277 0 
513 245 796 0 
-770 102 902 0 
-197 651 -157 0 
-912 -80 -59 0 
591 643 51 0 
-86 -670 -395 0 
377 -209 -273 0 
-918 -11 -633 0 
-229 -954 -101 0 
-679 104 -453 0 
858 543 -616 0 
361 -492 694 0 
213 -608 -874 0 
79 -93 626 0 
-78 842 -536 0 
-668 -265 285 0 
-329 -633 194 0 
89 -861 694 0 
33 -356 -708 0 
139 -193 -54 0 
-534 -36 -659 0 
-955 326 -856 0 
287 84 -705 0 
-256 881 -704 0 
373 -458 -395 0 
899 -239 -910 0 
-130 685 26 0 
112 595 -95 0 
-748 -941 133 0 
764 -265 -314 0 
46 -492 138 0 
-793 -631 375 0 
-221 244 -407 0 
32 -242 433 0 
-568 268 392 0 
209 -705 -94 0 
324 -172 -998 0 
143 -859 -3 0 
-100 -313 -916 0 
881 -943 -428 0 
-534 -101 740 0 
501 -934 819 0 
807 -151 328 0 
314 189 260 0 
718 372 -552 0 
583 731 715 0 
369 493 894 0 
453 -742 416 0 
132 858 869 0 
-479 98 -906 0 
904 -537 820 0 
10 341 616 0 
-351 391 -76 0 
73 -930 392 0 
-453 241 542 0 
112 125 863 0 
-175 -462 -133 0 
721 -978 -892 0 
82 -44 175 0 
519 -374 -381 0 
593 185 -394 0 
-333 824 852 0 
-368 -99 725 0 
-647 478 -902 0 
-224 500 -35 0 
94 950 -151 0 
-108 -606 938 0 
-617 498 -420 0 
-993 -576 -460 0 
658 -817 -139 0 
-229 180 -803 0 
35 777 933 0 
-278 732 -959 0 
-305 681 -697 0 
-25 -466 -895 0 
791 604 -61 0 
825 444 687 0 
-524 610 214 0 
55 -668 72 0 
583 129 980 0 
457 786 -568 0 
934 577 -262 0 
-97 -965 837 0 
-301 113 -342 0 
802 -987 -579 0 
-610 -31 231 0 
248 -265 12 0 
-919 530 850 0 
-417 541 337 0 
-957 125 237 0 
-585 -524 -45 0 
830 -597 -208 0 
633 87 -337 0 
624 982 -596 0 
415 -308 453 0 
-801 431 975 0 
