p cnf 1000 2800
901 587 545 0 
16 593 60 0 
642 929 492 0 
-130 -572 146 0 
-320 66 -700 0 
17 -704 535 0 
26 -261 533 0 
-548 -7 753 0 
-450 459 -762 0 
-598 -121 112 0 
-622 -109 398 0 
-580 -568 516 0 
945 -401 853 0 
-911 981 676 0 
-752 993 209 0 
253 406 -303 0 
-736 174 53 0 
-314 -669 -353 0 
99 91 4 0 
146 -249 -391 0 
-747 789 242 0 
-715 -476 -952 0 
677 -577 48 0 
907 479 741 0 
-650 768 986 0 
343 887 -258 0 
-256 467 594 0 
591 212 802 0 
-60 58 -700 0 
-472 231 -928 0 
-864 949 -640 0 
220 165 -985 0 
-487 645 578 0 
-295 996 334 0 
644 -629 -689 0 
-192 856 -386 0 
-293 838 525 0 
685 -695 787 0 
-103 -821 -83 0 
-953 -771 559 0 
-305 -30 472 0 
-737 60 -107 0 
-950 613 510 0 
-268 732 -421 0 
-196 359 250 0 
-43 891 -990 0 
-752 208 594 0 
886 -181 -105 0 
203 -804 277 0 
-538 39 -578 0 
344 541 437 0 
-703 18 -419 0 
-159 -970 -53 0 
-162 -359 -746 0 
93 -566 -823 0 
66 365 -636 0 
28 -259 -447 0 
282 578 173 0 
126 490 -814 0 
-975 387 -314 0 
231 497 806 0 
478 -660 40 0 
750 224 -1 0 
-676 -173 -954 0 
788 115 83 0 
889 -653 -279 0 
145 -759 -492 0 
250 233 686 0 
778 965 -245 0 
-376 -683 85 0 
-1000 -377 -570 0 
-304 -865 -505 0 
792 -42 398 0 
-341 -412 423 0 
962 -705 -596 0 
573 -665 220 0 
-551 -767 705 0 
581 326 -157 0 
-384 548 -673 0 
723 650 684 0 
201 -42 494 0 
49 -311 -902 0 
-593 460 62 0 
311 -711 -108 0 
-348 -772 620 0 
-507 -276 479 0 
-789 655 -870 0 
-300 914 601 0 
7 806 -991 0 
909 -702 829 0 
158 122 162 0 
-634 -638 823 0 
-579 -487 986 0 
930 869 555 0 
-691 -917 -485 0 
441 -430 265 0 
345 325 993 0 
-750 709 103 0 
-177 890 316 0 
12 -992 -710 0 
827 -497 857 0 
-480 -119 -796 0 
234 139 -890 0 
-651 905 743 0 
144 497 -995 0 
998 29 363 0 
-545 -509 33 0 
457 -556 781 0 
161 303 920 0 
-305 -193 -422 0 
-278 195 -502 0 
-976 -680 -253 0 
-422 116 579 0 
657 -752 551 0 
586 -962 408 0 
-910 -199 -983 0 
-901 706 -315 0 
-90 -812 657 0 
-60 552 372 0 
-852 540 264 0 
203 89 572 0 
125 -159 -412 0 
875 -713 63 0 
283 611 -850 0 
-998 -915 -770 0 
-211 812 300 0 
844 -785 -553 0 
858 972 649 0 
807 935 141 0 
654 -966 956 0 
252 -67 28 0 
-326 642 632 0 
194 966 -306 0 
840 -940 980 0 
-280 312 267 0 
927 -863 143 0 
-854 -791 838 0 
421 -412 137 0 
215 -436 848 0 
-48 73 726 0 
225 571 -622 0 
767 -920 -46 0 
556 -407 832 0 
224 121 -399 0 
-830 167 619 0 
-425 -612 -947 0 
-185 272 -1000 0 
128 -640 -905 0 
-636 685 153 0 
40 -588 158 0 
849 -857 197 0 
922 -4 965 0 
46 880 -960 0 
-364 801 235 0 
55 -141 257 0 
278 -892 437 0 
671 -820 -747 0 
-999 316 -768 0 
-704 7 -613 0 
412 273 224 0 
746 518 -717 0 
696 -229 -944 0 
-867 -29 -257 0 
111 292 -614 0 
-79 -43 -383 0 
390 418 822 0 
317 -573 -781 0 
-996 -712 397 0 
68 -818 -795 0 
737 -855 -584 0 
263 -731 -845 0 
544 -610 939 0 
-920 402 933 0 
-944 -861 742 0 
136 -672 -21 0 
818 -19 408 0 
628 -88 -900 0 
-832 296 -215 0 
185 927 -484 0 
874 -103 -89 0 
500 852 292 0 
-546 143 -839 0 
-167 -962 141 0 
34 967 452 0 
166 -467 4 0 
-959 -519 -814 0 
541 -627 12 0 
338 898 -484 0 
-13 837 897 0 
130 -636 780 0 
-869 134 -271 0 
974 714 582 0 
131 196 -420 0 
604 -339 -759 0 
-707 -752 574 0 
-741 24 -466 0 
-344 -870 786 0 
361 -477 112 0 
365 -953 295 0 
446 115 -343 0 
-836 549 -957 0 
376 -23 145 0 
234 -125 -744 0 
-689 695 -624 0 
510 -855 -359 0 
155 -567 406 0 
-528 -439 325 0 
101 -784 378 0 
409 -677 703 0 
128 -27 107 0 
545 -781 -624 0 
-922 -100 -286 0 
717 -981 -707 0 
-990 -459 393 0 
919 -692 900 0 
-366 -364 -502 0 
568 -350 297 0 
591 581 855 0 
-45 -296 -91 0 
357 -57 -853 0 
206 889 -932 0 
-342 434 527 0 
-409 -237 83 0 
840 605 -57 0 
606 448 102 0 
-696 -483 872 0 
529 -392 -32 0 
-796 -348 -434 0 
792 -310 2 0 
-24 -768 66 0 
411 -441 723 0 
427 906 175 0 
-624 377 726 0 
380 -532 -684 0 
924 -520 -666 0 
-623 964 386 0 
-50 399 734 0 
96 -417 -372 0 
-317 39 577 0 
-828 23 -462 0 
-54 -811 -143 0 
-888 -750 652 0 
-117 -820 -517 0 
-271 -306 528 0 
320 -452 368 0 
-310 -138 936 0 
264 357 -348 0 
-365 -644 -561 0 
-898 579 -582 0 
941 -224 234 0 
30 -778 -71 0 
40 -128 194 0 
667 -998 752 0 
-494 -45 995 0 
-998 105 -500 0 
-781 390 -89 0 
-195 -951 901 0 
-786 734 -626 0 
71 -234 -139 0 
222 553 776 0 
-933 -355 205 0 
30 649 440 0 
512 232 -751 0 
384 -928 915 0 
290 161 -621 0 
-162 350 -218 0 
609 -638 -210 0 
258 694 982 0 
-987 -323 965 0 
723 -100 -167 0 
16 213 555 0 
-413 -190 900 0 
104 -742 -405 0 
206 74 -572 0 
-945 982 -138 0 
700 387 -584 0 
50 616 -215 0 
-401 898 802 0 
86 562 18 0 
636 22 281 0 
-220 408 482 0 
568 613 -36 0 
758 -14 646 0 
375 -407 859 0 
44 462 378 0 
949 -781 790 0 
-189 -872 791 0 
-965 736 997 0 
257 111 209 0 
503 151 314 0 
-453 354 -389 0 
-122 143 653 0 
-64 170 107 0 
438 368 484 0 
-636 -21 -271 0 
303 156 509 0 
-958 -783 -203 0 
-798 -384 -877 0 
-21 -305 -895 0 
438 599 24 0 
-671 -340 140 0 
123 -487 227 0 
-350 511 -752 0 
875 -37 -468 0 
102 -696 28 0 
-389 -948 -177 0 
786 -872 394 0 
83 -378 -588 0 
279 -317 259 0 
-329 -810 759 0 
864 -213 -467 0 
481 327 -203 0 
710 -924 -996 0 
847 -57 -549 0 
373 -841 -924 0 
-92 -881 947 0 
66 -998 834 0 
-704 663 20 0 
-353 566 442 0 
70 445 -598 0 
175 -743 121 0 
56 626 -883 0 
-429 766 -167 0 
-262 -340 566 0 
624 957 887 0 
294 999 -335 0 
-9 -853 32 0 
439 542 -578 0 
-526 189 632 0 
-368 599 -704 0 
-861 44 841 0 
807 -186 401 0 
-501 -90 -291 0 
-107 740 -364 0 
-478 -792 -648 0 
139 29 736 0 
-19 -804 -598 0 
-679 -133 -787 0 
-685 361 -9 0 
522 -196 -570 0 
-948 -974 784 0 
330 635 -824 0 
593 -352 -206 0 
-914 373 -925 0 
-303 824 619 0 
-683 645 739 0 
365 -347 617 0 
58 759 -59 0 
928 -820 721 0 
-4 -397 -938 0 
-357 -394 485 0 
-529 -501 105 0 
774 -344 337 0 
316 554 475 0 
346 -721 714 0 
-165 575 -959 0 
966 -393 949 0 
-941 -641 -604 0 
388 543 665 0 
651 36 478 0 
-161 -839 857 0 
266 335 179 0 
-775 884 -952 0 
243 -336 972 0 
-493 756 799 0 
458 -624 549 0 
-597 428 -28 0 
886 -738 965 0 
174 -151 275 0 
-756 -815 -360 0 
647 729 -135 0 
-450 474 -576 0 
897 611 393 0 
-250 593 486 0 
513 -142 105 0 
825 933 433 0 
-830 172 462 0 
274 -1000 -254 0 
148 224 781 0 
-919 582 728 0 
-441 29 -660 0 
128 -908 897 0 
-838 -27 -86 0 
-938 971 497 0 
336 617 -830 0 
445 43 222 0 
330 -881 -184 0 
793 23 -907 0 
729 -652 344 0 
-619 736 -625 0 
791 132 350 0 
-647 212 -266 0 
-210 60 -106 0 
597 -225 -937 0 
-225 808 625 0 
-229 -114 283 0 
366 195 760 0 
-831 750 -794 0 
445 -739 -768 0 
277 949 111 0 
861 466 361 0 
-509 592 -732 0 
-869 -491 -24 0 
154 953 362 0 
-539 -90 345 0 
-130 164 807 0 
-65 117 -64 0 
47 840 -962 0 
-658 20 -340 0 
696 591 -175 0 
-743 -302 306 0 
-59 -85 -108 0 
-616 887 -232 0 
-758 -127 -12 0 
465 772 262 0 
495 574 144 0 
-44 -274 -738 0 
783 -396 185 0 
780 -148 299 0 
600 465 -422 0 
-508 914 -124 0 
350 506 -815 0 
-475 -48 388 0 
523 403 278 0 
624 -373 -743 0 
765 -413 296 0 
649 -591 989 0 
397 -992 38 0 
860 967 -841 0 
463 165 -565 0 
583 -763 -122 0 
-988 463 -921 0 
316 -635 68 0 
-421 854 299 0 
679 -638 420 0 
660 -895 -309 0 
926 -582 646 0 
902 -946 43 0 
-585 90 563 0 
-873 855 -148 0 
-784 -370 -747 0 
-841 -85 94 0 
-477 348 -887 0 
167 244 -17 0 
-439 -680 -899 0 
351 -409 861 0 
-815 -330 630 0 
238 860 -334 0 
-314 -275 -922 0 
479 550 -464 0 
-60 -690 566 0 
-471 -108 -639 0 
-981 688 265 0 
-616 411 -110 0 
672 851 428 0 
336 659 789 0 
130 312 98 0 
486 544 37 0 
663 -778 170 0 
-813 49 525 0 
210 987 -381 0 
344 -826 -778 0 
-294 -694 -774 0 
801 -120 592 0 
365 547 213 0 
376 570 518 0 
255 -511 -689 0 
-427 -885 564 0 
-677 -362 127 0 
856 -849 -547 0 
-709 -992 242 0 
-77 460 349 0 
910 -124 809 0 
-960 -939 119 0 
127 984 -688 0 
457 -607 -638 0 
-275 635 823 0 
-810 -991 865 0 
283 -215 -435 0 
524 -502 609 0 
168 655 77 0 
31 80 -200 0 
675 -77 845 0 
140 -776 446 0 
-599 217 -7 0 
900 -728 761 0 
-315 381 -122 0 
959 319 379 0 
672 438 -858 0 
713 391 351 0 
-628 35 617 0 
-378 -181 747 0 
232 982 -760 0 
869 -206 -72 0 
803 -293 597 0 
-990 256 -376 0 
557 581 -443 0 
264 538 862 0 
-811 779 -557 0 
321 -933 -876 0 
-907 -659 -890 0 
126 443 729 0 
538 -191 452 0 
-517 -500 -201 0 
3 103 -552 0 
550 717 773 0 
611 97 38 0 
733 -86 538 0 
35 598 -700 0 
-335 351 -927 0 
627 201 808 0 
674 -592 399 0 
-578 194 -181 0 
-996 347 617 0 
803 -607 -636 0 
-955 843 94 0 
-202 457 -909 0 
-111 808 -161 0 
-853 -550 954 0 
-80 710 440 0 
668 493 455 0 
-539 198 461 0 
184 582 -592 0 
-536 45 -956 0 
509 597 909 0 
343 900 287 0 
398 785 -777 0 
438 -771 161 0 
-608 -735 863 0 
361 -850 -577 0 
114 727 -571 0 
840 218 -334 0 
-657 -808 392 0 
-465 -151 -744 0 
573 64 -665 0 
707 95 671 0 
76 721 1 0 
838 -815 -127 0 
-621 -295 202 0 
-273 769 111 0 
506 -75 340 0 
-239 -60 830 0 
-586 -78 -711 0 
-405 -999 -851 0 
544 -83 -612 0 
-865 124 -182 0 
123 -319 -461 0 
890 609 773 0 
3 -220 -643 0 
-34 -822 -924 0 
-600 542 -292 0 
-875 -994 -886 0 
-169 299 933 0 
-317 -735 -243 0 
900 850 614 0 
92 -475 864 0 
804 269 -840 0 
-777 -260 513 0 
-10 -633 -550 0 
485 -915 -106 0 
21 850 -809 0 
-872 -252 186 0 
-165 -996 -225 0 
-338 -323 783 0 
860 401 -30 0 
373 382 -436 0 
-971 267 402 0 
-203 777 650 0 
-609 -183 170 0 
-950 -996 -622 0 
-970 388 124 0 
-324 871 -295 0 
-911 -792 276 0 
486 -874 852 0 
31 -896 144 0 
-261 -959 932 0 
-353 -146 -21 0 
580 -631 -321 0 
-619 815 251 0 
-744 -302 -146 0 
-411 790 520 0 
129 -828 -809 0 
-305 925 -727 0 
-283 -943 -758 0 
-915 22 851 0 
448 -729 191 0 
-755 470 924 0 
150 429 -487 0 
530 661 215 0 
-384 733 607 0 
564 -957 -249 0 
352 -159 -998 0 
-201 492 137 0 
-944 -454 -59 0 
808 -324 -427 0 
570 24 665 0 
-420 631 -718 0 
744 -847 -195 0 
848 -832 964 0 
970 254 852 0 
-914 -367 298 0 
-646 924 -167 0 
-126 174 769 0 
-939 376 -778 0 
-354 851 -81 0 
991 822 79 0 
-545 -796 -48 0 
-886 147 -864 0 
39 42 -276 0 
476 132 -203 0 
-583 -862 -387 0 
-582 198 -897 0 
446 35 -471 0 
725 -383 -892 0 
-225 183 152 0 
327 -636 -738 0 
-265 818 -677 0 
-583 -787 -564 0 
-340 946 114 0 
10 863 -928 0 
920 81 595 0 
124 139 -592 0 
-257 -115 688 0 
514 -705 236 0 
-586 -289 741 0 
794 -268 -132 0 
437 526 -43 0 
581 88 388 0 
-133 -501 945 0 
-378 531 304 0 
-164 -874 669 0 
359 -304 -832 0 
686 -293 981 0 
949 -535 -431 0 
805 -134 -46 0 
579 -274 513 0 
873 -687 -851 0 
-725 -912 446 0 
26 -109 -281 0 
544 815 -312 0 
943 -906 -176 0 
-663 -492 -28 0 
366 714 116 0 
686 114 -858 0 
-114 478 -778 0 
923 273 -473 0 
626 -643 835 0 
-154 583 340 0 
100 276 -128 0 
-234 978 168 0 
644 -926 -827 0 
-416 724 -118 0 
-821 -553 -161 0 
448 -436 705 0 
-31 -687 -594 0 
-13 677 -226 0 
158 162 -885 0 
385 753 -986 0 
-620 111 9 0 
144 28 692 0 
986 181 633 0 
-765 -800 474 0 
279 810 570 0 
-54 646 801 0 
918 553 439 0 
48 -242 906 0 
-192 -970 -831 0 
921 -171 680 0 
22 185 195 0 
-574 -526 299 0 
349 -81 846 0 
471 100 -975 0 
830 346 -281 0 
-246 969 -551 0 
463 -961 -604 0 
-429 533 -912 0 
-299 -502 67 0 
-729 -591 3 0 
-99 -212 774 0 
-966 405 120 0 
-600 -431 418 0 
-101 -681 -638 0 
-183 225 -117 0 
126 383 20 0 
-89 -108 -791 0 
769 945 -283 0 
311 962 -792 0 
470 -128 99 0 
80 118 572 0 
276 919 -643 0 
-92 -831 -103 0 
676 356 -607 0 
324 330 -430 0 
-327 -246 -59 0 
861 -502 277 0 
-763 721 291 0 
878 -436 -982 0 
769 -665 -511 0 
-721 8 -402 0 
243 -299 -182 0 
-64 797 -921 0 
-290 -863 -238 0 
-162 596 -5 0 
-287 -590 554 0 
-367 899 135 0 
931 -263 -938 0 
510 697 -376 0 
66 -97 -143 0 
837 -186 -553 0 
-794 -490 117 0 
-965 35 165 0 
-511 -111 -67 0 
102 497 96 0 
-296 -35 84 0 
994 -416 369 0 
900 -802 117 0 
504 -651 909 0 
-807 346 -624 0 
787 548 -440 0 
389 -16 -290 0 
503 809 491 0 
13 739 -458 0 
-494 417 835 0 
394 209 94 0 
-64 844 -833 0 
719 169 414 0 
755 -737 670 0 
330 -388 977 0 
-453 -295 2 0 
34 305 -49 0 
-456 709 -863 0 
755 95 -531 0 
-449 78 -445 0 
284 132 -652 0 
285 -318 -639 0 
-797 -21 -887 0 
237 -136 637 0 
454 395 -178 0 
-251 -463 -351 0 
289 990 195 0 
-522 986 -425 0 
763 887 -735 0 
-473 -532 921 0 
-928 -159 737 0 
704 837 -810 0 
106 -567 -499 0 
-81 -14 157 0 
921 377 690 0 
473 -659 925 0 
-211 490 121 0 
438 104 -14 0 
-606 -430 509 0 
252 400 -414 0 
-837 30 -973 0 
31 829 -630 0 
-658 826 -441 0 
-692 -436 791 0 
-938 -1000 708 0 
-970 -725 935 0 
-585 531 -635 0 
386 360 31 0 
905 -706 -472 0 
783 409 -232 0 
947 81 -685 0 
-513 841 783 0 
859 -153 -998 0 
819 868 -843 0 
-752 703 824 0 
-438 -118 947 0 
-705 -74 647 0 
-697 -497 585 0 
817 -867 -76 0 
-915 560 630 0 
-334 -217 951 0 
538 -325 -472 0 
578 -870 613 0 
37 -878 -549 0 
980 -33 -496 0 
687 526 -665 0 
984 86 628 0 
834 770 870 0 
-424 958 -58 0 
-745 -507 -367 0 
-179 -595 -793 0 
-775 -587 -249 0 
290 653 689 0 
-532 286 756 0 
160 10 968 0 
425 -919 -56 0 
330 -187 748 0 
-949 420 -610 0 
-821 -800 89 0 
618 570 -32 0 
-566 417 535 0 
280 -538 -133 0 
856 -306 295 0 
-970 745 723 0 
-261 -77 -265 0 
538 776 224 0 
-34 665 -995 0 
968 -601 -178 0 
676 355 -165 0 
-145 406 -494 0 
619 -911 -206 0 
-561 -105 -215 0 
238 -85 -932 0 
-409 134 -460 0 
-575 741 258 0 
672 647 -764 0 
648 905 636 0 
885 394 573 0 
-512 683 220 0 
-170 -354 145 0 
158 609 -183 0 
995 282 -530 0 
-13 968 -950 0 
912 -327 615 0 
359 -770 276 0 
433 604 -594 0 
-869 891 153 0 
790 -422 479 0 
-605 753 -332 0 
46 -957 561 0 
596 869 192 0 
-242 -659 -235 0 
145 -955 663 0 
-73 -499 -533 0 
-159 687 688 0 
-190 909 -494 0 
-321 -945 -418 0 
785 -690 -915 0 
-365 842 -96 0 
-173 49 965 0 
511 -598 302 0 
138 -613 189 0 
520 -629 -534 0 
614 -235 -625 0 
-454 621 -807 0 
751 -295 452 0 
250 174 788 0 
-49 852 84 0 
-693 797 -774 0 
-248 719 -960 0 
958 -192 686 0 
535 216 258 0 
-680 -125 -50 0 
333 585 -342 0 
-875 376 803 0 
-306 260 -702 0 
-248 -530 -601 0 
-809 -210 602 0 
-436 958 693 0 
602 791 -106 0 
941 -629 72 0 
677 -338 17 0 
-513 -50 887 0 
231 -187 183 0 
979 -803 820 0 
-549 -801 -577 0 
-561 192 755 0 
583 -296 197 0 
678 260 93 0 
-241 -449 170 0 
-711 92 -624 0 
-845 295 -615 0 
915 47 749 0 
-583 -3 -330 0 
-10 341 460 0 
585 352 -212 0 
-169 -382 -664 0 
615 -321 -432 0 
-591 850 793 0 
875 929 -716 0 
-476 -897 -112 0 
223 193 -622 0 
-242 -837 -844 0 
550 -211 128 0 
-973 -500 665 0 
198 950 694 0 
565 -336 -77 0 
-133 592 -749 0 
829 -181 161 0 
71 -736 -659 0 
152 675 -376 0 
-897 -653 -386 0 
24 465 -420 0 
-961 162 927 0 
-226 250 -836 0 
311 614 397 0 
-172 -332 634 0 
149 865 614 0 
-817 654 853 0 
-698 662 -338 0 
-506 -286 2 0 
654 -325 -452 0 
570 -98 379 0 
-676 440 138 0 
654 -492 555 0 
-858 36 -709 0 
762 -233 -34 0 
-336 389 -954 0 
390 978 -534 0 
-999 490 -307 0 
-415 -511 -41 0 
905 -218 785 0 
930 -399 240 0 
-65 253 594 0 
-842 -946 -470 0 
850 -403 -855 0 
-435 -242 -334 0 
-931 323 926 0 
-387 -357 634 0 
-881 582 -485 0 
964 -797 -1 0 
-594 -806 -424 0 
-547 740 -583 0 
-780 929 -977 0 
-319 307 -621 0 
-238 -678 -279 0 
-563 -567 -964 0 
33 813 700 0 
-345 482 -116 0 
432 554 -749 0 
748 505 362 0 
144 -533 -583 0 
-917 -380 237 0 
797 280 609 0 
713 195 -243 0 
139 987 882 0 
390 -548 27 0 
-602 -823 -907 0 
173 470 -932 0 
281 570 80 0 
985 -463 -649 0 
434 -290 -431 0 
-57 59 219 0 
-541 -29 -530 0 
-998 -373 -489 0 
470 -401 326 0 
885 -522 -33 0 
-202 332 -60 0 
879 336 692 0 
897 843 -821 0 
-418 523 646 0 
-421 -827 -649 0 
650 903 312 0 
844 -878 784 0 
-752 115 555 0 
680 132 -721 0 
247 -182 800 0 
974 104 -143 0 
-892 912 317 0 
257 782 134 0 
-628 -79 605 0 
-9 -207 -199 0 
776 728 -19 0 
-140 963 -827 0 
503 75 68 0 
435 900 648 0 
-566 -334 -15 0 
985 -91 942 0 
600 617 653 0 
-5 903 174 0 
-420 -18 317 0 
-538 539 368 0 
72 -342 70 0 
309 -198 -615 0 
893 -570 -568 0 
-584 -768 542 0 
943 -656 418 0 
284 -923 -348 0 
564 -376 76 0 
63 -654 -20 0 
-401 406 37 0 
367 -611 711 0 
294 357 -40 0 
-680 -449 975 0 
365 -8 754 0 
410 337 -867 0 
694 -342 355 0 
-283 346 626 0 
-932 -174 -829 0 
380 -49 -498 0 
31 -571 -54 0 
894 95 472 0 
708 904 -519 0 
-878 -392 -583 0 
415 117 -571 0 
-553 189 -213 0 
-868 517 969 0 
-207 27 -283 0 
873 970 276 0 
-341 118 -323 0 
-586 -505 -997 0 
-241 486 309 0 
-559 -551 -735 0 
438 -715 -571 0 
-737 -62 -963 0 
411 625 -806 0 
83 -932 122 0 
-528 -520 -895 0 
337 -778 -843 0 
-288 794 -688 0 
-300 531 758 0 
401 -570 -668 0 
621 975 -316 0 
475 -519 -226 0 
-383 185 366 0 
-577 541 761 0 
530 -425 -800 0 
-29 119 782 0 
-217 220 120 0 
476 -270 224 0 
-429 1000 -787 0 
-798 522 75 0 
-504 -969 635 0 
-708 700 -652 0 
-361 780 -824 0 
743 -932 -174 0 
569 -649 91 0 
-18 -448 -716 0 
811 264 -207 0 
-306 629 -892 0 
-313 766 -679 0 
763 -561 -823 0 
992 -557 -696 0 
-388 596 -804 0 
-34 500 278 0 
958 -695 348 0 
217 -629 -535 0 
-644 65 -917 0 
820 992 -341 0 
-980 102 743 0 
-346 697 -404 0 
603 156 -48 0 
-246 -851 340 0 
890 988 -386 0 
593 -460 671 0 
-227 879 -93 0 
-655 966 -499 0 
525 191 -110 0 
-663 -349 684 0 
998 -672 861 0 
118 -203 857 0 
61 530 -574 0 
-763 610 688 0 
-990 973 368 0 
359 502 56 0 
-712 75 -799 0 
-932 -773 942 0 
884 -177 212 0 
-900 -640 25 0 
-684 -354 802 0 
-47 549 -921 0 
-630 425 -229 0 
-874 -218 -416 0 
703 -952 -18 0 
-745 -199 -868 0 
220 -875 384 0 
839 -965 781 0 
-527 -433 138 0 
536 954 857 0 
-759 73 46 0 
-14 -857 -434 0 
6 -643 864 0 
133 -456 -785 0 
718 137 601 0 
329 -258 -347 0 
-935 124 -560 0 
-885 417 259 0 
684 -916 493 0 
-772 740 -404 0 
-402 -515 -842 0 
-240 584 712 0 
564 92 -461 0 
-386 -819 -295 0 
-220 216 -975 0 
265 -242 316 0 
722 -697 -592 0 
-765 816 815 0 
-832 -421 -892 0 
-346 721 880 0 
-446 -311 -900 0 
947 889 190 0 
-207 979 340 0 
630 -625 -143 0 
28 19 -478 0 
425 -859 311 0 
-946 -896 970 0 
-825 787 -633 0 
764 899 907 0 
-51 948 228 0 
635 147 -53 0 
338 79 -163 0 
-708 886 971 0 
-47 354 864 0 
958 337 264 0 
-403 974 416 0 
280 -543 -508 0 
235 685 -229 0 
-647 248 80 0 
682 709 -66 0 
-564 -471 -852 0 
64 149 -826 0 
-917 945 -960 0 
784 260 -858 0 
487 688 -259 0 
516 -438 302 0 
588 -24 -987 0 
872 -563 315 0 
419 394 273 0 
858 -823 -293 0 
795 379 125 0 
-430 -406 -809 0 
660 302 273 0 
619 136 853 0 
-897 -271 449 0 
-677 -911 -777 0 
311 -431 -320 0 
365 -445 -971 0 
25 -23 516 0 
985 -853 657 0 
828 88 747 0 
-886 611 -453 0 
335 419 -351 0 
-283 806 896 0 
-291 -147 429 0 
-299 -469 -244 0 
-163 266 -836 0 
636 518 712 0 
837 604 -49 0 
-31 -956 712 0 
282 63 -111 0 
301 249 600 0 
-298 756 -8 0 
116 -280 432 0 
400 -399 233 0 
-187 452 45 0 
-607 314 272 0 
994 24 -492 0 
-890 -127 798 0 
-73 -763 -165 0 
-429 -46 -627 0 
142 -797 144 0 
-283 -918 -464 0 
422 107 -866 0 
-980 -491 396 0 
-245 839 -922 0 
-800 338 857 0 
-224 -613 463 0 
583 -712 -566 0 
-521 -405 820 0 
699 -616 -816 0 
363 -688 358 0 
708 -249 153 0 
-205 -426 388 0 
893 570 837 0 
789 -995 -90 0 
732 -273 250 0 
-387 696 -180 0 
-12 -791 960 0 
-190 711 804 0 
177 -593 -120 0 
-144 177 506 0 
-768 849 756 0 
-532 -12 -261 0 
69 480 853 0 
-630 391 -589 0 
728 122 135 0 
-698 -403 -83 0 
-923 -200 -57 0 
-106 48 582 0 
663 -863 -407 0 
-424 287 -384 0 
736 223 655 0 
309 291 -764 0 
610 996 96 0 
-556 -298 805 0 
62 979 -639 0 
-88 -373 200 0 
-750 722 -413 0 
-924 237 544 0 
-235 -357 -338 0 
-410 209 -9 0 
-617 725 -364 0 
-918 -462 -703 0 
-355 822 281 0 
724 303 410 0 
-485 -553 -702 0 
537 518 -775 0 
-102 -567 -615 0 
-719 706 -406 0 
44 -975 -586 0 
10 713 -452 0 
968 -21 819 0 
647 -69 207 0 
-895 -665 350 0 
-634 -583 -637 0 
486 406 539 0 
-705 -82 796 0 
723 -309 -195 0 
297 301 153 0 
97 -214 697 0 
-841 444 991 0 
15 -864 -43 0 
982 654 712 0 
-231 860 -593 0 
49 -794 -144 0 
314 -565 604 0 
-870 -526 -335 0 
85 229 890 0 
-436 -385 639 0 
-624 485 47 0 
859 701 -934 0 
-876 237 -231 0 
896 -279 986 0 
200 -93 915 0 
-589 -821 405 0 
-860 613 -64 0 
-769 -635 -161 0 
-411 -934 234 0 
161 47 -779 0 
805 137 -435 0 
188 -239 -455 0 
547 -516 633 0 
-532 658 -468 0 
-700 -829 100 0 
91 645 826 0 
471 -455 -940 0 
-152 998 -419 0 
675 882 835 0 
102 -564 -713 0 
-433 -591 -415 0 
-36 307 223 0 
252 209 284 0 
-699 280 416 0 
621 668 -431 0 
607 635 229 0 
-608 623 -792 0 
-400 855 -506 0 
-492 702 -189 0 
483 550 950 0 
-827 948 -659 0 
-264 -277 -767 0 
-727 377 122 0 
-534 -702 -688 0 
40 -196 -369 0 
743 967 258 0 
396 176 -596 0 
-605 951 -77 0 
-180 641 819 0 
-127 1000 316 0 
797 123 571 0 
828 817 475 0 
843 847 -288 0 
198 728 893 0 
559 -183 -523 0 
693 -818 -831 0 
622 -64 199 0 
-626 212 831 0 
-46 -719 -975 0 
-173 -925 -708 0 
-398 898 -158 0 
-853 238 -729 0 
-13 -73 -543 0 
-245 -918 878 0 
573 282 -740 0 
-322 65 978 0 
-845 -727 -54 0 
-861 -978 250 0 
451 408 -960 0 
-492 153 85 0 
593 460 686 0 
430 -573 304 0 
-204 -305 966 0 
98 -742 934 0 
-272 606 -996 0 
-489 557 -751 0 
276 479 205 0 
214 -726 759 0 
-994 -983 82 0 
-484 232 -537 0 
-244 846 -464 0 
-30 -84 -127 0 
-826 -403 472 0 
-795 660 804 0 
381 36 543 0 
682 97 411 0 
-230 580 -785 0 
127 837 711 0 
687 -380 659 0 
-866 474 271 0 
887 -425 -163 0 
-355 881 -8 0 
-168 707 750 0 
64 -185 -120 0 
805 143 -483 0 
879 -731 791 0 
-755 -794 -631 0 
527 406 131 0 
-773 -191 922 0 
23 -581 -764 0 
586 190 -549 0 
859 510 378 0 
746 940 -942 0 
-601 -430 569 0 
283 119 -466 0 
803 -66 -758 0 
119 374 -726 0 
-255 904 796 0 
759 -453 -803 0 
281 -629 199 0 
308 -618 -5 0 
-722 149 -594 0 
-128 -149 394 0 
-630 -212 -591 0 
-316 -555 910 0 
186 378 329 0 
840 45 -271 0 
-350 597 871 0 
707 -673 951 0 
-837 -698 -370 0 
-437 -837 361 0 
-286 -11 -420 0 
-604 -549 -754 0 
-892 445 -419 0 
-946 333 483 0 
-430 452 -51 0 
934 567 -992 0 
802 -49 -97 0 
292 -79 -880 0 
908 648 -121 0 
827 -988 -308 0 
546 623 779 0 
248 -806 -611 0 
-803 291 -192 0 
510 638 786 0 
270 590 574 0 
244 -147 823 0 
694 -349 167 0 
43 1 -576 0 
-601 -69 127 0 
-763 -602 -577 0 
702 800 127 0 
716 320 575 0 
71 -848 600 0 
-89 -100 -743 0 
-495 287 212 0 
389 260 610 0 
-954 881 275 0 
-850 -313 -998 0 
-27 923 701 0 
416 70 707 0 
-138 833 -686 0 
-796 -929 -518 0 
-580 -989 -62 0 
125 -452 786 0 
222 243 504 0 
-970 778 -538 0 
-670 -806 518 0 
-245 97 720 0 
581 -805 764 0 
-810 -102 512 0 
975 823 -214 0 
40 203 -719 0 
314 295 831 0 
625 -116 948 0 
-867 242 -329 0 
-423 320 -550 0 
-190 446 -887 0 
-256 -405 -372 0 
-564 654 -867 0 
-389 772 -407 0 
-813 650 489 0 
-455 675 60 0 
-682 -157 -209 0 
138 332 -779 0 
-861 -542 611 0 
-237 488 994 0 
-311 -881 -247 0 
-853 594 -668 0 
-228 -850 665 0 
-167 375 -11 0 
-876 -539 -680 0 
389 -695 640 0 
-801 855 293 0 
46 412 140 0 
408 728 828 0 
-265 44 857 0 
575 352 -789 0 
-716 427 -797 0 
802 954 -78 0 
-80 528 715 0 
-816 408 954 0 
-615 -524 186 0 
-524 638 115 0 
188 957 -460 0 
-839 678 181 0 
-805 -134 176 0 
-629 -456 -892 0 
321 501 -677 0 
-488 -783 -68 0 
394 -806 -29 0 
107 882 647 0 
504 407 36 0 
-419 -399 -690 0 
-366 104 747 0 
398 179 -254 0 
-439 -305 903 0 
449 -349 171 0 
413 -685 831 0 
-514 -769 -711 0 
662 775 46 0 
-965 -467 445 0 
550 -337 -412 0 
130 983 368 0 
-184 234 -693 0 
-732 -680 -761 0 
-620 -314 215 0 
436 974 -822 0 
608 -334 664 0 
-311 -237 -14 0 
-900 -134 724 0 
-955 298 -329 0 
-85 460 -869 0 
-203 239 -195 0 
-687 -828 666 0 
-659 528 147 0 
-706 -668 -823 0 
846 576 970 0 
-846 449 744 0 
305 -128 -695 0 
-273 -721 508 0 
-146 740 -817 0 
-496 -429 -814 0 
20 -798 -255 0 
-280 522 231 0 
284 234 -23 0 
876 546 -789 0 
-31 -794 -610 0 
376 915 -608 0 
-181 -546 232 0 
-511 327 124 0 
486 705 -458 0 
930 405 -564 0 
687 125 629 0 
-838 995 -473 0 
-817 85 -567 0 
588 686 -587 0 
-441 -775 -348 0 
-648 125 -218 0 
626 933 191 0 
532 524 -909 0 
-596 -139 939 0 
613 423 118 0 
-559 364 -271 0 
-327 -212 -123 0 
-397 -642 339 0 
-92 -60 42 0 
423 271 -674 0 
124 -208 67 0 
-837 -112 -251 0 
-241 -840 -169 0 
548 800 -421 0 
-609 -299 564 0 
270 -731 -681 0 
-144 -312 -263 0 
-591 951 63 0 
-670 -950 924 0 
737 -372 -812 0 
-606 441 -898 0 
155 885 871 0 
886 -41 -393 0 
-63 -616 -417 0 
-438 560 963 0 
-836 921 -118 0 
901 315 796 0 
420 823 -125 0 
415 -959 660 0 
-572 -900 -70 0 
770 -427 -563 0 
-48 -138 -950 0 
-490 864 157 0 
226 -991 -579 0 
234 375 49 0 
604 -95 -723 0 
401 -890 -213 0 
359 -321 215 0 
193 250 -81 0 
501 -449 -808 0 
-990 832 -491 0 
209 -851 -241 0 
-850 -547 328 0 
456 -3 665 0 
158 297 120 0 
-194 -401 -660 0 
-871 -840 749 0 
-972 -878 -845 0 
-396 -900 681 0 
63 -322 -324 0 
140 -282 -798 0 
768 -338 -841 0 
-581 746 -407 0 
555 -232 -958 0 
-375 -334 423 0 
338 -165 203 0 
-687 -519 -792 0 
899 -683 495 0 
706 -853 793 0 
-908 -964 488 0 
-754 -654 -313 0 
608 742 536 0 
556 -921 -213 0 
-147 6 959 0 
212 -527 172 0 
-855 -586 324 0 
-60 273 354 0 
-752 -768 621 0 
570 -398 -343 0 
-545 -370 -931 0 
-258 -191 -632 0 
-538 -9 855 0 
-653 680 924 0 
828 561 51 0 
-226 -504 748 0 
658 -762 -373 0 
-720 -338 -643 0 
600 23 -766 0 
865 -799 908 0 
271 -979 -144 0 
-295 329 267 0 
623 -721 -643 0 
838 345 -636 0 
119 -329 834 0 
-315 656 -922 0 
-416 969 -59 0 
522 689 -921 0 
727 -912 517 0 
-959 -435 -367 0 
-214 -535 -837 0 
-556 738 215 0 
27 -154 690 0 
815 794 -742 0 
522 393 423 0 
412 -781 488 0 
-288 807 -194 0 
828 820 -368 0 
-307 -211 -363 0 
529 -394 -649 0 
659 446 -297 0 
-1000 -350 -259 0 
-874 -637 675 0 
954 118 -986 0 
616 -813 779 0 
869 597 -927 0 
-251 169 341 0 
71 502 -108 0 
-139 714 954 0 
-774 -938 -288 0 
-301 -719 -445 0 
-677 988 263 0 
22 -210 737 0 
-773 -404 220 0 
297 -712 -969 0 
758 -344 -616 0 
-89 -27 234 0 
790 -919 -960 0 
719 -674 56 0 
-669 393 765 0 
871 -310 -225 0 
-441 -551 898 0 
825 129 -104 0 
185 625 -599 0 
585 411 694 0 
-520 408 -593 0 
698 246 -135 0 
626 -621 303 0 
-466 890 594 0 
700 825 -467 0 
952 -522 327 0 
211 81 -979 0 
49 296 -826 0 
-595 -259 -444 0 
973 153 -132 0 
994 172 -311 0 
-135 60 -518 0 
628 870 -850 0 
915 537 192 0 
694 -663 -8 0 
285 124 -700 0 
375 235 -872 0 
359 413 -234 0 
938 72 118 0 
16 -321 -748 0 
383 -461 417 0 
332 -452 -252 0 
-233 200 118 0 
-496 -194 473 0 
-955 420 487 0 
223 -753 298 0 
-398 -116 -750 0 
225 902 669 0 
-414 870 512 0 
-138 -272 -644 0 
873 -488 48 0 
991 -854 885 0 
-507 -263 -473 0 
-229 748 703 0 
-387 -852 850 0 
79 -140 118 0 
26 -791 -592 0 
624 -756 -689 0 
999 952 -94 0 
-199 401 -960 0 
-14 555 41 0 
-15 -782 -729 0 
-588 -630 962 0 
1000 -750 -293 0 
-33 669 -742 0 
522 -308 -256 0 
484 -899 229 0 
-762 -625 618 0 
-204 399 471 0 
501 130 73 0 
785 765 -246 0 
-158 873 210 0 
-74 -485 694 0 
223 -838 -160 0 
-27 553 667 0 
912 -525 -219 0 
-66 695 -534 0 
-484 -561 -817 0 
575 623 6 0 
-225 346 -812 0 
-15 892 -652 0 
-423 900 920 0 
37 617 302 0 
340 -759 882 0 
-6 442 221 0 
-572 -148 -116 0 
27 726 -759 0 
-462 -584 64 0 
698 583 645 0 
-399 210 -588 0 
-136 -99 889 0 
-485 636 799 0 
-850 -843 -285 0 
-643 274 646 0 
469 911 -760 0 
951 -256 -92 0 
-631 170 143 0 
160 -398 -717 0 
136 -3 -242 0 
689 -924 -922 0 
890 435 -912 0 
44 113 827 0 
-747 471 -626 0 
904 978 -970 0 
-657 -408 -124 0 
-160 -975 496 0 
856 -416 942 0 
-829 -434 -424 0 
-385 726 -84 0 
319 -44 -746 0 
454 868 -763 0 
52 -487 -682 0 
-779 -382 647 0 
779 901 146 0 
149 -907 -636 0 
-94 -421 -317 0 
-586 895 -992 0 
609 -831 -269 0 
-450 -807 644 0 
-244 847 -620 0 
-747 -109 -864 0 
504 291 -353 0 
228 410 -422 0 
548 454 243 0 
133 546 226 0 
-895 -781 -715 0 
-672 125 587 0 
-761 900 -266 0 
-951 -224 888 0 
-747 -903 656 0 
-735 -310 -694 0 
350 483 85 0 
-683 -62 -624 0 
682 166 653 0 
-198 650 53 0 
318 -311 -950 0 
101 191 366 0 
326 781 -872 0 
-731 -695 513 0 
-954 -195 -731 0 
269 -173 -296 0 
677 602 -659 0 
780 502 858 0 
-792 970 -80 0 
441 210 55 0 
452 -610 95 0 
743 -693 -276 0 
893 142 -340 0 
-226 19 260 0 
-409 30 -232 0 
-833 -40 -937 0 
-454 550 -158 0 
-21 841 581 0 
-10 -130 -982 0 
200 780 -881 0 
746 -918 140 0 
-647 5 629 0 
808 -78 -385 0 
-127 87 -557 0 
64 872 -840 0 
-990 -350 -805 0 
588 961 861 0 
-847 518 384 0 
-293 -874 -631 0 
-7 656 944 0 
-509 510 196 0 
994 -527 -609 0 
-650 628 -687 0 
-346 -910 -609 0 
578 -873 -654 0 
25 -669 118 0 
-490 726 771 0 
-157 532 -889 0 
228 147 -780 0 
-318 -155 651 0 
570 -832 -562 0 
654 -812 -22 0 
624 -542 -152 0 
-441 899 -546 0 
-219 692 -927 0 
-538 743 -903 0 
386 -645 -280 0 
-43 285 895 0 
833 -785 78 0 
-848 -604 -730 0 
800 671 17 0 
861 -392 -729 0 
-213 -447 950 0 
-551 992 821 0 
650 16 -567 0 
148 -950 480 0 
201 -715 -781 0 
716 -940 281 0 
144 -236 -803 0 
405 633 329 0 
-776 -586 524 0 
-507 -915 -848 0 
-339 692 368 0 
677 -568 279 0 
-16 287 -289 0 
-109 -242 101 0 
920 -500 560 0 
996 -534 214 0 
-712 -994 195 0 
374 -632 707 0 
-404 -776 -132 0 
788 -661 672 0 
-865 19 232 0 
-53 573 -70 0 
-827 -925 891 0 
-489 -659 692 0 
-253 415 133 0 
950 924 -368 0 
443 579 -43 0 
621 417 -858 0 
-89 -883 662 0 
-235 683 -972 0 
508 -606 -779 0 
-187 -110 -815 0 
430 -572 -271 0 
-368 473 411 0 
-211 439 -485 0 
849 -368 966 0 
680 -492 256 0 
264 622 365 0 
639 -834 732 0 
619 815 931 0 
634 -639 -745 0 
-213 361 738 0 
996 -329 814 0 
434 991 273 0 
-905 79 402 0 
83 -654 394 0 
589 692 -914 0 
-233 357 -193 0 
-959 253 -263 0 
-749 400 -246 0 
-16 -921 187 0 
-359 -905 -528 0 
661 -607 -137 0 
818 285 -29 0 
550 24 318 0 
-153 -347 694 0 
-680 -961 -233 0 
781 646 578 0 
-211 652 -301 0 
309 90 65 0 
24 649 -263 0 
-566 -65 -912 0 
-605 995 18 0 
-816 -291 380 0 
730 -510 -423 0 
835 684 683 0 
992 762 300 0 
-631 871 -134 0 
328 971 794 0 
665 561 -303 0 
-329 253 397 0 
-123 864 77 0 
-903 719 454 0 
-907 708 -260 0 
-84 769 933 0 
920 891 -377 0 
625 162 -587 0 
900 348 666 0 
-564 194 67 0 
979 -408 572 0 
-657 731 -187 0 
-63 919 853 0 
107 -95 -85 0 
-824 -770 179 0 
-802 418 -241 0 
371 875 -728 0 
916 687 -730 0 
8 226 -292 0 
-823 856 -628 0 
177 -714 -610 0 
1 -147 507 0 
-663 984 -801 0 
811 -229 986 0 
707 767 -607 0 
908 -82 845 0 
211 886 19 0 
689 29 -3 0 
769 541 519 0 
-792 880 -104 0 
511 872 401 0 
77 228 285 0 
-591 51 -449 0 
-133 -77 920 0 
239 100 -533 0 
-777 -870 -305 0 
547 828 59 0 
660 -342 717 0 
494 46 731 0 
-753 -628 752 0 
547 -378 726 0 
677 553 210 0 
-247 -357 -83 0 
-89 793 133 0 
4 -326 -583 0 
-499 -109 -70 0 
759 605 -622 0 
244 249 550 0 
634 139 -191 0 
669 -570 -597 0 
-463 119 45 0 
-497 -828 139 0 
-573 172 -939 0 
-407 951 -145 0 
285 -287 430 0 
-163 -404 127 0 
-71 -576 928 0 
-873 -294 -150 0 
-662 480 -24 0 
-923 447 -837 0 
13 569 641 0 
720 800 -719 0 
-695 -759 -129 0 
-85 822 -500 0 
135 -397 -711 0 
837 238 196 0 
-224 -395 705 0 
29 471 95 0 
-593 712 702 0 
6 916 -337 0 
-595 716 -176 0 
-950 986 432 0 
979 598 368 0 
-90 -698 -695 0 
223 -39 -898 0 
-765 455 -979 0 
432 331 -240 0 
-98 474 758 0 
-162 -446 561 0 
-317 97 831 0 
327 -126 710 0 
-174 -175 -76 0 
-887 -663 102 0 
-900 -838 -154 0 
-123 843 -538 0 
-980 50 416 0 
643 322 748 0 
-324 -170 -942 0 
750 -397 -24 0 
-139 -725 -487 0 
-105 922 -543 0 
-996 65 644 0 
-910 -894 790 0 
-858 42 860 0 
-628 -415 335 0 
-427 679 -141 0 
-638 330 308 0 
-683 982 868 0 
72 951 -88 0 
-637 139 222 0 
-545 71 -390 0 
352 -103 178 0 
289 358 825 0 
-314 380 -859 0 
448 570 -266 0 
-194 -633 78 0 
631 -8 565 0 
-406 503 941 0 
-461 294 -914 0 
-297 701 484 0 
400 -86 -629 0 
838 252 84 0 
-358 -379 372 0 
-607 -656 281 0 
108 569 851 0 
651 432 -4 0 
662 -679 796 0 
-723 655 707 0 
231 -691 -480 0 
-770 -926 974 0 
892 979 204 0 
-157 -922 350 0 
-156 287 -11 0 
648 196 -989 0 
814 142 933 0 
-79 756 -876 0 
-309 -952 712 0 
574 -502 481 0 
366 672 354 0 
316 -636 805 0 
-222 -963 31 0 
-179 -937 -622 0 
-570 -234 -399 0 
596 -470 173 0 
44 -690 863 0 
-479 -538 -38 0 
-867 846 831 0 
-403 -230 -689 0 
978 -943 851 0 
-941 -871 -13 0 
-159 459 421 0 
847 -77 227 0 
-172 -363 397 0 
-324 135 77 0 
612 383 197 0 
-906 -355 -417 0 
-307 271 991 0 
-566 529 -982 0 
-61 145 563 0 
882 -917 556 0 
-400 -755 -921 0 
401 -934 384 0 
637 582 -150 0 
-795 -428 -191 0 
-49 595 109 0 
-457 -861 -410 0 
-822 226 -677 0 
-87 502 -493 0 
70 637 725 0 
-223 827 -13 0 
-58 -929 143 0 
265 -822 122 0 
-568 407 -425 0 
-166 306 -455 0 
-866 284 998 0 
-4 170 -296 0 
267 -905 -214 0 
694 -305 29 0 
-564 529 424 0 
-429 600 415 0 
-551 -315 763 0 
470 -992 -795 0 
-794 -745 443 0 
603 238 914 0 
489 859 -449 0 
876 627 -68 0 
310 -636 -871 0 
-890 -238 -577 0 
-531 842 64 0 
521 -989 -408 0 
489 45 724 0 
252 939 -896 0 
960 616 -783 0 
435 426 -765 0 
170 -664 976 0 
-561 -884 -128 0 
-731 834 241 0 
774 720 33 0 
238 491 229 0 
-482 -986 714 0 
-12 -576 656 0 
-378 444 -862 0 
916 -910 545 0 
836 -490 -134 0 
464 -374 681 0 
-165 -799 776 0 
538 -77 -403 0 
965 110 111 0 
14 -140 -109 0 
-160 -39 664 0 
516 763 384 0 
-720 132 -910 0 
833 959 768 0 
-9 -868 -801 0 
-358 951 98 0 
999 -95 723 0 
-720 260 463 0 
-734 739 714 0 
-356 215 -905 0 
-694 -876 793 0 
965 925 867 0 
233 548 968 0 
397 -863 -285 0 
-541 -722 359 0 
344 -788 571 0 
-330 121 -942 0 
385 -980 934 0 
602 -838 -878 0 
-160 601 -295 0 
-871 -592 412 0 
553 292 601 0 
303 665 -262 0 
-828 -366 -808 0 
482 -410 -233 0 
-990 65 -882 0 
655 -574 290 0 
-471 -619 209 0 
-474 51 376 0 
242 837 -134 0 
659 249 287 0 
98 834 155 0 
802 691 791 0 
-846 701 725 0 
908 -168 -434 0 
-249 -108 442 0 
522 -907 -827 0 
-670 -648 -537 0 
-17 -110 -189 0 
-459 66 -398 0 
104 256 960 0 
82 732 763 0 
-498 -169 -432 0 
-649 398 570 0 
841 -129 -513 0 
766 -922 -733 0 
311 50 -274 0 
587 -428 201 0 
303 -369 -946 0 
-600 780 785 0 
-512 -146 163 0 
262 715 -265 0 
-891 -549 829 0 
869 -40 834 0 
-985 -254 898 0 
621 -269 608 0 
-55 -167 450 0 
-203 -38 659 0 
-509 40 -530 0 
-531 -182 -221 0 
640 673 -948 0 
-641 -945 451 0 
498 -466 279 0 
132 610 174 0 
805 545 634 0 
114 -94 -728 0 
928 157 -257 0 
294 904 -885 0 
-716 -783 -316 0 
-291 -83 -338 0 
392 -231 771 0 
-64 725 587 0 
544 599 -593 0 
-224 -96 -459 0 
-969 368 -804 0 
166 284 -438 0 
244 607 -5 0 
-802 960 -172 0 
573 510 -370 0 
93 -9 132 0 
130 -322 295 0 
957 541 -665 0 
-752 705 887 0 
118 915 440 0 
-57 489 -150 0 
283 -497 579 0 
575 672 349 0 
-155 875 594 0 
-817 254 699 0 
188 -659 575 0 
207 978 589 0 
-628 970 826 0 
577 -731 421 0 
613 275 830 0 
555 -372 713 0 
-152 852 489 0 
364 -705 -432 0 
663 401 86 0 
373 914 -521 0 
-232 -546 983 0 
147 308 64 0 
932 621 -4 0 
869 -199 493 0 
973 -971 728 0 
-671 -250 233 0 
-865 60 611 0 
614 457 349 0 
244 232 -841 0 
-336 827 288 0 
820 659 847 0 
545 98 356 0 
-985 -640 -118 0 
-41 -162 393 0 
-452 759 -854 0 
-472 -896 -643 0 
922 -950 799 0 
735 -899 676 0 
738 -90 -515 0 
-120 -616 -563 0 
675 -464 -691 0 
66 122 -269 0 
-32 892 797 0 
-648 859 619 0 
-96 221 -451 0 
-928 -300 526 0 
716 -284 -937 0 
233 548 694 0 
-260 -641 -374 0 
167 489 -728 0 
-167 575 706 0 
-92 769 -714 0 
-153 -459 994 0 
668 -970 -996 0 
-322 964 -449 0 
749 -903 248 0 
565 700 -633 0 
-68 -866 -910 0 
154 914 776 0 
-346 112 57 0 
-512 -623 383 0 
-151 -852 -120 0 
-313 -53 731 0 
623 270 110 0 
-788 904 -240 0 
184 481 -945 0 
722 -155 797 0 
648 -345 -992 0 
107 516 61 0 
522 702 210 0 
276 -446 -934 0 
957 -452 -804 0 
-951 804 28 0 
684 151 338 0 
-537 -349 988 0 
413 -277 -579 0 
160 -881 339 0 
-974 -917 957 0 
-176 -287 766 0 
-525 -814 -678 0 
-653 154 282 0 
343 273 -28 0 
612 668 -289 0 
923 -387 536 0 
955 -819 -36 0 
-24 755 -397 0 
262 -827 146 0 
531 701 618 0 
-374 -371 454 0 
-890 -934 -27 0 
-695 812 -885 0 
716 -746 537 0 
241 601 -549 0 
807 -229 13 0 
859 -327 945 0 
792 316 -900 0 
51 -768 -159 0 
-701 519 -857 0 
919 -903 -213 0 
-319 714 -893 0 
-241 855 604 0 
608 -544 109 0 
-608 595 813 0 
-495 -857 967 0 
65 -953 439 0 
333 820 -654 0 
211 -196 429 0 
-330 -365 -471 0 
-67 121 -56 0 
192 968 513 0 
83 937 -972 0 
-699 320 735 0 
494 -452 167 0 
-333 -593 508 0 
-677 -379 -844 0 
-840 146 468 0 
-217 -899 -626 0 
614 436 852 0 
-248 -420 -950 0 
-570 55 444 0 
994 411 477 0 
499 -408 -815 0 
-970 -661 842 0 
714 602 887 0 
-539 579 -201 0 
357 -759 923 0 
992 -821 816 0 
-302 972 -548 0 
-38 186 -433 0 
-583 516 -363 0 
-435 -591 -186 0 
-935 735 535 0 
-336 -925 941 0 
-936 -610 798 0 
-556 224 -999 0 
960 -968 -172 0 
939 -710 162 0 
-488 70 535 0 
239 -57 -334 0 
525 704 -739 0 
28 425 252 0 
-568 -404 -107 0 
875 -334 -574 0 
-363 196 135 0 
-771 -827 -195 0 
-157 -861 512 0 
-729 685 -722 0 
-92 225 -761 0 
-212 -125 673 0 
-839 85 -517 0 
395 -541 905 0 
989 677 -855 0 
-911 -39 814 0 
890 135 -552 0 
737 -335 -857 0 
57 103 448 0 
-821 563 97 0 
698 -235 -390 0 
502 439 -150 0 
-385 347 -37 0 
-694 32 -531 0 
205 140 818 0 
245 -119 238 0 
685 -789 -715 0 
811 477 456 0 
218 -436 798 0 
3 -657 -663 0 
241 -389 748 0 
-520 460 989 0 
755 -581 -919 0 
544 -67 212 0 
-563 -465 7 0 
-808 -28 -504 0 
-492 87 469 0 
705 930 496 0 
410 -308 315 0 
-151 695 950 0 
394 31 -510 0 
550 -852 697 0 
-346 654 196 0 
-150 -746 -312 0 
-836 -725 -522 0 
-182 -204 -810 0 
-602 41 952 0 
-714 781 343 0 
354 -739 -88 0 
3 767 -602 0 
-855 108 433 0 
-958 -349 -882 0 
-584 -940 118 0 
-293 -204 -880 0 
-678 -887 -404 0 
538 -589 -416 0 
291 19 -650 0 
-309 -261 675 0 
-245 980 -862 0 
13 -882 368 0 
-731 -783 841 0 
-623 -680 985 0 
-572 398 -160 0 
312 924 261 0 
-878 -483 -155 0 
666 337 926 0 
760 -712 785 0 
-834 -488 -982 0 
-275 -866 -885 0 
282 677 697 0 
674 257 678 0 
-462 -664 125 0 
-697 -133 171 0 
345 791 -21 0 
245 -980 -879 0 
34 18 207 0 
221 224 46 0 
468 180 644 0 
-369 -519 936 0 
330 -286 426 0 
800 218 -650 0 
-350 971 460 0 
-706 155 -627 0 
-442 -212 879 0 
-127 41 -178 0 
401 599 -117 0 
475 37 512 0 
-6 518 986 0 
-834 987 -170 0 
-83 372 146 0 
154 -259 13 0 
362 -21 792 0 
-329 835 -993 0 
596 -894 -446 0 
3 316 -895 0 
967 650 -137 0 
789 701 458 0 
301 -797 190 0 
674 -879 -334 0 
-738 -597 29 0 
-686 948 207 0 
638 -297 -320 0 
-584 -416 -808 0 
375 494 -517 0 
-254 138 385 0 
686 511 296 0 
-965 875 538 0 
-133 -783 53 0 
-6 -618 203 0 
646 868 504 0 
-169 -931 -973 0 
42 -2 289 0 
-519 176 911 0 
403 94 -963 0 
-644 -865 -774 0 
-54 -376 507 0 
421 -755 68 0 
-942 -263 -432 0 
947 969 728 0 
-746 -253 737 0 
849 -760 -981 0 
-189 -581 687 0 
305 -250 -621 0 
154 442 -274 0 
-286 -132 -824 0 
298 516 -344 0 
-502 66 45 0 
206 662 885 0 
-726 707 -654 0 
-384 -572 200 0 
351 -700 911 0 
348 -659 509 0 
243 862 -806 0 
-916 -709 -121 0 
-392 194 -606 0 
772 -212 45 0 
586 -594 -764 0 
624 476 254 0 
143 246 760 0 
896 -483 418 0 
-813 547 67 0 
-11 498 444 0 
-898 -406 221 0 
191 430 -759 0 
-611 -901 867 0 
485 148 339 0 
773 -772 -371 0 
-703 22 840 0 
-372 569 -831 0 
-689 164 -116 0 
-247 636 295 0 
-494 886 544 0 
-118 428 -523 0 
-72 -796 -751 0 
-842 -424 -971 0 
-588 -52 -320 0 
-183 654 299 0 
183 -621 -777 0 
251 784 696 0 
-35 785 -819 0 
-880 842 -289 0 
-708 152 703 0 
-373 707 554 0 
-50 -14 740 0 
452 508 609 0 
10 -971 6 0 
-637 -664 -334 0 
-775 -767 -523 0 
-683 -296 811 0 
-615 575 -280 0 
-790 900 474 0 
-760 972 -175 0 
777 -633 -234 0 
-838 335 -629 0 
893 -202 626 0 
-299 -976 44 0 
-429 -588 -392 0 
201 275 100 0 
-612 -345 788 0 
273 -482 12 0 
-702 -244 -188 0 
-79 -954 -638 0 
558 6 174 0 
76 556 -9 0 
-617 405 -473 0 
-762 560 142 0 
-427 997 709 0 
205 595 -862 0 
660 540 -990 0 
40 -351 -340 0 
-472 390 -894 0 
633 587 78 0 
-351 350 365 0 
-992 -99 63 0 
492 804 -977 0 
-879 592 -84 0 
-599 524 -505 0 
-284 -721 684 0 
931 247 -220 0 
-18 37 -571 0 
775 870 -723 0 
-703 791 6 0 
-407 -820 871 0 
-546 265 295 0 
-370 -903 -214 0 
-873 613 -326 0 
-175 -388 739 0 
129 208 -192 0 
-887 3 147 0 
-883 338 -376 0 
623 572 -679 0 
-301 601 134 0 
860 835 -203 0 
-976 -935 241 0 
307 366 -971 0 
-554 -688 788 0 
-973 844 -764 0 
22 -983 -745 0 
595 -761 346 0 
-495 243 -853 0 
-358 437 61 0 
587 -346 -830 0 
-130 328 -627 0 
911 442 996 0 
-903 -194 748 0 
-856 353 988 0 
-267 -535 445 0 
-749 537 183 0 
222 -469 -61 0 
100 208 500 0 
211 956 -110 0 
840 -293 -928 0 
-824 184 505 0 
-418 32 -179 0 
895 -453 134 0 
289 -180 145 0 
-874 -742 265 0 
-363 425 -86 0 
354 308 546 0 
675 -492 -293 0 
-230 -965 -530 0 
428 900 877 0 
23 -431 -984 0 
991 -852 -570 0 
-750 -441 721 0 
-646 -989 -379 0 
-787 -58 924 0 
-985 662 751 0 
151 584 -697 0 
-812 -476 637 0 
268 -433 892 0 
627 265 76 0 
863 692 -31 0 
56 934 -762 0 
-6 -853 -379 0 
336 345 562 0 
253 3 286 0 
-450 -783 172 0 
88 -881 566 0 
-629 -541 -840 0 
213 515 -683 0 
-710 -769 105 0 
161 -715 -979 0 
-279 121 163 0 
-309 -421 -351 0 
-132 15 -239 0 
-174 -658 597 0 
692 -499 483 0 
-231 -435 -282 0 
675 147 -449 0 
-861 39 961 0 
-24 -48 -254 0 
-182 -267 396 0 
485 -495 274 0 
291 681 650 0 
623 -955 878 0 
923 -998 -476 0 
-333 -880 372 0 
541 115 -22 0 
900 886 620 0 
204 56 517 0 
921 -898 889 0 
-825 -42 51 0 
-338 -784 -369 0 
140 -770 253 0 
368 -290 112 0 
452 154 607 0 
-933 -233 57 0 
-852 -976 -596 0 
156 -558 698 0 
-363 -376 694 0 
773 301 453 0 
610 -264 -750 0 
350 -790 940 0 
878 410 360 0 
273 16 -946 0 
-635 918 -50 0 
-760 -466 -231 0 
831 -576 95 0 
549 -1000 -91 0 
927 -858 546 0 
-714 -541 -373 0 
-525 333 -566 0 
504 675 -922 0 
-103 980 -215 0 
163 709 975 0 
596 226 -447 0 
152 -148 -131 0 
-609 138 -151 0 
-571 -695 186 0 
590 471 -244 0 
164 -714 -561 0 
513 203 701 0 
-827 932 -719 0 
636 935 -344 0 
-795 -121 -124 0 
-804 517 -972 0 
-938 904 -880 0 
402 614 806 0 
192 -66 629 0 
952 -873 -109 0 
-734 -865 179 0 
-377 -654 542 0 
390 796 426 0 
976 -196 -229 0 
299 -56 -849 0 
-995 12 -939 0 
-986 208 654 0 
-18 504 557 0 
139 979 -838 0 
626 -7 -592 0 
-199 138 -628 0 
-804 -924 893 0 
-967 240 -832 0 
-236 431 992 0 
401 659 363 0 
-806 -809 807 0 
319 -754 990 0 
-590 894 -374 0 
321 -895 -489 0 
-352 245 449 0 
-526 -806 310 0 
-311 -510 47 0 
746 360 119 0 
580 -915 597 0 
-789 371 476 0 
931 150 161 0 
553 -463 -500 0 
589 116 -214 0 
872 -538 865 0 
-326 171 -379 0 
632 -808 -142 0 
-785 401 585 0 
-498 -691 293 0 
-902 574 115 0 
-255 -936 12 0 
-61 174 459 0 
272 -135 -729 0 
610 822 296 0 
-328 -587 237 0 
-464 494 -649 0 
17 -158 -508 0 
-411 520 -337 0 
-620 -198 680 0 
-333 -409 186 0 
-524 -440 -173 0 
199 -572 611 0 
580 -651 -232 0 
-274 724 891 0 
-453 731 -5 0 
98 -477 518 0 
-453 712 -398 0 
732 807 -677 0 
-524 687 -144 0 
48 320 -315 0 
-143 -261 -653 0 
-649 822 855 0 
545 990 -368 0 
-587 -634 892 0 
725 -405 -64 0 
15 -667 -995 0 
997 749 321 0 
-161 -533 6 0 
-630 -108 -433 0 
-903 -835 -386 0 
960 -663 -609 0 
-695 693 -589 0 
65 -161 856 0 
88 -538 242 0 
301 -574 -873 0 
-41 280 -324 0 
468 585 -773 0 
365 700 107 0 
84 805 704 0 
558 -841 -428 0 
721 839 -443 0 
116 485 -232 0 
-874 347 -8 0 
300 150 407 0 
635 -903 499 0 
495 69 903 0 
87 -69 -341 0 
-526 -244 684 0 
-109 -591 248 0 
-239 -58 932 0 
-656 121 101 0 
480 396 72 0 
-726 -43 81 0 
672 234 -478 0 
531 700 590 0 
-326 -485 171 0 
-516 431 -745 0 
600 -813 -927 0 
-229 -888 707 0 
-536 513 675 0 
610 699 -975 0 
336 601 -851 0 
-697 -929 589 0 
-100 788 97 0 
201 97 579 0 
-530 -119 557 0 
-47 31 -610 0 
-226 684 582 0 
438 -636 877 0 
657 -979 998 0 
-671 468 -969 0 
-265 561 -436 0 
-663 -118 955 0 
-76 -269 -334 0 
-181 665 -259 0 
696 -187 -762 0 
141 -616 -701 0 
373 662 903 0 
84 225 144 0 
291 -659 -795 0 
600 270 -305 0 
40 830 -872 0 
-996 -849 675 0 
627 800 -591 0 
725 265 -841 0 
394 705 78 0 
-28 693 -135 0 
-230 207 810 0 
-914 -942 900 0 
555 102 171 0 
707 -92 516 0 
266 356 926 0 
-182 805 85 0 
896 -553 963 0 
-168 -519 954 0 
-698 697 -195 0 
-75 676 381 0 
937 -824 -150 0 
-397 -899 478 0 
-826 975 711 0 
-706 24 -219 0 
504 -488 272 0 
612 -809 747 0 
744 375 515 0 
-892 -983 180 0 
339 846 534 0 
-80 466 757 0 
-997 221 -190 0 
898 -682 171 0 
921 845 -214 0 
-422 38 851 0 
163 -364 -99 0 
-901 684 -992 0 
732 -876 -107 0 
715 -478 839 0 
545 -317 -837 0 
-324 -820 -355 0 
-800 -907 -252 0 
591 -879 405 0 
600 -471 -102 0 
260 366 -997 0 
-702 393 -526 0 
977 521 -506 0 
-638 -74 -86 0 
277 761 -648 0 
-849 531 108 0 
-760 -535 -126 0 
35 -525 328 0 
696 -897 289 0 
441 854 -218 0 
-122 553 -76 0 
460 -538 -680 0 
447 938 -175 0 
772 -350 562 0 
-728 180 48 0 
-243 145 563 0 
-814 908 653 0 
227 -481 -551 0 
941 487 102 0 
182 -394 137 0 
820 -802 -514 0 
-394 844 458 0 
-497 507 869 0 
939 376 -845 0 
-801 841 673 0 
647 777 -684 0 
-997 842 -587 0 
-985 57 -306 0 
357 525 351 0 
-393 -613 702 0 
-964 305 955 0 
-105 -501 -698 0 
564 69 -519 0 
649 81 576 0 
-146 -745 448 0 
812 -502 -254 0 
824 458 743 0 
692 663 278 0 
188 913 344 0 
122 344 319 0 
-370 -994 315 0 
853 898 -364 0 
-486 518 -717 0 
-412 168 285 0 
907 943 504 0 
737 309 -953 0 
-815 -690 -507 0 
196 191 -721 0 
97 -978 600 0 
-4 119 272 0 
159 -712 -51 0 
-670 544 -399 0 
-306 164 442 0 
495 -342 915 0 
-660 -52 595 0 
802 106 482 0 
-534 309 711 0 
793 -695 567 0 
555 918 14 0 
-484 -146 410 0 
43 60 918 0 
860 -880 577 0 
406 -765 -507 0 
317 -598 946 0 
-708 -783 -554 0 
24 -536 -607 0 
847 96 864 0 
-588 645 -666 0 
331 300 620 0 
567 -488 -845 0 
120 -50 66 0 
-675 83 903 0 
116 -636 908 0 
-547 -152 674 0 
95 413 826 0 
970 -768 -855 0 
-781 -924 503 0 
-402 633 -731 0 
-421 -808 787 0 
645 115 -868 0 
453 -914 364 0 
746 -469 992 0 
-773 -889 613 0 
157 -725 86 0 
-851 492 -961 0 
-335 391 474 0 
367 -772 434 0 
8 358 468 0 
787 -356 233 0 
-707 -390 96 0 
-27 942 -145 0 
-463 -107 652 0 
466 -325 -951 0 
-165 711 -240 0 
575 -515 -890 0 
-93 -590 796 0 
216 -585 835 0 
171 13 -941 0 
-489 -139 297 0 
-982 -36 -448 0 
