p cnf 1000 3400
-85 847 -679 0 
556 -813 1 0 
39 -429 193 0 
-708 -43 -228 0 
448 999 308 0 
-832 777 -205 0 
470 801 -643 0 
-197 719 630 0 
-715 -551 388 0 
-935 834 265 0 
476 513 260 0 
-671 -258 -410 0 
994 -260 -418 0 
619 -205 -145 0 
-500 -995 -900 0 
299 292 871 0 
158 537 252 0 
-10 -268 -867 0 
95 27 -416 0 
698 769 -366 0 
-265 164 954 0 
-483 -457 420 0 
28 716 -460 0 
160 -749 -288 0 
282 189 -327 0 
-114 -261 -92 0 
-862 129 763 0 
-436 396 883 0 
-614 -696 -525 0 
-606 172 -577 0 
952 -210 45 0 
-985 271 473 0 
-596 280 -240 0 
-383 847 -184 0 
128 -897 436 0 
515 792 465 0 
246 619 -851 0 
554 371 719 0 
32 692 -437 0 
709 -532 611 0 
735 -882 427 0 
-159 -676 194 0 
-196 -829 913 0 
713 -183 -234 0 
-325 -230 -916 0 
-340 19 -328 0 
-395 925 -812 0 
540 -121 933 0 
669 -264 -615 0 
682 704 -320 0 
250 -774 -555 0 
-617 885 336 0 
-45 -759 -693 0 
164 -865 -241 0 
53 -817 -431 0 
-132 -52 410 0 
710 401 -878 0 
-720 961 8 0 
581 -966 601 0 
-187 -304 427 0 
613 -456 208 0 
-611 276 102 0 
-1000 853 198 0 
-715 -485 -136 0 
-89 831 -190 0 
-236 433 344 0 
640 580 289 0 
-353 572 -379 0 
865 -256 -240 0 
-439 -437 301 0 
-736 740 -365 0 
-15 726 -233 0 
-247 -557 -766 0 
153 979 -417 0 
239 -579 441 0 
-242 -874 610 0 
-296 -880 -54 0 
-199 787 -743 0 
959 -930 657 0 
-893 -906 -793 0 
738 880 -166 0 
-843 790 -602 0 
-894 -510 -893 0 
408 851 529 0 
-370 538 -83 0 
970 -775 350 0 
318 -425 -252 0 
530 -469 -761 0 
-550 207 -216 0 
-949 -275 -137 0 
263 81 -422 0 
432 493 606 0 
679 -136 18 0 
612 -316 890 0 
-835 -971 576 0 
786 -603 -253 0 
87 340 303 0 
-160 676 286 0 
657 -11 585 0 
-528 601 -838 0 
-659 -92 -456 0 
718 803 35 0 
-816 964 -387 0 
-28 -160 -223 0 
-139 -41 426 0 
-166 83 -534 0 
-177 -410 -637 0 
947 -119 -278 0 
66 -417 -956 0 
-58 404 -845 0 
912 213 -221 0 
307 -598 220 0 
-902 -242 447 0 
-924 -732 -768 0 
-86 -499 904 0 
-553 -386 -190 0 
-123 -265 525 0 
-44 584 -18 0 
-9 -959 886 0 
-918 560 534 0 
-941 -348 -343 0 
-630 -385 559 0 
-657 651 -375 0 
-955 -271 -762 0 
165 -861 -786 0 
-841 384 580 0 
-775 467 -872 0 
-653 957 -754 0 
-737 796 -75 0 
850 798 255 0 
-895 177 -40 0 
-284 -463 986 0 
818 218 155 0 
-329 -893 -266 0 
625 267 -520 0 
498 -403 -220 0 
946 108 426 0 
404 -457 738 0 
683 -449 -606 0 
912 -684 -909 0 
-108 907 -941 0 
-795 609 603 0 
827 -755 -844 0 
10 446 328 0 
-579 415 217 0 
438 -412 711 0 
-542 -917 -426 0 
304 -707 -738 0 
-821 -676 -833 0 
167 864 -423 0 
510 -892 846 0 
-693 193 -826 0 
539 2 837 0 
714 909 822 0 
-874 -428 229 0 
803 912 298 0 
599 871 -152 0 
-977 -128 964 0 
472 807 523 0 
977 487 252 0 
541 892 -275 0 
791 905 230 0 
470 253 546 0 
-229 -58 690 0 
-262 774 422 0 
431 355 -713 0 
102 660 786 0 
-282 -625 -260 0 
677 -194 927 0 
-730 -848 322 0 
-559 718 136 0 
917 36 964 0 
-422 -272 322 0 
-377 -887 -818 0 
159 -490 -535 0 
-799 -105 -207 0 
-665 -247 -254 0 
365 -511 247 0 
-207 -645 -418 0 
-439 204 -466 0 
-503 -780 -62 0 
251 -87 876 0 
59 766 -172 0 
-549 -745 512 0 
-156 399 632 0 
605 -4 863 0 
-183 -836 182 0 
555 764 259 0 
-23 -425 388 0 
672 94 -295 0 
-919 -103 -982 0 
-473 574 -967 0 
-88 -493 647 0 
862 542 -4 0 
-356 846 638 0 
13 -719 280 0 
-339 788 -493 0 
135 809 -670 0 
-61 67 18 0 
116 -124 615 0 
473 605 124 0 
-129 -44 899 0 
97 -104 734 0 
-129 -594 316 0 
-687 -397 194 0 
-913 -829 209 0 
820 -622 -615 0 
842 -70 237 0 
-857 741 -100 0 
610 -160 67 0 
991 696 -129 0 
-595 1 -371 0 
733 4 793 0 
-94 -764 -185 0 
-287 -650 -970 0 
213 976 20 0 
-719 -394 328 0 
-330 -266 -635 0 
-541 -470 -17 0 
577 -28 366 0 
-925 385 -840 0 
174 -783 327 0 
-40 -979 627 0 
712 -852 -55 0 
196 -17 915 0 
590 36 746 0 
-857 -356 318 0 
-910 -400 904 0 
395 860 -120 0 
922 -59 -948 0 
997 67 443 0 
-386 -517 -256 0 
230 141 -182 0 
91 619 -530 0 
789 876 781 0 
-684 873 -393 0 
939 -259 -591 0 
424 -230 582 0 
450 2 747 0 
-853 373 -861 0 
965 433 312 0 
-694 -55 966 0 
97 -357 187 0 
637 967 -922 0 
-328 352 314 0 
-544 765 360 0 
-134 25 449 0 
314 -482 -457 0 
250 445 -813 0 
922 140 297 0 
-723 810 -156 0 
-212 181 241 0 
-811 656 -675 0 
162 709 765 0 
532 -300 -823 0 
-457 -214 -834 0 
-905 514 628 0 
996 859 267 0 
640 -706 186 0 
-363 -10 -594 0 
778 -934 56 0 
-167 -889 668 0 
247 -590 941 0 
455 -743 207 0 
658 -821 -405 0 
407 -246 -717 0 
637 -563 -924 0 
438 -961 369 0 
-484 887 923 0 
102 -700 977 0 
-529 737 139 0 
-350 -46 85 0 
-681 175 952 0 
-464 -566 995 0 
-717 -238 293 0 
280 -406 713 0 
463 704 -995 0 
-192 363 799 0 
148 -697 482 0 
-861 -121 262 0 
-333 -665 -293 0 
768 459 -521 0 
-792 515 -495 0 
308 -377 -217 0 
-355 694 -915 0 
574 -937 560 0 
249 492 -925 0 
-457 996 411 0 
-62 488 -229 0 
403 -139 -201 0 
-59 179 -453 0 
-27 -905 -813 0 
-431 327 784 0 
-714 -181 132 0 
651 -347 -52 0 
453 126 -993 0 
33 -91 -297 0 
-102 606 272 0 
282 -644 -659 0 
488 276 -729 0 
-584 -533 -334 0 
17 -166 360 0 
552 -45 -686 0 
-95 -859 -339 0 
-519 -947 -923 0 
37 984 -175 0 
824 -181 -242 0 
-806 -712 179 0 
-702 -959 -588 0 
-294 -478 -184 0 
-851 -385 264 0 
-727 580 -528 0 
-484 -409 -717 0 
-11 -665 993 0 
-295 -942 -204 0 
-797 -556 657 0 
797 949 642 0 
-545 -83 -310 0 
488 805 699 0 
771 -788 862 0 
438 747 26 0 
427 -97 -524 0 
515 845 440 0 
-355 58 -158 0 
916 -850 896 0 
17 -244 -363 0 
-879 -456 34 0 
405 -520 -342 0 
-794 567 30 0 
-327 147 -62 0 
-944 428 399 0 
-906 709 -292 0 
-633 668 890 0 
-3 737 -139 0 
567 201 -908 0 
464 -277 403 0 
-699 744 -302 0 
-221 939 -141 0 
-81 -210 74 0 
134 743 -390 0 
-791 -207 509 0 
-571 -667 -536 0 
-557 138 332 0 
821 -197 117 0 
-244 528 414 0 
325 770 -379 0 
993 -725 748 0 
437 -877 -139 0 
-633 -326 -156 0 
-618 264 759 0 
699 615 474 0 
-911 -973 10 0 
-274 514 862 0 
982 -958 -197 0 
127 874 691 0 
-943 543 -275 0 
241 -814 -360 0 
539 171 -425 0 
-368 486 -407 0 
-244 945 -436 0 
-259 -679 -459 0 
-844 960 -256 0 
-917 274 535 0 
32 -353 21 0 
68 -806 -687 0 
-855 -452 -935 0 
566 -243 368 0 
35 -956 840 0 
-489 -796 -31 0 
894 -757 -575 0 
-268 -46 649 0 
823 -67 135 0 
-199 -83 106 0 
-71 365 749 0 
-693 871 224 0 
266 640 -71 0 
181 -467 236 0 
-691 131 328 0 
-684 181 -830 0 
142 -342 198 0 
-871 -900 717 0 
-96 405 -975 0 
88 241 804 0 
-10 389 670 0 
320 -880 -186 0 
-791 841 548 0 
330 371 -643 0 
987 472 -416 0 
-229 -905 -330 0 
-169 602 -255 0 
-370 -490 -281 0 
-157 532 834 0 
-15 -349 743 0 
922 491 709 0 
-186 -786 915 0 
497 -83 304 0 
-143 -20 931 0 
815 -924 733 0 
138 -114 298 0 
-282 -398 697 0 
-229 -971 569 0 
-578 -928 -10 0 
-498 2 -8 0 
724 595 168 0 
-557 275 -579 0 
-438 268 -223 0 
-430 230 -882 0 
573 -838 -109 0 
488 3 -237 0 
646 -622 406 0 
-115 75 -215 0 
541 848 143 0 
-581 -189 -373 0 
-98 -485 -542 0 
656 -558 870 0 
-760 -182 996 0 
-451 -637 754 0 
735 568 121 0 
17 -186 -221 0 
600 -754 829 0 
-290 -523 790 0 
360 -393 -186 0 
37 893 -556 0 
188 -356 186 0 
755 -33 531 0 
-664 -529 669 0 
706 133 -407 0 
845 166 -566 0 
-240 190 399 0 
-232 -537 369 0 
-939 791 -546 0 
167 -179 893 0 
184 286 658 0 
-999 -379 -305 0 
-932 -675 124 0 
-729 744 -215 0 
767 -142 -516 0 
463 -931 554 0 
-831 125 790 0 
258 725 -985 0 
-43 330 17 0 
211 366 -243 0 
-193 -622 -746 0 
981 793 -834 0 
325 -176 -261 0 
-790 -981 -940 0 
870 686 -711 0 
-931 872 105 0 
246 -755 -435 0 
659 -237 -891 0 
-615 128 -259 0 
687 -242 63 0 
-328 -424 926 0 
540 -467 400 0 
-119 229 40 0 
-587 928 -294 0 
943 171 -637 0 
-583 80 779 0 
404 648 -725 0 
-788 -251 169 0 
-37 755 -325 0 
361 -705 -229 0 
29 528 -115 0 
917 955 -754 0 
-719 682 -147 0 
34 843 503 0 
-835 -403 -901 0 
849 -769 327 0 
726 -472 931 0 
150 762 541 0 
-295 -912 -35 0 
789 292 -198 0 
348 -287 -973 0 
284 -4 576 0 
-300 -636 266 0 
-253 -763 397 0 
-129 9 -610 0 
364 -710 839 0 
-311 -495 -407 0 
-414 -606 685 0 
-297 990 -569 0 
826 694 -12 0 
-399 544 -444 0 
-540 827 -711 0 
294 3 715 0 
-620 176 501 0 
-146 -35 -716 0 
-127 -11 -838 0 
-569 479 -399 0 
-775 -558 262 0 
-981 -515 648 0 
894 679 -339 0 
141 837 275 0 
816 -689 500 0 
548 -146 -930 0 
-906 -14 154 0 
564 -467 -153 0 
-99 -928 -20 0 
-801 1000 -133 0 
-830 -617 -654 0 
-596 468 -161 0 
-292 -927 327 0 
610 -39 -428 0 
-824 352 152 0 
-475 -391 -83 0 
-24 820 -816 0 
821 805 -781 0 
385 -468 -61 0 
255 908 86 0 
-225 336 420 0 
456 3 -933 0 
-809 -787 -653 0 
-599 426 -625 0 
343 -236 -519 0 
-61 275 -998 0 
-189 400 -259 0 
401 -481 -943 0 
-826 233 931 0 
602 800 -660 0 
97 205 902 0 
-224 -279 -547 0 
-700 -192 56 0 
-529 -221 646 0 
361 470 -837 0 
-722 -132 980 0 
-563 -672 -462 0 
-119 862 -42 0 
-384 -135 -851 0 
70 842 945 0 
168 77 -381 0 
-521 77 664 0 
-231 560 -272 0 
-339 -144 -678 0 
873 -783 448 0 
969 -760 -58 0 
-536 243 -645 0 
-572 -435 103 0 
-922 -736 -675 0 
307 -225 -948 0 
34 -715 -366 0 
-481 -350 831 0 
-995 -2 536 0 
532 -479 577 0 
-979 744 367 0 
-376 -393 718 0 
-705 397 -853 0 
840 735 485 0 
-41 447 201 0 
-568 -54 -523 0 
-877 854 -941 0 
20 -253 -456 0 
363 751 745 0 
943 454 197 0 
-758 -125 276 0 
158 -256 -229 0 
-576 120 280 0 
-476 642 389 0 
462 -315 393 0 
271 -750 -884 0 
847 -293 215 0 
-901 346 208 0 
-933 952 -507 0 
307 -106 -541 0 
-965 449 -358 0 
249 -573 -75 0 
-481 217 265 0 
555 901 -987 0 
991 667 -645 0 
-359 -199 442 0 
-627 -65 216 0 
902 917 -597 0 
654 -33 -271 0 
-229 910 30 0 
-15 224 2 0 
738 335 -245 0 
-499 -721 223 0 
-618 -797 839 0 
-121 -984 -812 0 
-292 -978 -643 0 
-434 -804 398 0 
-133 -578 805 0 
342 -326 448 0 
-647 338 54 0 
-818 -9 278 0 
510 -857 -279 0 
933 811 747 0 
188 837 180 0 
600 339 998 0 
642 -394 470 0 
218 -461 71 0 
-916 -615 -767 0 
-763 -645 -304 0 
355 405 266 0 
771 692 -606 0 
859 -841 -184 0 
-507 81 -701 0 
-710 778 108 0 
549 961 745 0 
-7 -162 -472 0 
493 716 355 0 
-979 44 -973 0 
713 680 -387 0 
-541 -952 238 0 
503 -545 963 0 
-25 -372 -915 0 
-41 -212 -529 0 
-921 439 -817 0 
-499 496 529 0 
-617 728 921 0 
-102 498 239 0 
-843 -899 -654 0 
-975 -74 -435 0 
497 463 434 0 
649 -95 -753 0 
703 139 521 0 
566 -310 -993 0 
2 -260 -315 0 
535 -647 -467 0 
385 -356 -811 0 
978 -420 -713 0 
-209 572 699 0 
-917 615 -879 0 
845 3 823 0 
35 427 720 0 
760 -66 -909 0 
-850 -833 -692 0 
-497 -489 814 0 
907 10 -235 0 
806 -223 -948 0 
851 782 726 0 
49 -878 747 0 
111 -403 432 0 
-949 881 -493 0 
831 -19 -429 0 
921 -741 -362 0 
406 -299 -400 0 
-418 23 646 0 
-198 -243 792 0 
971 783 -845 0 
-22 488 30 0 
-590 -330 785 0 
487 872 637 0 
392 -597 108 0 
-638 863 731 0 
180 832 125 0 
206 291 636 0 
74 638 78 0 
151 -13 -197 0 
-380 -214 -208 0 
741 441 -144 0 
951 421 -149 0 
-630 740 -34 0 
432 -672 -140 0 
519 -556 -935 0 
-731 -395 -879 0 
-385 676 209 0 
-993 -241 570 0 
-140 356 820 0 
875 -496 640 0 
793 623 -959 0 
-622 48 -575 0 
-963 -319 598 0 
-270 471 648 0 
-12 -620 -84 0 
61 599 275 0 
-53 573 868 0 
49 -513 825 0 
-324 -496 -822 0 
-317 -621 -331 0 
-101 225 880 0 
-605 -290 367 0 
-68 133 253 0 
-411 370 217 0 
152 -445 -852 0 
-168 87 -508 0 
416 -90 -127 0 
880 380 -780 0 
-135 -616 81 0 
451 433 -772 0 
53 685 751 0 
-78 810 204 0 
227 -835 -362 0 
568 -477 -433 0 
-415 732 718 0 
58 -827 120 0 
647 819 -70 0 
703 363 717 0 
141 -64 733 0 
722 41 -891 0 
266 635 288 0 
-551 296 -945 0 
906 587 532 0 
87 -915 372 0 
-86 -279 489 0 
366 538 382 0 
511 -996 105 0 
54 618 260 0 
-775 10 -265 0 
721 -300 -741 0 
-242 -509 212 0 
280 52 -549 0 
91 -609 408 0 
659 -180 453 0 
-934 -933 -139 0 
-113 -868 -110 0 
-966 -283 -698 0 
-557 -505 176 0 
282 798 -203 0 
-770 572 -796 0 
842 582 609 0 
-982 583 -865 0 
-628 176 -657 0 
375 -88 834 0 
-839 75 -694 0 
163 -13 110 0 
-986 176 -995 0 
-338 154 -735 0 
-450 -48 -325 0 
757 -219 782 0 
159 631 -650 0 
290 -696 718 0 
116 969 -61 0 
-498 499 -79 0 
102 -826 225 0 
521 -46 613 0 
-569 831 365 0 
-97 -21 616 0 
-967 758 -8 0 
462 844 -425 0 
956 550 -789 0 
242 -775 -278 0 
-422 321 -683 0 
-273 254 -453 0 
400 -95 -805 0 
-448 -377 -582 0 
746 -317 686 0 
866 217 802 0 
452 817 871 0 
505 -502 -190 0 
29 -689 -2 0 
511 150 329 0 
585 482 748 0 
-596 -694 163 0 
-253 67 -235 0 
170 -648 -61 0 
558 -928 493 0 
227 966 -965 0 
-32 849 45 0 
-783 -229 -462 0 
47 633 405 0 
209 697 5 0 
-794 -696 617 0 
590 908 676 0 
-984 -65 711 0 
-615 -291 47 0 
778 -214 -340 0 
883 714 899 0 
-955 -856 -655 0 
-334 269 367 0 
630 699 -192 0 
788 731 -771 0 
290 374 168 0 
-84 902 -870 0 
244 126 -248 0 
813 -434 -575 0 
-51 802 -80 0 
868 259 -571 0 
-921 -954 322 0 
326 -246 677 0 
437 -635 -754 0 
353 -650 495 0 
90 -931 750 0 
475 -56 -742 0 
-380 236 137 0 
-499 217 -651 0 
174 -113 979 0 
809 512 15 0 
-156 478 736 0 
668 -832 -88 0 
808 973 226 0 
-632 -300 -653 0 
-118 907 786 0 
749 -127 -945 0 
556 -933 456 0 
-950 687 -411 0 
567 -401 -671 0 
521 529 169 0 
-458 502 -135 0 
378 704 -899 0 
-472 379 -211 0 
192 -96 590 0 
73 -899 950 0 
-725 -937 130 0 
317 789 -220 0 
996 308 -560 0 
-332 590 106 0 
-164 191 488 0 
789 350 52 0 
474 -670 -230 0 
176 -545 -36 0 
-155 -796 260 0 
-496 664 -244 0 
427 -94 546 0 
650 155 -253 0 
-281 -550 -499 0 
-251 336 621 0 
-914 924 -196 0 
524 735 -191 0 
630 -287 -842 0 
-477 319 -916 0 
-213 416 -448 0 
-557 -417 -424 0 
-733 239 820 0 
-51 775 627 0 
4 -456 691 0 
147 -864 -970 0 
681 912 522 0 
-338 -281 -950 0 
-336 255 -528 0 
-572 -883 398 0 
-492 -688 766 0 
827 791 -77 0 
-565 -495 -231 0 
-773 520 -591 0 
895 836 -265 0 
-807 -857 -400 0 
-481 817 913 0 
819 310 -611 0 
859 831 846 0 
846 -88 -396 0 
226 -282 672 0 
701 -804 9 0 
-95 -300 122 0 
263 -449 320 0 
-133 610 -148 0 
-27 847 -772 0 
138 -570 864 0 
188 661 -524 0 
-52 43 774 0 
123 353 -781 0 
821 855 -873 0 
-256 -409 787 0 
-37 -767 820 0 
516 435 696 0 
50 -505 -371 0 
-884 941 -646 0 
434 757 -361 0 
386 -327 457 0 
580 103 301 0 
-390 -87 -74 0 
907 879 -398 0 
-800 295 -490 0 
353 -737 421 0 
504 129 -635 0 
394 37 -627 0 
864 -619 -60 0 
684 -493 -380 0 
-543 -800 -176 0 
-559 764 -902 0 
-842 483 274 0 
169 -462 -738 0 
267 836 -449 0 
-222 173 -907 0 
-598 -905 -574 0 
-914 586 -603 0 
589 597 457 0 
-157 -466 -44 0 
973 -516 713 0 
670 -89 -172 0 
386 391 621 0 
-158 693 -911 0 
767 760 945 0 
-985 723 -113 0 
-684 -33 348 0 
375 259 -383 0 
-141 25 266 0 
454 -385 507 0 
10 -213 -859 0 
-385 -496 426 0 
214 -587 -311 0 
608 -16 -855 0 
-530 38 637 0 
-652 -436 -820 0 
-704 960 366 0 
-783 -98 324 0 
-225 641 34 0 
-913 987 -251 0 
-989 -306 757 0 
-166 -854 -775 0 
-677 143 -368 0 
-713 -589 -834 0 
450 135 -193 0 
302 -346 580 0 
952 -274 935 0 
873 -531 951 0 
-647 803 220 0 
-565 561 -356 0 
-281 -559 236 0 
-9 190 -994 0 
922 -954 397 0 
-999 -817 921 0 
-644 -969 709 0 
-615 -323 322 0 
-529 -252 -505 0 
927 314 -461 0 
757 -199 511 0 
-109 565 691 0 
-218 241 -605 0 
-155 352 -718 0 
372 147 487 0 
-628 -214 360 0 
-642 115 330 0 
859 605 -118 0 
-576 -365 264 0 
-973 821 -452 0 
963 -955 855 0 
760 674 -935 0 
-504 971 -727 0 
344 -574 804 0 
880 -322 495 0 
-123 -773 855 0 
458 -996 -608 0 
456 991 124 0 
646 350 761 0 
-761 312 195 0 
-342 -670 411 0 
865 681 568 0 
437 -253 -934 0 
951 -846 637 0 
-543 -964 -337 0 
-592 -435 821 0 
-556 732 189 0 
76 567 -879 0 
-545 -290 241 0 
-617 882 -791 0 
-634 -918 -176 0 
-983 -321 -313 0 
962 640 -852 0 
33 836 -29 0 
-379 978 565 0 
415 390 -857 0 
587 647 977 0 
778 -616 810 0 
-351 747 -405 0 
286 624 525 0 
634 -616 -325 0 
911 574 513 0 
885 -654 594 0 
403 150 -871 0 
475 -624 -966 0 
638 637 -467 0 
-414 -914 84 0 
-82 -854 -293 0 
93 -321 -557 0 
72 223 493 0 
52 806 -497 0 
190 395 775 0 
60 43 434 0 
-113 827 -77 0 
731 -945 -192 0 
-993 -657 -793 0 
-940 -960 -81 0 
-340 -833 -331 0 
-120 833 -984 0 
-678 967 -163 0 
-830 157 -537 0 
-350 846 24 0 
305 -643 382 0 
874 171 68 0 
-285 -323 10 0 
-197 311 -438 0 
-845 -938 489 0 
-72 65 596 0 
715 -111 -969 0 
759 570 -795 0 
-275 -931 777 0 
-51 635 802 0 
784 268 -798 0 
-561 -890 -849 0 
-757 671 746 0 
-818 575 -947 0 
-787 -727 -806 0 
-568 -29 371 0 
115 338 -540 0 
-196 769 301 0 
-5 -207 945 0 
-791 -241 -630 0 
249 701 -375 0 
716 65 -973 0 
315 -608 -683 0 
966 -419 -703 0 
64 975 -168 0 
365 558 -769 0 
-138 -869 686 0 
-678 895 685 0 
394 153 166 0 
-675 576 63 0 
-332 133 891 0 
518 -226 476 0 
887 -321 -876 0 
-75 854 -866 0 
783 621 355 0 
-602 -459 -869 0 
-38 151 -498 0 
284 371 19 0 
27 -820 914 0 
570 702 -790 0 
-678 896 288 0 
821 -423 -189 0 
141 -601 -906 0 
-898 -962 567 0 
-8 -825 921 0 
-357 685 -153 0 
392 111 -857 0 
781 29 179 0 
375 887 808 0 
-413 -766 63 0 
721 -191 -694 0 
-223 283 909 0 
-734 82 250 0 
-927 345 153 0 
552 48 -741 0 
36 119 -225 0 
112 367 -117 0 
-516 -113 -812 0 
141 -779 -985 0 
6 527 196 0 
-87 933 88 0 
-900 -155 -117 0 
-252 -318 269 0 
-548 -109 -418 0 
-660 -410 400 0 
-378 -920 67 0 
931 352 -868 0 
-351 -660 326 0 
730 874 950 0 
-623 986 -394 0 
28 760 587 0 
-584 336 -52 0 
378 935 134 0 
-819 214 -424 0 
-128 212 962 0 
-982 -262 -4 0 
-655 553 -463 0 
-37 135 -535 0 
845 -16 -353 0 
669 917 965 0 
264 -359 96 0 
880 797 850 0 
-135 348 -188 0 
-465 474 -354 0 
699 -217 863 0 
988 -46 -511 0 
525 -851 821 0 
216 3 -435 0 
734 -723 -807 0 
-426 58 -604 0 
-580 296 668 0 
259 -408 428 0 
-214 445 -704 0 
457 973 630 0 
-70 -534 -515 0 
-225 -770 -170 0 
301 -96 942 0 
406 -651 652 0 
519 575 -702 0 
-987 -850 -375 0 
-799 -95 -410 0 
-363 550 809 0 
915 579 318 0 
966 202 542 0 
-745 -455 -226 0 
-437 -458 -468 0 
-600 969 -894 0 
-381 -869 -158 0 
-217 799 -732 0 
-843 -621 -68 0 
784 947 828 0 
-47 -767 67 0 
-160 -116 -935 0 
301 -804 -979 0 
-168 -636 509 0 
627 -46 168 0 
504 -374 -835 0 
-398 -430 296 0 
922 -331 -993 0 
862 -29 -770 0 
853 547 -929 0 
79 326 97 0 
207 178 -945 0 
-1000 653 529 0 
796 41 475 0 
97 794 -390 0 
-251 -773 818 0 
723 701 156 0 
990 895 573 0 
-525 520 -834 0 
901 581 507 0 
-632 262 56 0 
700 898 -810 0 
-942 755 -719 0 
-949 -801 877 0 
-376 -496 -925 0 
-953 -178 631 0 
-265 -865 719 0 
683 727 -723 0 
30 522 -284 0 
-881 544 657 0 
592 -674 -119 0 
202 916 -520 0 
-94 727 571 0 
-515 218 -40 0 
-660 -827 -221 0 
754 -273 -176 0 
38 312 -433 0 
-180 565 885 0 
-355 45 867 0 
505 -432 -488 0 
71 920 279 0 
-890 990 430 0 
105 -805 313 0 
-396 637 -503 0 
-636 403 -400 0 
-967 -477 -11 0 
-538 -768 -174 0 
-771 155 991 0 
647 597 91 0 
580 -87 -158 0 
550 887 709 0 
-73 -152 -880 0 
-327 -773 -775 0 
-663 -675 -443 0 
963 618 -72 0 
-168 714 -554 0 
-429 -635 846 0 
276 757 -235 0 
736 1000 -666 0 
-655 -512 681 0 
-438 8 -595 0 
651 272 -649 0 
-133 998 -433 0 
-758 -468 -542 0 
-201 657 -742 0 
-934 825 -797 0 
-614 242 841 0 
-116 -818 929 0 
-577 -828 982 0 
-803 413 62 0 
793 -107 -34 0 
320 -822 -416 0 
-728 201 -983 0 
-57 -424 -158 0 
435 -925 -533 0 
-139 -113 661 0 
-229 -908 -337 0 
205 496 166 0 
-374 -562 128 0 
959 929 108 0 
-108 650 -789 0 
569 -720 190 0 
356 640 114 0 
865 835 240 0 
962 -614 767 0 
-754 132 475 0 
-456 548 -286 0 
776 657 594 0 
763 379 -174 0 
-300 411 -12 0 
26 -499 -943 0 
-514 -883 -280 0 
-693 538 -532 0 
83 290 -895 0 
401 -882 312 0 
640 -420 -417 0 
-671 -196 968 0 
308 -990 221 0 
323 -189 -231 0 
205 -706 899 0 
-684 -469 -621 0 
-368 -795 -890 0 
-640 -655 -87 0 
-148 688 -491 0 
893 182 -632 0 
562 642 -168 0 
-692 -915 -310 0 
-685 898 760 0 
800 -258 -897 0 
786 -535 -40 0 
153 -50 681 0 
125 643 -240 0 
996 -149 -308 0 
-117 408 -405 0 
-450 -526 -65 0 
40 -671 -736 0 
257 -267 574 0 
803 -675 450 0 
846 -767 892 0 
-969 -600 69 0 
-495 62 623 0 
328 -989 65 0 
-354 -324 -880 0 
-415 -749 -767 0 
-165 -372 435 0 
352 -137 963 0 
408 215 -916 0 
-688 -453 -494 0 
247 -561 702 0 
464 20 280 0 
545 555 530 0 
380 753 427 0 
657 11 -156 0 
846 -974 890 0 
721 673 -295 0 
-745 62 788 0 
570 296 16 0 
717 834 -52 0 
-862 -859 -216 0 
-656 -498 434 0 
546 89 5 0 
503 -753 725 0 
300 -860 256 0 
-721 159 191 0 
-500 -646 -387 0 
965 6 613 0 
414 299 588 0 
-701 -220 -297 0 
-748 349 648 0 
304 60 600 0 
-973 -563 260 0 
889 615 544 0 
363 -517 798 0 
214 967 911 0 
-955 771 732 0 
378 565 -402 0 
-496 491 -976 0 
866 918 931 0 
573 -503 -136 0 
553 -781 39 0 
492 -639 -379 0 
219 -197 -987 0 
852 -989 -585 0 
551 -518 -888 0 
-411 -297 -816 0 
825 -459 359 0 
-608 705 735 0 
-379 -291 323 0 
389 -706 -672 0 
552 956 -294 0 
928 -619 -493 0 
226 290 -974 0 
768 312 -654 0 
-264 740 113 0 
852 108 41 0 
-952 674 -74 0 
-934 -882 -942 0 
-265 -931 235 0 
862 386 922 0 
-535 936 883 0 
843 442 785 0 
-527 -505 580 0 
224 -919 -804 0 
442 181 548 0 
145 745 178 0 
-514 275 -243 0 
929 -192 736 0 
692 475 -394 0 
356 635 102 0 
624 520 677 0 
-377 886 113 0 
-924 24 -709 0 
318 -885 -928 0 
974 -815 9 0 
-12 121 -472 0 
-17 -500 580 0 
612 347 874 0 
385 123 675 0 
138 41 254 0 
-98 861 -508 0 
-590 -136 -695 0 
-491 -391 416 0 
-298 343 -335 0 
-201 310 485 0 
-999 538 400 0 
152 -827 107 0 
137 796 78 0 
-413 -643 898 0 
-159 136 415 0 
669 -847 966 0 
-44 804 -867 0 
213 760 924 0 
-265 120 168 0 
600 763 33 0 
426 -899 -172 0 
285 -634 588 0 
493 -123 -621 0 
-163 236 540 0 
99 161 556 0 
-225 -24 -342 0 
294 766 -199 0 
-877 487 150 0 
20 -344 758 0 
-796 -514 221 0 
-172 870 291 0 
-539 694 -839 0 
-191 -68 900 0 
962 768 -337 0 
-606 -761 -681 0 
-96 560 822 0 
-175 938 -711 0 
896 -116 415 0 
759 -997 117 0 
-470 -300 609 0 
318 604 380 0 
459 836 947 0 
460 121 -973 0 
-288 -942 -624 0 
-410 81 515 0 
505 145 -375 0 
489 -752 201 0 
175 550 -75 0 
288 522 -192 0 
-877 -89 963 0 
147 -20 -572 0 
986 -395 772 0 
-394 481 -612 0 
-868 -859 -900 0 
19 -116 -676 0 
291 -449 578 0 
656 360 794 0 
-117 -175 -866 0 
-976 828 -438 0 
936 768 562 0 
-313 799 -459 0 
355 -831 -144 0 
664 856 221 0 
356 -910 409 0 
-774 419 558 0 
711 521 901 0 
859 864 757 0 
525 -568 -47 0 
766 880 141 0 
623 411 -774 0 
-777 41 316 0 
339 -579 -11 0 
730 -261 451 0 
-119 102 -152 0 
389 -551 -893 0 
-572 414 -568 0 
571 984 -42 0 
412 -429 336 0 
-347 -334 610 0 
-150 969 561 0 
-641 191 840 0 
-440 383 319 0 
-144 596 484 0 
924 -843 827 0 
608 529 297 0 
-891 -248 -539 0 
253 680 -514 0 
-787 808 -80 0 
146 370 467 0 
-359 -553 583 0 
578 -2 46 0 
-309 -579 -832 0 
-328 -358 276 0 
-822 632 268 0 
7 803 571 0 
-227 760 -163 0 
510 -838 604 0 
-138 -564 -29 0 
740 -322 -445 0 
-675 -13 -478 0 
954 109 -128 0 
-7 -785 999 0 
146 -862 -34 0 
-70 36 -623 0 
-142 -456 556 0 
541 991 -246 0 
-640 588 784 0 
89 817 -206 0 
942 431 -215 0 
722 -837 938 0 
-769 476 1000 0 
-635 843 847 0 
532 306 261 0 
734 -982 -835 0 
437 -716 62 0 
131 -800 799 0 
416 440 -572 0 
-388 764 -30 0 
618 27 22 0 
821 -223 618 0 
-572 -650 33 0 
-525 -34 580 0 
680 -122 647 0 
540 -949 -128 0 
-983 -584 -54 0 
-185 -633 -978 0 
358 -513 -192 0 
-167 -656 -838 0 
-10 803 -474 0 
-703 -818 471 0 
869 697 -39 0 
405 -738 -294 0 
-153 -25 350 0 
230 -966 -820 0 
988 -75 -391 0 
-113 244 800 0 
-226 535 497 0 
670 586 162 0 
-718 499 -210 0 
-428 -419 -655 0 
-677 -743 584 0 
345 1 637 0 
514 114 888 0 
-31 -331 853 0 
744 -533 789 0 
327 496 465 0 
675 -501 -280 0 
145 443 -89 0 
412 231 -582 0 
76 -767 10 0 
-709 610 312 0 
714 958 -381 0 
899 -28 418 0 
590 604 -141 0 
-972 -22 920 0 
585 -530 940 0 
-544 -854 611 0 
931 -827 440 0 
220 -557 -733 0 
-494 19 -445 0 
630 -536 916 0 
772 -85 654 0 
218 754 -733 0 
335 -485 -93 0 
-634 345 -752 0 
892 763 500 0 
-200 -410 -503 0 
-263 357 -848 0 
786 507 -471 0 
23 -963 940 0 
293 796 -907 0 
430 -310 -94 0 
-586 889 132 0 
247 -425 -15 0 
783 -710 301 0 
234 -284 -474 0 
-781 261 -898 0 
-461 335 -734 0 
638 -991 -896 0 
-524 481 838 0 
263 356 254 0 
321 -236 961 0 
601 -208 562 0 
-829 -797 538 0 
218 -470 -236 0 
-123 -675 973 0 
84 -228 -561 0 
-597 29 846 0 
503 -446 147 0 
-825 -817 -18 0 
-607 820 -659 0 
933 767 316 0 
520 -793 -519 0 
322 542 -752 0 
-150 -803 439 0 
112 928 121 0 
771 818 -26 0 
30 -969 332 0 
488 -669 -914 0 
-449 68 729 0 
380 -997 -820 0 
835 365 -719 0 
819 -321 752 0 
662 478 -304 0 
-870 -217 757 0 
524 322 -538 0 
-985 534 413 0 
-179 -843 -291 0 
-695 -581 214 0 
-743 -706 313 0 
560 -38 896 0 
322 -627 434 0 
-344 -144 -259 0 
657 917 722 0 
102 934 -742 0 
766 -386 29 0 
-511 879 529 0 
-11 89 -454 0 
-379 -34 572 0 
-607 -940 286 0 
-512 -695 -896 0 
386 -797 239 0 
882 586 -324 0 
-434 -819 -127 0 
-241 647 -590 0 
-21 -432 -966 0 
749 741 337 0 
-489 761 -311 0 
-135 -696 -267 0 
-641 -113 -249 0 
495 957 -984 0 
-822 -398 183 0 
-874 968 646 0 
-398 -759 -257 0 
31 25 730 0 
-258 362 34 0 
541 -561 -480 0 
565 -647 765 0 
52 -896 -881 0 
-447 651 -718 0 
10 807 -294 0 
-520 701 -269 0 
485 311 -391 0 
-983 -212 228 0 
-632 5 428 0 
951 -688 -937 0 
-607 -870 441 0 
177 120 -166 0 
879 213 388 0 
-137 -931 -725 0 
-821 -584 860 0 
554 773 601 0 
205 518 697 0 
470 255 831 0 
-111 -658 -98 0 
56 675 611 0 
942 -454 -674 0 
524 509 911 0 
-656 -531 -982 0 
-320 -859 963 0 
-132 783 -561 0 
-286 -652 128 0 
116 898 716 0 
-631 -728 2 0 
658 -915 513 0 
867 -989 -111 0 
409 -623 -926 0 
-892 -205 613 0 
650 153 892 0 
729 123 -546 0 
-585 595 -586 0 
686 -548 -805 0 
-365 784 -114 0 
-174 -684 522 0 
829 655 622 0 
-839 -369 307 0 
261 761 -490 0 
882 -892 759 0 
-22 511 905 0 
-854 319 -558 0 
-418 990 289 0 
-77 -832 138 0 
555 368 917 0 
330 -867 102 0 
737 813 189 0 
-568 4 -761 0 
-211 -535 209 0 
-567 -834 -938 0 
630 736 -70 0 
10 497 -633 0 
415 98 439 0 
560 -858 -792 0 
-851 -638 567 0 
711 562 164 0 
469 25 71 0 
44 344 635 0 
570 -51 836 0 
-896 776 548 0 
-244 636 -73 0 
-885 637 463 0 
-274 799 -589 0 
-317 -501 681 0 
647 683 -869 0 
-473 -331 -858 0 
509 -427 -612 0 
-435 438 -232 0 
556 -134 501 0 
-945 -388 -898 0 
-216 121 654 0 
489 -525 493 0 
561 -765 753 0 
-615 899 -62 0 
824 -691 -97 0 
-196 -753 -832 0 
369 493 304 0 
906 -673 -859 0 
-12 -372 55 0 
-302 -478 711 0 
-736 56 810 0 
581 37 -300 0 
-912 -61 253 0 
280 -312 120 0 
190 527 482 0 
631 -824 -212 0 
-238 950 -283 0 
-748 -429 -9 0 
511 281 499 0 
51 304 -910 0 
-491 242 -994 0 
24 570 -255 0 
-331 -869 -961 0 
-609 668 184 0 
-630 500 288 0 
-683 -41 651 0 
-477 -24 291 0 
688 -695 -429 0 
-13 -144 163 0 
-460 792 358 0 
265 -990 -89 0 
19 751 -478 0 
954 230 -583 0 
-835 477 -433 0 
644 535 -236 0 
-312 -250 972 0 
-460 174 752 0 
-800 -316 398 0 
130 617 -171 0 
114 -88 890 0 
37 -87 -500 0 
-500 618 958 0 
-777 -20 59 0 
877 279 135 0 
-615 75 -651 0 
-858 766 -205 0 
88 901 501 0 
730 -263 -648 0 
591 455 491 0 
-482 -410 481 0 
-909 91 -594 0 
-406 333 -39 0 
380 -719 872 0 
-51 832 -440 0 
-861 -284 -18 0 
928 -95 -148 0 
161 -259 -493 0 
888 820 -584 0 
480 910 -60 0 
-563 334 329 0 
584 -312 776 0 
-666 -684 -572 0 
124 965 948 0 
307 250 544 0 
-696 -346 -222 0 
-348 -759 751 0 
753 -235 318 0 
742 -749 -77 0 
-340 -904 -947 0 
957 148 144 0 
98 -573 -372 0 
-43 -161 -516 0 
359 -503 411 0 
319 327 225 0 
-372 652 802 0 
215 -194 440 0 
-284 -130 597 0 
-140 85 -22 0 
-549 -977 -555 0 
609 -620 512 0 
439 -450 -738 0 
243 104 -284 0 
315 343 -726 0 
-174 -216 14 0 
-247 593 -366 0 
797 818 464 0 
-109 745 -53 0 
717 934 -906 0 
-962 -375 -862 0 
-629 -990 492 0 
296 -227 39 0 
791 388 -533 0 
977 -289 -367 0 
735 -64 142 0 
872 -195 -650 0 
600 -260 -218 0 
470 711 544 0 
-584 616 -893 0 
-682 995 50 0 
-862 -947 -220 0 
909 -898 -928 0 
-943 -522 -614 0 
-678 -449 442 0 
490 301 -255 0 
115 824 735 0 
-679 820 396 0 
-905 404 -625 0 
-35 -988 146 0 
-530 -468 -999 0 
400 -877 421 0 
843 167 -600 0 
564 -770 -29 0 
583 -638 974 0 
499 -304 -976 0 
-840 348 -848 0 
980 -427 685 0 
484 980 -657 0 
805 -724 970 0 
-36 97 857 0 
721 -256 805 0 
807 -480 208 0 
419 837 872 0 
369 987 184 0 
499 -14 -437 0 
-560 -740 532 0 
543 872 353 0 
752 -605 384 0 
-914 487 -857 0 
-403 301 -166 0 
-720 222 -196 0 
-280 991 -824 0 
-218 824 -814 0 
-217 -709 -70 0 
655 371 611 0 
-334 -999 279 0 
654 391 -230 0 
-492 455 232 0 
-155 -681 262 0 
-871 -18 899 0 
-98 709 389 0 
149 153 281 0 
-549 -818 -257 0 
-528 -965 740 0 
745 -236 900 0 
193 -241 -358 0 
324 281 -604 0 
-351 614 98 0 
-309 568 -757 0 
422 -478 -73 0 
154 -124 22 0 
-699 -886 492 0 
-700 -220 -66 0 
845 -432 -440 0 
-637 5 -758 0 
992 516 -108 0 
686 -999 -395 0 
583 -97 -712 0 
482 564 532 0 
110 -887 276 0 
-88 87 -394 0 
-105 261 -61 0 
-695 -647 -883 0 
609 745 919 0 
-842 -995 -282 0 
418 391 -401 0 
317 -818 555 0 
-409 -733 -895 0 
331 734 -82 0 
16 168 -687 0 
953 -50 154 0 
-830 -907 -713 0 
-997 392 -962 0 
742 -520 -908 0 
755 -701 -413 0 
139 -426 -565 0 
-148 -375 16 0 
-732 323 -948 0 
-508 291 338 0 
428 477 987 0 
359 179 -129 0 
989 332 -104 0 
-356 746 -262 0 
871 91 -990 0 
-220 891 -101 0 
-952 -487 -605 0 
-119 -460 -212 0 
-658 -54 528 0 
-853 184 -392 0 
147 689 343 0 
-624 -205 -145 0 
483 564 513 0 
-993 716 35 0 
-634 -847 293 0 
-411 466 674 0 
-222 90 412 0 
-283 404 -457 0 
-807 739 -940 0 
-841 -75 387 0 
-636 803 -364 0 
-845 532 -396 0 
-133 -706 463 0 
-661 -456 740 0 
150 -447 -750 0 
91 89 755 0 
750 -248 -82 0 
-267 43 278 0 
884 -707 16 0 
-844 682 -977 0 
671 936 490 0 
-625 30 837 0 
-657 972 -208 0 
478 810 970 0 
330 482 183 0 
89 -110 -132 0 
514 -107 362 0 
93 318 514 0 
-350 -329 -768 0 
752 -609 -100 0 
298 -423 730 0 
-260 -330 -771 0 
-390 829 610 0 
-176 -24 258 0 
852 -35 766 0 
309 792 -353 0 
506 861 -490 0 
-761 -653 -723 0 
-237 726 547 0 
59 -600 -484 0 
-322 -29 -292 0 
606 463 350 0 
-369 -781 -352 0 
-175 -13 -720 0 
221 593 201 0 
787 131 870 0 
63 511 -243 0 
-817 306 -308 0 
-848 -253 360 0 
-979 303 -151 0 
-585 -737 -666 0 
-936 -130 164 0 
-178 437 -422 0 
-167 -417 608 0 
-763 42 460 0 
822 62 88 0 
-175 -415 -333 0 
-121 -478 -463 0 
-65 6 81 0 
-937 -181 237 0 
-977 882 -385 0 
740 -134 314 0 
-556 -5 494 0 
-974 465 324 0 
-71 589 -369 0 
345 831 11 0 
-700 971 -554 0 
210 -387 -586 0 
-980 -466 691 0 
312 -846 704 0 
238 -637 -204 0 
-881 363 -82 0 
563 -882 88 0 
-839 -393 -350 0 
405 717 -914 0 
-330 539 926 0 
194 258 164 0 
474 -281 -230 0 
-626 137 627 0 
35 684 306 0 
362 -950 -354 0 
253 -203 704 0 
-601 254 -586 0 
-144 862 578 0 
110 -910 71 0 
165 288 701 0 
424 337 405 0 
-50 -453 -718 0 
-537 599 281 0 
-666 743 914 0 
-301 -654 788 0 
21 85 115 0 
-287 689 -531 0 
848 440 788 0 
-990 901 -273 0 
-918 -739 -880 0 
-335 417 523 0 
9 284 -971 0 
793 -154 -11 0 
160 679 57 0 
-591 -509 -817 0 
928 805 -21 0 
128 -19 -635 0 
-689 247 -405 0 
885 -976 839 0 
-29 180 -817 0 
599 -257 574 0 
-84 587 -555 0 
220 492 -421 0 
125 -209 -276 0 
499 805 777 0 
-379 848 435 0 
479 778 -424 0 
627 -694 -759 0 
-825 372 -460 0 
-403 112 114 0 
307 -976 282 0 
595 -312 -300 0 
824 -663 199 0 
-648 762 947 0 
-297 -263 -1 0 
539 253 -856 0 
457 141 282 0 
174 624 692 0 
287 984 846 0 
33 318 549 0 
149 -497 -179 0 
789 140 282 0 
252 156 898 0 
-143 -265 983 0 
478 230 415 0 
118 -397 557 0 
-710 702 -413 0 
-601 866 872 0 
550 98 -3 0 
-293 -380 795 0 
671 -210 987 0 
-578 -177 -982 0 
715 205 -76 0 
747 -695 -456 0 
552 633 648 0 
-969 -546 -922 0 
-137 -417 -568 0 
-793 -228 900 0 
-394 699 -375 0 
355 -26 63 0 
109 -628 -458 0 
917 -375 -208 0 
866 -888 254 0 
-115 324 131 0 
373 -461 650 0 
-27 -256 -707 0 
522 137 -920 0 
190 728 -130 0 
-962 -746 -192 0 
298 -431 520 0 
-260 -776 899 0 
-934 921 -77 0 
-508 -886 217 0 
196 -350 -705 0 
-384 -285 704 0 
755 -430 304 0 
477 -103 -541 0 
4 -696 857 0 
422 -842 -129 0 
-478 33 556 0 
920 500 -234 0 
595 518 570 0 
-658 709 -23 0 
-626 -731 -575 0 
918 492 -935 0 
627 44 -901 0 
242 -794 -451 0 
-769 -898 900 0 
999 -731 -83 0 
-405 -392 646 0 
514 694 -881 0 
420 1 379 0 
943 -655 -529 0 
-46 958 257 0 
-480 106 211 0 
968 -346 -554 0 
817 -93 -476 0 
446 -228 811 0 
47 869 -863 0 
306 -324 -359 0 
290 354 50 0 
972 505 -484 0 
69 607 -139 0 
-437 318 339 0 
-674 109 145 0 
679 -229 227 0 
721 39 -686 0 
-447 687 31 0 
976 974 -892 0 
-439 650 -186 0 
-923 -127 -943 0 
-236 -185 655 0 
-607 -540 215 0 
-442 -409 830 0 
-797 785 333 0 
586 -884 -378 0 
-237 247 -549 0 
-920 -694 546 0 
-596 652 456 0 
-956 861 -450 0 
-665 945 34 0 
-172 100 833 0 
112 793 851 0 
-323 408 696 0 
-58 98 -633 0 
-75 879 250 0 
175 997 813 0 
-491 -92 159 0 
300 306 456 0 
-889 -473 193 0 
-584 -970 -402 0 
738 525 291 0 
517 163 192 0 
952 830 957 0 
961 -300 -944 0 
225 728 -100 0 
-303 -145 -154 0 
-556 880 493 0 
431 -442 193 0 
-766 67 -767 0 
972 -953 24 0 
-982 333 -284 0 
455 564 945 0 
-437 548 498 0 
321 567 778 0 
-305 782 173 0 
-704 505 -366 0 
-193 647 -295 0 
798 306 128 0 
-361 -476 963 0 
-709 904 -941 0 
-285 -737 343 0 
-183 -703 617 0 
-71 -491 707 0 
284 -523 381 0 
-237 -789 -586 0 
970 -348 673 0 
-674 27 993 0 
-703 -152 74 0 
-823 353 -977 0 
400 719 824 0 
-876 -502 267 0 
261 -368 -948 0 
814 -799 593 0 
739 997 -428 0 
-165 -638 -336 0 
-40 347 825 0 
-189 610 746 0 
-576 459 118 0 
-246 -537 407 0 
429 88 -542 0 
533 -940 37 0 
-273 -227 -801 0 
274 -142 258 0 
138 239 471 0 
-660 -576 962 0 
-484 -771 438 0 
-296 23 -864 0 
-308 -864 -33 0 
417 -435 -610 0 
474 -573 -945 0 
957 886 802 0 
310 -604 -647 0 
-842 405 556 0 
-812 762 551 0 
870 558 -609 0 
-953 -361 -938 0 
-831 -572 -986 0 
632 -74 298 0 
407 778 837 0 
-311 -588 -909 0 
878 11 481 0 
-799 -614 -858 0 
429 -595 -488 0 
734 -22 -160 0 
23 -739 503 0 
860 -607 820 0 
829 -741 -162 0 
351 -273 -366 0 
-900 162 604 0 
718 -333 637 0 
-692 -149 427 0 
339 601 -581 0 
944 -159 -236 0 
-936 -430 -909 0 
-559 -228 709 0 
294 87 -750 0 
17 -383 172 0 
-485 -401 -182 0 
111 315 -994 0 
419 637 -941 0 
-732 942 572 0 
-8 -735 162 0 
174 -637 467 0 
98 -809 -919 0 
-860 -698 306 0 
-621 -930 -166 0 
867 -761 856 0 
-41 191 639 0 
-527 -277 437 0 
678 -821 134 0 
59 -23 -933 0 
465 -274 -29 0 
225 -88 -533 0 
801 373 -259 0 
-876 27 -174 0 
403 825 968 0 
-473 703 -395 0 
-558 555 630 0 
-29 506 -858 0 
476 425 -928 0 
195 -431 35 0 
-621 -606 199 0 
-889 -215 -43 0 
-370 658 -293 0 
453 -627 268 0 
417 -853 210 0 
-186 8 -442 0 
168 -169 394 0 
-760 -263 -984 0 
-815 394 83 0 
950 524 724 0 
845 43 19 0 
487 345 -992 0 
-784 -583 967 0 
-796 -499 615 0 
880 -891 966 0 
-786 -316 -235 0 
-79 -263 21 0 
-824 40 -552 0 
972 345 -735 0 
895 -854 352 0 
-615 591 76 0 
587 674 -413 0 
-104 -732 472 0 
473 754 6 0 
288 -44 -454 0 
-282 715 -386 0 
-524 -239 -319 0 
225 853 -798 0 
-746 155 498 0 
-512 57 -873 0 
9 212 766 0 
-27 519 884 0 
-212 398 236 0 
-78 417 760 0 
-602 783 -893 0 
-800 980 -360 0 
-990 959 481 0 
384 971 -496 0 
527 -833 911 0 
-962 -733 -596 0 
-710 344 963 0 
61 638 -917 0 
212 -706 -625 0 
900 952 -801 0 
-601 21 366 0 
-788 -826 613 0 
-250 -800 -566 0 
886 143 319 0 
727 -372 394 0 
687 -447 -212 0 
-510 359 -664 0 
-843 902 -634 0 
994 340 417 0 
868 146 -863 0 
-486 -626 -158 0 
-924 619 926 0 
-34 -6 -820 0 
136 698 566 0 
919 -790 678 0 
-117 532 -865 0 
647 568 -679 0 
-761 446 -365 0 
-436 636 250 0 
669 647 -79 0 
377 895 -606 0 
548 -141 -643 0 
-705 170 -106 0 
982 79 -496 0 
248 201 220 0 
242 742 -456 0 
-902 -768 16 0 
377 650 -580 0 
25 831 -622 0 
-187 903 -949 0 
657 729 -764 0 
833 129 17 0 
-536 -87 -162 0 
-587 -104 -891 0 
363 1000 362 0 
306 387 -428 0 
273 -637 -822 0 
-427 -396 -581 0 
166 -582 -189 0 
696 -869 410 0 
385 356 326 0 
564 3 592 0 
624 431 -769 0 
837 994 -863 0 
540 149 -946 0 
-666 806 -738 0 
658 -634 -383 0 
-255 806 579 0 
-60 169 259 0 
177 439 -27 0 
715 -371 449 0 
60 481 -689 0 
-202 27 -779 0 
-474 299 -366 0 
761 686 667 0 
210 229 -879 0 
-823 -849 678 0 
736 566 11 0 
748 830 -584 0 
-55 125 598 0 
-964 648 -760 0 
-868 -562 -816 0 
-310 884 -106 0 
-742 270 760 0 
-498 -291 227 0 
-620 425 968 0 
-123 644 667 0 
-593 923 586 0 
-636 -831 -312 0 
445 225 403 0 
448 -381 -252 0 
614 -823 -114 0 
-766 -199 -730 0 
-244 -176 -136 0 
-764 -17 -161 0 
-583 -815 160 0 
-900 49 -229 0 
869 903 154 0 
-36 129 505 0 
-693 949 151 0 
184 -322 509 0 
76 -688 275 0 
426 -561 -974 0 
-933 431 -399 0 
-159 117 99 0 
102 936 -783 0 
-499 -465 802 0 
-19 -446 555 0 
462 69 -947 0 
-80 452 349 0 
-914 -183 -246 0 
285 792 37 0 
-43 938 -689 0 
-969 -174 708 0 
943 -506 -451 0 
505 -793 -989 0 
-151 219 -865 0 
-467 -392 -977 0 
-650 -393 -605 0 
-440 -639 -334 0 
-334 710 -319 0 
-219 13 -234 0 
-785 656 -269 0 
580 802 -169 0 
607 452 -351 0 
-210 -13 442 0 
174 603 701 0 
-301 -459 511 0 
541 -287 -908 0 
-994 720 213 0 
-674 660 -300 0 
-710 325 -180 0 
320 -149 -991 0 
-626 -641 658 0 
-49 7 -316 0 
849 817 55 0 
83 822 -772 0 
-858 370 902 0 
-174 304 -879 0 
-380 949 134 0 
209 777 -361 0 
55 995 -285 0 
-963 -336 916 0 
116 -377 -72 0 
961 -675 891 0 
631 -621 -758 0 
-504 269 -368 0 
-343 -162 -256 0 
290 -772 650 0 
83 -698 407 0 
84 630 814 0 
-199 260 -533 0 
-407 830 926 0 
-518 466 533 0 
394 -494 93 0 
-592 -517 107 0 
592 810 -488 0 
-423 -907 -384 0 
-983 -895 -125 0 
858 -257 -215 0 
-431 559 423 0 
342 216 -85 0 
-787 513 -185 0 
-394 -900 -311 0 
-723 620 126 0 
647 -947 968 0 
-539 250 960 0 
275 -55 479 0 
232 48 -703 0 
388 -347 877 0 
904 -398 -871 0 
286 -799 866 0 
-600 -434 729 0 
-683 -745 -803 0 
518 -13 -671 0 
-472 -614 -453 0 
350 379 -741 0 
-769 -444 240 0 
-38 -182 -699 0 
-849 932 -275 0 
-109 831 -87 0 
267 -472 924 0 
-485 -339 -60 0 
-621 705 385 0 
-626 834 970 0 
359 378 -372 0 
94 79 811 0 
798 -692 852 0 
-115 151 445 0 
259 -593 216 0 
308 -93 -527 0 
-459 -577 549 0 
-612 79 -878 0 
-97 -648 669 0 
647 -220 -864 0 
-223 847 570 0 
-879 -721 -907 0 
278 136 819 0 
359 -722 -300 0 
705 -553 857 0 
-846 -335 9 0 
661 -757 -851 0 
-779 888 292 0 
-892 -607 342 0 
399 -977 -927 0 
339 -611 132 0 
-459 -901 316 0 
-113 668 -154 0 
927 31 638 0 
-359 421 587 0 
-96 -271 -887 0 
-604 -707 96 0 
732 704 286 0 
-975 886 662 0 
-558 -759 849 0 
-590 45 511 0 
-705 342 -685 0 
-148 -485 161 0 
685 352 -966 0 
847 680 -320 0 
671 660 221 0 
-598 -38 645 0 
-333 -477 -963 0 
-636 896 262 0 
72 87 -869 0 
351 158 519 0 
-768 905 -846 0 
-983 449 -258 0 
219 -457 529 0 
109 -192 -470 0 
611 689 692 0 
-119 -298 -471 0 
-21 352 558 0 
-162 -74 -761 0 
354 586 -706 0 
623 2 833 0 
-353 -462 244 0 
373 648 546 0 
819 -404 -542 0 
-485 582 -135 0 
704 -847 -561 0 
-643 -245 466 0 
572 582 -575 0 
-594 -992 105 0 
819 417 -623 0 
-94 -440 -832 0 
548 22 -461 0 
409 -57 -358 0 
-707 356 -621 0 
-906 791 -565 0 
890 423 -814 0 
-631 400 -14 0 
48 540 -717 0 
10 -659 -905 0 
-480 -688 -860 0 
885 -982 -911 0 
205 102 -819 0 
-456 -168 -373 0 
322 952 287 0 
915 -839 440 0 
-950 243 124 0 
715 -643 -846 0 
340 714 -42 0 
238 -682 -396 0 
175 955 946 0 
-254 -318 -348 0 
567 -785 -582 0 
-959 -271 -404 0 
-981 877 919 0 
-289 540 342 0 
-719 -913 319 0 
452 548 760 0 
-728 -165 -610 0 
23 -491 406 0 
616 360 54 0 
813 -893 -52 0 
-754 427 -450 0 
-20 691 -736 0 
-446 -757 -266 0 
-278 -696 235 0 
-88 366 -765 0 
-765 820 801 0 
-940 -629 180 0 
-712 -986 -913 0 
-202 307 329 0 
726 867 -269 0 
-947 905 -316 0 
-822 -632 -361 0 
745 -779 225 0 
-261 -188 -124 0 
-864 203 -725 0 
921 -485 877 0 
-953 496 -990 0 
-917 815 184 0 
-765 -109 -947 0 
798 -366 -230 0 
140 957 230 0 
-855 -64 -896 0 
-668 908 -367 0 
-806 533 352 0 
137 239 -511 0 
-986 -7 -597 0 
70 -629 -843 0 
652 -630 -263 0 
-720 785 995 0 
-281 -997 303 0 
738 -699 841 0 
-300 -686 900 0 
-21 607 -346 0 
445 226 378 0 
130 -980 514 0 
-777 -76 -382 0 
272 425 356 0 
-467 -511 -898 0 
748 -994 -288 0 
-919 -112 -963 0 
-146 932 -301 0 
235 -483 91 0 
-297 -113 547 0 
270 675 959 0 
-497 566 -698 0 
631 521 -146 0 
919 -762 -338 0 
145 -673 -427 0 
-982 903 -955 0 
492 -248 -489 0 
335 -100 -763 0 
107 870 550 0 
575 -231 480 0 
-703 929 -592 0 
107 -531 500 0 
-631 -279 -539 0 
734 263 393 0 
927 -289 554 0 
-197 -816 -729 0 
716 626 -594 0 
-130 850 -589 0 
-625 -80 671 0 
948 956 62 0 
224 546 -348 0 
260 -949 31 0 
-98 756 917 0 
381 -800 -387 0 
-21 -270 479 0 
-785 685 929 0 
109 101 -283 0 
-664 -692 -838 0 
57 -145 939 0 
-846 -228 -808 0 
-292 -242 -984 0 
-621 739 -71 0 
921 -663 -169 0 
-404 680 563 0 
-230 408 -323 0 
-95 531 880 0 
559 840 -100 0 
529 -5 -212 0 
-690 -347 -431 0 
-556 -28 -941 0 
943 454 -91 0 
948 632 -181 0 
66 -604 418 0 
-772 -559 256 0 
-194 -2 75 0 
18 -140 -696 0 
-37 713 525 0 
471 -88 -986 0 
-547 -896 -438 0 
987 -727 942 0 
-604 -378 949 0 
31 716 -648 0 
-431 -695 -207 0 
995 1000 165 0 
-427 295 360 0 
763 852 73 0 
931 -238 923 0 
-574 84 -938 0 
-594 -708 -254 0 
-286 583 -358 0 
67 -185 -984 0 
986 -62 -765 0 
935 -588 494 0 
23 335 -672 0 
633 -455 321 0 
479 490 -569 0 
852 385 784 0 
289 -564 61 0 
83 -390 -927 0 
595 -293 837 0 
357 322 -711 0 
898 544 -788 0 
320 -141 622 0 
-597 -749 981 0 
849 -154 -429 0 
-554 1 -82 0 
873 509 -486 0 
-288 658 478 0 
101 290 -279 0 
-974 561 -265 0 
-887 -314 968 0 
359 254 -625 0 
789 -824 -702 0 
-552 -262 840 0 
38 128 -412 0 
362 -13 63 0 
452 -103 451 0 
388 610 -756 0 
742 319 77 0 
-720 -913 -933 0 
-390 -655 -736 0 
-11 181 406 0 
127 -287 695 0 
-500 442 -547 0 
303 284 -998 0 
228 180 455 0 
-341 -368 -351 0 
284 -859 364 0 
-50 -512 750 0 
28 921 758 0 
4 32 150 0 
-150 989 -56 0 
-772 -706 -755 0 
-968 403 929 0 
39 -507 -881 0 
-988 -613 282 0 
-987 184 -923 0 
-840 137 -608 0 
-867 753 -291 0 
-716 -373 998 0 
818 -995 -848 0 
-952 -580 -785 0 
434 -574 -118 0 
-267 249 -914 0 
-406 -960 -993 0 
-199 398 482 0 
-112 140 51 0 
467 593 370 0 
-383 -800 254 0 
-369 975 -172 0 
-374 -796 870 0 
669 -79 363 0 
-786 290 -199 0 
576 -810 12 0 
467 -822 594 0 
-220 457 869 0 
387 816 503 0 
560 -897 -821 0 
17 -844 -116 0 
-885 -87 -609 0 
-636 -522 618 0 
189 -933 -666 0 
215 -246 -218 0 
791 -849 60 0 
-762 238 937 0 
693 78 617 0 
909 632 -45 0 
383 -174 992 0 
580 -621 833 0 
-435 -42 423 0 
-176 933 -449 0 
-246 604 838 0 
-25 -608 100 0 
637 464 -172 0 
232 -263 -511 0 
762 -542 -727 0 
56 -417 712 0 
770 -382 452 0 
929 -597 -997 0 
281 -436 626 0 
332 -749 -524 0 
622 845 -646 0 
646 465 899 0 
521 -49 810 0 
-315 484 962 0 
418 -988 -613 0 
-881 434 -111 0 
694 42 424 0 
874 430 -689 0 
-812 -914 679 0 
-603 -141 652 0 
-447 836 -621 0 
-154 -946 708 0 
702 457 -583 0 
-773 445 -519 0 
771 276 253 0 
335 22 420 0 
-190 -868 849 0 
295 -159 540 0 
770 558 416 0 
-706 229 974 0 
-278 753 -885 0 
-670 -895 -355 0 
556 577 -511 0 
-69 -873 642 0 
78 -832 -981 0 
280 466 586 0 
-976 898 -680 0 
450 -880 -584 0 
865 -800 -336 0 
387 -336 -980 0 
-308 -920 -989 0 
-980 -951 -730 0 
711 -445 883 0 
-447 702 -473 0 
350 395 -783 0 
750 380 498 0 
-154 889 -863 0 
826 911 -29 0 
880 -746 371 0 
771 -292 175 0 
499 266 939 0 
705 934 -269 0 
603 126 153 0 
403 -587 -822 0 
-715 -11 -746 0 
-619 534 204 0 
-775 -601 -78 0 
902 -370 815 0 
-453 731 -95 0 
-363 882 -53 0 
356 858 525 0 
-677 -970 -935 0 
-383 285 -422 0 
-69 -708 409 0 
-605 824 70 0 
182 910 -168 0 
-728 827 -926 0 
124 460 -696 0 
-670 -379 380 0 
486 749 -887 0 
987 970 -821 0 
-886 -952 530 0 
-722 651 90 0 
894 301 383 0 
285 -792 234 0 
-827 -639 791 0 
-235 876 -78 0 
539 -270 -694 0 
813 -250 -852 0 
-906 -549 -761 0 
-123 -614 365 0 
-132 455 139 0 
219 791 -498 0 
983 102 909 0 
925 -741 -419 0 
-947 704 37 0 
-861 393 392 0 
231 -920 -934 0 
728 233 199 0 
-24 457 -772 0 
-435 168 397 0 
-605 -30 -370 0 
-476 584 737 0 
873 -925 940 0 
-175 -913 355 0 
-193 430 -368 0 
-516 891 -1000 0 
-851 -225 -568 0 
-416 744 953 0 
-750 616 824 0 
708 -215 -54 0 
8 -491 -200 0 
417 975 -484 0 
774 -145 321 0 
347 -870 428 0 
970 722 -835 0 
-669 -811 575 0 
708 -195 294 0 
-529 806 381 0 
628 -57 -582 0 
-524 623 775 0 
-616 -789 493 0 
-427 -917 -376 0 
79 426 -223 0 
592 282 503 0 
897 -134 -950 0 
-813 -786 -397 0 
396 -114 -598 0 
333 49 911 0 
-311 -424 736 0 
967 787 521 0 
756 -1000 -935 0 
900 -140 943 0 
-363 -640 -143 0 
493 181 -898 0 
-422 529 579 0 
-887 -444 -851 0 
874 797 -191 0 
431 -287 -548 0 
-563 822 -902 0 
558 629 -803 0 
-75 -218 -534 0 
-432 169 16 0 
-187 621 -556 0 
84 -693 906 0 
-87 -411 966 0 
644 309 -478 0 
-615 -822 -760 0 
702 373 -795 0 
-727 -828 25 0 
-739 15 -909 0 
-590 346 116 0 
557 387 -126 0 
172 464 678 0 
262 218 -973 0 
468 191 -758 0 
948 250 195 0 
736 136 -625 0 
-307 41 -604 0 
-550 209 652 0 
82 590 -246 0 
-531 984 -434 0 
186 303 -425 0 
768 -77 -727 0 
-737 65 514 0 
37 -388 600 0 
868 573 -732 0 
577 585 -844 0 
-596 -543 777 0 
818 521 -745 0 
811 208 149 0 
-331 -619 -50 0 
17 -530 -630 0 
960 517 -37 0 
-43 159 -362 0 
-506 762 -337 0 
-755 925 269 0 
-663 -266 -757 0 
-489 763 850 0 
-672 121 -717 0 
819 -27 -388 0 
-302 -72 878 0 
569 664 -142 0 
-306 -227 -868 0 
-591 137 197 0 
-656 -34 613 0 
-542 971 -870 0 
-43 679 951 0 
726 -9 902 0 
966 747 -742 0 
851 843 -321 0 
248 208 -937 0 
315 -69 -711 0 
268 179 -975 0 
-686 251 812 0 
-708 334 -721 0 
-596 -327 -977 0 
851 448 -199 0 
896 842 338 0 
-485 -699 -839 0 
468 -673 -360 0 
173 -449 -6 0 
-262 192 -162 0 
-170 -326 -657 0 
-423 -710 -723 0 
-855 -888 -704 0 
45 -245 686 0 
686 -431 -32 0 
192 188 -205 0 
983 -985 -80 0 
-434 -952 605 0 
125 197 -319 0 
-903 837 -121 0 
646 222 -599 0 
614 -344 -682 0 
659 253 830 0 
-905 -952 -151 0 
-378 609 -369 0 
583 986 -543 0 
-517 499 914 0 
-59 125 -359 0 
-34 -658 -401 0 
-184 -352 665 0 
-745 -958 824 0 
-674 -983 -492 0 
-196 -432 -250 0 
608 562 -183 0 
12 307 -699 0 
48 -650 -241 0 
-410 -670 -982 0 
-365 188 489 0 
120 -257 967 0 
653 -339 -759 0 
-283 159 197 0 
560 -619 -864 0 
226 -444 -223 0 
-679 979 917 0 
-475 782 -501 0 
627 684 -449 0 
516 181 668 0 
-968 -205 394 0 
478 253 -677 0 
-118 738 756 0 
750 -417 -488 0 
-418 254 -746 0 
-927 -328 919 0 
-961 715 555 0 
984 829 616 0 
135 360 217 0 
-887 -100 -867 0 
-306 -563 -98 0 
-950 963 353 0 
-905 -591 -528 0 
-66 -88 -665 0 
866 326 -948 0 
610 -427 604 0 
-910 -144 489 0 
-332 735 131 0 
165 31 511 0 
-154 -553 835 0 
442 346 -260 0 
811 -865 142 0 
211 849 952 0 
-630 471 -657 0 
146 675 -336 0 
752 246 419 0 
130 679 -351 0 
-507 180 -343 0 
566 -507 -387 0 
-857 -232 276 0 
643 -209 -144 0 
322 738 -154 0 
-800 -36 900 0 
232 254 91 0 
572 -962 -192 0 
-466 809 981 0 
505 -241 -384 0 
830 -459 227 0 
-503 -37 -413 0 
-307 -632 -112 0 
-516 -285 -509 0 
-222 -529 257 0 
595 -39 -541 0 
-890 666 -655 0 
215 -281 963 0 
-720 -969 296 0 
379 687 -3 0 
637 -274 -28 0 
379 108 -754 0 
-773 -41 217 0 
-30 130 -380 0 
141 -235 949 0 
429 356 573 0 
-260 75 -82 0 
-402 522 -569 0 
206 -675 -569 0 
-994 -472 -536 0 
907 -318 -203 0 
156 581 -641 0 
654 585 665 0 
816 488 -8 0 
-313 73 -818 0 
998 -979 -150 0 
-69 -564 -48 0 
421 -920 -819 0 
-258 753 -997 0 
-599 -761 -243 0 
767 928 418 0 
145 477 -638 0 
-543 273 -395 0 
-225 134 -700 0 
-295 -719 443 0 
521 -307 -400 0 
-959 -577 -378 0 
965 -804 768 0 
389 896 802 0 
720 731 712 0 
-309 -47 -411 0 
289 197 675 0 
-342 150 -750 0 
820 445 -568 0 
82 204 -203 0 
80 -367 551 0 
152 760 -609 0 
400 -688 316 0 
93 -439 -440 0 
-268 -548 -756 0 
819 -14 685 0 
-154 919 -746 0 
-553 839 45 0 
418 179 -343 0 
-495 -382 884 0 
581 -793 -850 0 
-727 -428 954 0 
771 -400 -821 0 
-78 384 747 0 
461 551 -227 0 
-45 -402 166 0 
708 -390 -734 0 
757 -931 -20 0 
13 18 869 0 
-842 709 -791 0 
-386 929 -916 0 
-455 329 -856 0 
676 -64 952 0 
-743 220 -136 0 
-855 631 -280 0 
679 771 709 0 
49 -69 633 0 
-691 -330 -333 0 
887 932 -59 0 
140 -423 -309 0 
46 -170 981 0 
-62 -246 -220 0 
188 -418 336 0 
-564 -713 -145 0 
982 300 -472 0 
-861 -543 511 0 
124 -113 -146 0 
537 139 828 0 
-568 569 -141 0 
89 -355 -956 0 
-312 -746 -926 0 
-128 320 -745 0 
-415 1 -283 0 
-568 550 665 0 
-73 -369 -219 0 
-877 -838 593 0 
86 571 509 0 
324 -169 -776 0 
-935 -591 410 0 
986 988 78 0 
-478 404 140 0 
-335 509 719 0 
77 -313 963 0 
-210 550 -159 0 
-651 239 -236 0 
-449 135 -118 0 
-46 -698 971 0 
544 -149 917 0 
-753 -422 629 0 
-794 63 -710 0 
-102 849 -996 0 
-147 -811 -943 0 
792 -609 -816 0 
992 -503 -653 0 
528 311 680 0 
450 -968 717 0 
193 -627 -77 0 
309 101 399 0 
357 -503 -34 0 
991 -839 -754 0 
-725 -294 -454 0 
-496 -444 610 0 
-326 -775 -79 0 
-400 -408 -483 0 
-704 401 -549 0 
41 -872 629 0 
-330 -994 -557 0 
490 -84 -389 0 
275 556 344 0 
-749 -681 -656 0 
-255 -516 223 0 
437 -36 -134 0 
937 -767 128 0 
874 -482 571 0 
-756 34 -219 0 
252 -554 335 0 
-706 560 643 0 
-96 -668 -309 0 
560 909 -753 0 
-400 -550 784 0 
-999 -19 -537 0 
-236 -969 330 0 
-52 -737 196 0 
-70 745 881 0 
-288 677 684 0 
519 471 -881 0 
815 282 -332 0 
130 -999 -450 0 
528 323 82 0 
201 -270 507 0 
-963 13 907 0 
-662 580 -678 0 
345 -835 -758 0 
-422 559 -717 0 
50 912 486 0 
-856 457 869 0 
584 54 735 0 
-947 -110 -375 0 
-715 381 604 0 
397 435 -784 0 
-952 59 502 0 
-800 485 -25 0 
-115 635 -193 0 
-432 457 122 0 
-746 -835 -690 0 
359 -808 -267 0 
-747 -996 523 0 
-220 829 -107 0 
521 -234 -860 0 
-169 482 285 0 
875 261 914 0 
648 433 394 0 
-741 -176 467 0 
-700 324 -27 0 
-230 -977 -829 0 
304 446 -880 0 
259 903 848 0 
172 -855 231 0 
-358 724 420 0 
370 -403 -256 0 
256 -146 507 0 
-98 -576 -83 0 
221 -427 -621 0 
790 -429 923 0 
-385 375 152 0 
826 874 644 0 
-725 -560 572 0 
-992 934 873 0 
-306 623 -477 0 
-340 17 -605 0 
286 -122 -508 0 
440 942 -527 0 
888 -569 665 0 
-426 371 352 0 
-837 -878 -888 0 
-682 938 -550 0 
679 -736 -463 0 
-566 -476 -113 0 
23 -722 947 0 
-909 592 682 0 
950 12 -142 0 
-320 -301 -674 0 
433 686 -837 0 
751 -969 -889 0 
959 -271 -125 0 
772 602 935 0 
-351 -110 -516 0 
-817 429 731 0 
-977 809 639 0 
899 54 -289 0 
-124 -569 -404 0 
901 -270 -129 0 
-10 -582 624 0 
-784 38 1000 0 
-39 584 267 0 
923 373 -634 0 
-970 935 783 0 
-813 773 932 0 
-786 -742 -312 0 
-667 -545 -903 0 
105 -106 -382 0 
-905 -810 754 0 
-324 -74 588 0 
334 -193 -860 0 
-786 996 -390 0 
706 -322 976 0 
976 -459 673 0 
820 300 287 0 
20 -177 252 0 
-501 -249 824 0 
874 673 -390 0 
-91 -728 324 0 
-570 291 6 0 
422 391 538 0 
649 124 -72 0 
-161 -348 -943 0 
-533 507 597 0 
276 26 74 0 
-905 221 -727 0 
-753 899 930 0 
-611 -793 -13 0 
-266 -459 -710 0 
-87 -287 13 0 
465 377 -878 0 
-453 291 345 0 
-194 557 -708 0 
590 -770 -261 0 
-332 -16 -559 0 
146 391 -686 0 
766 547 -721 0 
-69 -873 -742 0 
-856 735 891 0 
40 377 436 0 
-543 -485 192 0 
-61 947 -667 0 
257 -348 -80 0 
201 -387 -906 0 
-397 457 970 0 
21 118 246 0 
-111 121 729 0 
-195 950 -443 0 
-461 -928 133 0 
-573 625 48 0 
-190 384 -2 0 
955 -322 754 0 
213 -994 -534 0 
-786 -944 617 0 
-566 -73 239 0 
-373 36 97 0 
-369 424 -365 0 
925 -487 170 0 
-315 398 -333 0 
-122 -722 938 0 
515 -794 -885 0 
-622 695 18 0 
-84 -806 247 0 
873 522 -473 0 
-326 869 -773 0 
834 473 60 0 
-928 -162 -901 0 
-107 -705 -89 0 
329 467 582 0 
-857 -725 -136 0 
54 -265 901 0 
-249 73 -202 0 
-890 893 111 0 
904 -94 547 0 
-478 857 -256 0 
891 937 -152 0 
-911 -344 -515 0 
904 192 578 0 
517 103 -1000 0 
631 698 13 0 
-368 -549 572 0 
-832 418 -770 0 
-565 -334 878 0 
44 -264 125 0 
104 -419 -820 0 
255 -52 87 0 
560 -842 -754 0 
45 103 614 0 
182 -696 705 0 
487 -105 -409 0 
-470 -730 -667 0 
323 754 -99 0 
-249 835 -538 0 
-503 552 -775 0 
122 407 -543 0 
-892 226 849 0 
-838 395 128 0 
500 -466 112 0 
217 889 -731 0 
-314 -993 981 0 
-438 439 134 0 
-671 905 748 0 
-139 436 -836 0 
683 -724 801 0 
449 -35 896 0 
136 -962 -226 0 
192 -384 368 0 
329 -6 -859 0 
570 915 -787 0 
690 -227 821 0 
438 80 -434 0 
-113 -507 690 0 
-805 -693 -416 0 
308 -32 602 0 
888 -319 -327 0 
-316 -453 372 0 
745 712 219 0 
-692 117 -615 0 
192 -42 206 0 
525 622 959 0 
-516 -601 586 0 
356 49 980 0 
809 -211 379 0 
-515 447 349 0 
-889 -245 -694 0 
816 -851 784 0 
-245 -811 815 0 
-124 519 848 0 
985 852 -525 0 
203 -768 313 0 
232 -556 -911 0 
152 306 -545 0 
284 711 -602 0 
75 117 -976 0 
-377 998 -481 0 
131 154 677 0 
250 720 48 0 
818 -701 -855 0 
26 814 -573 0 
-186 -573 -673 0 
736 602 -251 0 
698 438 919 0 
-552 715 219 0 
150 -589 -997 0 
544 -3 725 0 
789 -87 -495 0 
-451 -406 -187 0 
-819 -927 78 0 
245 619 102 0 
-441 -89 78 0 
151 -549 145 0 
-333 892 -770 0 
116 -285 -522 0 
-650 -894 -513 0 
-260 -544 422 0 
774 296 -523 0 
-139 -24 120 0 
585 318 -321 0 
420 -458 -571 0 
441 -743 -240 0 
86 38 435 0 
176 903 -366 0 
330 759 791 0 
-465 88 -621 0 
646 96 249 0 
375 34 -4 0 
-936 393 8 0 
711 -779 -450 0 
850 214 7 0 
-145 -207 921 0 
110 135 -616 0 
-826 -696 -315 0 
-23 827 -171 0 
-393 -463 363 0 
-817 -20 -114 0 
-179 478 480 0 
-53 321 -547 0 
-729 -330 318 0 
-692 -276 -660 0 
-53 97 -702 0 
-323 -624 865 0 
-564 557 -9 0 
549 433 -138 0 
588 345 933 0 
-270 -475 563 0 
825 488 -93 0 
-370 -829 425 0 
-187 -415 -820 0 
15 55 -537 0 
417 -958 -159 0 
349 -412 950 0 
594 508 -541 0 
-521 -258 944 0 
529 833 974 0 
-438 -658 -521 0 
89 -249 685 0 
-736 577 309 0 
12 915 101 0 
-794 658 699 0 
424 28 -659 0 
392 498 50 0 
341 -825 61 0 
-761 -271 -184 0 
-341 525 -158 0 
798 -560 -5 0 
-492 -739 -857 0 
206 -683 321 0 
-338 171 -860 0 
-622 -734 585 0 
-302 -348 930 0 
43 -887 -712 0 
786 315 586 0 
789 -339 -657 0 
177 -109 424 0 
-880 -759 296 0 
302 -299 -43 0 
-866 -927 130 0 
-818 777 -749 0 
728 -620 -517 0 
-982 854 337 0 
328 -178 127 0 
482 383 43 0 
95 525 -567 0 
690 153 -787 0 
-761 -444 838 0 
589 -800 -415 0 
678 677 -775 0 
139 256 -872 0 
-835 919 72 0 
-273 804 869 0 
60 171 -302 0 
410 785 903 0 
-793 719 -126 0 
-94 -867 -148 0 
-805 -611 302 0 
-733 12 -276 0 
-133 -600 -904 0 
796 -665 375 0 
-189 -174 904 0 
921 957 917 0 
-217 139 -846 0 
373 55 295 0 
-634 -928 -52 0 
-510 -546 -44 0 
832 556 -617 0 
66 -264 718 0 
87 898 -662 0 
-116 132 -786 0 
-807 949 948 0 
-951 -650 948 0 
-923 -515 563 0 
49 -229 -923 0 
-549 346 -174 0 
-599 -102 -877 0 
-521 436 114 0 
-687 -698 -911 0 
-905 239 953 0 
855 -195 -215 0 
-891 32 36 0 
-949 417 -68 0 
-224 -293 -950 0 
-99 674 -665 0 
975 -758 129 0 
894 -271 -934 0 
872 -69 525 0 
-507 -214 -637 0 
64 289 652 0 
-22 -523 -234 0 
-38 -137 -683 0 
-128 181 602 0 
231 -143 521 0 
-206 -703 -905 0 
52 16 -832 0 
37 409 541 0 
-848 557 245 0 
224 -706 -640 0 
319 -91 -461 0 
-973 -375 -788 0 
-148 422 513 0 
-403 -580 539 0 
962 -567 434 0 
-1 -896 -849 0 
350 424 586 0 
221 -976 114 0 
-405 958 709 0 
-217 -77 482 0 
-369 -488 -366 0 
567 492 275 0 
93 710 765 0 
451 -923 365 0 
-610 -400 124 0 
-985 -987 -710 0 
-95 -31 -6 0 
-903 394 -847 0 
540 561 -560 0 
94 624 477 0 
-88 -713 -902 0 
756 388 175 0 
208 43 -706 0 
53 -26 -125 0 
780 -293 135 0 
538 -393 -550 0 
-258 -133 397 0 
623 -826 -229 0 
600 601 -264 0 
462 -666 982 0 
-520 -841 654 0 
644 -460 -719 0 
387 -941 -47 0 
593 -720 408 0 
-357 178 -692 0 
846 159 -874 0 
-549 -47 765 0 
-472 279 -1 0 
138 -430 -218 0 
429 -149 998 0 
-523 -275 339 0 
435 -655 287 0 
881 -434 -576 0 
5 -856 -388 0 
-721 -33 672 0 
-549 503 470 0 
-683 822 -212 0 
-726 -439 594 0 
-903 113 307 0 
852 453 -912 0 
-619 -417 777 0 
-275 -470 298 0 
-370 -776 444 0 
-291 -143 -150 0 
158 -493 162 0 
-179 46 -643 0 
679 304 231 0 
-550 -396 -659 0 
-67 -868 -871 0 
-934 708 391 0 
-43 -536 525 0 
72 645 573 0 
323 -838 -15 0 
242 729 -252 0 
-536 -733 -225 0 
-637 -218 -257 0 
-238 888 841 0 
973 766 811 0 
-864 500 -478 0 
310 609 966 0 
-647 65 -583 0 
741 902 -934 0 
114 458 303 0 
4 864 222 0 
351 -161 -564 0 
955 -454 -811 0 
-298 896 820 0 
-592 958 932 0 
513 217 -161 0 
