p cnf 1000 2800
-151 -678 345 0 
580 349 679 0 
-143 -455 -348 0 
552 -699 -594 0 
-895 -288 89 0 
814 -915 808 0 
-462 -285 796 0 
-459 -460 827 0 
-247 -23 -710 0 
547 473 269 0 
-804 -19 439 0 
83 843 -461 0 
836 -149 440 0 
-484 269 548 0 
149 390 79 0 
414 296 936 0 
-745 269 -805 0 
580 -145 216 0 
-592 -769 54 0 
821 452 -356 0 
140 -626 -677 0 
819 243 208 0 
-682 976 937 0 
173 707 -432 0 
589 -534 -505 0 
-756 856 392 0 
986 454 92 0 
245 446 223 0 
301 -579 -342 0 
-627 332 895 0 
-45 -801 159 0 
204 65 -118 0 
-614 336 887 0 
200 39 330 0 
74 695 267 0 
-127 -43 -238 0 
-84 -149 -215 0 
345 -920 402 0 
-495 -822 778 0 
381 -63 -669 0 
763 -647 618 0 
-577 295 -767 0 
-630 -628 -884 0 
904 -422 746 0 
564 124 -976 0 
-947 377 306 0 
-43 -707 -552 0 
-276 -125 -247 0 
577 -706 -763 0 
60 -389 851 0 
-820 -651 -443 0 
320 469 -951 0 
-503 -964 -85 0 
779 739 876 0 
631 -946 742 0 
-544 737 198 0 
-774 117 -863 0 
-578 -348 21 0 
-225 683 871 0 
-246 744 264 0 
-500 -495 -905 0 
-797 284 -514 0 
709 -458 464 0 
795 -564 385 0 
52 -972 -50 0 
688 -712 639 0 
194 -27 -51 0 
189 -581 860 0 
131 682 -916 0 
-996 -195 -80 0 
893 269 -416 0 
419 190 -979 0 
-379 654 897 0 
-360 -300 805 0 
734 176 -480 0 
-840 -693 202 0 
693 62 112 0 
-826 649 359 0 
-349 358 243 0 
112 -17 212 0 
-605 -686 -220 0 
30 -158 -583 0 
-473 -21 532 0 
38 -89 110 0 
763 -595 -291 0 
346 -771 516 0 
-784 821 375 0 
705 606 -56 0 
-575 -19 578 0 
946 948 413 0 
-597 -696 520 0 
760 -925 -755 0 
30 -149 -410 0 
-461 -696 -146 0 
924 548 -966 0 
-62 -595 276 0 
440 263 104 0 
794 -838 -470 0 
164 70 -146 0 
-288 517 269 0 
227 169 -624 0 
94 -678 130 0 
673 159 -433 0 
-538 688 -246 0 
697 519 -491 0 
-84 -198 -713 0 
382 -401 -210 0 
18 -518 -162 0 
76 -27 479 0 
-533 950 -691 0 
-368 -38 -493 0 
-599 -533 -26 0 
-378 -372 -454 0 
-55 -138 968 0 
771 142 5 0 
186 951 -709 0 
669 -505 241 0 
756 -188 456 0 
-362 183 -723 0 
-273 366 -904 0 
-485 648 -462 0 
-989 -771 966 0 
-676 448 -485 0 
754 121 -175 0 
117 -645 -90 0 
-824 -313 -250 0 
858 242 -959 0 
87 -13 -232 0 
-7 -311 -28 0 
-905 -282 975 0 
630 -47 -949 0 
138 238 -202 0 
476 -733 631 0 
-648 -948 706 0 
724 -228 -306 0 
290 62 -50 0 
630 283 -988 0 
257 -802 -775 0 
539 440 889 0 
-853 -953 464 0 
888 611 986 0 
-103 -691 851 0 
-317 -63 788 0 
597 428 493 0 
920 -548 -816 0 
-900 317 822 0 
-60 448 741 0 
121 -785 -771 0 
-690 530 -187 0 
660 107 915 0 
423 -178 -89 0 
585 -59 -819 0 
-224 74 622 0 
600 -905 141 0 
-561 -960 820 0 
-267 79 -581 0 
-918 858 589 0 
557 -177 -922 0 
-669 -527 559 0 
757 -893 583 0 
-604 -372 -966 0 
659 621 221 0 
-155 314 -915 0 
-910 95 -765 0 
-121 -547 221 0 
-650 -892 -661 0 
-927 2 -755 0 
-915 719 -75 0 
204 31 -691 0 
5 -571 -874 0 
-928 791 13 0 
-789 959 897 0 
-802 222 323 0 
429 986 240 0 
440 213 735 0 
178 464 -201 0 
995 -460 -913 0 
-729 -270 -509 0 
961 688 -197 0 
368 -140 393 0 
355 -778 684 0 
-998 228 -23 0 
-893 208 -499 0 
128 224 703 0 
-146 -423 -340 0 
-780 -256 76 0 
159 541 -251 0 
502 113 -666 0 
-985 849 -971 0 
-251 -328 -468 0 
63 -529 867 0 
-911 22 641 0 
-389 19 347 0 
64 526 716 0 
337 -198 -623 0 
798 63 -226 0 
148 78 964 0 
669 861 725 0 
786 -175 -855 0 
738 945 -814 0 
803 -479 -642 0 
-938 -832 240 0 
947 -284 491 0 
948 -596 898 0 
998 119 -385 0 
196 98 829 0 
177 469 -629 0 
-99 633 90 0 
-202 -348 248 0 
728 317 723 0 
802 93 -123 0 
-707 -479 -192 0 
624 -913 315 0 
-804 -533 559 0 
263 -141 962 0 
817 -484 649 0 
-37 989 450 0 
-939 -543 -504 0 
204 -87 -308 0 
630 936 915 0 
-296 -587 -557 0 
634 955 753 0 
-363 -56 -677 0 
169 -752 -172 0 
582 276 -213 0 
80 61 753 0 
-38 -222 951 0 
-329 996 918 0 
394 -250 816 0 
160 -673 -657 0 
-595 327 588 0 
-521 196 991 0 
-613 -820 147 0 
883 574 -976 0 
-179 376 -704 0 
58 -119 355 0 
939 13 908 0 
-932 -702 -115 0 
-344 632 189 0 
-885 310 557 0 
-600 849 -456 0 
-513 -262 261 0 
-688 418 86 0 
238 -397 -86 0 
-943 -760 262 0 
-768 210 582 0 
244 569 349 0 
598 -637 -346 0 
464 -797 575 0 
-352 -457 -484 0 
879 -684 464 0 
180 156 -193 0 
-331 -117 607 0 
922 -108 -893 0 
-792 455 -542 0 
897 882 -203 0 
908 937 -981 0 
83 -532 -811 0 
587 -655 41 0 
729 49 388 0 
-908 -302 345 0 
309 -392 -598 0 
326 764 -876 0 
-224 -570 390 0 
850 -453 -535 0 
-597 -668 488 0 
87 115 -630 0 
-74 478 -380 0 
-974 -972 -582 0 
878 601 -161 0 
-432 -481 431 0 
-781 -664 -498 0 
-611 -402 -228 0 
-226 396 187 0 
-742 681 949 0 
182 -424 745 0 
773 -723 -272 0 
627 938 -509 0 
106 -405 -814 0 
-98 -145 -177 0 
-101 -967 -167 0 
-990 -946 -45 0 
675 571 313 0 
-740 -999 -559 0 
-889 -229 -519 0 
212 -731 442 0 
436 366 -201 0 
302 795 777 0 
637 -168 644 0 
-803 669 -996 0 
-858 -268 521 0 
-813 186 540 0 
935 -74 -696 0 
262 -836 136 0 
307 -691 -565 0 
341 -952 -170 0 
111 851 74 0 
348 151 -948 0 
169 404 -349 0 
-390 603 -642 0 
763 174 108 0 
-38 -260 -228 0 
-656 -852 173 0 
7 -643 -98 0 
-5 195 558 0 
-636 -457 429 0 
-344 -295 399 0 
450 -52 369 0 
-390 612 873 0 
156 -995 919 0 
-907 -981 524 0 
591 81 158 0 
984 672 998 0 
410 485 -76 0 
217 77 -727 0 
641 860 -670 0 
-733 -787 -766 0 
-243 -225 470 0 
-773 -993 981 0 
-81 -435 666 0 
806 790 -66 0 
187 52 403 0 
694 -812 -554 0 
880 -633 -655 0 
-289 -268 42 0 
-317 -676 616 0 
671 -224 742 0 
12 -970 173 0 
670 99 334 0 
858 -881 -955 0 
-778 -887 947 0 
136 -403 2 0 
895 -624 -96 0 
717 386 -516 0 
447 722 237 0 
253 -642 -525 0 
556 -20 355 0 
244 182 -193 0 
456 155 964 0 
345 -460 -928 0 
-178 159 869 0 
160 -831 -110 0 
-607 26 -378 0 
428 -782 -335 0 
-177 -569 364 0 
323 -737 -89 0 
-649 -491 -794 0 
523 -909 935 0 
408 43 -193 0 
-307 -464 977 0 
406 863 517 0 
-221 -10 -539 0 
-114 -151 965 0 
133 452 6 0 
-708 796 304 0 
881 -741 660 0 
-984 154 802 0 
880 -656 -664 0 
844 -301 -58 0 
-451 247 -474 0 
455 -244 -652 0 
-945 991 -943 0 
-689 217 956 0 
-905 -495 -409 0 
-598 -107 -265 0 
303 281 328 0 
-378 -483 -640 0 
405 -709 918 0 
401 -979 -960 0 
-179 574 885 0 
592 841 -719 0 
-993 279 338 0 
902 -398 -276 0 
-495 463 -133 0 
-22 -436 -276 0 
-500 637 880 0 
-769 -901 -502 0 
-599 -831 -282 0 
-755 -94 -682 0 
826 -161 291 0 
848 540 634 0 
453 -572 141 0 
803 -603 -670 0 
619 -625 256 0 
-549 -791 -348 0 
-970 220 -142 0 
381 -2 490 0 
840 551 663 0 
65 648 -738 0 
456 79 518 0 
-679 640 796 0 
-380 286 998 0 
101 71 757 0 
-364 -822 -618 0 
-845 -293 234 0 
16 659 465 0 
-809 468 -455 0 
833 277 777 0 
198 -124 -568 0 
-740 335 -144 0 
-304 535 -377 0 
143 983 -112 0 
958 594 792 0 
478 410 139 0 
-91 797 -655 0 
-447 -437 -296 0 
-839 531 433 0 
948 -346 704 0 
-513 6 897 0 
-956 -390 998 0 
-165 931 -77 0 
469 718 863 0 
-873 768 -571 0 
901 659 -5 0 
901 -268 -797 0 
-113 332 653 0 
251 217 100 0 
-95 -836 436 0 
124 -861 164 0 
-960 -901 900 0 
-274 521 -749 0 
689 927 -222 0 
-792 479 699 0 
234 -970 -93 0 
-89 -61 97 0 
-224 -284 -600 0 
942 777 -689 0 
-984 517 48 0 
566 828 -430 0 
-424 -716 -227 0 
385 604 -501 0 
729 -289 601 0 
846 -188 -857 0 
-448 946 -232 0 
261 -436 476 0 
-128 494 -258 0 
-195 -814 672 0 
52 -533 271 0 
-654 739 385 0 
-138 -171 -819 0 
721 857 -336 0 
-159 -265 820 0 
527 -113 594 0 
812 -802 77 0 
489 332 565 0 
492 -660 -340 0 
592 -164 316 0 
-950 -24 -453 0 
942 -778 993 0 
-621 -777 -835 0 
426 -348 968 0 
-188 917 465 0 
-381 814 633 0 
669 -578 -214 0 
-548 -443 277 0 
234 44 306 0 
-980 -908 -261 0 
-257 -652 275 0 
-824 560 -247 0 
946 494 109 0 
713 502 -128 0 
575 929 280 0 
-834 -677 636 0 
-584 -293 657 0 
-954 -170 478 0 
100 329 705 0 
-289 -708 -591 0 
477 428 363 0 
683 -952 58 0 
687 82 920 0 
561 131 -197 0 
-82 -101 976 0 
-833 527 -347 0 
449 -882 -532 0 
-107 -67 268 0 
-921 532 94 0 
-501 275 827 0 
-598 517 -298 0 
-244 -214 -433 0 
493 405 -577 0 
53 -890 -642 0 
771 -259 -672 0 
831 -309 -86 0 
387 -984 -475 0 
498 -214 -553 0 
697 729 586 0 
-391 -561 898 0 
413 174 -939 0 
358 -882 -771 0 
-785 211 -13 0 
-36 67 690 0 
-233 -301 -906 0 
498 421 111 0 
-716 357 255 0 
-793 925 896 0 
-5 -524 -262 0 
281 221 381 0 
115 304 -57 0 
-455 -388 489 0 
-594 472 461 0 
475 -377 566 0 
374 180 -202 0 
-698 -889 -290 0 
930 -671 31 0 
-549 455 872 0 
-262 -278 -205 0 
914 -799 337 0 
-189 -333 766 0 
38 -808 -134 0 
-492 931 506 0 
-257 -196 -897 0 
-709 -533 857 0 
-719 -537 724 0 
781 -443 -745 0 
-555 -923 665 0 
688 48 -716 0 
755 -302 -164 0 
-599 787 -592 0 
-426 -795 -470 0 
753 144 -629 0 
263 664 885 0 
643 349 837 0 
-492 941 878 0 
-317 32 720 0 
-689 -444 607 0 
167 775 -627 0 
480 -251 490 0 
968 -849 492 0 
485 -928 288 0 
666 -194 -309 0 
-134 -583 691 0 
-29 138 -135 0 
693 -872 -756 0 
-465 346 -307 0 
-489 -908 -690 0 
-344 -559 -573 0 
-278 830 622 0 
-733 -1000 342 0 
354 270 821 0 
-186 94 -832 0 
-509 705 -713 0 
-309 -583 744 0 
-188 212 582 0 
-449 -210 880 0 
677 134 -183 0 
134 -542 -748 0 
-924 95 -796 0 
-975 602 -940 0 
509 822 -520 0 
-733 -462 -163 0 
-575 993 -710 0 
-81 117 -93 0 
331 -873 -658 0 
799 -272 370 0 
-771 -650 181 0 
938 -23 635 0 
272 848 -341 0 
-746 958 214 0 
-203 -925 496 0 
-695 6 234 0 
581 890 -321 0 
41 -527 415 0 
-820 432 -102 0 
-419 153 955 0 
-149 781 -665 0 
470 423 751 0 
-711 231 -848 0 
-729 329 -111 0 
-131 -112 -256 0 
-716 -752 -713 0 
612 -792 324 0 
-258 -582 886 0 
939 -806 822 0 
-253 834 166 0 
-863 521 -355 0 
696 -382 969 0 
414 -944 -794 0 
289 343 -258 0 
-491 -993 -338 0 
-137 397 633 0 
12 -949 -268 0 
-134 709 -203 0 
382 -580 542 0 
-362 -398 311 0 
519 -240 -149 0 
-880 -464 989 0 
932 -835 -235 0 
-154 758 -509 0 
684 142 -706 0 
-593 -443 -141 0 
309 -695 864 0 
-596 -319 -160 0 
-444 -83 305 0 
-104 601 -744 0 
-333 826 -135 0 
-681 -159 250 0 
-181 -475 552 0 
924 -600 -39 0 
750 -133 -726 0 
-359 194 858 0 
-721 -159 -932 0 
162 -235 216 0 
-604 -261 -197 0 
978 -802 -40 0 
-626 740 208 0 
-254 -311 981 0 
-522 709 339 0 
620 578 -310 0 
-742 942 624 0 
133 -30 -755 0 
-421 -506 81 0 
283 -919 -319 0 
254 -451 -694 0 
-322 -918 171 0 
34 567 533 0 
999 539 -833 0 
-622 342 980 0 
635 114 917 0 
308 -644 -123 0 
245 217 7 0 
534 -907 -330 0 
-867 -403 141 0 
977 916 677 0 
-762 -99 989 0 
-204 988 -910 0 
-436 -380 -942 0 
764 875 995 0 
-401 217 -94 0 
256 -889 -214 0 
-483 718 -835 0 
-783 -875 993 0 
826 516 -84 0 
946 649 -180 0 
950 659 928 0 
-678 683 -784 0 
119 580 -400 0 
-3 644 -335 0 
56 -422 -934 0 
233 472 -979 0 
-935 -17 -177 0 
-120 -975 653 0 
90 -468 976 0 
-709 464 -24 0 
790 721 286 0 
624 -320 186 0 
340 -704 857 0 
311 614 511 0 
-894 785 -289 0 
558 356 -600 0 
705 -258 -836 0 
-344 100 228 0 
596 267 939 0 
446 -792 860 0 
-266 -283 314 0 
-280 778 122 0 
216 784 901 0 
-214 317 -775 0 
701 -863 565 0 
-834 551 987 0 
283 -938 332 0 
-801 -967 862 0 
-565 191 -546 0 
-985 307 677 0 
825 84 -705 0 
51 -643 267 0 
-906 -405 648 0 
-865 -576 128 0 
371 -436 123 0 
724 258 681 0 
-986 -65 295 0 
-900 -15 -837 0 
-533 908 -389 0 
-826 -151 -199 0 
-112 281 154 0 
-886 -849 -699 0 
986 -694 -580 0 
-149 -224 958 0 
-188 -335 792 0 
-95 -863 587 0 
-632 -339 -666 0 
-725 866 167 0 
640 -381 -791 0 
-577 -462 -292 0 
888 -210 243 0 
178 478 -61 0 
-6 -289 52 0 
-142 115 -892 0 
130 -83 -107 0 
-997 -362 -598 0 
-348 40 -378 0 
442 534 190 0 
420 180 -488 0 
743 309 -603 0 
391 -188 -330 0 
-307 276 424 0 
-652 777 -382 0 
888 903 161 0 
695 -463 -420 0 
68 -820 99 0 
-912 -663 998 0 
-985 438 973 0 
758 -207 504 0 
804 -887 -825 0 
111 695 86 0 
-10 -735 -785 0 
625 103 437 0 
813 178 -949 0 
-691 -890 -286 0 
96 -844 221 0 
-144 -324 -999 0 
-727 97 674 0 
-902 529 -759 0 
-399 740 497 0 
-705 492 -239 0 
896 453 922 0 
870 -906 692 0 
386 -937 -198 0 
440 -699 456 0 
861 16 -350 0 
-779 -362 -970 0 
978 122 43 0 
-850 -202 424 0 
-857 575 189 0 
330 -94 -705 0 
637 906 416 0 
-401 -305 -333 0 
-469 910 -463 0 
-518 902 -697 0 
186 404 -283 0 
-832 1 469 0 
980 -538 -755 0 
-973 901 719 0 
-668 507 956 0 
493 703 722 0 
828 -455 643 0 
-201 -833 958 0 
-968 962 -11 0 
-917 2 176 0 
-200 -176 -412 0 
-470 -472 775 0 
-429 -889 533 0 
972 902 -3 0 
-44 481 931 0 
-498 -401 633 0 
-114 63 144 0 
916 240 -580 0 
795 494 -40 0 
566 -378 -305 0 
886 -433 663 0 
202 -542 -738 0 
-78 -176 659 0 
427 458 426 0 
665 558 685 0 
-25 -897 464 0 
-338 946 -29 0 
850 301 -175 0 
-71 74 -310 0 
-121 -528 741 0 
761 997 348 0 
-475 862 -326 0 
519 -912 -618 0 
-213 -541 862 0 
-136 823 -764 0 
-530 -997 971 0 
581 -664 792 0 
-419 -408 341 0 
-662 748 325 0 
-140 526 861 0 
890 -442 996 0 
-910 -216 -324 0 
903 -26 -696 0 
211 180 716 0 
141 -671 -533 0 
-232 531 -211 0 
671 -120 -81 0 
-521 544 -646 0 
155 634 -268 0 
374 -971 -191 0 
900 -292 -160 0 
-689 268 586 0 
-942 -994 -310 0 
-765 861 -576 0 
442 781 -808 0 
-972 477 841 0 
50 -485 280 0 
230 -449 750 0 
-287 553 926 0 
-521 -183 251 0 
705 -269 -678 0 
174 -760 -218 0 
623 642 -471 0 
810 -225 -203 0 
-503 -513 880 0 
-548 680 -495 0 
-73 972 -878 0 
549 149 -286 0 
-317 -979 180 0 
231 -548 -588 0 
943 -955 -739 0 
637 683 819 0 
-291 -130 756 0 
-710 -28 93 0 
279 405 -517 0 
-928 -468 -276 0 
-992 -624 758 0 
885 -218 957 0 
983 -628 394 0 
-163 -929 139 0 
19 835 54 0 
-380 -102 -49 0 
303 759 -597 0 
-361 211 -93 0 
-568 -521 73 0 
927 -646 491 0 
-324 297 -769 0 
-997 -882 -370 0 
-952 464 805 0 
-656 938 -770 0 
210 555 774 0 
-217 582 -270 0 
-762 -382 -335 0 
-584 -905 -43 0 
-492 288 -841 0 
463 301 997 0 
-868 653 840 0 
-843 300 -643 0 
-909 -123 -991 0 
993 52 -210 0 
201 16 -900 0 
-784 250 972 0 
-500 39 -546 0 
-451 211 970 0 
455 -289 -508 0 
-224 -321 -949 0 
73 925 662 0 
-291 -855 556 0 
-229 -258 -175 0 
100 753 243 0 
205 334 -868 0 
585 -341 -420 0 
-666 -43 527 0 
505 58 -757 0 
147 293 329 0 
106 53 616 0 
-175 282 -975 0 
-634 958 -189 0 
-936 -135 663 0 
580 -48 -717 0 
-296 274 850 0 
403 -451 -560 0 
-719 -22 -963 0 
-173 330 841 0 
-260 288 -974 0 
418 -784 -151 0 
421 -288 -386 0 
192 503 -82 0 
464 32 -219 0 
-507 580 -824 0 
522 334 -917 0 
-872 -384 879 0 
731 374 367 0 
649 -310 94 0 
-260 -182 348 0 
552 -696 -244 0 
-267 -735 939 0 
577 184 501 0 
280 485 315 0 
680 -621 -69 0 
-356 303 -729 0 
-584 63 -403 0 
47 970 707 0 
-277 -912 -884 0 
-852 106 171 0 
624 187 44 0 
718 130 715 0 
-849 952 88 0 
-938 140 -520 0 
-334 -537 752 0 
783 -265 -380 0 
145 927 414 0 
723 -809 118 0 
287 -251 -285 0 
-709 -569 111 0 
-286 562 -931 0 
317 -898 37 0 
-697 -549 748 0 
903 801 49 0 
-458 840 771 0 
10 407 -744 0 
539 -192 -133 0 
-262 -320 373 0 
513 -466 -246 0 
-186 724 -279 0 
651 -712 -973 0 
779 -385 780 0 
897 341 -364 0 
930 -796 629 0 
791 112 616 0 
-431 -246 649 0 
201 -74 -949 0 
416 757 -982 0 
355 -994 -158 0 
-600 -203 463 0 
-950 16 -621 0 
-936 -187 -952 0 
-189 175 809 0 
458 213 793 0 
-124 713 -871 0 
-657 71 340 0 
277 199 251 0 
867 -716 40 0 
170 -405 -252 0 
-862 71 -107 0 
617 728 370 0 
-144 186 634 0 
321 -563 -133 0 
-414 -179 336 0 
145 -232 113 0 
-269 -796 -784 0 
-578 819 250 0 
-656 346 599 0 
394 -204 406 0 
107 128 -981 0 
837 -108 509 0 
-875 397 -739 0 
679 -195 -937 0 
-596 627 -298 0 
-931 -984 417 0 
887 289 988 0 
200 -565 55 0 
-227 38 548 0 
909 713 -745 0 
619 -725 -49 0 
-947 394 -415 0 
967 -3 869 0 
15 -51 -958 0 
-310 -363 -343 0 
563 457 33 0 
22 696 -375 0 
453 -251 886 0 
680 909 200 0 
-206 -356 722 0 
127 -561 392 0 
174 844 38 0 
703 565 79 0 
-686 699 -745 0 
-445 -611 -846 0 
454 579 -210 0 
727 -919 105 0 
132 433 -742 0 
194 957 -534 0 
-467 633 221 0 
-964 829 514 0 
-893 653 503 0 
-473 161 -755 0 
-784 801 185 0 
153 951 457 0 
-152 796 162 0 
665 624 -725 0 
-442 -346 615 0 
88 562 951 0 
-771 183 152 0 
693 352 -502 0 
-83 -579 687 0 
-632 759 -644 0 
371 -892 -711 0 
381 -80 -115 0 
-477 -877 -872 0 
169 -556 392 0 
-717 848 -415 0 
-421 -956 21 0 
-769 -362 -24 0 
370 23 -812 0 
594 629 663 0 
462 -775 -263 0 
447 -464 437 0 
196 706 601 0 
-934 72 -586 0 
853 -291 682 0 
662 -866 599 0 
344 770 868 0 
-80 -207 435 0 
-390 -168 -802 0 
-270 -570 919 0 
219 244 -675 0 
739 799 671 0 
28 -681 997 0 
-705 -731 -892 0 
218 -802 -516 0 
-351 -567 -637 0 
-104 -944 -631 0 
102 299 -936 0 
665 -999 -430 0 
-702 228 -877 0 
-986 -453 -120 0 
-333 854 -233 0 
516 -157 589 0 
291 265 360 0 
68 269 -795 0 
463 -674 151 0 
749 -987 268 0 
-517 -310 -490 0 
655 517 -503 0 
213 -191 -70 0 
270 -355 -138 0 
-962 -288 540 0 
549 156 -337 0 
754 -958 -52 0 
-587 662 160 0 
666 242 -482 0 
-865 660 -369 0 
412 -979 655 0 
-738 151 -891 0 
451 -142 328 0 
494 577 -40 0 
-536 -400 -849 0 
-196 -954 647 0 
-833 -175 -303 0 
-154 -246 826 0 
862 101 -880 0 
-400 -362 -937 0 
70 -746 -864 0 
954 -227 -562 0 
862 -110 637 0 
-152 17 -77 0 
117 -824 -87 0 
139 84 219 0 
-76 478 915 0 
138 759 110 0 
-955 55 68 0 
-18 620 -930 0 
-209 -331 -841 0 
861 838 -197 0 
782 -120 55 0 
457 831 993 0 
-669 634 962 0 
962 -814 731 0 
-163 -463 -232 0 
428 337 569 0 
-115 219 152 0 
78 892 -310 0 
-935 -16 -255 0 
184 -70 786 0 
-951 -331 -70 0 
-702 858 269 0 
14 217 -678 0 
134 -814 -773 0 
-148 -611 -165 0 
-912 92 299 0 
-59 266 -835 0 
476 -1 -20 0 
-488 405 -626 0 
-893 170 209 0 
560 -175 -783 0 
925 212 -563 0 
329 878 900 0 
755 500 543 0 
-282 783 1 0 
464 16 -541 0 
-504 520 392 0 
921 251 775 0 
274 998 315 0 
100 785 186 0 
450 77 -860 0 
940 -190 -810 0 
232 9 -467 0 
757 50 -262 0 
832 -375 447 0 
-562 -18 561 0 
-932 -9 -221 0 
-173 601 -427 0 
7 -234 -194 0 
683 305 403 0 
96 -482 550 0 
-701 -598 -87 0 
49 -636 546 0 
621 -370 240 0 
-337 -508 -81 0 
-844 1000 933 0 
416 -840 368 0 
358 427 853 0 
292 537 -690 0 
27 -757 -867 0 
781 -301 -717 0 
27 695 754 0 
832 -362 695 0 
994 330 -690 0 
-1000 270 415 0 
696 893 -395 0 
383 -365 -265 0 
282 -343 214 0 
-820 509 -562 0 
-586 -257 397 0 
-148 251 880 0 
491 806 819 0 
-36 -37 25 0 
115 967 -381 0 
282 -105 -788 0 
-294 -580 910 0 
-707 717 -373 0 
-35 484 131 0 
-873 589 -323 0 
-722 -340 -316 0 
-262 -54 361 0 
-931 -883 -441 0 
55 -384 520 0 
-849 812 -780 0 
-399 -997 -712 0 
28 -192 65 0 
-458 40 523 0 
728 633 846 0 
-893 819 789 0 
-568 -585 -971 0 
212 -699 129 0 
92 -158 46 0 
-930 -9 797 0 
-233 -42 569 0 
852 -843 430 0 
242 4 -973 0 
321 -374 -213 0 
-904 597 -398 0 
-20 539 217 0 
-791 -402 973 0 
-850 -878 102 0 
-165 -51 -918 0 
-139 234 -959 0 
107 343 97 0 
-287 -987 -905 0 
635 -432 -525 0 
27 50 946 0 
722 59 -712 0 
93 991 358 0 
167 554 -540 0 
-161 -376 630 0 
784 834 149 0 
-646 257 -942 0 
-238 526 -977 0 
-326 98 727 0 
-953 -99 314 0 
146 12 890 0 
57 -183 918 0 
377 209 -351 0 
-856 -788 -92 0 
735 -905 908 0 
123 -390 201 0 
70 759 961 0 
599 697 727 0 
530 -435 221 0 
-48 -813 56 0 
34 -777 -452 0 
872 -104 -315 0 
633 489 660 0 
-140 372 74 0 
-773 117 218 0 
895 983 567 0 
-921 -841 -412 0 
21 -588 -149 0 
193 -647 221 0 
-911 30 -92 0 
505 -251 -234 0 
-230 -79 -834 0 
451 558 -711 0 
-499 -331 471 0 
-516 499 -841 0 
840 -391 414 0 
-337 -785 194 0 
-98 432 420 0 
-786 18 406 0 
274 -828 988 0 
-41 902 -600 0 
190 -655 -707 0 
823 -147 -8 0 
809 890 -218 0 
106 -765 786 0 
766 298 -789 0 
-995 403 -76 0 
761 -264 -947 0 
-519 -528 -52 0 
158 697 912 0 
-398 -12 35 0 
-676 -82 -822 0 
14 -712 650 0 
-886 -546 951 0 
352 -561 -94 0 
-16 -98 -339 0 
160 524 304 0 
-718 909 407 0 
-217 -299 -128 0 
-766 174 -690 0 
-819 -325 -188 0 
-596 985 525 0 
-210 149 337 0 
-220 917 -540 0 
288 -438 -742 0 
-414 -272 -817 0 
-198 -997 -626 0 
-831 -215 -272 0 
-159 -471 -826 0 
273 -380 886 0 
-611 -744 90 0 
546 833 -793 0 
-376 -832 307 0 
-426 -807 372 0 
972 650 151 0 
649 -697 530 0 
-457 161 120 0 
-945 495 -696 0 
160 740 742 0 
852 287 -335 0 
913 80 72 0 
479 959 182 0 
-290 -478 839 0 
792 87 348 0 
188 -24 -562 0 
351 -232 -535 0 
953 447 121 0 
607 10 -778 0 
-273 -37 177 0 
-669 -739 237 0 
142 -215 -309 0 
851 -157 -137 0 
-991 -541 -172 0 
49 260 775 0 
-762 524 -311 0 
196 -839 476 0 
951 -802 -109 0 
641 -760 -882 0 
547 876 47 0 
695 667 -216 0 
-711 -747 887 0 
701 -764 -93 0 
-677 976 637 0 
205 640 99 0 
224 -724 -230 0 
-880 -362 -39 0 
736 868 96 0 
-645 -663 930 0 
-438 -95 888 0 
536 -573 956 0 
401 769 45 0 
-267 462 -420 0 
-159 661 734 0 
646 -56 344 0 
-260 -245 566 0 
557 253 -350 0 
571 128 426 0 
399 205 -459 0 
-9 924 647 0 
207 -18 754 0 
661 -378 -262 0 
-593 844 338 0 
738 443 785 0 
-509 -447 329 0 
570 -511 170 0 
-520 -557 -335 0 
160 -482 -99 0 
-347 256 -164 0 
964 -656 -515 0 
-286 -43 -20 0 
592 -740 -95 0 
780 -28 572 0 
894 730 -192 0 
-261 -639 47 0 
403 -81 -239 0 
483 734 939 0 
-416 442 382 0 
-661 363 -724 0 
145 -802 59 0 
228 -432 810 0 
-39 -623 193 0 
-80 595 921 0 
-351 -594 -100 0 
137 -31 4 0 
-46 399 -901 0 
341 -466 637 0 
-476 -693 351 0 
-33 -282 -790 0 
-276 -472 -964 0 
-897 -728 -587 0 
-603 4 141 0 
-167 -934 -578 0 
-83 -44 399 0 
427 -740 565 0 
-19 -177 520 0 
-988 431 24 0 
306 -664 369 0 
-608 321 277 0 
-776 -756 755 0 
-767 769 -761 0 
413 -840 359 0 
-479 -818 962 0 
538 -519 -572 0 
304 -404 105 0 
-409 891 144 0 
-447 431 -483 0 
-210 994 -495 0 
-536 98 -904 0 
617 -121 -703 0 
-90 -174 702 0 
157 -320 356 0 
-659 -333 696 0 
388 -238 -506 0 
-281 -626 209 0 
747 -405 730 0 
27 277 72 0 
-620 508 -125 0 
-55 -901 62 0 
428 -142 613 0 
-104 -139 -714 0 
-728 719 -227 0 
-706 -960 -8 0 
746 938 -709 0 
867 537 -251 0 
-355 -419 6 0 
768 262 753 0 
430 443 -401 0 
-285 236 32 0 
-702 543 466 0 
-358 454 226 0 
-367 -155 -329 0 
746 816 459 0 
-173 -752 271 0 
556 -432 -45 0 
183 -700 386 0 
447 -663 -820 0 
-432 618 -591 0 
619 201 58 0 
-682 433 -63 0 
-597 575 -177 0 
371 70 419 0 
-215 -64 829 0 
811 -284 614 0 
444 -807 454 0 
-483 641 551 0 
-233 -759 329 0 
424 363 162 0 
-400 80 -449 0 
-817 -690 -261 0 
-967 -168 -192 0 
-571 -961 401 0 
425 -890 -498 0 
547 323 -365 0 
-948 -823 -192 0 
-940 756 104 0 
-96 285 -798 0 
-579 -932 765 0 
972 681 -11 0 
-979 -722 -405 0 
-227 19 -23 0 
304 -631 -876 0 
-431 -349 -652 0 
803 -136 -536 0 
-988 -629 -271 0 
-729 -959 -969 0 
404 -549 -169 0 
190 847 315 0 
-653 130 769 0 
-445 -327 -458 0 
-265 104 -927 0 
333 -947 349 0 
325 95 820 0 
50 -502 -139 0 
280 -543 -761 0 
455 301 306 0 
699 -904 314 0 
738 -56 -1000 0 
843 -857 -96 0 
-449 -922 -565 0 
674 -701 -945 0 
-473 -314 -872 0 
-135 172 -834 0 
-307 -499 324 0 
595 -126 -902 0 
-673 484 -376 0 
-414 -803 -985 0 
-123 -553 -832 0 
-20 -133 108 0 
333 -99 -358 0 
-71 -687 429 0 
-499 725 -551 0 
53 -185 795 0 
801 -728 1 0 
965 -303 -722 0 
990 589 -655 0 
-191 286 893 0 
561 348 411 0 
369 436 -495 0 
719 -477 51 0 
644 -792 979 0 
163 -65 -391 0 
398 526 198 0 
616 -875 -625 0 
869 -754 158 0 
-714 927 -688 0 
216 -962 -684 0 
322 57 -239 0 
-510 640 -544 0 
178 322 886 0 
996 -253 -382 0 
-141 359 -852 0 
110 338 -212 0 
882 181 -888 0 
442 509 -320 0 
-319 241 -946 0 
752 274 133 0 
351 721 536 0 
-777 -323 903 0 
402 -178 -159 0 
440 -908 544 0 
-955 -521 69 0 
-389 -934 -864 0 
718 -270 -99 0 
-904 -387 -579 0 
783 621 554 0 
-660 -158 -844 0 
745 -309 -276 0 
198 -964 893 0 
-430 69 -785 0 
-600 -458 -350 0 
424 392 106 0 
907 425 -292 0 
-454 -847 -636 0 
609 864 406 0 
-755 540 -117 0 
-432 956 -414 0 
156 -174 630 0 
-493 -53 -512 0 
-653 -964 671 0 
-253 642 148 0 
-611 560 833 0 
357 -53 -670 0 
-752 -750 -338 0 
-226 -443 941 0 
-903 405 -397 0 
726 -27 231 0 
41 901 -933 0 
905 536 -958 0 
316 -998 -52 0 
-78 960 683 0 
250 -205 98 0 
712 33 977 0 
977 -680 592 0 
271 -913 -662 0 
889 -492 -775 0 
-225 917 317 0 
-882 163 983 0 
21 910 -406 0 
375 -121 -177 0 
907 -636 -984 0 
437 352 -326 0 
189 172 627 0 
691 15 177 0 
420 -23 377 0 
784 -108 187 0 
-491 -261 -581 0 
945 -358 -175 0 
243 -229 880 0 
-31 291 245 0 
-514 -416 758 0 
-508 -47 -961 0 
-235 -190 -123 0 
153 102 -502 0 
-782 744 -900 0 
503 -557 -260 0 
456 998 -971 0 
-936 -123 -985 0 
646 572 -633 0 
114 -182 -560 0 
589 377 -904 0 
904 440 239 0 
514 570 860 0 
237 -1000 81 0 
953 -925 839 0 
-850 -236 -308 0 
-450 -525 -940 0 
-579 -761 824 0 
834 -727 -261 0 
-63 801 -905 0 
228 -306 -991 0 
85 407 333 0 
441 407 -782 0 
110 424 -69 0 
967 -447 126 0 
732 886 -66 0 
499 -375 -728 0 
-79 -181 430 0 
-989 -943 22 0 
-765 -547 503 0 
208 -541 823 0 
-38 144 -781 0 
807 -517 -220 0 
225 233 -119 0 
143 -678 520 0 
37 845 -223 0 
-117 617 965 0 
-585 -569 -435 0 
602 -750 942 0 
510 549 -935 0 
-137 -681 -83 0 
-157 748 -36 0 
295 -186 181 0 
289 -580 731 0 
834 187 425 0 
690 966 -646 0 
-824 944 679 0 
-345 816 -51 0 
-34 -520 658 0 
-986 -753 586 0 
50 969 57 0 
940 969 342 0 
5 901 946 0 
-247 -226 452 0 
-160 191 -198 0 
-54 -138 742 0 
881 -508 259 0 
64 37 -926 0 
298 -812 -620 0 
37 783 812 0 
194 -419 125 0 
20 291 520 0 
-142 -312 127 0 
350 -569 -262 0 
-350 23 99 0 
-3 857 487 0 
52 27 -399 0 
-255 -370 849 0 
-813 681 -274 0 
191 935 75 0 
-627 193 130 0 
308 127 674 0 
125 463 -780 0 
-507 -321 -425 0 
92 147 891 0 
-404 205 -992 0 
928 -892 -628 0 
-598 -979 393 0 
-243 809 657 0 
-57 -609 251 0 
-292 -969 114 0 
-307 747 928 0 
234 414 51 0 
-132 -324 587 0 
820 911 2 0 
-610 981 -480 0 
-137 -598 -417 0 
-783 982 -749 0 
172 -955 -323 0 
71 -520 680 0 
-69 -822 413 0 
-668 -300 928 0 
610 -8 542 0 
734 1 -191 0 
776 707 799 0 
-204 -181 -301 0 
-892 -763 180 0 
-725 -414 260 0 
-118 -1000 522 0 
-917 -786 -444 0 
550 460 611 0 
-542 -824 276 0 
996 -76 -653 0 
-928 648 -21 0 
823 172 836 0 
-986 22 341 0 
-965 -880 440 0 
753 -283 941 0 
-309 -824 -195 0 
860 -548 355 0 
2 -271 302 0 
-686 -566 802 0 
437 547 773 0 
-257 -290 167 0 
794 769 -243 0 
304 347 333 0 
-104 662 559 0 
-465 -533 -98 0 
25 -145 -328 0 
-837 -677 791 0 
82 -768 977 0 
-747 424 365 0 
-421 -646 459 0 
-60 378 793 0 
-233 803 -419 0 
-19 823 -758 0 
-224 280 -11 0 
523 -112 -463 0 
-330 753 -420 0 
-941 -688 -314 0 
-890 -770 646 0 
-181 49 645 0 
874 77 -1000 0 
696 470 -861 0 
232 74 -622 0 
26 -968 -740 0 
314 -159 -872 0 
-297 -300 -373 0 
972 295 -708 0 
-337 -869 579 0 
-455 270 13 0 
-346 -799 210 0 
-792 -479 34 0 
-211 -173 -924 0 
-78 -976 -119 0 
100 720 377 0 
489 -339 954 0 
-862 -430 994 0 
688 -241 58 0 
-316 143 663 0 
-409 -670 -998 0 
169 -366 921 0 
-86 721 629 0 
-782 -710 -346 0 
-788 879 -347 0 
147 139 -876 0 
829 53 -893 0 
-590 -834 371 0 
-135 -848 -906 0 
213 -747 -589 0 
602 -944 13 0 
-758 753 -545 0 
405 228 114 0 
-604 -425 -384 0 
10 688 -878 0 
-665 744 -607 0 
-252 610 -758 0 
-698 86 -570 0 
-359 699 542 0 
-389 -663 -691 0 
-667 -245 -86 0 
-478 -782 -185 0 
459 204 -199 0 
123 -647 416 0 
564 383 -904 0 
-855 113 -866 0 
739 509 113 0 
313 947 482 0 
827 787 -598 0 
909 611 -904 0 
667 -901 847 0 
408 -645 66 0 
302 741 468 0 
4 -179 -877 0 
-381 169 364 0 
-723 505 -464 0 
-672 235 -213 0 
900 723 -75 0 
-81 -626 -442 0 
-180 636 658 0 
-263 -948 125 0 
810 -4 119 0 
-908 44 988 0 
-471 180 120 0 
-237 -118 509 0 
-501 226 849 0 
-73 -705 -976 0 
694 15 -761 0 
552 683 678 0 
-704 260 203 0 
734 378 -895 0 
200 -417 -587 0 
-386 100 809 0 
264 235 620 0 
-443 -238 922 0 
106 -509 -139 0 
386 403 -574 0 
-948 993 -494 0 
-409 -796 -22 0 
377 678 105 0 
-669 767 -975 0 
-153 957 740 0 
-783 -336 56 0 
-202 -218 -969 0 
26 534 -900 0 
959 -869 -206 0 
-216 -827 837 0 
-501 197 -862 0 
675 -81 -481 0 
985 -634 -603 0 
-962 -11 -207 0 
-983 791 955 0 
-992 534 118 0 
889 164 947 0 
-958 -417 -228 0 
-461 -117 -240 0 
275 890 297 0 
345 -22 -80 0 
417 -725 888 0 
-267 -178 575 0 
575 343 -676 0 
-59 779 19 0 
-670 251 -421 0 
-225 256 402 0 
-298 169 535 0 
-17 260 -168 0 
-985 -910 -731 0 
-570 -921 -256 0 
-832 -441 951 0 
-612 -987 751 0 
937 -223 -890 0 
-549 471 954 0 
-360 -700 -560 0 
-76 388 917 0 
742 21 493 0 
-420 -513 404 0 
452 631 558 0 
206 -608 373 0 
460 -991 874 0 
29 283 83 0 
-670 -266 931 0 
-271 -225 502 0 
-979 -879 988 0 
-230 275 719 0 
683 373 420 0 
367 262 198 0 
409 -752 -397 0 
-417 133 -693 0 
667 -703 -694 0 
-509 -645 742 0 
125 661 980 0 
-938 -492 551 0 
951 469 13 0 
871 900 -557 0 
-287 -275 -65 0 
-573 -179 -614 0 
577 332 -951 0 
617 371 988 0 
740 761 50 0 
880 -248 474 0 
845 -64 16 0 
-774 850 60 0 
245 266 -24 0 
485 83 -112 0 
491 176 -652 0 
779 354 -433 0 
-624 -410 -615 0 
658 -634 -735 0 
-731 -342 -683 0 
-447 322 -309 0 
-615 -609 833 0 
203 655 903 0 
-691 -512 526 0 
618 -804 419 0 
649 299 -70 0 
934 -391 -735 0 
-605 -624 412 0 
-881 -644 -416 0 
979 -52 913 0 
-478 459 -781 0 
-863 388 483 0 
-877 -447 315 0 
-324 933 241 0 
-54 984 -403 0 
-355 473 95 0 
770 773 -412 0 
-551 813 2 0 
-298 428 -14 0 
-561 862 638 0 
-953 -178 -206 0 
-551 -602 -314 0 
99 -411 965 0 
-356 859 -564 0 
-758 -949 632 0 
395 609 -909 0 
834 327 630 0 
-935 -926 -584 0 
368 912 -462 0 
-122 947 -148 0 
673 -938 288 0 
739 228 -28 0 
792 -308 419 0 
914 -390 -807 0 
-2 202 -223 0 
-418 -4 826 0 
-345 -184 343 0 
231 -992 -366 0 
-801 -844 -66 0 
-135 124 -491 0 
717 -380 991 0 
617 758 311 0 
-159 -569 978 0 
224 -988 254 0 
-530 32 -73 0 
-506 -127 988 0 
-228 -981 -617 0 
-35 -109 -937 0 
438 -502 -882 0 
485 -357 -176 0 
-479 -351 554 0 
844 202 20 0 
288 -236 837 0 
-747 802 399 0 
-514 261 -806 0 
760 542 94 0 
-757 -181 376 0 
349 516 645 0 
127 191 866 0 
935 267 -366 0 
190 839 6 0 
-140 -299 -929 0 
906 304 -414 0 
-736 -195 -658 0 
556 104 -98 0 
831 -927 604 0 
339 293 921 0 
264 69 752 0 
115 421 399 0 
-515 762 -88 0 
605 193 -957 0 
907 -310 200 0 
715 504 -349 0 
823 -240 592 0 
-477 717 123 0 
-231 985 -413 0 
17 89 -402 0 
-797 576 46 0 
-203 -734 312 0 
474 967 -889 0 
630 803 -150 0 
-872 165 -307 0 
494 -121 -713 0 
-569 -997 -679 0 
-8 240 338 0 
6 -249 -443 0 
-637 536 627 0 
-117 866 -5 0 
733 734 627 0 
-983 498 639 0 
368 -961 732 0 
265 -926 103 0 
695 -235 -815 0 
-711 952 103 0 
-543 777 -71 0 
-792 -263 164 0 
-195 795 418 0 
-672 -799 -869 0 
65 -703 -940 0 
-280 170 -969 0 
387 -111 -260 0 
-721 -830 -662 0 
-750 52 -118 0 
-522 -261 -291 0 
-210 1 -794 0 
983 -343 279 0 
-755 812 921 0 
-102 -874 510 0 
-871 909 -715 0 
-180 -161 991 0 
204 508 -971 0 
487 807 -841 0 
756 796 -501 0 
-871 940 -122 0 
429 285 899 0 
-393 124 -925 0 
213 428 -126 0 
491 157 -623 0 
-387 779 979 0 
910 186 -889 0 
-457 238 445 0 
-259 -223 -993 0 
460 -261 884 0 
-441 114 -33 0 
632 598 664 0 
-283 -451 6 0 
397 174 756 0 
-879 752 320 0 
-392 -188 223 0 
-620 131 597 0 
556 469 -912 0 
-383 -651 -719 0 
886 6 -100 0 
25 169 -75 0 
-335 -976 -50 0 
902 98 75 0 
893 -349 -458 0 
890 38 -265 0 
755 182 -935 0 
-203 106 -466 0 
824 -906 238 0 
692 981 -337 0 
-733 -34 566 0 
-664 -785 549 0 
816 722 925 0 
-721 870 17 0 
144 49 942 0 
914 -181 -814 0 
-18 -468 824 0 
-460 -450 -365 0 
625 -211 72 0 
-29 48 -138 0 
-420 -311 754 0 
925 -451 -732 0 
-972 -366 449 0 
-988 -666 -324 0 
-395 -719 -132 0 
-871 776 -712 0 
182 72 -19 0 
510 -459 537 0 
967 -653 -406 0 
716 -559 -400 0 
-396 709 -527 0 
51 -383 50 0 
497 680 649 0 
-441 -994 511 0 
909 -880 -48 0 
-937 765 233 0 
906 631 962 0 
569 -279 589 0 
3 398 -242 0 
-997 16 518 0 
191 -28 101 0 
10 -527 344 0 
219 740 -300 0 
-701 496 -981 0 
-952 46 392 0 
12 792 302 0 
781 503 -544 0 
-923 -792 -162 0 
204 -92 -386 0 
-717 991 -969 0 
468 -746 -475 0 
-458 -215 -217 0 
-111 -383 984 0 
-64 -707 -125 0 
-281 -761 773 0 
251 83 -427 0 
152 -388 -908 0 
699 -396 789 0 
-455 -30 609 0 
383 -362 982 0 
700 -524 5 0 
707 138 498 0 
813 243 99 0 
869 -803 243 0 
683 153 780 0 
-651 -522 -875 0 
-164 -713 -461 0 
472 -410 -93 0 
-164 30 754 0 
782 -862 212 0 
-616 -306 -685 0 
-311 703 -937 0 
790 -618 -712 0 
813 325 191 0 
-434 -671 -204 0 
-588 -495 219 0 
238 160 407 0 
16 -449 -195 0 
-677 -178 78 0 
825 -691 79 0 
-355 35 -211 0 
693 -776 -502 0 
227 493 -375 0 
-374 188 -863 0 
-777 123 -720 0 
-623 -80 -32 0 
953 245 620 0 
-864 -613 -819 0 
-725 813 691 0 
-872 369 -103 0 
974 220 -426 0 
167 -873 -598 0 
983 11 -70 0 
361 -254 -117 0 
-220 -789 521 0 
-759 599 -8 0 
570 823 -791 0 
147 -346 103 0 
529 -10 951 0 
-631 939 264 0 
43 -871 -538 0 
794 902 8 0 
-345 776 550 0 
-217 164 -733 0 
-143 -523 637 0 
138 -662 553 0 
-714 -626 -268 0 
-717 -440 -694 0 
516 -532 -571 0 
-722 -529 -860 0 
-279 524 80 0 
-987 188 -183 0 
929 -613 -974 0 
-111 -626 -362 0 
554 367 -749 0 
-931 283 261 0 
687 476 872 0 
635 -475 -392 0 
256 -564 594 0 
774 518 947 0 
235 165 -848 0 
577 609 554 0 
657 -863 332 0 
533 653 678 0 
458 -730 -549 0 
-57 173 709 0 
-964 68 194 0 
-790 -53 -485 0 
-466 306 -31 0 
-576 721 636 0 
-31 -367 -960 0 
-95 -870 318 0 
-38 446 538 0 
667 497 -198 0 
-606 954 206 0 
786 689 -843 0 
-809 269 641 0 
-68 273 634 0 
698 83 759 0 
707 -610 395 0 
417 963 -420 0 
623 760 -148 0 
687 -465 -714 0 
787 38 243 0 
615 -284 -603 0 
-865 979 535 0 
-810 116 302 0 
-294 -593 702 0 
-788 413 619 0 
960 -630 756 0 
542 -435 -776 0 
-189 -472 511 0 
908 20 -546 0 
895 -97 -495 0 
600 -146 424 0 
-279 -500 213 0 
-966 37 -716 0 
270 480 -573 0 
902 773 -68 0 
990 975 602 0 
168 294 -808 0 
-497 403 -608 0 
-640 -331 -313 0 
408 965 159 0 
497 356 66 0 
-992 978 278 0 
-675 -751 193 0 
260 123 693 0 
-100 50 -549 0 
468 708 -567 0 
-311 422 -979 0 
-436 -101 58 0 
330 993 271 0 
-205 172 118 0 
551 666 -89 0 
474 -359 -601 0 
-272 -731 118 0 
427 80 513 0 
-947 659 -706 0 
646 -684 -163 0 
-149 -324 -805 0 
-126 555 -978 0 
-839 98 -139 0 
-1 -803 -494 0 
770 773 431 0 
-491 -966 311 0 
-802 10 975 0 
477 -58 931 0 
-348 -400 534 0 
-905 229 -900 0 
316 -455 642 0 
593 -479 -173 0 
907 650 174 0 
934 -971 755 0 
-905 517 18 0 
-733 111 963 0 
-661 -955 -939 0 
-424 702 980 0 
-801 199 234 0 
95 896 823 0 
-873 -109 598 0 
273 970 378 0 
56 703 844 0 
965 -577 28 0 
257 -209 905 0 
-510 787 -999 0 
257 -925 -20 0 
-392 212 43 0 
928 597 748 0 
812 -102 860 0 
240 -111 -112 0 
624 -354 189 0 
54 904 -34 0 
-825 -159 616 0 
57 -568 104 0 
-543 -489 332 0 
44 502 -499 0 
359 -41 -740 0 
159 733 902 0 
749 -330 614 0 
-157 810 794 0 
-498 22 195 0 
-41 -887 -322 0 
991 -470 -534 0 
194 -957 900 0 
-644 774 282 0 
546 -852 86 0 
6 854 -358 0 
804 14 -484 0 
-45 91 620 0 
646 -252 -35 0 
-941 686 660 0 
104 -574 -35 0 
708 -341 120 0 
66 744 290 0 
-200 129 671 0 
-142 410 329 0 
-48 290 -68 0 
-221 450 -605 0 
-761 729 830 0 
158 714 287 0 
-367 937 260 0 
-989 680 -368 0 
478 -124 -592 0 
-768 387 747 0 
-402 522 748 0 
92 -731 -463 0 
-937 588 -742 0 
7 549 543 0 
389 101 -11 0 
503 -77 840 0 
300 510 861 0 
471 110 655 0 
-956 -604 -751 0 
586 -387 -299 0 
199 -136 91 0 
486 278 960 0 
254 -126 532 0 
625 -826 383 0 
25 537 461 0 
-548 308 750 0 
820 172 -568 0 
317 651 406 0 
-472 111 -600 0 
-47 -783 238 0 
902 -314 -377 0 
-784 942 -677 0 
-74 600 -562 0 
-689 293 -117 0 
12 307 889 0 
395 -85 309 0 
288 732 928 0 
-191 -995 855 0 
293 -182 374 0 
-127 -103 760 0 
50 603 3 0 
-462 -638 -696 0 
40 -345 -193 0 
-430 561 -328 0 
131 -276 -826 0 
-594 992 850 0 
847 -120 -111 0 
-593 -410 695 0 
757 -632 -177 0 
761 -154 229 0 
442 110 -325 0 
-82 -895 -885 0 
-322 862 52 0 
585 -471 -765 0 
-815 599 -611 0 
-475 317 -701 0 
942 -485 151 0 
620 -494 448 0 
829 -445 806 0 
573 -30 -582 0 
808 -676 -426 0 
-874 868 137 0 
-69 558 254 0 
-312 -837 -427 0 
-516 78 866 0 
-817 825 -700 0 
-561 454 -851 0 
440 -692 -429 0 
516 635 -855 0 
489 -323 284 0 
795 656 218 0 
174 -719 -462 0 
-526 -53 567 0 
-267 -770 630 0 
372 -640 -739 0 
-875 -109 37 0 
-927 -699 615 0 
-90 -999 921 0 
756 758 577 0 
628 62 -662 0 
142 -122 -956 0 
644 -770 44 0 
-753 -143 -582 0 
111 455 780 0 
737 394 627 0 
-764 -982 411 0 
997 723 -833 0 
435 800 -995 0 
-20 -919 23 0 
-920 845 -868 0 
-829 -205 522 0 
814 -297 -655 0 
-456 945 -579 0 
-169 260 -290 0 
607 79 699 0 
153 666 -96 0 
-843 -305 810 0 
919 -165 181 0 
992 -370 -458 0 
-532 -339 257 0 
565 205 244 0 
-181 -585 100 0 
975 81 -39 0 
119 -393 860 0 
-922 -821 -782 0 
-127 974 -262 0 
866 962 192 0 
-714 643 158 0 
162 109 679 0 
575 586 525 0 
-223 -779 -75 0 
626 475 236 0 
239 710 -656 0 
-155 563 539 0 
414 -940 -131 0 
-227 134 -183 0 
810 -816 405 0 
183 -854 374 0 
864 338 742 0 
504 589 837 0 
-134 -753 -458 0 
-860 804 225 0 
-666 -173 425 0 
980 725 634 0 
304 225 486 0 
-321 131 -391 0 
746 495 655 0 
368 -954 647 0 
-639 -267 -962 0 
-708 -296 572 0 
-444 -472 96 0 
-29 -189 -607 0 
554 -998 673 0 
797 250 -729 0 
-90 -544 91 0 
57 899 -779 0 
-502 -598 727 0 
147 -339 -80 0 
68 475 681 0 
-164 727 -617 0 
700 -255 575 0 
-946 800 621 0 
731 -452 864 0 
-123 -276 -193 0 
93 -712 647 0 
232 221 -274 0 
862 -249 -123 0 
-602 -405 857 0 
-321 209 923 0 
529 -702 -352 0 
366 -867 -786 0 
-895 -969 -948 0 
-654 222 -634 0 
-735 -866 -442 0 
35 677 -576 0 
726 -790 -224 0 
-169 -374 39 0 
-718 -12 477 0 
392 762 228 0 
843 -149 -897 0 
-783 -997 -529 0 
-84 -404 -403 0 
911 207 118 0 
-164 -305 -161 0 
-434 659 -475 0 
-374 114 704 0 
376 680 -33 0 
273 -399 820 0 
575 -349 619 0 
988 -958 176 0 
396 -338 -890 0 
506 324 -339 0 
-125 -117 -76 0 
129 5 152 0 
579 -968 882 0 
-641 -944 -459 0 
60 -926 -253 0 
-256 -574 946 0 
809 193 -635 0 
-937 276 531 0 
935 -933 531 0 
132 -729 -394 0 
-75 -372 729 0 
146 -36 304 0 
5 -402 -66 0 
489 -807 -916 0 
507 16 -116 0 
-212 507 283 0 
462 -832 691 0 
-856 359 -703 0 
735 -982 -704 0 
286 -379 -234 0 
-446 584 28 0 
-221 -977 929 0 
428 640 -970 0 
237 -174 299 0 
67 -672 197 0 
280 763 -689 0 
-959 25 -970 0 
169 -430 -900 0 
87 497 143 0 
-823 -804 -788 0 
436 162 -771 0 
-227 105 477 0 
-900 81 -692 0 
31 927 -9 0 
926 149 -712 0 
-461 665 92 0 
-922 414 -81 0 
-504 914 -565 0 
216 167 997 0 
945 -211 -215 0 
933 -944 427 0 
-258 -283 147 0 
-128 884 782 0 
-959 -545 502 0 
-571 -433 397 0 
290 327 -960 0 
-618 -664 -500 0 
233 956 -903 0 
738 -936 -841 0 
-115 83 -892 0 
776 463 -66 0 
-87 -817 237 0 
-699 751 -330 0 
-359 -891 616 0 
-854 667 -831 0 
565 83 -45 0 
-271 -327 73 0 
483 584 519 0 
493 -978 848 0 
633 704 302 0 
-756 426 777 0 
610 908 633 0 
-579 -776 230 0 
652 523 -723 0 
9 996 -651 0 
-473 -606 -139 0 
547 375 731 0 
-772 -592 782 0 
-225 -991 -435 0 
-485 -719 56 0 
699 855 435 0 
-435 865 90 0 
423 664 -517 0 
461 -571 -860 0 
4 -301 -824 0 
946 -191 -73 0 
954 -961 554 0 
-174 -740 682 0 
398 -199 -642 0 
667 -211 529 0 
310 549 645 0 
194 661 192 0 
22 626 776 0 
694 253 -913 0 
416 439 122 0 
-51 467 785 0 
917 -880 -11 0 
698 46 522 0 
-459 -82 482 0 
917 -784 320 0 
-740 169 760 0 
-905 -581 843 0 
643 -340 682 0 
-405 -601 75 0 
952 -16 630 0 
-332 -303 529 0 
60 363 631 0 
199 159 -89 0 
-382 -193 162 0 
940 -791 709 0 
-761 72 -921 0 
-118 -18 841 0 
-202 -801 461 0 
85 15 -621 0 
-195 295 453 0 
449 753 986 0 
229 -346 -41 0 
-39 -811 -219 0 
32 -425 918 0 
-133 -138 939 0 
688 490 -884 0 
918 -64 -669 0 
-206 465 -780 0 
99 -965 782 0 
777 401 922 0 
-780 83 124 0 
38 -25 -296 0 
-397 -985 833 0 
-556 -820 -538 0 
787 757 704 0 
793 -782 -980 0 
-745 -650 -406 0 
116 -130 -160 0 
331 -886 415 0 
-490 -610 235 0 
138 465 -287 0 
-571 -805 342 0 
-44 -6 -782 0 
267 -591 -390 0 
-282 -113 691 0 
119 678 398 0 
576 -522 109 0 
-106 -405 313 0 
-348 412 -931 0 
432 -571 112 0 
-861 268 805 0 
-949 301 -757 0 
-217 784 156 0 
408 -512 372 0 
231 -910 -202 0 
468 -246 -842 0 
236 636 -758 0 
-499 726 849 0 
694 -580 748 0 
-681 -417 -907 0 
-718 367 663 0 
149 -306 -815 0 
399 417 958 0 
694 863 -728 0 
957 292 857 0 
901 -348 131 0 
401 -941 310 0 
272 135 587 0 
-284 142 939 0 
667 175 239 0 
927 -579 184 0 
67 -70 -511 0 
860 -206 -68 0 
-253 -902 -634 0 
212 -497 914 0 
46 -797 528 0 
881 -50 -494 0 
-845 467 1 0 
66 309 -357 0 
-187 -828 -919 0 
-36 -130 -11 0 
828 -491 234 0 
-785 557 289 0 
499 -407 661 0 
-59 -926 -306 0 
984 762 -765 0 
-437 -572 -393 0 
-918 -575 -60 0 
392 -119 132 0 
47 697 623 0 
-827 15 -490 0 
95 132 573 0 
605 584 -294 0 
-703 166 -995 0 
126 742 -822 0 
152 -222 -894 0 
-455 733 -447 0 
-899 -731 481 0 
240 -170 390 0 
750 -269 257 0 
-139 -307 758 0 
472 977 -969 0 
77 -300 -179 0 
1 -909 438 0 
518 -645 609 0 
-725 -974 672 0 
38 -492 278 0 
-438 -135 -168 0 
759 54 227 0 
-571 451 585 0 
370 532 -960 0 
926 -584 184 0 
-17 983 -210 0 
-911 -66 -332 0 
-859 -483 329 0 
-145 -696 593 0 
191 -545 567 0 
460 -650 66 0 
-209 -966 690 0 
-251 767 78 0 
-922 539 76 0 
238 -742 11 0 
-215 -437 -874 0 
229 -692 954 0 
132 -916 601 0 
-229 -782 -389 0 
232 -840 -702 0 
484 451 337 0 
231 -493 818 0 
-394 -667 -992 0 
677 -809 941 0 
-221 -925 -717 0 
188 -285 -734 0 
400 -655 962 0 
943 -570 895 0 
377 -634 -672 0 
877 680 803 0 
-60 163 -330 0 
-494 127 -857 0 
-174 -245 -595 0 
358 -669 749 0 
867 -106 -149 0 
107 -911 -488 0 
829 558 -155 0 
585 926 950 0 
634 954 -647 0 
430 552 -950 0 
-147 904 -671 0 
-780 -137 824 0 
310 958 8 0 
229 664 124 0 
-651 503 270 0 
-927 963 42 0 
845 836 917 0 
308 450 416 0 
-40 -338 -850 0 
-732 257 478 0 
655 382 328 0 
-910 -125 -995 0 
917 -632 -696 0 
-263 -594 716 0 
-43 -888 -514 0 
279 426 617 0 
-721 917 -437 0 
-252 -513 -843 0 
-580 -200 710 0 
-27 -76 -314 0 
-450 -708 -318 0 
-501 323 668 0 
-215 -447 585 0 
779 792 684 0 
474 -544 -561 0 
927 -90 147 0 
885 462 152 0 
759 -616 596 0 
-525 -950 215 0 
727 614 -845 0 
870 -198 -11 0 
7 -19 -314 0 
-126 325 38 0 
-331 5 -992 0 
317 876 -19 0 
-391 265 -17 0 
866 677 238 0 
615 251 -388 0 
-306 -634 -110 0 
-206 -863 476 0 
-43 -392 -861 0 
-759 729 -429 0 
738 337 399 0 
-923 523 -974 0 
103 -306 433 0 
582 -124 -897 0 
694 -117 -126 0 
-960 -53 818 0 
32 -821 -945 0 
410 -586 452 0 
-985 -16 930 0 
60 -374 564 0 
715 -12 177 0 
-747 -736 -126 0 
483 -711 924 0 
-160 937 -293 0 
420 979 -47 0 
-613 424 -954 0 
86 39 326 0 
-716 779 416 0 
-387 151 575 0 
949 563 -631 0 
-509 -134 -20 0 
-959 -179 -436 0 
-118 719 -344 0 
-483 -396 -421 0 
219 -733 202 0 
169 -926 502 0 
571 -54 37 0 
-662 -37 18 0 
-768 823 535 0 
-719 702 411 0 
399 945 805 0 
138 687 -294 0 
849 261 -189 0 
-829 -676 203 0 
-153 -186 225 0 
407 -707 -376 0 
70 -210 -471 0 
-910 -610 725 0 
89 -88 244 0 
852 632 -137 0 
715 -481 883 0 
418 339 -427 0 
373 -255 -553 0 
-137 829 428 0 
-207 -682 -583 0 
-895 262 -525 0 
-163 -278 712 0 
-678 -202 503 0 
-799 -547 166 0 
642 510 -257 0 
362 -671 445 0 
-574 -717 269 0 
616 -625 593 0 
-118 -102 -953 0 
113 862 -124 0 
283 -815 -517 0 
54 -612 980 0 
572 -891 -98 0 
586 995 452 0 
-494 830 342 0 
-698 614 -113 0 
538 -907 -647 0 
171 215 606 0 
-111 245 -4 0 
95 -44 -199 0 
-433 -482 526 0 
209 -831 641 0 
-283 -954 -621 0 
-899 -173 -145 0 
-173 -31 991 0 
330 -682 -535 0 
-512 -235 -206 0 
955 797 -374 0 
632 135 705 0 
722 -30 -651 0 
-47 374 -867 0 
-370 146 882 0 
-467 365 293 0 
-863 23 -208 0 
471 409 -272 0 
-471 58 348 0 
-906 632 -31 0 
420 -798 783 0 
232 661 -492 0 
153 -89 471 0 
913 -470 -767 0 
202 -647 -845 0 
872 -967 534 0 
262 -10 -397 0 
-774 985 -567 0 
-979 -477 -298 0 
378 -213 742 0 
394 -582 -294 0 
-267 300 19 0 
370 685 955 0 
890 -872 623 0 
-665 257 72 0 
673 -956 111 0 
508 -996 720 0 
-256 95 -782 0 
577 -820 -224 0 
-793 -993 347 0 
-429 -83 -174 0 
-758 799 -773 0 
-491 -73 -256 0 
498 -160 90 0 
-733 -935 867 0 
725 762 -621 0 
363 -932 -142 0 
-896 673 -481 0 
595 -514 319 0 
332 87 -936 0 
-203 -730 -950 0 
-330 684 155 0 
-94 888 156 0 
-831 421 -550 0 
-161 225 613 0 
-292 -736 -850 0 
132 881 -597 0 
545 -910 963 0 
407 -584 -431 0 
-75 -282 -250 0 
-433 696 -876 0 
-908 -245 -991 0 
268 601 468 0 
681 780 -799 0 
-414 -294 -363 0 
-868 -859 297 0 
571 545 930 0 
-668 -46 501 0 
-389 168 844 0 
-575 -430 -807 0 
399 458 845 0 
-859 201 -889 0 
563 -825 -829 0 
407 422 609 0 
472 -697 191 0 
-663 13 -442 0 
507 -48 -731 0 
-238 -493 867 0 
-421 -660 -977 0 
610 82 -767 0 
-312 463 -932 0 
678 892 -314 0 
236 -190 -978 0 
-791 595 -637 0 
-266 951 783 0 
137 833 768 0 
821 -637 138 0 
838 -952 167 0 
265 -482 393 0 
868 -335 -602 0 
-82 -99 -4 0 
-226 257 -500 0 
-677 -861 -36 0 
673 -321 -924 0 
-903 9 -848 0 
937 595 118 0 
-805 -793 -459 0 
-631 135 -666 0 
506 -820 136 0 
-3 -886 756 0 
147 19 174 0 
-631 721 699 0 
-586 834 -434 0 
-943 717 -984 0 
-351 -456 181 0 
-774 -289 -271 0 
681 405 595 0 
-363 -470 295 0 
-506 329 -312 0 
79 -374 -816 0 
405 365 -541 0 
-387 -470 -771 0 
965 -328 444 0 
-99 973 234 0 
-500 -675 -861 0 
-228 -877 306 0 
-910 877 449 0 
425 -863 -625 0 
-317 40 401 0 
-608 208 940 0 
868 357 -723 0 
773 129 -646 0 
709 140 674 0 
291 230 -584 0 
847 -597 39 0 
166 -529 -834 0 
369 586 728 0 
738 17 -582 0 
-82 228 490 0 
-906 163 48 0 
-552 717 -862 0 
-928 -527 521 0 
-930 100 -780 0 
-242 -719 -902 0 
-481 -310 421 0 
305 -484 34 0 
-682 931 -360 0 
-357 257 722 0 
758 -887 177 0 
950 772 -513 0 
-411 -831 101 0 
-795 84 -783 0 
-172 715 -875 0 
-60 -499 951 0 
929 -353 -573 0 
-429 225 911 0 
-72 453 212 0 
801 -854 -100 0 
818 -50 -416 0 
-312 -997 -479 0 
-787 458 837 0 
-306 -843 -228 0 
625 642 218 0 
438 179 279 0 
-743 -477 -666 0 
-818 991 -501 0 
757 -396 -864 0 
-513 -249 -340 0 
598 223 -819 0 
817 437 -623 0 
-784 -638 597 0 
399 -960 409 0 
918 243 862 0 
414 -457 83 0 
-942 -140 823 0 
-211 -154 -50 0 
514 -663 -815 0 
-180 333 -140 0 
809 -830 358 0 
-946 -341 572 0 
31 14 786 0 
-410 601 -696 0 
-628 -506 -155 0 
580 -880 -734 0 
-621 954 -41 0 
-727 -67 -321 0 
499 -205 -758 0 
434 -788 287 0 
-325 224 619 0 
407 -534 -282 0 
319 -743 -128 0 
859 -863 554 0 
-421 -2 720 0 
522 -837 -427 0 
-233 -404 -761 0 
-316 -351 260 0 
217 -406 242 0 
-967 221 -448 0 
