p cnf 1000 2800
873 410 164 0 
909 742 201 0 
-862 -129 -962 0 
-555 912 35 0 
24 -271 341 0 
-575 -802 -137 0 
-211 -927 -224 0 
-712 -73 -751 0 
568 209 -111 0 
-56 471 300 0 
-349 924 759 0 
80 3 -746 0 
598 -895 478 0 
544 -176 69 0 
-615 755 -835 0 
608 258 -114 0 
-468 37 898 0 
29 247 472 0 
673 722 312 0 
935 851 -750 0 
300 -436 -318 0 
646 -422 636 0 
65 -379 -575 0 
-23 -13 237 0 
483 -264 101 0 
778 519 135 0 
985 -943 19 0 
446 239 825 0 
788 -980 10 0 
15 345 -553 0 
-459 -314 414 0 
-251 901 280 0 
826 263 -737 0 
214 645 172 0 
60 -118 -515 0 
456 286 -921 0 
608 -457 -829 0 
-810 -59 358 0 
958 376 310 0 
889 -974 -948 0 
677 995 770 0 
131 -561 698 0 
-272 614 -409 0 
221 691 216 0 
-250 -600 228 0 
-795 706 922 0 
822 -59 -156 0 
619 731 519 0 
20 52 698 0 
-46 864 309 0 
-25 -606 -479 0 
-584 -701 -176 0 
-508 603 973 0 
-112 71 951 0 
313 672 -681 0 
-704 258 987 0 
-960 -168 -545 0 
904 796 177 0 
269 -939 -146 0 
-224 -103 -946 0 
-661 847 -920 0 
-464 737 -978 0 
481 -85 -278 0 
862 -796 712 0 
285 831 759 0 
-298 -784 -643 0 
192 -903 229 0 
251 815 851 0 
314 -987 -401 0 
-665 243 -358 0 
-29 927 -610 0 
-500 844 433 0 
660 -624 373 0 
457 -889 -22 0 
-945 -118 -706 0 
-586 -747 697 0 
266 -652 -543 0 
278 -217 509 0 
435 55 509 0 
-515 -287 823 0 
-620 -587 608 0 
-754 -487 817 0 
-469 -146 -653 0 
737 87 43 0 
324 -638 975 0 
628 -479 305 0 
638 152 -635 0 
-686 -620 -555 0 
-861 23 679 0 
805 124 -97 0 
669 -588 -190 0 
-784 818 -500 0 
988 538 211 0 
296 695 166 0 
-269 52 606 0 
-382 464 -294 0 
645 147 721 0 
458 -720 523 0 
-863 673 36 0 
522 701 443 0 
-635 -81 975 0 
51 742 -113 0 
-13 993 -679 0 
496 -965 514 0 
-166 -546 -114 0 
-554 975 -797 0 
67 -388 908 0 
122 -912 -843 0 
452 221 93 0 
239 715 -970 0 
-182 793 112 0 
-684 538 -567 0 
-935 -330 -609 0 
279 527 -184 0 
135 485 408 0 
-858 -772 -129 0 
-318 -405 -210 0 
105 -603 478 0 
-457 -275 -736 0 
-125 -223 111 0 
-738 237 915 0 
-481 29 -503 0 
365 953 -976 0 
-438 -836 -400 0 
785 -397 788 0 
508 -669 939 0 
189 -144 -47 0 
47 487 489 0 
206 661 616 0 
-191 -933 100 0 
-401 524 585 0 
792 104 -251 0 
869 741 549 0 
398 833 256 0 
-991 222 296 0 
-760 136 925 0 
449 143 -698 0 
-720 196 -91 0 
308 -516 815 0 
460 -810 642 0 
-205 -325 -698 0 
-146 -760 -826 0 
-828 -408 301 0 
911 -311 -802 0 
747 319 964 0 
-887 -83 -227 0 
-321 -230 -524 0 
629 749 -847 0 
432 -357 698 0 
-257 803 -951 0 
-203 -874 44 0 
102 -913 199 0 
107 190 978 0 
509 286 -941 0 
-865 105 83 0 
-520 954 -5 0 
982 788 979 0 
-449 -140 -465 0 
-324 -758 -344 0 
209 -925 -482 0 
-208 -163 -696 0 
38 822 -32 0 
-249 23 696 0 
98 -581 -986 0 
-642 960 -274 0 
546 505 274 0 
509 322 842 0 
-948 -368 309 0 
543 -886 -167 0 
945 790 -110 0 
-242 -577 -468 0 
-359 -944 -92 0 
-847 -146 863 0 
298 573 497 0 
60 989 -835 0 
50 879 768 0 
-266 672 294 0 
-990 498 526 0 
-101 -266 -446 0 
-905 -261 -934 0 
-38 224 -534 0 
431 255 942 0 
-55 -911 -242 0 
-560 789 -346 0 
237 -665 855 0 
286 332 359 0 
-294 672 -507 0 
-877 -537 -14 0 
-238 336 -963 0 
-619 -335 -309 0 
555 -205 819 0 
104 -802 -287 0 
-899 581 -241 0 
-93 -658 494 0 
-162 -643 -973 0 
20 695 -6 0 
801 -143 423 0 
-657 -208 3 0 
-266 630 165 0 
648 -595 -242 0 
-781 -665 165 0 
949 -143 -461 0 
908 368 164 0 
927 -687 -776 0 
108 699 -132 0 
-568 682 819 0 
-652 746 327 0 
-641 569 -520 0 
34 -781 997 0 
-36 612 -143 0 
-992 22 -539 0 
219 764 -824 0 
-230 -81 65 0 
-267 -409 -876 0 
-472 -184 -818 0 
-172 -552 706 0 
-181 4 -273 0 
-591 -733 506 0 
611 -2 478 0 
-231 302 112 0 
637 -946 111 0 
-913 -626 -203 0 
-317 -895 -884 0 
-195 -855 155 0 
224 -676 592 0 
350 -742 328 0 
940 -727 -227 0 
70 696 -925 0 
380 70 -129 0 
550 -611 922 0 
979 182 610 0 
308 762 -946 0 
849 -990 -371 0 
-886 921 114 0 
-422 366 474 0 
-256 457 581 0 
-941 973 -606 0 
-972 14 369 0 
-665 408 977 0 
770 320 -553 0 
804 -124 -24 0 
890 594 -965 0 
-883 -930 350 0 
-77 -797 243 0 
-728 302 473 0 
-813 874 -623 0 
-692 -213 336 0 
819 -736 272 0 
-176 127 290 0 
-542 170 194 0 
-129 490 105 0 
-444 710 -881 0 
-528 345 257 0 
-958 77 -250 0 
702 -295 -287 0 
-71 62 811 0 
967 -480 434 0 
496 -328 -739 0 
-853 -879 -822 0 
949 -869 -460 0 
29 -699 -917 0 
-936 -180 678 0 
-473 -173 -583 0 
-501 817 134 0 
724 503 704 0 
162 813 -339 0 
499 -340 -280 0 
-293 -71 274 0 
12 339 125 0 
-751 944 -166 0 
893 799 -957 0 
563 -111 448 0 
174 737 -587 0 
855 771 965 0 
533 74 -736 0 
392 -328 925 0 
-948 -967 288 0 
266 58 -133 0 
-264 -996 308 0 
-663 486 -645 0 
227 176 -726 0 
413 380 -356 0 
-969 366 159 0 
-880 -887 -159 0 
413 161 -312 0 
-755 -853 -386 0 
135 -161 211 0 
-508 159 212 0 
-80 945 -699 0 
-145 -486 53 0 
375 707 -601 0 
693 -298 351 0 
771 307 821 0 
-586 -569 -709 0 
356 133 227 0 
-819 -151 -813 0 
-646 191 414 0 
17 920 -497 0 
-618 -77 772 0 
-164 866 -785 0 
-42 552 -224 0 
-803 991 185 0 
991 -444 693 0 
-949 175 -601 0 
408 499 997 0 
-917 -22 275 0 
-189 -765 -603 0 
-488 -506 230 0 
-862 291 -716 0 
-258 -57 -662 0 
-986 850 -734 0 
977 962 -189 0 
707 -82 -731 0 
962 -788 891 0 
-809 -72 369 0 
246 741 -334 0 
910 -159 157 0 
-126 185 -146 0 
-941 190 -565 0 
305 -294 -215 0 
185 -991 -598 0 
-462 188 -465 0 
796 508 -324 0 
493 -530 -293 0 
-3 324 834 0 
-386 -413 349 0 
-21 634 -959 0 
290 -196 564 0 
-919 -693 648 0 
381 717 135 0 
944 -992 766 0 
-128 91 -946 0 
833 922 262 0 
966 -59 526 0 
725 42 245 0 
-416 -26 -118 0 
357 810 -91 0 
410 429 580 0 
602 953 -5 0 
156 880 -341 0 
26 -992 983 0 
441 770 843 0 
-417 -182 716 0 
787 587 488 0 
-519 271 -54 0 
-795 -711 324 0 
-90 352 -492 0 
195 -86 -308 0 
248 -771 -140 0 
-563 345 174 0 
-878 -482 612 0 
472 -894 817 0 
665 -380 818 0 
58 -780 70 0 
-221 745 -429 0 
-779 -130 -606 0 
-90 -312 735 0 
-222 568 -633 0 
581 404 749 0 
98 789 -926 0 
-780 332 102 0 
581 -867 308 0 
81 527 76 0 
-383 -809 -135 0 
348 548 -608 0 
-638 460 -562 0 
213 548 155 0 
259 232 890 0 
411 934 -834 0 
676 435 -486 0 
418 368 456 0 
820 640 -194 0 
516 -255 850 0 
-315 -71 680 0 
377 366 41 0 
802 301 555 0 
998 -553 -190 0 
944 262 -988 0 
-107 607 765 0 
-614 -159 -288 0 
813 302 427 0 
11 -903 -164 0 
-649 -302 959 0 
-431 53 169 0 
434 -296 701 0 
289 -856 404 0 
58 -950 462 0 
462 -673 -594 0 
-398 473 -789 0 
645 -502 920 0 
-604 -561 128 0 
-414 -735 -365 0 
998 424 916 0 
481 278 -819 0 
320 -263 -988 0 
-746 -919 -912 0 
-48 27 -128 0 
48 659 187 0 
-997 -312 -635 0 
604 -110 369 0 
472 -233 422 0 
-119 -795 -559 0 
-730 512 -510 0 
-634 -361 911 0 
73 -661 -957 0 
-182 208 -897 0 
300 -430 413 0 
229 -741 300 0 
-668 141 904 0 
59 -333 -844 0 
916 831 271 0 
338 543 885 0 
-290 -879 -833 0 
151 -529 533 0 
358 918 -149 0 
-190 334 263 0 
441 336 337 0 
613 502 198 0 
-365 868 793 0 
45 286 527 0 
-279 69 897 0 
946 -471 164 0 
801 655 649 0 
879 -944 116 0 
646 517 -689 0 
346 502 75 0 
957 927 -891 0 
-576 -805 57 0 
520 -439 -813 0 
-617 -57 -322 0 
698 -258 854 0 
305 -671 61 0 
-165 435 -184 0 
-274 -482 -161 0 
428 503 254 0 
-528 215 -240 0 
204 952 -196 0 
-730 -696 63 0 
377 -171 -133 0 
974 -864 778 0 
-675 656 -690 0 
-306 122 841 0 
74 -936 -3 0 
893 -658 -720 0 
75 -96 171 0 
925 885 -698 0 
828 768 458 0 
-781 45 55 0 
56 836 841 0 
-415 798 806 0 
159 -740 649 0 
350 902 -352 0 
-365 -866 301 0 
-844 -702 264 0 
938 482 -840 0 
-791 195 500 0 
-63 -922 641 0 
357 -660 354 0 
-130 100 -483 0 
-141 -976 -366 0 
-272 908 -534 0 
-422 -434 879 0 
798 275 -770 0 
-209 867 -269 0 
911 -348 767 0 
968 82 -921 0 
221 -202 761 0 
-806 -501 151 0 
1000 497 -319 0 
298 -129 -584 0 
951 907 -493 0 
-430 999 -77 0 
-383 -810 -247 0 
774 733 843 0 
100 -644 -610 0 
-673 779 -828 0 
-950 421 -669 0 
-487 292 -684 0 
577 -49 212 0 
-467 973 -150 0 
-764 184 183 0 
409 -691 988 0 
-808 -726 -454 0 
-335 401 -105 0 
-780 -949 -571 0 
605 -355 -790 0 
-678 -626 159 0 
-797 153 -621 0 
-94 -611 -280 0 
301 570 853 0 
479 698 954 0 
-148 -802 -624 0 
169 477 498 0 
363 796 -695 0 
127 -341 512 0 
624 375 -211 0 
-233 -319 -298 0 
84 -952 -917 0 
-511 -245 -84 0 
-492 -444 -218 0 
494 964 26 0 
-881 -696 -386 0 
312 -944 -73 0 
-768 583 -134 0 
-649 964 142 0 
-778 250 648 0 
88 791 348 0 
-884 269 -898 0 
-25 -67 -695 0 
596 -429 -380 0 
503 -232 314 0 
444 475 559 0 
927 74 -147 0 
-553 -944 19 0 
-375 -423 631 0 
604 415 826 0 
-489 492 903 0 
-349 729 -595 0 
394 424 -530 0 
737 134 628 0 
458 623 730 0 
363 636 656 0 
413 -92 -58 0 
-675 20 347 0 
-63 890 8 0 
-896 372 -652 0 
-467 307 -563 0 
242 -194 396 0 
-945 -397 292 0 
130 496 -602 0 
529 -654 789 0 
440 -958 262 0 
823 -978 491 0 
500 -963 -662 0 
536 185 486 0 
-363 -934 -429 0 
717 903 790 0 
-227 -465 46 0 
87 857 -179 0 
-521 674 -859 0 
-296 253 8 0 
-926 169 -56 0 
736 707 -871 0 
435 727 766 0 
966 599 -650 0 
910 618 -121 0 
-165 -618 -668 0 
-172 773 -439 0 
314 600 -797 0 
-644 -516 615 0 
516 -782 685 0 
-408 -403 651 0 
-485 -724 -605 0 
-70 -835 542 0 
-334 45 763 0 
-367 -330 -827 0 
-703 -287 -642 0 
-421 -552 -941 0 
335 -904 641 0 
-954 186 427 0 
-371 710 443 0 
666 645 654 0 
807 -583 -60 0 
-69 721 203 0 
294 -514 346 0 
714 -205 642 0 
620 -288 157 0 
-116 -740 -504 0 
-810 904 79 0 
-873 -936 712 0 
-311 -592 3 0 
287 928 -847 0 
-748 879 -372 0 
144 -246 -621 0 
75 830 -65 0 
813 -20 -32 0 
-606 459 476 0 
-789 100 491 0 
-392 338 -666 0 
540 888 -863 0 
-949 -866 -371 0 
805 -561 -617 0 
291 -413 750 0 
234 297 181 0 
972 -857 552 0 
-426 -915 -435 0 
-590 -758 741 0 
972 652 676 0 
317 696 -521 0 
849 -466 953 0 
281 -270 692 0 
-54 -146 577 0 
301 -705 -300 0 
-41 -755 -589 0 
105 435 834 0 
-423 -454 -746 0 
-46 928 -308 0 
117 926 610 0 
-412 389 -136 0 
920 -638 390 0 
293 -758 -70 0 
985 497 221 0 
406 27 -149 0 
137 -273 38 0 
573 -666 34 0 
-122 140 766 0 
-23 10 697 0 
-10 217 473 0 
-427 -274 311 0 
-585 803 -47 0 
-406 -689 678 0 
-665 -473 -408 0 
214 643 94 0 
-824 -51 -14 0 
39 -497 -855 0 
-105 -952 -25 0 
-635 577 -811 0 
868 728 883 0 
-217 -397 -541 0 
-881 -708 -620 0 
-435 422 80 0 
76 282 -667 0 
66 410 383 0 
-44 -249 519 0 
404 -292 -776 0 
-494 -428 212 0 
526 555 -601 0 
923 414 126 0 
-933 418 -81 0 
-396 -942 586 0 
314 -302 593 0 
-174 81 368 0 
178 -312 522 0 
-679 -337 -64 0 
865 743 -116 0 
-469 687 801 0 
-274 -693 517 0 
618 -210 -786 0 
-624 770 -877 0 
-93 40 -117 0 
791 170 -367 0 
-970 -56 -213 0 
573 -473 901 0 
-38 81 -308 0 
-529 445 761 0 
-705 -254 932 0 
-59 -551 -553 0 
-147 306 -344 0 
78 -702 997 0 
354 -349 -642 0 
552 950 -448 0 
-874 -421 -816 0 
-53 -249 585 0 
-113 -632 696 0 
30 -189 452 0 
833 879 -30 0 
393 -310 -572 0 
-724 -229 -247 0 
789 -23 489 0 
-935 975 -558 0 
532 -928 -972 0 
183 -865 -599 0 
100 -752 -860 0 
-953 -295 109 0 
797 30 425 0 
-244 -489 863 0 
866 -324 -501 0 
-673 916 -784 0 
976 -644 726 0 
477 -454 -7 0 
476 -668 -44 0 
-526 700 -572 0 
755 104 810 0 
-89 415 -129 0 
-406 433 539 0 
-19 -542 -279 0 
-488 815 -781 0 
-985 -454 -213 0 
421 -259 -473 0 
644 7 264 0 
-478 110 561 0 
-977 431 -251 0 
262 439 -797 0 
155 -451 -45 0 
-164 -379 221 0 
-750 314 947 0 
345 539 -90 0 
334 -900 731 0 
951 -704 433 0 
-812 466 -327 0 
363 989 382 0 
-817 -739 -228 0 
842 992 422 0 
-222 210 -162 0 
-169 120 456 0 
506 178 -878 0 
373 -943 193 0 
-284 -420 399 0 
135 -187 -556 0 
778 -695 -847 0 
-191 -748 658 0 
-147 608 544 0 
566 -664 -706 0 
-214 -298 497 0 
-979 886 921 0 
-556 -636 -697 0 
518 789 405 0 
161 -683 893 0 
-523 38 281 0 
854 600 536 0 
318 -113 682 0 
911 -562 173 0 
587 -276 633 0 
-519 -704 -368 0 
-366 118 -140 0 
28 715 207 0 
128 -821 -793 0 
767 918 -979 0 
-878 841 -25 0 
-310 398 966 0 
-606 -134 62 0 
361 -209 378 0 
-949 801 -62 0 
333 37 -41 0 
-6 -42 520 0 
-414 138 586 0 
864 64 469 0 
-7 136 -775 0 
994 -149 39 0 
985 37 936 0 
860 339 376 0 
-844 -487 988 0 
-163 214 -85 0 
160 805 -766 0 
473 -39 -516 0 
-595 -43 -843 0 
207 -84 -601 0 
-419 -385 501 0 
-102 -12 695 0 
-93 -91 -36 0 
249 285 893 0 
-947 451 113 0 
-996 -830 -631 0 
425 454 741 0 
207 -911 132 0 
16 -634 231 0 
-81 -139 -618 0 
-150 200 97 0 
-791 106 299 0 
546 -325 -574 0 
-690 103 -421 0 
986 609 771 0 
452 771 141 0 
435 300 -636 0 
-87 -534 102 0 
255 818 -515 0 
353 300 286 0 
454 -625 155 0 
-804 -782 603 0 
-587 -358 -699 0 
-661 313 342 0 
935 673 623 0 
315 453 -124 0 
-557 136 -422 0 
-883 -283 -971 0 
15 -225 670 0 
-671 -417 -351 0 
333 789 -670 0 
873 -264 -868 0 
-281 -192 588 0 
627 -557 518 0 
635 971 317 0 
-461 -451 865 0 
878 -723 -618 0 
-865 -932 998 0 
548 814 -490 0 
-178 375 724 0 
280 -604 -290 0 
-944 -596 -916 0 
75 -628 770 0 
521 -630 -954 0 
-394 269 152 0 
-117 643 -308 0 
181 542 -442 0 
-614 274 630 0 
-66 787 -376 0 
498 -211 -732 0 
-734 -215 431 0 
-459 285 404 0 
-231 264 -973 0 
-86 -230 -141 0 
-973 976 922 0 
308 -864 141 0 
-362 -261 -315 0 
-308 662 37 0 
-546 902 -454 0 
-286 -903 626 0 
945 367 -263 0 
-705 42 -647 0 
-377 151 -173 0 
-697 -788 -107 0 
-267 724 68 0 
187 703 887 0 
435 -792 -791 0 
-394 -210 544 0 
-227 -31 -651 0 
-93 31 -796 0 
-114 826 834 0 
-641 -268 533 0 
128 119 -387 0 
-715 -685 349 0 
156 870 -258 0 
-79 -19 991 0 
726 705 -206 0 
991 549 -601 0 
-782 305 751 0 
-768 -25 409 0 
-175 -787 157 0 
-87 66 696 0 
500 427 299 0 
353 -425 590 0 
-295 24 30 0 
-448 76 -86 0 
-528 -228 467 0 
-608 501 -587 0 
-138 664 -13 0 
-544 -28 332 0 
-531 -655 335 0 
926 543 661 0 
-841 717 703 0 
-24 123 193 0 
-648 -206 803 0 
-576 213 20 0 
282 -998 191 0 
974 494 -289 0 
-156 13 -43 0 
86 -929 134 0 
-231 -586 -448 0 
-397 -112 -692 0 
-775 187 -271 0 
-425 373 -290 0 
313 -977 539 0 
-696 686 697 0 
34 -51 -201 0 
765 -36 868 0 
-113 948 36 0 
-969 -69 -478 0 
11 -218 221 0 
947 464 24 0 
-844 -807 361 0 
-426 429 14 0 
-902 374 493 0 
302 773 389 0 
-44 787 181 0 
181 2 206 0 
-622 497 -15 0 
-594 -505 -90 0 
421 660 -491 0 
302 57 690 0 
395 463 682 0 
-566 -657 976 0 
798 796 412 0 
958 -374 727 0 
762 -608 735 0 
490 -239 -367 0 
-383 -359 997 0 
-294 333 -251 0 
-365 239 280 0 
413 359 -938 0 
640 191 661 0 
-257 796 -388 0 
-108 -976 937 0 
477 114 111 0 
633 591 -836 0 
888 201 122 0 
514 342 327 0 
-953 -169 100 0 
-462 -549 -791 0 
-279 -240 -782 0 
-911 -794 -299 0 
-235 -660 -605 0 
-585 -773 720 0 
-928 -464 -845 0 
164 -920 844 0 
-465 -798 236 0 
469 451 634 0 
-57 -10 486 0 
390 504 69 0 
-265 -434 -95 0 
-587 759 989 0 
348 -56 688 0 
-114 113 743 0 
822 82 465 0 
926 -918 -855 0 
-420 60 720 0 
-813 -763 52 0 
398 -694 -960 0 
-709 902 47 0 
-224 -768 669 0 
-6 640 548 0 
110 489 -459 0 
371 779 -588 0 
670 -101 613 0 
318 -402 171 0 
-714 -784 686 0 
-850 -834 -436 0 
575 -168 792 0 
-7 963 569 0 
-841 657 270 0 
830 -800 -507 0 
-392 303 383 0 
-290 -537 -884 0 
85 -6 404 0 
572 293 -858 0 
799 247 389 0 
-899 172 -735 0 
-900 458 403 0 
-800 -410 281 0 
697 293 838 0 
-915 850 186 0 
254 -520 -851 0 
735 210 288 0 
-547 674 330 0 
151 753 432 0 
-486 772 -68 0 
-560 -721 -867 0 
-427 631 -454 0 
732 -388 -519 0 
-718 -362 68 0 
643 -6 -572 0 
-744 108 336 0 
763 -282 -703 0 
-659 387 -18 0 
246 859 -840 0 
-311 -862 -362 0 
-319 142 -694 0 
-965 628 -682 0 
871 -820 384 0 
-833 -489 76 0 
967 322 476 0 
-724 -93 -749 0 
163 732 422 0 
-978 -511 -596 0 
867 -399 527 0 
-259 538 636 0 
-713 -452 744 0 
556 -1 -154 0 
201 -611 109 0 
119 576 -158 0 
149 445 -869 0 
-452 641 120 0 
-428 784 970 0 
921 86 -595 0 
-257 -28 242 0 
327 -681 83 0 
711 626 -243 0 
136 -183 -578 0 
929 370 -274 0 
-617 879 618 0 
719 683 197 0 
298 700 -211 0 
-897 -334 -502 0 
-561 -950 954 0 
924 144 752 0 
-646 -412 469 0 
-398 95 791 0 
966 473 396 0 
-947 -491 -8 0 
-252 -290 -580 0 
-704 -258 -393 0 
819 3 -717 0 
-53 151 791 0 
-981 -84 750 0 
-263 617 595 0 
-604 292 -206 0 
-697 378 729 0 
-768 -918 -513 0 
992 -238 140 0 
-305 -775 -573 0 
-280 697 814 0 
-482 239 -316 0 
143 967 61 0 
-718 -957 -578 0 
-44 421 664 0 
806 499 300 0 
688 987 -407 0 
-286 -414 820 0 
-943 843 -572 0 
142 -95 366 0 
199 46 241 0 
-745 826 883 0 
-396 502 -393 0 
245 966 581 0 
-744 -531 947 0 
718 900 -573 0 
-667 448 -36 0 
722 995 776 0 
-496 -782 -260 0 
-871 603 382 0 
-471 -118 606 0 
773 5 -810 0 
-848 60 -324 0 
-791 936 500 0 
-901 822 71 0 
-337 788 -892 0 
925 -941 -313 0 
756 500 -739 0 
276 -792 354 0 
347 175 -863 0 
-204 357 -869 0 
-905 555 940 0 
-663 107 -942 0 
923 -139 677 0 
239 -456 -392 0 
530 -39 678 0 
-618 915 -787 0 
-754 8 -289 0 
861 -747 -708 0 
-693 373 -522 0 
888 462 467 0 
779 189 -522 0 
-309 872 -275 0 
590 -754 555 0 
5 562 897 0 
-287 -97 -370 0 
-634 294 -344 0 
742 -756 983 0 
10 -534 -446 0 
-206 801 -291 0 
481 192 -643 0 
648 -287 775 0 
239 955 -412 0 
503 -174 -162 0 
-991 283 -651 0 
190 -318 499 0 
-479 970 -12 0 
-178 909 75 0 
391 -12 440 0 
-194 208 438 0 
-122 17 -950 0 
-318 674 -239 0 
3 -705 -888 0 
-747 -57 -653 0 
77 -543 669 0 
-504 -346 -501 0 
-270 340 -226 0 
218 -297 241 0 
882 753 -75 0 
-716 824 -652 0 
-46 278 -579 0 
983 -13 -773 0 
943 645 7 0 
-924 -301 -410 0 
876 702 878 0 
-513 937 13 0 
-635 -396 454 0 
-50 231 276 0 
534 -855 -9 0 
558 699 334 0 
845 68 336 0 
-163 -808 894 0 
-27 -872 439 0 
52 -466 718 0 
33 -456 677 0 
-506 816 -954 0 
-559 317 -946 0 
156 -887 -127 0 
737 -213 424 0 
308 940 467 0 
-827 -970 589 0 
243 -909 399 0 
-872 666 -463 0 
400 -532 -351 0 
261 960 515 0 
665 -726 -235 0 
239 -440 797 0 
-487 -727 -762 0 
-542 -528 394 0 
-641 95 -152 0 
291 -404 514 0 
-607 -926 -666 0 
-6 -624 -201 0 
-979 -745 251 0 
1000 977 -68 0 
743 -172 -10 0 
156 841 -161 0 
-552 568 531 0 
-154 314 -573 0 
255 348 106 0 
-63 -901 77 0 
151 473 923 0 
729 234 -650 0 
872 249 -411 0 
-992 302 -952 0 
-974 164 -337 0 
-235 793 -782 0 
-541 -634 -385 0 
-700 -874 81 0 
-446 -332 -796 0 
-528 58 275 0 
-702 -676 -879 0 
-354 -462 -527 0 
816 -977 573 0 
17 -709 -889 0 
533 -113 -38 0 
-75 -254 -273 0 
-148 995 -347 0 
-659 -300 692 0 
-211 -137 60 0 
386 -106 -908 0 
716 62 450 0 
367 -100 460 0 
-934 -332 594 0 
480 863 -628 0 
588 205 -816 0 
-190 -878 226 0 
683 -94 -287 0 
326 597 478 0 
125 610 537 0 
703 -901 312 0 
170 246 -820 0 
662 -979 -154 0 
-909 -587 -932 0 
503 -754 432 0 
-683 894 987 0 
382 -738 333 0 
-824 911 611 0 
-275 867 784 0 
-756 -676 591 0 
246 415 -338 0 
702 940 -360 0 
-133 753 704 0 
-584 -283 -712 0 
775 -542 894 0 
814 121 631 0 
-530 496 751 0 
-17 -403 962 0 
-289 -928 -569 0 
-486 -48 515 0 
-878 867 174 0 
693 694 143 0 
-636 670 -729 0 
-154 -965 -585 0 
20 -879 -480 0 
-969 914 610 0 
-116 -700 -184 0 
710 201 344 0 
-20 716 595 0 
-522 -227 264 0 
-541 -469 133 0 
-217 -289 -942 0 
321 347 -698 0 
-627 755 769 0 
-803 -997 -132 0 
107 506 -48 0 
-438 -571 -588 0 
135 214 -350 0 
410 758 -668 0 
967 -916 159 0 
-932 879 637 0 
776 -555 251 0 
-629 -639 638 0 
637 2 193 0 
-306 358 868 0 
-435 -82 683 0 
-941 -251 -326 0 
176 -508 227 0 
879 -600 73 0 
557 -657 -462 0 
880 315 631 0 
-634 -11 707 0 
625 252 -399 0 
3 170 -535 0 
-725 -766 -273 0 
-308 -968 -651 0 
-295 960 810 0 
-213 172 -81 0 
-541 186 120 0 
86 829 498 0 
977 193 165 0 
405 -13 953 0 
-351 920 -403 0 
-379 -674 968 0 
-776 579 551 0 
358 -652 -417 0 
-576 286 -351 0 
-519 560 -105 0 
864 674 -789 0 
-992 -765 -500 0 
965 25 -247 0 
-260 -399 -297 0 
-313 -62 941 0 
186 857 -753 0 
688 781 -936 0 
584 580 -64 0 
-192 -503 -845 0 
162 425 -998 0 
-447 516 -697 0 
992 -285 -103 0 
936 351 -762 0 
-67 451 613 0 
542 462 -958 0 
302 -304 303 0 
-235 -825 333 0 
-761 497 -356 0 
261 317 -485 0 
449 496 306 0 
715 69 -855 0 
-919 987 -646 0 
690 398 -10 0 
993 259 -194 0 
81 -275 661 0 
566 724 15 0 
388 -827 33 0 
-297 966 617 0 
402 -339 -704 0 
751 -393 39 0 
-795 495 888 0 
293 752 927 0 
-234 403 -350 0 
302 -40 679 0 
-174 999 718 0 
-384 -597 208 0 
442 -423 -543 0 
151 -607 641 0 
-63 -754 -85 0 
-46 66 -501 0 
986 184 93 0 
884 27 -887 0 
599 909 -874 0 
-102 -229 699 0 
-789 662 -684 0 
-645 247 -548 0 
639 535 164 0 
398 273 -893 0 
174 329 -50 0 
-419 -61 862 0 
712 -342 87 0 
102 802 -345 0 
-748 932 -292 0 
364 103 745 0 
-254 -231 162 0 
944 682 516 0 
14 765 249 0 
-790 -792 881 0 
-138 314 -94 0 
69 -543 83 0 
-457 172 -70 0 
-905 -945 329 0 
-920 692 225 0 
63 816 -753 0 
115 910 -441 0 
-672 -648 919 0 
311 -493 338 0 
-236 716 10 0 
-446 -36 -789 0 
296 589 257 0 
792 -240 827 0 
-560 -743 650 0 
899 961 -674 0 
-653 719 -483 0 
53 227 764 0 
933 95 -135 0 
268 473 -514 0 
717 -749 -22 0 
-610 909 919 0 
58 -589 679 0 
158 -106 -717 0 
596 995 837 0 
701 -103 730 0 
-467 199 -24 0 
-428 -721 692 0 
-288 -718 -407 0 
887 425 -786 0 
729 200 916 0 
122 989 245 0 
-748 -605 161 0 
-235 781 572 0 
471 623 -360 0 
-853 -793 -799 0 
-792 681 -258 0 
-259 364 548 0 
-752 -713 -984 0 
-417 506 -570 0 
-154 -641 54 0 
301 -309 999 0 
-328 653 -746 0 
-603 335 -769 0 
-851 -690 -415 0 
493 -140 454 0 
-328 424 -836 0 
281 -811 268 0 
-650 -458 -104 0 
752 266 295 0 
190 -161 150 0 
-126 569 991 0 
-28 562 -860 0 
-445 -380 78 0 
598 -690 418 0 
-158 427 -524 0 
549 610 893 0 
-531 -623 992 0 
422 -244 786 0 
155 613 277 0 
617 -794 -999 0 
586 514 -132 0 
537 -643 -340 0 
-632 87 621 0 
332 329 -909 0 
-638 -921 240 0 
-591 -333 -365 0 
-718 872 -34 0 
-108 -400 482 0 
-115 -590 -457 0 
216 -690 -159 0 
143 91 770 0 
-249 620 857 0 
-244 889 295 0 
-804 497 -75 0 
-942 26 -868 0 
-992 -592 639 0 
-489 40 -662 0 
92 988 173 0 
-144 -108 -528 0 
-705 -442 -849 0 
-354 -402 -103 0 
701 202 933 0 
-661 698 89 0 
-856 -760 -67 0 
104 307 678 0 
65 -787 -253 0 
921 -991 864 0 
49 325 218 0 
796 399 -904 0 
-96 -174 -45 0 
-827 581 930 0 
981 -445 62 0 
756 -894 -166 0 
-549 -871 798 0 
865 512 871 0 
-694 -95 -464 0 
-650 -377 -13 0 
122 959 -541 0 
316 691 265 0 
352 -417 592 0 
-235 162 -878 0 
41 -705 -377 0 
-759 -837 -547 0 
94 -736 -899 0 
-916 -509 -419 0 
754 219 -559 0 
891 711 -855 0 
58 988 -140 0 
626 372 -50 0 
869 956 536 0 
-888 566 869 0 
356 318 724 0 
493 -544 -484 0 
125 -262 -849 0 
-275 -767 96 0 
502 499 9 0 
-249 443 -425 0 
445 -448 -253 0 
-764 -870 -926 0 
805 -140 -850 0 
-205 -262 504 0 
-238 108 600 0 
-668 -11 -729 0 
390 -434 -140 0 
171 -227 932 0 
-417 -13 207 0 
769 -439 441 0 
467 -612 512 0 
564 969 964 0 
-938 653 -64 0 
-13 -663 -374 0 
435 -496 -589 0 
-412 468 -488 0 
-678 -822 418 0 
-94 102 379 0 
-674 499 859 0 
-519 288 -374 0 
518 499 763 0 
-368 863 -708 0 
-929 -420 -530 0 
-792 -184 -334 0 
-883 911 733 0 
-395 820 -815 0 
-233 380 83 0 
864 -841 382 0 
-567 -751 -887 0 
-233 -963 -659 0 
804 -64 515 0 
108 -677 -626 0 
-995 845 362 0 
253 -181 408 0 
564 -324 762 0 
536 818 -766 0 
352 915 -233 0 
255 -949 -773 0 
522 -276 -282 0 
505 6 -823 0 
284 -373 -691 0 
-470 289 -860 0 
-153 930 -879 0 
983 -857 51 0 
311 -602 -889 0 
-656 840 575 0 
-498 -702 82 0 
993 712 -964 0 
991 -568 -523 0 
-950 -817 782 0 
-40 906 747 0 
-382 298 -190 0 
815 -578 -214 0 
344 -826 -576 0 
-807 -137 858 0 
-900 -568 -266 0 
527 593 647 0 
950 758 -418 0 
-264 -358 -996 0 
-262 -227 -507 0 
789 -325 537 0 
480 -233 -790 0 
535 -454 -116 0 
-165 467 83 0 
-526 206 -133 0 
565 -80 -775 0 
-7 -670 -342 0 
658 -335 -827 0 
186 -244 -478 0 
-556 92 -945 0 
892 389 602 0 
419 -188 -822 0 
829 315 415 0 
395 -913 -568 0 
640 955 50 0 
697 -161 -740 0 
-433 -197 574 0 
546 49 -932 0 
5 -520 144 0 
-45 -528 -26 0 
112 791 -11 0 
-523 -685 -257 0 
126 -92 958 0 
-473 -853 721 0 
-821 -658 140 0 
749 545 843 0 
-98 665 84 0 
269 392 333 0 
4 -433 419 0 
93 417 939 0 
-686 -698 56 0 
415 -874 -274 0 
241 159 760 0 
-632 -31 607 0 
619 -547 -498 0 
547 -192 -385 0 
209 805 -47 0 
393 -671 -456 0 
-256 121 -813 0 
777 -429 626 0 
170 -525 -338 0 
-222 -739 -902 0 
-33 226 -90 0 
30 -546 -59 0 
-290 588 582 0 
742 744 -658 0 
970 752 -946 0 
326 -948 479 0 
-563 597 -765 0 
-8 964 -202 0 
132 -786 552 0 
-832 -411 -922 0 
966 471 605 0 
208 953 -88 0 
117 -916 -169 0 
837 700 -87 0 
538 -175 -372 0 
792 -790 460 0 
-18 -88 207 0 
-235 -438 -488 0 
367 -48 -816 0 
-231 369 -698 0 
-534 -486 739 0 
-406 -720 -629 0 
150 -23 -526 0 
489 553 -125 0 
530 542 -859 0 
-147 144 961 0 
-603 358 825 0 
971 439 968 0 
86 300 509 0 
633 220 -148 0 
-362 -183 -609 0 
754 -878 -708 0 
-299 699 929 0 
-162 -932 137 0 
-123 -103 -782 0 
17 -760 -262 0 
415 326 -556 0 
448 404 -941 0 
-554 248 -420 0 
-154 807 -558 0 
483 954 352 0 
544 -268 128 0 
-204 978 -92 0 
-744 917 -620 0 
317 -941 296 0 
-538 -527 575 0 
378 -958 -683 0 
-519 -609 -997 0 
-935 276 801 0 
717 955 -825 0 
658 399 616 0 
-949 353 66 0 
526 620 770 0 
-536 -898 184 0 
796 -435 -692 0 
-924 604 552 0 
241 368 405 0 
-898 -568 -599 0 
-521 773 -81 0 
-132 -190 -308 0 
413 809 371 0 
230 483 979 0 
-800 -561 81 0 
665 789 912 0 
813 215 4 0 
660 722 -201 0 
-600 -132 440 0 
-429 604 -862 0 
242 -789 -631 0 
547 -538 -445 0 
136 -250 -985 0 
-624 -228 -993 0 
-142 -400 750 0 
-393 463 -349 0 
-73 276 985 0 
125 654 -523 0 
576 -811 4 0 
-894 -296 375 0 
-25 -120 675 0 
-444 -303 -735 0 
-989 -386 -116 0 
712 -993 -351 0 
820 17 255 0 
61 696 -975 0 
882 502 762 0 
-421 -232 286 0 
-27 273 485 0 
-860 527 -933 0 
247 -853 -217 0 
-96 -584 891 0 
-631 -811 455 0 
546 46 176 0 
-36 -519 -564 0 
543 -907 -26 0 
-452 -620 730 0 
977 -454 -304 0 
-646 383 -649 0 
-826 -391 -858 0 
-31 -623 -904 0 
181 -26 -423 0 
-722 193 -21 0 
655 -908 676 0 
-655 -191 404 0 
-999 91 -136 0 
-759 -680 845 0 
-512 -375 768 0 
243 -737 -304 0 
-664 6 980 0 
-402 -604 -830 0 
976 351 -890 0 
494 -989 7 0 
562 -927 -9 0 
-708 457 -167 0 
-949 -462 744 0 
510 686 -27 0 
-295 -292 -460 0 
-70 -576 745 0 
-845 -629 755 0 
923 906 -955 0 
492 547 -90 0 
-217 -207 795 0 
174 56 712 0 
704 -377 750 0 
-79 -691 418 0 
-641 -814 -198 0 
712 -302 324 0 
-880 -56 -203 0 
-241 -651 718 0 
-571 -512 -801 0 
-100 256 498 0 
421 634 -434 0 
-949 -786 872 0 
409 -347 302 0 
441 532 573 0 
-437 -318 -24 0 
-637 -834 -865 0 
531 803 318 0 
938 -638 -137 0 
-311 -387 -881 0 
223 -31 672 0 
-855 -725 903 0 
-900 -577 -673 0 
781 -722 -912 0 
-979 -231 -391 0 
782 -483 429 0 
-661 979 -972 0 
-903 312 -738 0 
780 -15 -733 0 
549 969 -157 0 
686 211 -473 0 
857 192 -576 0 
-724 322 -715 0 
-389 650 -403 0 
79 -953 872 0 
-991 -266 303 0 
-131 627 -441 0 
793 -307 104 0 
-502 -766 135 0 
-975 -854 777 0 
-989 -215 92 0 
-183 -546 -161 0 
290 -30 402 0 
-396 310 -365 0 
-380 783 -722 0 
-358 763 -940 0 
70 -556 -71 0 
117 -779 138 0 
764 720 -238 0 
-345 24 388 0 
-331 -287 914 0 
858 -95 -922 0 
-952 -403 575 0 
-507 90 -25 0 
230 471 -305 0 
-987 -343 760 0 
825 854 280 0 
648 -88 -661 0 
-975 -445 632 0 
139 -775 599 0 
-957 -198 -379 0 
549 49 -94 0 
-671 170 589 0 
-104 211 446 0 
342 -113 601 0 
25 417 -740 0 
880 -69 -697 0 
634 558 866 0 
12 730 15 0 
813 -232 -175 0 
274 421 -626 0 
672 -646 -539 0 
113 867 246 0 
188 -344 -616 0 
-899 -249 -381 0 
-716 324 -558 0 
10 85 930 0 
-679 988 -319 0 
-409 -169 83 0 
-109 -357 -284 0 
844 -180 69 0 
611 -554 487 0 
400 157 127 0 
-841 -885 -848 0 
-312 -539 -598 0 
731 569 997 0 
445 -91 -116 0 
840 96 -363 0 
-766 661 -940 0 
264 -851 865 0 
-892 -348 -863 0 
-663 -933 309 0 
623 -759 52 0 
435 317 489 0 
-67 -397 781 0 
938 -130 -325 0 
-201 -467 492 0 
567 -697 281 0 
-145 674 932 0 
610 -902 117 0 
440 -606 -136 0 
846 -748 691 0 
-987 306 -249 0 
343 542 752 0 
-989 853 -794 0 
-796 490 76 0 
24 -866 -207 0 
-541 477 -512 0 
-330 -584 88 0 
798 254 -706 0 
749 -110 181 0 
-296 -874 -502 0 
235 -915 798 0 
-959 -903 -688 0 
337 -267 -786 0 
210 79 751 0 
274 -329 405 0 
-273 426 -941 0 
-599 -708 754 0 
19 -258 -901 0 
950 -508 -473 0 
873 2 -157 0 
717 -227 781 0 
-470 -250 82 0 
717 354 957 0 
-28 20 -451 0 
426 -903 -180 0 
-249 577 480 0 
-338 406 -291 0 
767 744 893 0 
-252 -496 659 0 
-185 -282 -822 0 
-431 548 458 0 
-269 -600 25 0 
616 -705 -198 0 
589 576 72 0 
166 -359 123 0 
226 702 -317 0 
981 995 -944 0 
640 -910 -461 0 
-724 -845 24 0 
-96 300 85 0 
-260 -252 283 0 
-436 -150 923 0 
-345 -90 -398 0 
-517 -12 481 0 
-304 354 -496 0 
20 -843 508 0 
498 456 493 0 
532 89 8 0 
496 334 -329 0 
153 -627 844 0 
-279 -795 -673 0 
-463 674 -268 0 
-31 -23 -403 0 
-184 558 -228 0 
75 834 -401 0 
-301 -621 -887 0 
-710 1000 -533 0 
506 764 123 0 
-875 -565 -795 0 
859 -612 -754 0 
40 -217 -680 0 
-422 718 -60 0 
-546 146 40 0 
-117 240 -338 0 
-33 -140 466 0 
-441 -997 488 0 
703 -711 -795 0 
884 -498 -546 0 
503 -714 -728 0 
312 52 -655 0 
573 633 273 0 
-80 -907 -677 0 
350 -260 919 0 
-20 895 -632 0 
-114 744 750 0 
869 -676 623 0 
-129 704 -568 0 
-832 -671 494 0 
286 -862 -147 0 
368 -558 987 0 
327 976 -513 0 
-734 719 458 0 
-919 -184 405 0 
-293 -758 -918 0 
-553 788 -511 0 
-705 -513 -254 0 
-846 -972 -737 0 
-366 607 -688 0 
-652 840 918 0 
-203 902 -423 0 
-660 113 585 0 
778 -399 665 0 
993 -771 -928 0 
740 -476 711 0 
-938 659 -504 0 
815 576 133 0 
156 265 538 0 
-688 -273 -541 0 
-996 283 -354 0 
638 65 -827 0 
291 -720 -731 0 
-944 308 -947 0 
-408 -237 -229 0 
-552 -577 -195 0 
306 -510 -25 0 
267 174 -552 0 
-357 -829 -286 0 
-276 -250 558 0 
261 905 -175 0 
-581 487 -347 0 
-27 -60 25 0 
364 402 121 0 
540 -359 -947 0 
321 -815 813 0 
501 -788 -655 0 
-481 367 -994 0 
840 -787 -686 0 
278 624 121 0 
506 -572 616 0 
239 674 -374 0 
895 -198 244 0 
49 942 945 0 
-911 -199 -583 0 
116 -708 -309 0 
-596 372 330 0 
-364 -404 -58 0 
-999 476 622 0 
97 -595 -56 0 
735 331 -651 0 
-745 503 -5 0 
380 373 -83 0 
-476 -413 165 0 
840 -109 834 0 
-818 -763 -15 0 
936 511 227 0 
2 831 146 0 
-821 82 664 0 
418 815 796 0 
767 568 -143 0 
794 -981 943 0 
-231 -183 460 0 
-677 314 -888 0 
221 13 -272 0 
727 -308 -366 0 
-432 -940 49 0 
-60 429 507 0 
34 -295 -720 0 
-951 -887 -223 0 
-828 -884 430 0 
-654 689 -693 0 
-148 -949 294 0 
-221 787 675 0 
-102 -388 658 0 
-839 -611 -112 0 
235 -690 -292 0 
-40 -696 -565 0 
667 -580 567 0 
163 871 -401 0 
-834 735 365 0 
-195 358 370 0 
981 -139 623 0 
106 -867 218 0 
318 -925 -824 0 
-553 -979 -558 0 
986 -298 -55 0 
-356 689 -379 0 
-780 -192 366 0 
-624 -941 -5 0 
-66 720 -748 0 
844 -556 404 0 
-769 -385 -797 0 
-654 -814 656 0 
968 597 -517 0 
434 442 176 0 
930 6 -111 0 
-180 -462 79 0 
861 568 -60 0 
-141 -239 -325 0 
-380 167 -298 0 
193 765 846 0 
-831 -36 301 0 
-999 -143 -316 0 
878 -934 183 0 
-414 -438 308 0 
731 -11 -787 0 
-974 903 891 0 
181 -401 -670 0 
358 837 -925 0 
423 25 -58 0 
946 -313 843 0 
-822 -362 249 0 
833 917 -309 0 
183 -219 313 0 
-919 -10 421 0 
-273 -727 570 0 
505 -258 -179 0 
-741 -218 -626 0 
801 -158 -199 0 
-188 -878 454 0 
-707 752 399 0 
304 -813 -188 0 
725 707 409 0 
68 418 -534 0 
-78 -794 -982 0 
579 -357 359 0 
-41 557 709 0 
381 -313 -536 0 
-186 871 -180 0 
264 -102 419 0 
-503 67 615 0 
-139 -949 -936 0 
-92 -498 -250 0 
-991 19 736 0 
901 191 945 0 
-882 103 -793 0 
-102 507 982 0 
-782 788 488 0 
-425 -127 -208 0 
520 284 -87 0 
709 14 -108 0 
-333 -950 -61 0 
783 290 -209 0 
921 -591 322 0 
-442 126 934 0 
-27 -852 -403 0 
-724 -156 251 0 
-43 490 249 0 
666 234 810 0 
26 214 768 0 
852 720 300 0 
-684 -408 885 0 
234 -117 -539 0 
288 362 -160 0 
-506 -653 -201 0 
-717 299 546 0 
-554 -718 -106 0 
283 463 -937 0 
582 468 -674 0 
717 55 248 0 
-137 615 748 0 
-707 -621 -284 0 
-85 465 109 0 
-870 -651 719 0 
-114 614 -619 0 
601 845 -375 0 
-440 -219 -603 0 
414 -111 209 0 
969 818 -885 0 
-489 -485 953 0 
584 -48 49 0 
718 -985 902 0 
120 -590 48 0 
367 -402 775 0 
-447 494 -900 0 
938 648 -262 0 
997 -77 -421 0 
-266 725 735 0 
519 -628 40 0 
446 275 235 0 
-116 -266 588 0 
-105 248 172 0 
-189 -933 345 0 
626 -771 -931 0 
717 -207 -895 0 
406 714 -958 0 
-14 864 -711 0 
928 230 862 0 
-807 81 680 0 
-733 509 570 0 
-61 -721 -640 0 
-770 124 -946 0 
300 919 -567 0 
896 88 -531 0 
708 -671 617 0 
-663 -760 -346 0 
-48 -121 5 0 
-396 -551 77 0 
-507 -353 -519 0 
796 -541 916 0 
960 293 687 0 
980 567 755 0 
976 -31 -610 0 
588 -667 -268 0 
21 741 -178 0 
-52 641 -206 0 
-441 -258 -212 0 
-194 832 -254 0 
362 872 -448 0 
102 -933 487 0 
753 162 21 0 
820 434 879 0 
-514 706 892 0 
-112 -154 -187 0 
-638 453 -853 0 
-494 -377 473 0 
-402 773 -248 0 
455 320 -430 0 
-631 -60 457 0 
-954 -204 -703 0 
-420 149 651 0 
347 775 22 0 
-916 -716 -211 0 
822 802 105 0 
-219 -972 286 0 
-592 523 -313 0 
649 -696 894 0 
-948 -288 -714 0 
-779 -549 785 0 
-936 -157 458 0 
242 -172 709 0 
433 698 -387 0 
-973 -194 -531 0 
-496 -901 -607 0 
-756 -630 -528 0 
-340 804 -921 0 
851 -625 -667 0 
728 124 307 0 
233 -496 -915 0 
926 -83 -870 0 
832 758 -528 0 
529 130 -69 0 
298 455 695 0 
-682 -588 -348 0 
708 -784 356 0 
-372 899 564 0 
-687 -429 141 0 
14 -139 -905 0 
-774 -14 964 0 
-881 -72 422 0 
-812 -456 -392 0 
323 411 -33 0 
-87 853 -670 0 
796 -606 -172 0 
434 230 432 0 
680 770 240 0 
767 1 403 0 
-309 855 891 0 
-934 246 384 0 
-765 892 -799 0 
-532 904 -464 0 
739 61 11 0 
-192 757 -678 0 
447 497 -243 0 
-430 -751 891 0 
906 -243 99 0 
-122 -751 -3 0 
111 510 30 0 
606 253 -721 0 
-70 -207 160 0 
-951 62 -31 0 
398 -634 649 0 
-615 -823 -326 0 
600 -5 -863 0 
548 -519 200 0 
-524 931 -22 0 
-140 599 -690 0 
-470 -852 -825 0 
-275 -571 -503 0 
350 -759 133 0 
576 195 -560 0 
141 -678 600 0 
-684 449 254 0 
-434 1000 -878 0 
-259 -451 920 0 
-523 -840 -273 0 
-823 827 -979 0 
437 -178 -389 0 
-306 -897 694 0 
-141 -217 -237 0 
882 -983 237 0 
724 -138 117 0 
-447 -437 -382 0 
-890 -484 608 0 
-686 252 968 0 
462 994 641 0 
-956 -327 506 0 
373 -970 -283 0 
-739 -84 -61 0 
199 -669 567 0 
-212 -576 -383 0 
984 422 184 0 
-887 -272 458 0 
627 -157 463 0 
466 -237 77 0 
788 816 217 0 
-896 744 -830 0 
-629 -294 -967 0 
313 -419 846 0 
791 -801 -839 0 
146 -740 724 0 
-96 279 953 0 
-507 -470 -429 0 
369 -439 118 0 
-605 873 903 0 
-247 -540 -634 0 
456 410 -871 0 
811 801 84 0 
163 452 822 0 
-959 399 555 0 
-235 -816 478 0 
-456 -68 -218 0 
123 -474 687 0 
961 594 862 0 
-405 567 138 0 
-563 428 -102 0 
-548 -889 335 0 
743 -434 301 0 
-852 457 19 0 
896 329 404 0 
810 694 664 0 
496 -972 437 0 
144 -747 328 0 
726 -522 -249 0 
702 234 980 0 
-838 -868 -527 0 
-383 -295 108 0 
-430 987 5 0 
63 118 425 0 
-173 5 678 0 
-943 96 318 0 
-814 -938 -558 0 
-209 521 -624 0 
895 -794 251 0 
-715 877 -525 0 
819 -72 -97 0 
-631 -657 858 0 
-67 -610 -878 0 
236 698 -429 0 
783 312 -950 0 
746 904 223 0 
-19 -529 -162 0 
-712 697 853 0 
-833 416 -818 0 
-169 555 -193 0 
-728 718 825 0 
574 -301 -873 0 
127 284 -180 0 
-531 -613 -214 0 
-658 758 481 0 
-774 -677 672 0 
-54 -103 -329 0 
-954 518 899 0 
-55 902 292 0 
-687 868 -320 0 
488 -614 631 0 
404 839 -502 0 
-399 411 -107 0 
-82 -635 815 0 
227 -373 38 0 
-235 467 272 0 
236 -488 11 0 
-70 595 228 0 
198 549 56 0 
463 -361 -488 0 
418 629 648 0 
-160 -829 -116 0 
-537 207 387 0 
361 -986 -678 0 
739 -718 525 0 
700 160 692 0 
-6 609 -637 0 
-613 821 -192 0 
194 81 179 0 
451 -522 822 0 
-824 -904 -947 0 
619 44 -936 0 
-765 928 443 0 
883 967 -490 0 
-445 610 468 0 
422 718 -852 0 
-447 672 -745 0 
592 -236 -422 0 
606 -167 878 0 
964 474 415 0 
-66 -240 227 0 
-292 -355 817 0 
403 -897 -750 0 
-790 -962 -149 0 
-804 -61 609 0 
623 837 177 0 
-807 267 -445 0 
51 851 -115 0 
22 -812 -133 0 
-74 -514 489 0 
417 -19 684 0 
359 48 -234 0 
895 -603 -709 0 
-888 920 98 0 
-330 -84 -790 0 
-637 732 69 0 
-979 -193 -312 0 
693 -391 603 0 
192 464 974 0 
-291 427 -266 0 
393 603 28 0 
778 -739 -947 0 
-743 696 -443 0 
798 -31 675 0 
-56 361 388 0 
-756 -889 520 0 
585 790 -477 0 
-678 566 239 0 
407 658 988 0 
-4 726 430 0 
797 -343 502 0 
943 622 -872 0 
-780 571 107 0 
-242 624 315 0 
700 751 -559 0 
393 832 113 0 
35 418 688 0 
987 368 -747 0 
-348 449 274 0 
-211 841 -839 0 
-537 641 195 0 
295 -335 858 0 
16 709 307 0 
-952 -366 -474 0 
966 137 -71 0 
56 266 -939 0 
53 -574 148 0 
-269 -525 632 0 
572 -341 440 0 
773 494 374 0 
670 -779 -309 0 
710 294 -335 0 
767 282 552 0 
280 -787 227 0 
841 407 270 0 
118 -780 696 0 
527 -169 -326 0 
-241 -585 652 0 
678 652 653 0 
-641 -683 486 0 
-33 -745 -181 0 
738 232 -983 0 
729 -155 415 0 
-150 -862 466 0 
-383 111 598 0 
-628 22 657 0 
385 116 -39 0 
-460 -391 -708 0 
363 -66 -184 0 
-261 -999 394 0 
755 -49 950 0 
372 322 -312 0 
-119 -50 886 0 
291 816 190 0 
-221 531 841 0 
-160 -31 767 0 
-905 -139 -432 0 
844 728 -436 0 
395 605 150 0 
-652 900 -221 0 
739 451 463 0 
-73 -815 775 0 
-953 939 343 0 
-971 -720 -536 0 
-470 -534 -179 0 
414 173 -706 0 
-292 256 -682 0 
985 -950 919 0 
-89 716 60 0 
-563 -744 358 0 
-673 552 676 0 
-208 241 -46 0 
-742 992 137 0 
-269 -993 849 0 
156 -251 -174 0 
384 -755 315 0 
600 -928 -256 0 
998 818 917 0 
349 -740 649 0 
541 45 326 0 
-616 263 380 0 
-897 500 -492 0 
-931 -570 882 0 
-962 -426 782 0 
-88 71 -567 0 
-918 -576 -647 0 
-908 -992 -900 0 
717 -886 -311 0 
45 535 -695 0 
11 752 -914 0 
838 561 -677 0 
-566 -393 984 0 
363 -919 85 0 
-339 683 -87 0 
-315 -198 -810 0 
912 866 609 0 
298 -555 -233 0 
-291 -673 -807 0 
-827 -379 -269 0 
563 -586 -67 0 
133 -198 120 0 
597 -766 -31 0 
-706 149 872 0 
-36 633 313 0 
559 -550 431 0 
-618 222 -641 0 
367 -859 85 0 
-858 -844 -285 0 
-715 -430 219 0 
-304 -340 928 0 
-188 -823 -61 0 
-453 508 148 0 
-489 780 -715 0 
-38 402 780 0 
-28 333 656 0 
-68 180 -461 0 
-479 589 810 0 
-465 -504 -732 0 
-90 -801 516 0 
-975 747 -193 0 
-204 48 -154 0 
-62 -608 279 0 
671 147 -84 0 
587 392 -441 0 
-288 -206 -749 0 
794 -314 -126 0 
474 -745 -166 0 
262 254 410 0 
-876 -761 -340 0 
-466 -23 963 0 
93 -547 397 0 
-506 -999 834 0 
657 617 -387 0 
-201 -495 963 0 
-635 901 946 0 
-633 687 -57 0 
-788 -612 -527 0 
-339 305 -983 0 
-163 65 686 0 
-628 -365 -475 0 
-455 -169 471 0 
-232 480 358 0 
985 -179 -115 0 
-628 -902 341 0 
842 -69 417 0 
375 860 -754 0 
782 -699 -386 0 
-617 -440 622 0 
-267 883 736 0 
-928 -439 797 0 
568 -222 -850 0 
-373 -315 766 0 
-32 -127 658 0 
-376 -892 628 0 
929 -714 588 0 
-294 928 165 0 
-685 -699 -512 0 
-121 388 -144 0 
-408 365 304 0 
-383 917 297 0 
20 633 -560 0 
-739 -331 639 0 
-737 824 -686 0 
-976 -991 752 0 
-131 -910 -659 0 
233 -857 -16 0 
833 438 727 0 
927 -290 -705 0 
-239 -723 -158 0 
314 -863 815 0 
259 -541 914 0 
533 -628 215 0 
65 -217 890 0 
595 276 -211 0 
-898 -129 672 0 
950 837 -146 0 
696 988 472 0 
787 129 -284 0 
546 -934 -149 0 
753 -201 -491 0 
872 184 -243 0 
-923 514 4 0 
547 13 -759 0 
-122 511 -441 0 
-970 -127 -692 0 
-122 -881 757 0 
169 818 -3 0 
353 -194 432 0 
-953 392 -597 0 
-486 -130 -404 0 
585 -727 586 0 
350 -865 233 0 
-925 -688 -686 0 
685 -32 331 0 
-411 -114 151 0 
-563 -364 -564 0 
-450 -602 -463 0 
143 -340 -389 0 
444 -965 159 0 
-241 -188 104 0 
-971 1 945 0 
694 579 47 0 
72 853 -159 0 
931 737 805 0 
-388 59 -888 0 
429 -538 -370 0 
300 405 -704 0 
-693 946 708 0 
-731 816 938 0 
-983 274 -110 0 
-181 138 720 0 
160 18 355 0 
616 -911 -296 0 
-115 -583 -944 0 
776 897 -352 0 
75 843 -884 0 
583 -287 771 0 
-455 -895 -512 0 
-626 -165 402 0 
607 -395 27 0 
570 621 997 0 
71 237 109 0 
137 -664 943 0 
831 -43 -346 0 
-590 -515 876 0 
355 -721 -262 0 
-637 -741 753 0 
158 -356 649 0 
32 -267 354 0 
-780 848 -133 0 
-456 -198 254 0 
-562 177 -709 0 
-284 -375 -42 0 
-682 403 636 0 
162 -265 613 0 
490 -418 188 0 
229 -674 188 0 
-216 481 410 0 
-761 -823 -774 0 
913 735 912 0 
-262 -931 -791 0 
-69 -623 -660 0 
-530 658 -675 0 
-682 -391 390 0 
44 804 625 0 
-853 -432 381 0 
623 838 -23 0 
-480 -488 988 0 
-290 -768 78 0 
-350 -241 -329 0 
-430 543 659 0 
898 -585 575 0 
455 -803 155 0 
-102 -800 339 0 
-921 -444 -816 0 
245 -463 -616 0 
197 202 28 0 
-698 861 -589 0 
-272 -27 894 0 
840 -799 -734 0 
-686 446 -397 0 
-391 -225 -530 0 
-279 -439 980 0 
988 -763 964 0 
417 -764 -153 0 
-475 886 69 0 
667 -463 427 0 
467 -428 -535 0 
185 855 969 0 
10 497 -875 0 
-405 -783 -787 0 
-115 -675 787 0 
-5 -890 -533 0 
338 604 -291 0 
-353 734 971 0 
-961 -109 -532 0 
158 408 841 0 
-117 -856 -829 0 
-179 -476 -937 0 
895 -150 -626 0 
992 -189 -283 0 
912 -223 -527 0 
-368 358 -488 0 
952 574 -43 0 
-797 -66 -720 0 
333 383 -419 0 
-262 304 192 0 
-258 103 -872 0 
451 -785 187 0 
452 -151 464 0 
42 -973 -931 0 
-973 99 -122 0 
749 624 -322 0 
-68 -818 529 0 
400 -622 140 0 
770 -412 940 0 
504 -881 989 0 
-571 886 472 0 
848 412 257 0 
966 637 -836 0 
659 602 538 0 
-109 -103 -665 0 
-389 511 523 0 
-912 -536 -46 0 
936 -618 825 0 
241 946 -787 0 
-748 540 628 0 
-379 21 3 0 
-660 -274 107 0 
-628 -903 505 0 
-363 110 -863 0 
-80 465 -570 0 
-618 -646 -259 0 
-746 4 -13 0 
307 -771 -432 0 
517 72 214 0 
612 96 387 0 
945 843 938 0 
-383 300 -558 0 
-157 644 -706 0 
-748 -972 137 0 
-567 294 -576 0 
282 -208 -471 0 
-899 -819 -110 0 
-637 -445 -332 0 
-807 -519 -700 0 
247 568 -57 0 
206 852 -77 0 
262 314 -354 0 
100 -745 724 0 
-294 147 -477 0 
523 -587 -452 0 
463 -299 -484 0 
-947 -851 -249 0 
-840 -288 -169 0 
590 11 224 0 
-714 422 -347 0 
659 -28 -918 0 
437 384 -997 0 
537 -64 738 0 
-211 -605 -682 0 
319 437 -952 0 
991 391 636 0 
-495 -97 -933 0 
-700 -484 770 0 
-720 -203 226 0 
392 69 -942 0 
-159 -74 612 0 
-154 -326 672 0 
576 173 502 0 
-8 609 993 0 
573 -63 -476 0 
-472 -543 -154 0 
-519 362 -609 0 
-890 -267 962 0 
844 846 -810 0 
375 536 772 0 
-399 854 540 0 
377 797 983 0 
37 355 598 0 
-839 -142 528 0 
-833 677 747 0 
126 393 654 0 
-72 -499 -697 0 
-420 -475 -818 0 
-393 -328 163 0 
207 523 -770 0 
-505 676 172 0 
458 -394 697 0 
-268 -308 -235 0 
959 909 807 0 
113 143 866 0 
-218 -326 -901 0 
268 525 -161 0 
-117 882 901 0 
-444 41 34 0 
659 944 -950 0 
3 171 952 0 
31 -945 -727 0 
-818 110 663 0 
679 341 649 0 
-886 354 -445 0 
986 992 693 0 
982 177 -792 0 
900 915 -991 0 
257 43 173 0 
-412 -521 252 0 
426 94 834 0 
286 911 -60 0 
-535 743 -214 0 
-675 -465 -587 0 
-903 -417 -287 0 
-266 -25 472 0 
207 -287 -614 0 
-712 -83 -850 0 
-89 338 513 0 
-198 124 -61 0 
540 -638 -11 0 
-667 44 -223 0 
107 -50 -689 0 
574 -367 710 0 
-872 -787 765 0 
991 -298 -878 0 
-776 -542 -103 0 
942 -933 739 0 
-457 -820 459 0 
-396 582 -437 0 
-373 574 464 0 
667 264 -569 0 
509 729 -367 0 
495 660 100 0 
230 972 -689 0 
295 33 -226 0 
156 -23 486 0 
583 14 573 0 
286 427 207 0 
777 -238 93 0 
8 332 -901 0 
-183 736 381 0 
673 -11 720 0 
544 631 -207 0 
-812 -298 304 0 
646 -821 -834 0 
-429 289 -478 0 
-653 -427 -192 0 
-430 382 417 0 
367 472 928 0 
-128 106 950 0 
399 -849 187 0 
948 546 -71 0 
-848 -757 397 0 
-527 -707 -197 0 
-637 -561 634 0 
546 -647 -639 0 
170 156 -778 0 
976 416 -710 0 
-172 274 374 0 
365 652 -789 0 
640 -646 125 0 
796 159 786 0 
-770 450 -887 0 
-109 -358 -605 0 
307 670 748 0 
35 583 -116 0 
694 -858 -158 0 
-400 166 77 0 
-281 686 880 0 
-335 -776 -673 0 
291 715 909 0 
810 375 -936 0 
920 -687 18 0 
915 -380 557 0 
640 -288 75 0 
-627 -402 -493 0 
857 141 -915 0 
-408 42 900 0 
308 -155 -410 0 
-441 -608 -187 0 
-325 -563 -959 0 
-820 -240 389 0 
645 916 -320 0 
510 965 907 0 
969 -776 146 0 
-223 -165 -207 0 
-715 964 656 0 
9 -191 -285 0 
-91 473 -813 0 
-534 -440 -684 0 
781 -139 -801 0 
-894 437 342 0 
-851 -647 873 0 
-315 725 77 0 
-366 -219 308 0 
497 -622 -230 0 
-241 -956 -856 0 
806 264 -71 0 
-435 -903 -829 0 
-993 716 -703 0 
214 42 701 0 
198 935 255 0 
-85 -566 244 0 
-44 -63 301 0 
863 300 -226 0 
-764 27 -984 0 
-681 401 718 0 
-237 -718 -685 0 
-297 -216 211 0 
-758 -397 -233 0 
-244 470 870 0 
-772 561 -253 0 
-79 -937 259 0 
820 -815 -122 0 
820 -23 -30 0 
-91 955 -14 0 
-227 -547 -367 0 
-763 -6 -157 0 
-505 445 -451 0 
-53 952 -981 0 
432 -120 -408 0 
127 709 -752 0 
225 223 613 0 
-261 -336 450 0 
630 -983 9 0 
-724 -853 593 0 
-475 -40 172 0 
-169 263 -823 0 
982 505 397 0 
-206 36 304 0 
894 -672 -924 0 
492 -796 -227 0 
315 322 633 0 
621 -993 558 0 
144 -783 762 0 
-724 833 -143 0 
493 32 226 0 
173 -260 -508 0 
283 -197 -204 0 
-568 402 -405 0 
869 461 -358 0 
755 -126 -864 0 
-651 905 122 0 
449 -47 505 0 
561 -337 428 0 
-325 82 -416 0 
950 808 -662 0 
927 -343 -865 0 
250 145 -651 0 
55 125 -599 0 
170 569 153 0 
-948 291 -394 0 
577 122 -1 0 
-598 599 -578 0 
535 25 -976 0 
-644 388 367 0 
-768 801 986 0 
-708 470 -341 0 
-278 617 151 0 
-556 260 674 0 
-770 -665 144 0 
-143 -686 -936 0 
-930 359 534 0 
977 330 -838 0 
96 285 417 0 
668 -20 991 0 
8 419 -71 0 
57 -739 514 0 
894 703 255 0 
697 777 638 0 
180 -878 579 0 
-66 -561 -36 0 
937 -568 16 0 
328 -866 362 0 
557 -384 205 0 
674 -695 -47 0 
-105 -889 -438 0 
782 395 490 0 
-660 -164 -947 0 
570 -845 -413 0 
-711 829 -126 0 
-687 -272 945 0 
-348 -975 -824 0 
-558 264 99 0 
798 -415 193 0 
-314 -966 -186 0 
-621 -834 -255 0 
734 985 -854 0 
553 135 76 0 
871 -465 -873 0 
476 -876 803 0 
-973 -402 565 0 
-627 -491 -47 0 
670 27 285 0 
814 -831 77 0 
704 -885 -676 0 
-650 -227 893 0 
883 726 535 0 
538 -596 -840 0 
-805 -827 -548 0 
528 320 -363 0 
-125 605 748 0 
-106 -54 636 0 
136 862 -857 0 
-611 -775 370 0 
-545 999 -79 0 
569 -980 -437 0 
-199 993 641 0 
106 855 925 0 
-222 -535 282 0 
-287 -746 757 0 
379 -524 785 0 
-494 800 -396 0 
-586 -653 -151 0 
420 -582 747 0 
789 575 267 0 
691 -594 -779 0 
-874 -191 -804 0 
-228 -493 -773 0 
769 237 645 0 
-200 -794 -131 0 
121 922 93 0 
224 522 -768 0 
-354 437 -649 0 
-856 -938 402 0 
210 -83 44 0 
240 -796 -125 0 
-959 954 -688 0 
-681 -982 82 0 
539 -615 -2 0 
820 -223 -963 0 
910 -608 -573 0 
-319 -862 -462 0 
-760 765 -615 0 
908 -493 -872 0 
339 597 -924 0 
633 228 -220 0 
141 383 -790 0 
432 508 213 0 
-722 410 870 0 
-134 550 -424 0 
551 442 -235 0 
-800 -546 236 0 
