p cnf 1000 3400
-457 616 525 0 
894 916 -866 0 
349 -676 495 0 
656 609 433 0 
307 686 171 0 
71 -344 -574 0 
-300 -831 -386 0 
514 -819 445 0 
-994 365 -767 0 
134 48 -444 0 
438 502 90 0 
247 -314 -898 0 
868 963 856 0 
-167 7 96 0 
783 883 -918 0 
727 -855 -488 0 
186 -547 544 0 
510 994 -499 0 
-225 797 141 0 
-604 -256 -258 0 
650 730 932 0 
-785 391 -794 0 
453 -488 372 0 
-267 -801 779 0 
171 902 133 0 
-590 -691 -472 0 
-840 215 -698 0 
-124 -486 494 0 
321 -324 -992 0 
-197 -351 476 0 
-353 901 -645 0 
-509 -544 -568 0 
-481 -535 93 0 
-877 -98 175 0 
251 -711 355 0 
489 412 -648 0 
-187 448 -923 0 
757 -24 107 0 
-706 988 631 0 
118 666 251 0 
-298 249 427 0 
816 -667 -195 0 
-416 435 700 0 
325 -830 929 0 
-325 -377 795 0 
268 -856 -750 0 
-285 -492 708 0 
247 669 521 0 
950 949 101 0 
424 -86 -669 0 
-904 378 -859 0 
131 -98 91 0 
-402 437 -939 0 
-267 776 -842 0 
-293 -107 -200 0 
-137 275 -822 0 
-275 -218 -643 0 
267 857 47 0 
-635 901 302 0 
-78 955 335 0 
258 -22 911 0 
-494 -129 -38 0 
985 -97 640 0 
851 -156 978 0 
810 22 -986 0 
-54 297 -773 0 
848 -79 674 0 
-70 363 -764 0 
40 643 981 0 
825 -705 -613 0 
618 819 8 0 
-935 -221 -79 0 
-751 215 -976 0 
367 -34 -415 0 
750 -463 848 0 
-109 973 -699 0 
664 -740 -846 0 
-48 254 513 0 
-342 -240 413 0 
976 -23 -479 0 
-18 -710 -247 0 
-385 382 -496 0 
-383 12 512 0 
968 453 595 0 
-734 390 -438 0 
-671 -870 -277 0 
209 834 -973 0 
-546 629 488 0 
-202 -591 138 0 
856 -833 467 0 
-637 -425 -320 0 
-77 262 -562 0 
526 -100 -982 0 
932 -333 -660 0 
616 -567 172 0 
-66 -807 264 0 
51 -630 332 0 
-167 -59 438 0 
-528 481 638 0 
-480 514 -695 0 
843 256 372 0 
689 -593 -321 0 
-404 -923 855 0 
260 -572 -156 0 
-947 -650 -359 0 
-319 -292 856 0 
152 830 -611 0 
-461 -280 155 0 
300 -193 -174 0 
907 -311 975 0 
-629 -919 471 0 
579 -114 902 0 
583 826 -423 0 
-661 116 331 0 
395 -29 -344 0 
-782 -382 646 0 
-501 618 -228 0 
898 -219 893 0 
602 48 -870 0 
656 204 -742 0 
-621 321 116 0 
872 -691 -827 0 
-407 708 -40 0 
753 -563 -73 0 
-66 399 -499 0 
390 -968 288 0 
-771 -512 5 0 
-971 249 161 0 
55 388 -731 0 
-10 -646 -953 0 
149 -875 89 0 
153 857 268 0 
-901 663 520 0 
175 -484 -222 0 
389 64 828 0 
-969 782 -854 0 
208 -886 669 0 
375 478 -566 0 
-963 514 136 0 
29 -468 -15 0 
-773 853 -39 0 
-463 790 20 0 
-238 -701 -373 0 
969 -873 221 0 
-930 -566 164 0 
994 144 -183 0 
554 -769 -964 0 
778 -986 513 0 
-273 -339 -688 0 
-516 -590 476 0 
-526 636 -863 0 
141 196 -638 0 
599 233 -888 0 
-135 -352 455 0 
-764 173 -962 0 
568 507 -97 0 
-592 -244 565 0 
742 -992 929 0 
-667 320 -268 0 
260 -231 -625 0 
664 959 575 0 
-555 -89 766 0 
527 657 -541 0 
6 -73 -885 0 
-979 448 471 0 
367 -419 614 0 
-492 -30 -198 0 
282 830 246 0 
-727 -239 280 0 
-612 -33 -868 0 
522 -725 -664 0 
-57 -83 -404 0 
95 937 -111 0 
-14 -21 -946 0 
432 874 434 0 
755 -454 734 0 
-997 -116 -238 0 
906 -168 -406 0 
926 -278 -66 0 
-256 986 609 0 
-187 66 655 0 
-240 845 547 0 
157 373 707 0 
-541 -181 127 0 
5 502 -653 0 
796 -78 -196 0 
-188 -783 207 0 
-264 -305 -148 0 
723 467 -592 0 
-815 -273 718 0 
726 -904 595 0 
490 392 741 0 
917 -911 853 0 
226 -91 389 0 
919 568 320 0 
802 788 -801 0 
-106 -32 -250 0 
-256 -241 845 0 
-852 153 801 0 
803 -795 -955 0 
-809 95 577 0 
809 31 -951 0 
-115 725 -709 0 
477 -868 928 0 
556 -882 913 0 
258 -984 745 0 
-992 -73 -250 0 
-713 235 -768 0 
204 -487 -398 0 
-229 -96 -189 0 
206 -500 785 0 
-660 -390 414 0 
311 -343 -794 0 
-909 -781 -950 0 
-312 -4 -38 0 
-88 -421 386 0 
-983 -117 823 0 
-487 65 -41 0 
-754 -174 356 0 
-732 -527 71 0 
-726 655 506 0 
-945 -124 -279 0 
685 -585 -746 0 
137 702 -120 0 
582 350 698 0 
-911 -572 -25 0 
-192 415 84 0 
-648 -521 308 0 
-159 -862 88 0 
520 -158 -504 0 
702 775 269 0 
-270 -271 816 0 
-632 202 589 0 
-959 -80 974 0 
-766 320 -597 0 
318 621 491 0 
244 -143 -95 0 
-809 344 -508 0 
-550 485 -407 0 
856 -791 496 0 
497 713 233 0 
-611 -707 -677 0 
-382 71 221 0 
978 779 -962 0 
580 -283 458 0 
-888 260 -576 0 
-584 547 662 0 
896 350 485 0 
-763 -265 -579 0 
878 28 -992 0 
196 398 841 0 
532 947 -199 0 
841 673 560 0 
-918 444 923 0 
776 -110 -279 0 
525 -545 -636 0 
30 -203 562 0 
-411 -326 668 0 
771 321 -216 0 
765 -405 649 0 
-310 -297 -989 0 
-599 -454 -871 0 
349 -616 -584 0 
-593 975 844 0 
-990 379 705 0 
955 -62 -111 0 
605 67 -364 0 
-742 650 68 0 
388 -822 213 0 
-384 -698 -820 0 
124 -118 -795 0 
516 -904 -954 0 
-29 144 377 0 
-924 -814 -355 0 
-518 -740 -679 0 
-914 233 -24 0 
875 -329 836 0 
688 321 9 0 
881 995 941 0 
308 992 -998 0 
-737 -657 36 0 
-749 353 -483 0 
-979 846 300 0 
-47 131 222 0 
628 98 -306 0 
646 -892 489 0 
-521 821 -954 0 
-327 345 993 0 
-68 -809 921 0 
-589 -698 -534 0 
-148 -366 -798 0 
449 561 642 0 
80 -953 -677 0 
409 822 -664 0 
-800 342 406 0 
990 677 610 0 
561 -753 -83 0 
-512 667 -704 0 
-465 404 -389 0 
264 -946 -520 0 
-613 -328 -873 0 
943 663 -657 0 
-135 983 -60 0 
-63 753 827 0 
324 -190 -494 0 
-68 69 515 0 
-813 -306 686 0 
-211 874 -638 0 
-84 -10 -796 0 
663 333 218 0 
595 -111 985 0 
461 -480 -856 0 
487 952 465 0 
451 700 -812 0 
918 -305 -620 0 
-418 -468 -723 0 
-447 -86 -885 0 
-883 496 -733 0 
-934 829 -628 0 
-106 675 -752 0 
-221 493 189 0 
-897 767 279 0 
-419 -702 -575 0 
669 -651 233 0 
-387 147 -345 0 
996 73 -846 0 
82 -807 685 0 
150 361 -855 0 
546 -356 -116 0 
-678 326 -634 0 
-612 -199 80 0 
-342 835 -940 0 
96 -49 715 0 
189 -518 36 0 
970 -661 -546 0 
62 -162 142 0 
-560 -871 -178 0 
441 -880 427 0 
-752 672 119 0 
-613 651 -636 0 
298 968 -859 0 
-56 661 354 0 
626 -473 -327 0 
777 582 683 0 
547 -301 606 0 
-557 -614 -331 0 
-283 883 -354 0 
534 -94 949 0 
552 -774 -843 0 
-39 -347 -52 0 
363 -630 -369 0 
-908 119 -976 0 
-512 -556 942 0 
-3 -729 703 0 
333 -753 526 0 
945 -576 153 0 
-27 714 -275 0 
-906 58 -8 0 
-236 -567 580 0 
333 244 647 0 
683 -164 497 0 
-340 -234 89 0 
-442 18 809 0 
625 560 402 0 
245 967 -695 0 
-618 -175 96 0 
738 -713 -254 0 
767 -994 -367 0 
857 -226 -605 0 
154 622 -265 0 
-618 -327 -995 0 
-225 841 -444 0 
96 389 409 0 
-871 327 109 0 
314 -119 683 0 
-851 445 875 0 
-399 279 825 0 
165 -349 -331 0 
753 -11 576 0 
662 -853 735 0 
-752 -759 624 0 
316 -38 310 0 
-773 304 -594 0 
-843 -844 373 0 
-557 -555 -649 0 
414 303 -463 0 
-910 993 232 0 
642 283 -290 0 
-671 -295 617 0 
-156 407 -672 0 
-133 210 -832 0 
-835 277 48 0 
-434 -877 -304 0 
-781 -903 -655 0 
-85 857 -685 0 
-610 -421 851 0 
-56 -737 68 0 
-616 -874 -689 0 
77 92 149 0 
680 867 903 0 
275 -996 -773 0 
-149 -428 -376 0 
-65 326 -906 0 
-391 -989 -253 0 
-432 -679 -403 0 
-204 370 -951 0 
-153 791 -868 0 
199 -883 463 0 
683 -226 921 0 
866 589 -854 0 
-735 455 -993 0 
-884 -388 339 0 
-970 939 -129 0 
-171 -874 421 0 
-568 -265 650 0 
-922 400 833 0 
911 855 59 0 
689 69 -874 0 
-206 -689 -342 0 
-629 -638 942 0 
663 334 -300 0 
488 90 404 0 
959 -250 631 0 
693 -668 -351 0 
526 -506 -471 0 
424 -583 483 0 
312 -848 36 0 
412 670 229 0 
55 -191 385 0 
-96 309 979 0 
-150 417 590 0 
297 220 349 0 
626 -667 894 0 
-454 -185 -792 0 
-52 920 -460 0 
-543 -201 433 0 
-268 970 -850 0 
-484 465 273 0 
-104 294 -126 0 
326 173 720 0 
454 -709 -784 0 
555 56 -109 0 
-470 944 346 0 
-960 844 -916 0 
646 -596 511 0 
-883 -967 848 0 
820 -285 236 0 
-286 3 629 0 
-744 -198 -594 0 
-865 219 678 0 
282 -769 167 0 
-276 -414 320 0 
497 -716 -250 0 
-92 -375 -943 0 
581 801 559 0 
694 448 257 0 
39 -299 -469 0 
-298 -691 662 0 
398 -181 -906 0 
-229 -415 986 0 
-734 219 292 0 
590 -689 -318 0 
618 737 939 0 
-850 684 -222 0 
-877 -350 -225 0 
372 -271 -436 0 
32 -609 794 0 
-32 793 -365 0 
-873 -355 670 0 
603 -555 138 0 
-836 -8 617 0 
-416 -889 572 0 
-693 -989 -285 0 
-293 312 915 0 
311 -418 -34 0 
47 -96 521 0 
240 224 49 0 
-166 943 846 0 
-686 122 285 0 
-941 -24 972 0 
-769 -658 399 0 
334 920 -790 0 
531 158 480 0 
662 -924 -221 0 
920 -17 259 0 
939 -466 722 0 
-865 649 -760 0 
748 -204 -63 0 
655 -776 -40 0 
901 -50 597 0 
-802 -79 527 0 
-505 906 20 0 
497 493 690 0 
-688 -803 854 0 
-692 -677 202 0 
-509 633 -873 0 
712 110 -241 0 
-981 -680 466 0 
762 531 527 0 
-779 -526 531 0 
37 -814 -880 0 
478 -72 -607 0 
-462 -49 90 0 
-60 263 912 0 
708 -17 682 0 
-44 -19 162 0 
248 167 747 0 
-294 845 194 0 
-866 171 -161 0 
-328 231 702 0 
421 -55 -887 0 
-550 -404 -827 0 
-794 -445 -713 0 
31 -147 -701 0 
-686 683 444 0 
894 -454 -876 0 
668 -425 672 0 
-274 302 -463 0 
853 -774 265 0 
449 629 498 0 
-443 -4 550 0 
-655 -939 22 0 
351 966 914 0 
787 -300 401 0 
137 184 863 0 
-539 815 182 0 
624 -294 -81 0 
270 442 -248 0 
38 14 175 0 
107 -57 372 0 
-242 541 990 0 
-176 328 -336 0 
957 -882 301 0 
-92 -83 550 0 
-500 82 405 0 
563 427 -360 0 
27 -391 -485 0 
751 -997 -712 0 
-405 43 672 0 
-73 -168 -420 0 
581 -461 -348 0 
-90 286 -803 0 
155 -935 -667 0 
-829 -502 -398 0 
777 707 -431 0 
-919 329 683 0 
158 759 845 0 
-376 41 756 0 
31 -455 -77 0 
-554 566 -821 0 
457 328 -793 0 
682 917 157 0 
882 -598 -944 0 
-730 64 606 0 
486 292 -61 0 
-789 -81 -367 0 
712 620 -604 0 
-458 -260 445 0 
-770 426 593 0 
-566 -371 -396 0 
412 361 -32 0 
637 -935 -351 0 
347 382 -76 0 
-420 -878 515 0 
780 -735 56 0 
-993 -229 -872 0 
-816 -983 560 0 
-611 604 -512 0 
263 100 -754 0 
-553 986 926 0 
-550 -157 833 0 
478 625 -499 0 
-121 376 476 0 
-204 -40 846 0 
-772 -258 -747 0 
400 438 188 0 
-786 688 674 0 
316 -663 129 0 
-61 707 -654 0 
858 -337 -735 0 
618 -93 -632 0 
239 -607 -854 0 
-798 -577 290 0 
966 225 119 0 
720 -897 992 0 
-694 -210 596 0 
-889 -475 -353 0 
803 -884 714 0 
-65 -42 246 0 
187 192 -269 0 
877 235 902 0 
146 -96 -553 0 
478 389 -28 0 
742 -176 252 0 
-636 84 477 0 
655 580 -140 0 
-742 -51 -27 0 
233 530 26 0 
-434 -695 977 0 
671 -20 157 0 
684 584 613 0 
442 914 -140 0 
-990 837 -489 0 
-925 -993 1000 0 
-982 -438 722 0 
-3 -235 671 0 
195 -510 506 0 
-92 -95 904 0 
271 -867 835 0 
-566 -555 -210 0 
-307 -845 -643 0 
-128 -337 559 0 
-344 391 -57 0 
-243 -703 260 0 
-315 228 -897 0 
353 165 462 0 
-191 -264 -285 0 
588 975 210 0 
616 -970 459 0 
573 -579 -326 0 
-594 925 -214 0 
324 -150 -7 0 
-770 162 -694 0 
976 -761 -326 0 
194 623 186 0 
-772 -321 796 0 
-123 -532 -920 0 
907 -221 830 0 
984 925 -131 0 
-663 850 -618 0 
-573 -745 -394 0 
899 39 -362 0 
829 -271 -283 0 
875 226 -816 0 
-369 899 -465 0 
-888 759 -372 0 
-2 -899 771 0 
-203 714 682 0 
-444 -553 -903 0 
284 626 -96 0 
277 -877 429 0 
-303 799 201 0 
217 980 175 0 
382 -525 -552 0 
877 671 7 0 
-428 705 313 0 
-925 221 71 0 
-680 -308 -161 0 
355 -693 -39 0 
150 -19 113 0 
434 886 -31 0 
-937 128 634 0 
876 43 458 0 
754 748 56 0 
779 -844 -324 0 
-948 -520 619 0 
-527 364 -88 0 
836 797 334 0 
283 954 874 0 
-538 2 204 0 
-992 -784 -820 0 
252 -422 246 0 
-541 -394 708 0 
104 -645 605 0 
-460 384 148 0 
-437 -626 -530 0 
-33 -779 995 0 
-704 -506 524 0 
649 -316 599 0 
18 -864 432 0 
-939 799 -752 0 
-929 -117 -850 0 
946 734 933 0 
-514 84 220 0 
793 -95 -130 0 
-180 -735 -786 0 
694 -887 -347 0 
-107 -982 -325 0 
839 -201 -782 0 
501 -192 510 0 
563 -264 429 0 
-173 -291 247 0 
-714 483 -383 0 
85 -760 339 0 
598 -368 -985 0 
331 593 106 0 
-811 -431 409 0 
259 997 864 0 
-1 -833 -385 0 
-91 -659 -201 0 
-444 -655 956 0 
-4 656 -977 0 
-22 -560 -255 0 
695 455 -87 0 
-344 -805 439 0 
-581 374 885 0 
30 -862 260 0 
-596 190 -836 0 
-558 -739 -117 0 
924 532 876 0 
585 962 269 0 
242 478 823 0 
-126 730 801 0 
87 144 -442 0 
720 883 -574 0 
255 524 459 0 
-455 390 831 0 
-698 114 -520 0 
-259 115 651 0 
117 -779 -58 0 
-129 154 -775 0 
-761 -436 -960 0 
-891 -860 -490 0 
3 441 -926 0 
120 907 107 0 
-504 921 987 0 
840 764 397 0 
591 -874 51 0 
-337 222 -747 0 
778 321 -413 0 
-979 516 819 0 
552 312 -570 0 
791 606 370 0 
127 390 -239 0 
284 790 -696 0 
920 18 -694 0 
760 664 -635 0 
-168 214 -945 0 
274 462 279 0 
-68 -828 504 0 
-641 -537 65 0 
411 329 121 0 
503 -874 -564 0 
946 973 -235 0 
-275 -283 257 0 
347 -928 -258 0 
-766 -996 -337 0 
955 -989 -863 0 
-176 -635 -906 0 
-610 236 -498 0 
-711 99 687 0 
-670 731 49 0 
-553 634 -948 0 
-994 -973 -10 0 
-368 -73 -263 0 
-10 -999 -96 0 
71 -391 288 0 
-316 -653 -689 0 
-697 970 219 0 
-749 793 -516 0 
-874 -368 -584 0 
856 649 -527 0 
-427 320 -243 0 
797 -452 -639 0 
861 -126 -362 0 
-725 630 949 0 
-88 -969 869 0 
-989 966 -177 0 
26 332 -621 0 
518 846 -416 0 
-627 -535 -115 0 
894 319 201 0 
986 -247 716 0 
-188 -495 -166 0 
-879 412 -355 0 
300 -272 -143 0 
350 -474 36 0 
-658 512 -594 0 
-537 -99 891 0 
-999 689 624 0 
716 843 331 0 
313 53 -539 0 
-972 -286 -72 0 
761 -913 -499 0 
-347 714 -306 0 
-120 -270 -609 0 
-621 -979 -914 0 
-795 -482 -525 0 
-435 -173 891 0 
-812 -818 -933 0 
46 981 -241 0 
-881 -95 620 0 
-831 165 487 0 
-4 -939 -121 0 
-986 533 600 0 
867 767 295 0 
-828 457 268 0 
-286 -173 -129 0 
26 584 -357 0 
-242 -341 815 0 
-174 555 844 0 
142 -609 644 0 
-799 111 -745 0 
881 -385 -351 0 
-914 -201 -873 0 
51 751 -70 0 
360 529 -681 0 
-961 660 -607 0 
-387 -581 -56 0 
-951 -207 788 0 
-153 -630 228 0 
-255 975 -969 0 
837 -469 228 0 
926 634 -549 0 
-813 309 597 0 
202 878 784 0 
952 886 853 0 
481 -407 767 0 
464 -638 750 0 
-209 -354 -840 0 
387 -947 983 0 
-915 -679 853 0 
-265 -724 -203 0 
774 869 803 0 
-13 -414 -462 0 
549 45 72 0 
859 644 252 0 
-77 895 -459 0 
683 242 797 0 
76 -497 910 0 
997 415 -833 0 
-262 -773 -937 0 
-371 350 -613 0 
258 312 727 0 
943 -89 -501 0 
507 -353 -212 0 
-365 -15 -57 0 
371 -730 530 0 
770 182 816 0 
124 -710 -24 0 
-586 564 905 0 
352 -535 786 0 
-849 -877 762 0 
421 282 -577 0 
708 -698 218 0 
-35 456 -436 0 
775 -127 -696 0 
-661 624 -270 0 
545 -650 -693 0 
730 -720 447 0 
-485 -940 774 0 
-461 -91 -722 0 
533 -308 -495 0 
-865 -478 766 0 
-479 616 -196 0 
457 -519 -219 0 
151 293 -638 0 
109 695 214 0 
983 -71 309 0 
987 -353 62 0 
742 121 864 0 
426 6 -854 0 
-992 509 334 0 
81 -200 -446 0 
-562 364 814 0 
600 -411 -888 0 
267 144 -120 0 
20 455 -571 0 
272 208 -5 0 
2 -700 -67 0 
-705 -145 751 0 
-817 320 -666 0 
137 -376 -40 0 
190 94 -766 0 
829 439 956 0 
124 598 -443 0 
-17 995 -261 0 
45 -781 -122 0 
-74 -913 -719 0 
989 315 720 0 
-150 -140 -560 0 
-37 -537 -640 0 
205 241 -628 0 
812 885 -344 0 
255 -524 -672 0 
104 -676 -318 0 
-660 4 -180 0 
756 878 405 0 
-332 -55 283 0 
-507 747 -696 0 
998 259 -803 0 
-107 380 -804 0 
-23 33 -562 0 
478 800 237 0 
861 -338 219 0 
777 -18 856 0 
-882 -75 -643 0 
-901 -758 284 0 
-20 -660 678 0 
-155 124 370 0 
963 -341 910 0 
-36 595 388 0 
-560 -715 -95 0 
640 342 474 0 
-168 101 119 0 
173 367 -118 0 
-36 -286 230 0 
109 321 -950 0 
426 -129 920 0 
-189 895 798 0 
-670 22 -276 0 
22 -570 -936 0 
-816 465 545 0 
-277 189 909 0 
-559 -657 744 0 
200 -549 733 0 
968 327 -785 0 
-883 145 -283 0 
549 506 -116 0 
379 -642 -98 0 
-898 729 904 0 
928 -44 314 0 
828 776 -557 0 
-693 37 254 0 
-737 -754 -795 0 
-552 -586 -420 0 
855 753 343 0 
-693 -925 -891 0 
94 618 405 0 
13 734 275 0 
1 899 995 0 
774 -853 834 0 
482 501 -423 0 
803 284 -740 0 
756 -471 -697 0 
344 -10 -723 0 
-300 899 571 0 
-640 -919 -561 0 
-470 290 -896 0 
-358 41 -287 0 
391 617 -22 0 
-920 -44 903 0 
504 -689 73 0 
-296 -335 -726 0 
-511 729 -266 0 
255 -560 -544 0 
119 692 895 0 
771 133 72 0 
-803 192 -342 0 
967 210 944 0 
-69 28 -203 0 
-425 -936 338 0 
966 -450 384 0 
355 483 65 0 
430 167 356 0 
-375 -28 -20 0 
240 504 -409 0 
-462 -432 -723 0 
871 -676 -299 0 
-253 318 -244 0 
-886 -819 -222 0 
356 132 -793 0 
201 -875 -652 0 
793 -197 -780 0 
224 883 459 0 
173 227 989 0 
-61 -4 -688 0 
-591 54 325 0 
-597 278 287 0 
-260 -952 488 0 
-924 640 243 0 
-408 138 -822 0 
377 714 -344 0 
551 544 806 0 
-724 141 773 0 
671 340 -313 0 
294 575 -289 0 
-555 -443 -367 0 
-258 -350 901 0 
483 331 -845 0 
399 190 791 0 
99 -767 -803 0 
876 -358 679 0 
850 847 -35 0 
-642 -766 -818 0 
-695 -849 -738 0 
-609 332 346 0 
-488 81 569 0 
340 -247 -583 0 
-50 411 -96 0 
-786 163 -484 0 
191 912 759 0 
-628 698 -49 0 
-857 579 -133 0 
384 -840 -633 0 
-361 813 -393 0 
145 549 -959 0 
744 506 -552 0 
496 -516 997 0 
906 -828 -697 0 
-862 206 985 0 
409 318 -186 0 
247 -43 7 0 
597 275 -298 0 
724 62 974 0 
-290 694 -212 0 
555 922 -728 0 
295 -933 767 0 
181 -325 -241 0 
188 403 -773 0 
-911 982 -382 0 
-524 591 682 0 
626 -634 -989 0 
-279 177 -716 0 
55 -348 723 0 
-295 807 -58 0 
429 332 -122 0 
198 -730 569 0 
-871 -275 893 0 
123 860 -995 0 
-132 -912 -515 0 
-512 -203 -307 0 
-542 -335 809 0 
130 282 740 0 
207 -828 548 0 
325 207 -990 0 
144 -87 -16 0 
-336 -699 -768 0 
495 108 -622 0 
429 37 -68 0 
-693 -132 -355 0 
-564 367 147 0 
397 355 61 0 
-354 275 222 0 
685 -736 735 0 
-355 541 335 0 
483 935 554 0 
250 -95 -538 0 
236 -585 -177 0 
-851 -265 -451 0 
-93 -100 -532 0 
76 -855 546 0 
-85 -36 565 0 
733 -427 -556 0 
311 -589 -85 0 
-118 -369 500 0 
729 -55 -298 0 
-827 782 512 0 
183 -213 890 0 
-993 -208 -545 0 
-316 -314 219 0 
-182 -903 -294 0 
643 908 -760 0 
935 -243 -95 0 
-338 249 423 0 
391 -588 -337 0 
-308 -688 -851 0 
861 -732 -51 0 
-261 446 137 0 
-597 -39 985 0 
-790 992 189 0 
537 -344 95 0 
-521 -156 40 0 
802 -230 -740 0 
298 -274 -961 0 
887 74 -897 0 
196 -732 -520 0 
518 225 688 0 
-296 -259 199 0 
496 94 -796 0 
559 788 -924 0 
-477 -211 646 0 
806 852 -518 0 
260 -963 628 0 
971 286 -463 0 
-904 -975 22 0 
-462 -173 762 0 
11 -828 -897 0 
-121 -364 774 0 
849 487 792 0 
-872 325 216 0 
123 133 821 0 
860 650 422 0 
-89 713 960 0 
-109 466 159 0 
849 44 899 0 
-775 986 492 0 
183 -243 -941 0 
-933 -683 -826 0 
433 -597 -256 0 
686 341 30 0 
165 412 745 0 
880 -684 -453 0 
918 -250 -23 0 
566 -515 -554 0 
-285 741 652 0 
944 -87 -687 0 
-610 -718 496 0 
558 -299 -367 0 
-35 -820 182 0 
140 -817 -567 0 
196 -252 994 0 
-619 401 -582 0 
-768 -673 920 0 
-730 -529 177 0 
-709 197 -778 0 
-931 -696 -225 0 
924 -126 -882 0 
827 945 634 0 
658 785 47 0 
714 -574 970 0 
-866 892 -424 0 
-90 53 968 0 
-289 760 -837 0 
417 970 622 0 
126 420 13 0 
568 -852 -150 0 
467 -184 -342 0 
71 -517 -536 0 
710 -468 339 0 
-662 -46 94 0 
796 -448 778 0 
50 -213 -805 0 
-748 -207 944 0 
-371 800 -783 0 
-361 -652 -192 0 
-360 406 -200 0 
-967 -770 95 0 
678 -211 -723 0 
199 952 -911 0 
585 -819 657 0 
632 -753 442 0 
-899 -501 198 0 
-639 774 711 0 
-807 -606 -509 0 
304 369 714 0 
-27 -598 -970 0 
-509 816 -291 0 
764 -208 726 0 
-101 828 588 0 
711 -400 -791 0 
-198 -642 474 0 
-471 -189 -28 0 
998 -433 -370 0 
-402 -352 763 0 
-863 -824 -499 0 
256 114 -125 0 
612 -198 934 0 
-248 237 -770 0 
6 270 -252 0 
746 946 -131 0 
-166 568 -357 0 
-898 612 783 0 
645 101 839 0 
861 169 648 0 
-689 622 -856 0 
-432 799 190 0 
-443 -90 -590 0 
-600 -976 151 0 
-832 -646 -215 0 
453 930 -107 0 
-985 -857 30 0 
-88 -91 698 0 
200 235 -28 0 
14 777 702 0 
709 -896 788 0 
767 835 562 0 
858 -145 108 0 
-95 -268 -174 0 
968 906 275 0 
843 -143 -345 0 
-276 -204 -382 0 
-884 -330 -349 0 
-201 393 798 0 
919 76 -229 0 
-309 -512 -356 0 
184 332 -325 0 
-596 485 -971 0 
-761 -927 355 0 
577 531 201 0 
971 -531 -925 0 
-51 -101 -230 0 
-331 -201 805 0 
78 -872 -249 0 
-266 -603 -89 0 
902 -181 641 0 
-833 214 -698 0 
367 309 139 0 
-100 -357 -632 0 
39 -279 -214 0 
-6 588 -404 0 
-409 851 977 0 
-861 818 651 0 
970 576 579 0 
-420 -344 -698 0 
-580 -492 -106 0 
206 921 -311 0 
-597 559 870 0 
496 -574 321 0 
189 607 689 0 
-24 867 370 0 
-908 730 -398 0 
-5 -293 -994 0 
-825 -70 929 0 
638 -646 -706 0 
371 196 257 0 
-440 -254 -869 0 
131 -101 -874 0 
745 -647 689 0 
753 -569 178 0 
-595 -280 924 0 
529 966 318 0 
542 522 -144 0 
-4 327 444 0 
243 673 -483 0 
-358 -516 -29 0 
-797 -774 -534 0 
-300 -306 1 0 
79 591 -130 0 
-39 897 775 0 
-470 -807 -382 0 
-726 281 267 0 
116 958 -742 0 
-532 466 771 0 
-6 780 232 0 
690 496 327 0 
557 791 33 0 
533 913 -29 0 
812 -380 -839 0 
-916 515 500 0 
-368 575 781 0 
399 -27 397 0 
-69 474 606 0 
-412 -290 953 0 
583 -201 353 0 
-95 152 398 0 
-174 382 464 0 
-44 -754 554 0 
575 -777 -19 0 
-600 -502 -632 0 
-284 251 -138 0 
201 -166 328 0 
-178 542 -926 0 
-486 -86 319 0 
820 652 -454 0 
-881 439 -59 0 
-766 318 -676 0 
-895 -55 -261 0 
-309 818 243 0 
190 838 717 0 
659 -469 -351 0 
997 823 -204 0 
-83 356 -691 0 
40 862 441 0 
-635 -592 -509 0 
-717 -54 289 0 
-266 -368 985 0 
-588 -571 -725 0 
935 325 -222 0 
888 482 500 0 
114 -767 112 0 
-462 -921 627 0 
-361 -150 -413 0 
-714 -210 790 0 
-349 363 -776 0 
19 -946 545 0 
902 -287 6 0 
-547 -906 5 0 
75 -334 -897 0 
470 -798 581 0 
-414 956 557 0 
766 -340 -58 0 
-298 -841 388 0 
375 842 -138 0 
339 470 314 0 
617 -352 534 0 
316 356 -986 0 
-561 570 -631 0 
-690 -936 164 0 
16 230 208 0 
198 306 295 0 
-199 -101 -821 0 
-666 461 715 0 
837 30 945 0 
468 -73 -674 0 
913 -493 280 0 
-964 -17 -833 0 
-463 -413 621 0 
-873 -934 -509 0 
-744 -289 159 0 
-649 -521 -136 0 
-756 858 -551 0 
-622 374 906 0 
682 -825 553 0 
796 -610 -66 0 
-308 492 447 0 
-986 998 723 0 
-380 -55 -533 0 
15 -823 -31 0 
722 600 898 0 
144 -265 428 0 
191 -79 15 0 
-699 -30 933 0 
-538 -756 -300 0 
-684 942 160 0 
19 290 420 0 
667 99 404 0 
-745 -526 835 0 
-567 242 276 0 
-212 783 736 0 
698 891 999 0 
-78 236 -723 0 
-874 237 990 0 
542 -353 -280 0 
-905 -54 712 0 
160 -702 -562 0 
-897 -950 989 0 
407 611 -332 0 
-211 -57 -742 0 
852 285 139 0 
187 -684 511 0 
-229 -295 99 0 
-487 -239 -84 0 
-634 718 391 0 
-577 -537 694 0 
-367 259 -434 0 
874 -55 788 0 
31 808 735 0 
-251 -650 980 0 
-814 -705 -933 0 
-597 -926 -505 0 
-126 -339 -319 0 
487 764 -697 0 
367 -196 -992 0 
-440 283 457 0 
-425 468 -804 0 
-970 -297 -935 0 
682 11 -586 0 
69 499 696 0 
282 51 136 0 
-656 123 -513 0 
-277 -956 -475 0 
-176 -694 219 0 
-927 383 350 0 
-214 -547 -463 0 
-886 -479 99 0 
178 913 -32 0 
511 -818 789 0 
-227 434 -960 0 
254 -734 372 0 
327 264 910 0 
-889 29 466 0 
-864 285 -771 0 
-353 777 383 0 
655 101 118 0 
-877 283 -253 0 
-334 -730 -708 0 
395 590 -794 0 
926 -251 172 0 
-275 -936 -887 0 
191 -865 -518 0 
960 -859 810 0 
-691 -460 7 0 
684 -888 -40 0 
-270 593 -168 0 
-835 -873 -208 0 
99 732 982 0 
460 408 840 0 
11 30 -727 0 
940 623 642 0 
-765 -142 549 0 
554 568 -388 0 
203 858 -66 0 
989 -926 172 0 
407 -584 -744 0 
-215 828 -272 0 
644 -330 -500 0 
-850 -556 -982 0 
-939 88 -560 0 
854 -853 493 0 
679 -732 901 0 
406 4 177 0 
-685 692 108 0 
-388 -339 -213 0 
587 -467 -190 0 
43 -390 -50 0 
-85 -493 -49 0 
39 373 -435 0 
943 -138 -351 0 
776 -204 -319 0 
-48 -736 -504 0 
-858 -260 475 0 
105 -127 820 0 
-612 927 -674 0 
955 324 108 0 
797 -775 20 0 
-536 -820 880 0 
-732 895 -989 0 
-864 -332 894 0 
758 -888 531 0 
-695 113 967 0 
914 -210 727 0 
530 251 -25 0 
486 804 -562 0 
392 238 721 0 
-846 -64 -618 0 
-654 243 -234 0 
-775 54 742 0 
583 -687 -968 0 
140 573 237 0 
340 -143 726 0 
986 -793 -684 0 
17 -833 797 0 
987 376 69 0 
-688 20 -649 0 
681 -102 521 0 
-743 489 -92 0 
426 -642 -162 0 
-944 -223 734 0 
-982 574 306 0 
248 841 -699 0 
-802 -890 568 0 
-353 197 393 0 
834 -802 917 0 
692 56 158 0 
224 -954 873 0 
-465 -823 307 0 
-21 -356 -128 0 
202 -7 -239 0 
505 -79 701 0 
831 593 117 0 
511 -818 -957 0 
-655 -734 831 0 
-913 204 890 0 
-938 -760 184 0 
-33 -368 -440 0 
-977 -723 -591 0 
-930 -425 -26 0 
251 -269 -712 0 
-782 998 -805 0 
807 239 302 0 
369 -748 -583 0 
-490 -414 767 0 
-862 832 -665 0 
-247 -356 212 0 
-961 -136 -309 0 
-621 131 118 0 
-25 -315 -141 0 
883 850 97 0 
407 -455 655 0 
857 -63 -698 0 
66 -943 -550 0 
-700 356 319 0 
-698 -680 934 0 
292 847 933 0 
-286 -534 820 0 
94 -413 -192 0 
364 240 369 0 
-545 -5 -44 0 
-180 15 639 0 
488 -355 71 0 
-350 620 882 0 
366 378 -49 0 
-278 -549 849 0 
-348 155 -426 0 
-843 -476 629 0 
-389 -541 -574 0 
-297 -70 -250 0 
-21 364 334 0 
232 -75 659 0 
299 -950 -667 0 
-833 -171 896 0 
296 -453 -710 0 
-284 391 837 0 
596 765 -621 0 
-944 428 702 0 
118 570 531 0 
936 766 -419 0 
-98 -572 551 0 
-865 -541 906 0 
-399 20 -59 0 
201 899 -285 0 
-600 259 454 0 
-259 -686 614 0 
189 -305 -581 0 
-131 973 573 0 
-336 -706 577 0 
293 617 573 0 
827 -501 -805 0 
-906 -30 -1 0 
-47 -222 80 0 
494 -70 650 0 
-495 421 -270 0 
-914 -484 -377 0 
866 -244 597 0 
853 -351 42 0 
-499 789 -58 0 
514 -613 311 0 
-245 -777 -32 0 
-724 926 -798 0 
703 -772 709 0 
-95 -12 -915 0 
739 241 574 0 
26 -914 285 0 
-37 -633 55 0 
482 351 995 0 
97 -78 -166 0 
-199 52 -695 0 
13 -187 -872 0 
-961 165 610 0 
-243 -123 -64 0 
379 -325 407 0 
395 781 909 0 
-608 -774 851 0 
764 297 -769 0 
-579 777 505 0 
-323 -364 -558 0 
-55 -11 958 0 
-458 -189 768 0 
-29 12 -548 0 
-572 381 -410 0 
-692 827 -377 0 
899 -18 -146 0 
-214 -405 -389 0 
731 343 653 0 
-873 236 -862 0 
-89 -124 -364 0 
-110 -128 -227 0 
674 -48 217 0 
384 -154 -616 0 
635 -108 424 0 
590 843 -715 0 
885 -225 -604 0 
-247 275 743 0 
960 -223 268 0 
992 -123 541 0 
-7 -604 -274 0 
411 -466 400 0 
-72 -783 -586 0 
-453 -604 -784 0 
-469 -290 -694 0 
282 574 -284 0 
-174 -749 -171 0 
360 691 400 0 
983 -20 -744 0 
-381 -442 -57 0 
626 590 183 0 
-190 -995 -220 0 
773 696 774 0 
-768 399 -851 0 
-816 -353 -897 0 
-300 103 600 0 
-865 -404 375 0 
251 -700 -378 0 
139 -80 -825 0 
-441 773 952 0 
461 -157 615 0 
177 -420 -739 0 
-887 145 -54 0 
770 -581 -8 0 
-700 -603 37 0 
436 -925 -861 0 
-297 -774 -449 0 
957 -211 607 0 
-613 -918 -168 0 
52 -517 717 0 
781 -53 -79 0 
83 915 359 0 
577 147 402 0 
-144 -874 692 0 
-29 -704 683 0 
-127 -129 -57 0 
-82 340 357 0 
523 684 839 0 
-502 -731 790 0 
222 545 820 0 
113 476 927 0 
13 -753 -215 0 
528 248 -462 0 
-530 -54 390 0 
-177 -591 191 0 
19 737 -447 0 
-827 26 884 0 
-222 85 225 0 
733 134 -631 0 
244 -537 930 0 
-386 55 554 0 
-923 974 -637 0 
785 874 -839 0 
-513 -2 -168 0 
-155 175 539 0 
977 664 273 0 
-439 -203 -966 0 
664 317 888 0 
436 186 -507 0 
-138 968 36 0 
201 -763 -732 0 
-1 706 -834 0 
-51 -451 668 0 
244 -909 983 0 
-669 -967 736 0 
660 -158 540 0 
-418 -494 47 0 
775 525 -547 0 
142 -106 -609 0 
-485 -180 -955 0 
-538 -787 -18 0 
613 -582 -52 0 
-220 912 679 0 
-666 693 -303 0 
-926 403 -863 0 
244 261 424 0 
260 -344 178 0 
154 -710 -757 0 
742 79 732 0 
-46 -856 74 0 
-42 644 -49 0 
496 -469 -605 0 
255 925 672 0 
767 853 -579 0 
-513 -130 -97 0 
-359 -695 109 0 
275 780 -430 0 
-596 -837 -263 0 
-826 -909 -291 0 
438 53 -456 0 
595 784 -569 0 
-969 436 -249 0 
369 673 217 0 
842 -308 -957 0 
315 682 795 0 
518 364 451 0 
-824 875 18 0 
-309 403 -803 0 
-218 -475 388 0 
111 -686 -255 0 
-638 -3 -780 0 
-419 -169 -900 0 
620 817 246 0 
-245 56 653 0 
718 -708 746 0 
420 943 -852 0 
737 -526 -978 0 
-385 723 -32 0 
-531 -530 -810 0 
-739 764 890 0 
-809 696 -900 0 
-531 646 -344 0 
851 -840 -113 0 
235 -431 202 0 
131 669 -319 0 
721 -727 -294 0 
242 -290 -142 0 
663 615 608 0 
760 326 -163 0 
703 940 265 0 
405 701 -661 0 
483 -860 -438 0 
-280 -428 -65 0 
189 438 41 0 
600 -216 -571 0 
-826 -429 616 0 
549 338 -592 0 
589 378 483 0 
361 559 -729 0 
-7 -770 647 0 
207 -969 436 0 
752 67 -825 0 
718 442 575 0 
-473 -96 784 0 
-766 604 452 0 
-996 -184 -726 0 
1 -826 921 0 
-517 -430 220 0 
-451 247 -302 0 
-333 854 -473 0 
825 137 -987 0 
-779 20 327 0 
-305 509 198 0 
503 -933 115 0 
-430 -356 913 0 
177 1000 157 0 
261 739 67 0 
146 313 -871 0 
633 -278 388 0 
-670 582 -215 0 
-691 -351 543 0 
181 -277 330 0 
-398 543 575 0 
-898 -758 712 0 
-443 -181 -424 0 
-574 -549 -138 0 
655 534 524 0 
-703 -177 629 0 
140 -659 -833 0 
-80 -278 301 0 
70 476 -369 0 
-773 186 116 0 
-819 -89 372 0 
493 -166 223 0 
705 -286 268 0 
-94 98 -468 0 
246 743 168 0 
197 880 426 0 
130 -421 172 0 
97 425 -987 0 
-245 41 -471 0 
112 -736 625 0 
-424 438 256 0 
995 -496 202 0 
-55 -879 669 0 
877 -977 -859 0 
802 154 -113 0 
-586 767 507 0 
-484 -812 2 0 
-730 -135 -681 0 
-398 -70 -837 0 
51 654 -1 0 
910 863 173 0 
298 -402 820 0 
-922 -829 713 0 
981 -73 970 0 
237 -932 907 0 
-594 -158 126 0 
-519 -405 -761 0 
-932 -84 -163 0 
-746 484 295 0 
-274 292 -954 0 
387 -528 733 0 
-354 -773 539 0 
428 -30 -82 0 
-285 -536 123 0 
745 -213 -919 0 
990 426 465 0 
451 237 -876 0 
-419 -841 -295 0 
597 -400 712 0 
-839 -400 -600 0 
483 415 883 0 
854 -189 571 0 
-508 207 -239 0 
513 259 859 0 
979 -111 141 0 
316 666 102 0 
622 -324 -796 0 
830 112 641 0 
-589 575 -424 0 
-606 -54 289 0 
353 -88 -293 0 
-591 880 789 0 
548 990 -688 0 
884 -733 636 0 
-172 -259 -247 0 
80 511 173 0 
6 -727 -300 0 
681 75 187 0 
618 -45 -221 0 
912 71 -262 0 
696 -613 -869 0 
-60 449 718 0 
-979 -953 607 0 
47 105 601 0 
522 -297 29 0 
-485 500 598 0 
-571 567 422 0 
17 -612 577 0 
522 -694 798 0 
-79 -273 164 0 
-293 -401 -372 0 
-521 300 -546 0 
777 -64 97 0 
881 556 -488 0 
122 814 -325 0 
303 533 -267 0 
-86 -29 431 0 
579 361 696 0 
700 879 -775 0 
-23 -463 449 0 
510 630 467 0 
147 -706 987 0 
894 -457 -870 0 
802 938 527 0 
80 -444 -874 0 
-600 773 -629 0 
-676 103 -668 0 
-387 322 -47 0 
-769 -467 136 0 
848 967 -718 0 
268 -469 -912 0 
-508 -923 -320 0 
168 -62 -979 0 
206 392 -253 0 
-661 352 598 0 
489 -544 -238 0 
406 230 -109 0 
-613 -128 -702 0 
252 295 -399 0 
-446 795 444 0 
-575 -71 255 0 
-801 -180 -896 0 
-116 -579 244 0 
-555 -714 434 0 
370 166 -589 0 
-249 281 -162 0 
772 584 -890 0 
-633 330 -825 0 
-85 383 -14 0 
277 676 -107 0 
-164 -599 -631 0 
-875 90 666 0 
-331 499 -530 0 
848 -814 -944 0 
-69 -433 423 0 
-362 597 -138 0 
173 -928 -620 0 
348 -330 -395 0 
145 778 -37 0 
-130 -244 -487 0 
-64 -862 53 0 
-802 -230 335 0 
339 -13 927 0 
764 317 -703 0 
819 -368 -243 0 
127 -370 938 0 
-537 -88 -430 0 
-134 -660 626 0 
801 -495 263 0 
300 -937 704 0 
198 496 -732 0 
777 834 -548 0 
160 -532 -194 0 
914 28 173 0 
211 603 -905 0 
-985 -290 164 0 
-777 -314 587 0 
453 -744 -289 0 
187 163 237 0 
-753 -585 -592 0 
-481 -57 -868 0 
-207 66 -284 0 
736 -550 260 0 
426 466 -248 0 
-59 900 -855 0 
-119 510 845 0 
-321 -153 -281 0 
-845 539 781 0 
256 538 901 0 
-467 351 -696 0 
-707 317 -422 0 
-24 658 103 0 
-752 131 -759 0 
990 176 358 0 
511 -106 331 0 
-651 496 -624 0 
196 489 -142 0 
257 602 -29 0 
-102 -695 821 0 
845 -965 757 0 
-367 893 -129 0 
420 -584 635 0 
-106 838 -364 0 
-440 499 -87 0 
-426 -5 -633 0 
448 -83 -828 0 
-702 -851 708 0 
-490 -222 -477 0 
503 573 601 0 
-328 -517 -74 0 
112 10 -778 0 
658 -115 824 0 
-341 -121 898 0 
-236 -152 -137 0 
393 787 437 0 
-97 -3 -672 0 
794 -180 932 0 
411 -665 861 0 
101 49 -293 0 
882 -191 498 0 
588 371 -74 0 
-578 905 141 0 
-584 -107 -731 0 
-867 -990 -735 0 
945 465 -772 0 
140 337 452 0 
903 -810 -664 0 
-164 253 227 0 
-829 754 -742 0 
70 595 612 0 
-170 -110 -826 0 
181 359 665 0 
626 -665 -930 0 
653 -398 -888 0 
-869 -666 -719 0 
174 305 -659 0 
-291 173 -638 0 
-337 83 480 0 
-407 -883 155 0 
541 -36 682 0 
-449 -421 632 0 
135 -165 -670 0 
-89 157 -358 0 
-110 688 -707 0 
-476 327 -645 0 
-353 205 -346 0 
230 -49 880 0 
570 -115 66 0 
98 -955 -228 0 
-630 -631 969 0 
-988 821 -310 0 
-35 -951 -783 0 
292 519 375 0 
687 231 -675 0 
119 -961 298 0 
-292 -396 742 0 
633 -606 211 0 
887 545 -971 0 
484 124 130 0 
-774 593 116 0 
-537 194 665 0 
-905 295 944 0 
-858 -129 -536 0 
81 -882 -910 0 
977 945 26 0 
727 754 -20 0 
-389 36 22 0 
-336 -413 985 0 
-348 448 996 0 
-21 75 -640 0 
16 983 -528 0 
745 -309 -621 0 
-441 887 -960 0 
313 13 665 0 
-908 712 -540 0 
72 714 -102 0 
432 103 349 0 
-496 155 755 0 
279 -899 -185 0 
983 548 -347 0 
398 752 361 0 
669 -767 827 0 
989 -695 760 0 
56 -466 487 0 
190 910 405 0 
-202 -949 113 0 
420 619 855 0 
-652 174 -535 0 
983 -635 966 0 
-876 427 110 0 
974 139 -660 0 
-397 247 421 0 
106 -929 495 0 
-432 -288 740 0 
777 811 -979 0 
-374 202 139 0 
-730 -311 -538 0 
134 -424 -366 0 
-747 -742 -320 0 
-55 821 -656 0 
883 -543 929 0 
-553 949 -858 0 
-40 904 -631 0 
599 -49 856 0 
536 -459 -601 0 
24 -683 932 0 
-627 798 -669 0 
-377 -286 967 0 
-530 987 230 0 
305 606 -604 0 
-535 985 -127 0 
-60 -380 110 0 
-632 611 -890 0 
-294 -410 -827 0 
820 -522 -138 0 
55 -685 -347 0 
-406 219 2 0 
-906 -852 948 0 
-424 -830 712 0 
-531 -318 72 0 
-900 -522 293 0 
-672 -751 312 0 
-18 -479 89 0 
-781 4 -193 0 
-521 -438 -199 0 
-41 976 -215 0 
-502 -458 -714 0 
-556 849 627 0 
551 -959 455 0 
-967 271 -966 0 
-854 996 -367 0 
962 687 -341 0 
405 -587 575 0 
297 -731 -341 0 
226 54 -345 0 
-232 -529 -552 0 
-924 -286 -593 0 
-299 -905 404 0 
389 -301 396 0 
-877 276 -649 0 
907 964 -397 0 
-884 254 940 0 
-820 -75 -120 0 
455 -861 509 0 
-129 -757 -329 0 
-411 487 897 0 
-861 497 244 0 
-863 263 -552 0 
-325 378 713 0 
55 -799 -664 0 
986 678 194 0 
515 -781 312 0 
416 -254 -427 0 
128 -343 -714 0 
-459 568 -276 0 
-999 -290 -497 0 
-746 -855 462 0 
460 97 -887 0 
328 175 -292 0 
426 919 -524 0 
-913 -346 51 0 
267 297 -706 0 
909 571 440 0 
899 654 -670 0 
-715 556 -279 0 
911 -739 -915 0 
900 800 -309 0 
-154 -56 521 0 
3 -185 486 0 
198 -594 -442 0 
661 -618 630 0 
-664 -241 -102 0 
255 -965 -604 0 
-579 409 307 0 
-701 -667 608 0 
-901 118 -485 0 
425 -346 66 0 
268 -716 -870 0 
232 10 -525 0 
263 -622 -495 0 
-286 942 -984 0 
-333 -240 325 0 
881 -790 -668 0 
472 696 -484 0 
43 498 228 0 
-445 558 -312 0 
229 -762 -663 0 
41 721 -322 0 
-280 948 164 0 
-901 -827 590 0 
278 -37 -679 0 
-4 893 304 0 
701 -587 -876 0 
-298 -528 -296 0 
-105 -392 725 0 
382 -983 561 0 
25 614 -457 0 
-391 -577 57 0 
-774 102 19 0 
-89 -556 397 0 
618 -766 221 0 
996 245 -706 0 
-445 783 243 0 
545 -437 -329 0 
291 794 -33 0 
174 -113 -697 0 
-739 -385 823 0 
742 161 -302 0 
990 689 542 0 
-692 224 452 0 
451 -484 694 0 
-493 256 805 0 
-332 184 -380 0 
389 -206 8 0 
168 859 -250 0 
103 -32 -236 0 
497 446 543 0 
-570 -823 315 0 
158 -583 448 0 
-536 381 65 0 
123 88 -580 0 
674 -211 -69 0 
909 663 17 0 
-108 465 730 0 
-947 -86 -765 0 
-395 -400 -5 0 
-145 -50 -851 0 
-616 -669 319 0 
-228 -611 903 0 
-656 637 574 0 
-838 -523 247 0 
-146 -78 -708 0 
224 -466 -73 0 
479 -754 557 0 
876 896 -505 0 
-774 158 -870 0 
678 -844 729 0 
19 -325 -837 0 
95 609 999 0 
-505 -558 -765 0 
164 501 -269 0 
837 -343 -15 0 
-919 214 -768 0 
-146 905 -216 0 
874 -728 581 0 
543 963 -975 0 
488 -63 -393 0 
-141 261 377 0 
930 -610 395 0 
880 835 351 0 
-627 -626 -604 0 
-794 829 433 0 
-323 -261 185 0 
-485 384 -588 0 
-573 739 -304 0 
-731 -873 107 0 
-605 -516 855 0 
831 -430 -343 0 
988 827 802 0 
-292 -309 377 0 
601 778 996 0 
383 -641 -863 0 
-638 252 -926 0 
-182 464 -483 0 
719 -237 -73 0 
154 27 -168 0 
605 824 390 0 
553 -947 -259 0 
-873 -874 959 0 
-787 -925 739 0 
98 403 -237 0 
56 -735 -573 0 
405 768 -416 0 
-111 476 967 0 
773 353 888 0 
226 437 -294 0 
-639 793 -175 0 
434 -674 266 0 
334 806 22 0 
640 204 135 0 
636 246 -676 0 
55 417 195 0 
-679 -145 -977 0 
104 509 425 0 
605 -626 578 0 
-728 262 402 0 
882 424 546 0 
-819 716 806 0 
-14 -38 641 0 
-132 -925 -420 0 
296 186 -593 0 
173 -595 139 0 
-673 416 -458 0 
-837 -330 -894 0 
-960 508 -93 0 
-328 -777 -664 0 
694 -152 636 0 
-693 448 -879 0 
-784 385 -769 0 
-790 472 369 0 
-448 -622 -583 0 
88 -616 -311 0 
533 1 -498 0 
906 -973 759 0 
294 -680 -526 0 
-795 -949 981 0 
149 -893 232 0 
-79 -254 810 0 
654 533 268 0 
-976 -780 146 0 
-925 367 -708 0 
11 -764 592 0 
425 -464 -713 0 
462 -369 -883 0 
32 897 340 0 
-403 -570 -656 0 
-793 235 -868 0 
434 -82 157 0 
608 628 452 0 
-338 -802 -549 0 
443 -858 115 0 
89 53 -889 0 
437 150 42 0 
601 -379 -12 0 
33 -22 -996 0 
802 -370 -567 0 
818 -592 -715 0 
-309 375 199 0 
164 -872 -278 0 
801 821 266 0 
-909 -8 -914 0 
474 -577 -802 0 
288 -2 499 0 
221 203 870 0 
370 12 -920 0 
389 -969 -186 0 
-815 -677 526 0 
527 120 -738 0 
34 -180 108 0 
799 -525 -428 0 
-855 657 -789 0 
948 -891 -383 0 
685 -373 11 0 
338 -748 552 0 
253 162 -959 0 
-752 499 -446 0 
935 -771 137 0 
-8 243 419 0 
592 -932 -955 0 
-277 375 943 0 
-45 -756 -621 0 
-982 -607 26 0 
-937 -300 -425 0 
-507 -234 -684 0 
-258 710 -817 0 
-569 -924 -547 0 
-928 890 -476 0 
-874 -5 692 0 
711 11 -952 0 
136 -448 256 0 
-493 -169 -184 0 
97 -687 650 0 
508 545 -47 0 
-718 -866 787 0 
-576 -64 975 0 
36 254 696 0 
629 875 798 0 
-597 -567 276 0 
727 9 -464 0 
-680 -782 -543 0 
-60 54 -598 0 
515 -22 47 0 
-889 -818 338 0 
-624 -58 639 0 
355 944 146 0 
180 694 738 0 
-797 447 -751 0 
350 -86 159 0 
675 171 -314 0 
-182 752 -168 0 
421 -621 854 0 
770 426 262 0 
792 430 -754 0 
-742 386 431 0 
-399 918 -490 0 
304 627 -898 0 
47 78 -607 0 
-36 -641 -547 0 
-924 331 368 0 
-985 -292 -285 0 
43 157 156 0 
67 428 496 0 
-609 -713 454 0 
-614 -146 -882 0 
438 -804 241 0 
493 -797 811 0 
-737 826 -415 0 
126 501 -691 0 
260 -184 881 0 
646 -953 -606 0 
-468 -96 578 0 
314 786 -854 0 
539 -206 787 0 
-431 773 -912 0 
-858 507 -162 0 
266 -397 417 0 
884 723 -574 0 
-783 -797 -112 0 
-557 112 956 0 
443 -537 -320 0 
-994 576 889 0 
-377 506 198 0 
-279 -402 -18 0 
694 -409 545 0 
320 207 142 0 
-550 -592 420 0 
-142 -61 948 0 
-271 -581 509 0 
883 -281 -592 0 
514 -615 753 0 
-562 50 660 0 
-118 366 781 0 
833 -151 -575 0 
906 -529 277 0 
-218 974 -171 0 
545 -539 685 0 
970 247 -612 0 
178 195 -246 0 
996 -944 -104 0 
382 511 206 0 
-382 -983 958 0 
-116 -784 -254 0 
727 651 968 0 
970 -812 -355 0 
-818 -189 653 0 
780 543 612 0 
261 209 -387 0 
-383 969 242 0 
44 203 -111 0 
-191 446 -141 0 
-626 467 -897 0 
-548 -745 -911 0 
417 -893 -961 0 
371 166 -152 0 
-550 898 54 0 
-749 -107 345 0 
-792 348 710 0 
-926 -270 596 0 
45 -770 -660 0 
926 -947 -779 0 
215 383 -609 0 
-685 383 610 0 
704 -197 822 0 
262 844 966 0 
859 -967 -404 0 
262 -865 702 0 
830 821 -970 0 
450 -670 -791 0 
46 316 -246 0 
-483 -345 -872 0 
831 -712 48 0 
497 -436 -421 0 
-263 -333 -854 0 
-508 233 17 0 
314 279 -893 0 
935 627 562 0 
-771 537 168 0 
351 419 -430 0 
-227 -421 -307 0 
-831 -555 564 0 
-631 -373 -122 0 
-14 -225 -977 0 
350 -201 153 0 
360 -43 -679 0 
854 260 959 0 
815 503 -373 0 
-325 -79 932 0 
845 -486 170 0 
763 -399 -460 0 
-585 -257 844 0 
-395 -543 -416 0 
227 -179 -481 0 
42 260 496 0 
-467 376 30 0 
-601 -174 225 0 
-335 -676 533 0 
-297 300 777 0 
-937 -595 -984 0 
440 -533 -620 0 
26 -174 780 0 
-506 -202 348 0 
-816 471 -8 0 
46 731 -630 0 
22 -691 -623 0 
-798 545 -934 0 
-746 -159 959 0 
-403 -952 156 0 
106 -666 237 0 
934 873 -751 0 
531 -465 -569 0 
-858 -3 385 0 
595 200 944 0 
-591 -472 829 0 
-140 -752 684 0 
341 -445 633 0 
-296 -664 75 0 
-907 -16 -720 0 
-367 606 -390 0 
-725 -834 -720 0 
-772 -781 -102 0 
-45 221 340 0 
-631 -248 -693 0 
-957 623 74 0 
569 797 211 0 
787 827 598 0 
415 -763 -159 0 
517 613 255 0 
-700 616 -714 0 
289 -865 54 0 
11 -472 -991 0 
-669 -458 809 0 
136 236 -543 0 
44 851 -745 0 
-808 -465 917 0 
-366 -618 -61 0 
-233 -136 335 0 
-392 -940 162 0 
581 -216 81 0 
708 373 249 0 
362 -250 -246 0 
743 840 -451 0 
378 360 216 0 
542 545 675 0 
-385 -889 -969 0 
-327 -439 -930 0 
504 -845 -841 0 
946 141 769 0 
-213 484 -215 0 
-768 -722 -140 0 
948 -431 633 0 
-711 470 -409 0 
-216 991 243 0 
497 -444 -82 0 
-215 275 -452 0 
-870 -890 888 0 
308 359 332 0 
-756 -326 -10 0 
840 710 106 0 
112 312 -614 0 
-351 908 610 0 
699 242 359 0 
295 -40 868 0 
-241 -153 -869 0 
-567 972 51 0 
326 -512 173 0 
-970 453 -895 0 
466 673 186 0 
809 974 -333 0 
749 976 625 0 
-17 -990 -330 0 
108 77 -663 0 
53 956 285 0 
112 -592 -427 0 
430 -81 -427 0 
-180 -813 -422 0 
-14 374 -281 0 
591 -637 -715 0 
-587 751 349 0 
370 -377 246 0 
-550 -438 -775 0 
-911 -749 420 0 
-736 -395 434 0 
-699 -57 -555 0 
164 496 -626 0 
-32 -432 -749 0 
758 -86 -861 0 
220 -641 -806 0 
68 182 495 0 
-645 157 -350 0 
-404 -83 919 0 
245 572 -883 0 
-119 -317 532 0 
318 -853 -389 0 
469 646 -941 0 
487 575 64 0 
-374 -68 55 0 
-836 -516 437 0 
-433 524 110 0 
-878 503 557 0 
276 -799 -457 0 
213 -658 -56 0 
-363 777 -902 0 
855 72 -46 0 
-246 215 -857 0 
-128 -1 174 0 
-414 608 809 0 
583 -532 -77 0 
-209 -762 892 0 
-322 788 -895 0 
198 -278 -33 0 
572 988 541 0 
-195 -557 797 0 
483 -545 -31 0 
523 916 -869 0 
397 378 887 0 
-950 419 526 0 
-726 -381 -686 0 
735 -643 99 0 
517 -285 -260 0 
110 -171 50 0 
-2 393 -126 0 
631 -618 505 0 
-835 -374 -561 0 
-229 721 351 0 
-506 656 662 0 
-485 -790 521 0 
938 565 -518 0 
-346 -965 -547 0 
-635 250 -660 0 
283 -635 -502 0 
975 -3 -405 0 
841 6 270 0 
-993 -897 -611 0 
-61 -983 -154 0 
-624 333 857 0 
429 166 -871 0 
-794 -441 -299 0 
-403 -690 -637 0 
642 -248 902 0 
436 -612 -682 0 
-493 949 -479 0 
-146 109 912 0 
911 -670 346 0 
-806 -150 18 0 
287 -347 -499 0 
-953 663 -998 0 
826 -515 -558 0 
142 614 -139 0 
176 682 -211 0 
275 -912 -662 0 
-463 -158 891 0 
302 -780 -887 0 
-697 -659 159 0 
123 259 -981 0 
-843 762 618 0 
802 -463 -487 0 
-644 -165 -592 0 
-985 -91 -203 0 
173 -831 -550 0 
41 -90 -359 0 
67 888 -555 0 
216 -532 -445 0 
176 -557 -187 0 
777 -881 -822 0 
353 674 338 0 
-777 -595 -312 0 
275 933 -480 0 
733 -67 605 0 
-311 -473 -330 0 
-592 996 -561 0 
736 -989 -429 0 
38 -970 -715 0 
620 -441 278 0 
441 504 -226 0 
-265 -592 -215 0 
921 635 -157 0 
660 -93 -744 0 
490 177 812 0 
-395 -966 -973 0 
833 729 406 0 
804 679 -974 0 
797 678 954 0 
765 488 844 0 
406 -603 387 0 
807 -590 768 0 
-227 374 -496 0 
36 -640 574 0 
648 47 354 0 
-11 -496 -761 0 
938 -957 -870 0 
120 217 -527 0 
-157 -354 992 0 
809 304 -796 0 
634 475 392 0 
883 345 378 0 
112 262 -346 0 
-5 500 62 0 
228 -662 939 0 
-961 -229 -102 0 
-387 66 -867 0 
-390 -556 -941 0 
628 -654 399 0 
440 -801 218 0 
109 -889 88 0 
-467 255 525 0 
-637 984 -471 0 
753 -796 -709 0 
644 617 81 0 
458 1 -870 0 
805 -622 123 0 
-270 -963 406 0 
219 846 -97 0 
972 -908 -544 0 
329 789 -439 0 
-678 -136 -538 0 
-183 612 329 0 
-381 -72 909 0 
-214 350 181 0 
980 828 284 0 
-149 213 527 0 
-556 510 573 0 
288 601 -553 0 
-755 850 490 0 
-163 429 -21 0 
-375 581 176 0 
-454 949 208 0 
-925 757 -628 0 
439 -434 280 0 
380 555 -924 0 
-913 984 -32 0 
405 -759 998 0 
87 -667 202 0 
-665 295 543 0 
-782 610 -70 0 
-198 812 699 0 
430 -198 -811 0 
-381 619 -645 0 
122 -144 -726 0 
432 299 422 0 
-707 -874 -848 0 
-652 -834 -806 0 
398 -236 -585 0 
-738 695 -364 0 
-543 79 761 0 
-351 512 -801 0 
-273 -876 -476 0 
678 702 656 0 
-528 636 399 0 
-211 -7 -914 0 
10 -924 -841 0 
968 -959 -194 0 
381 -66 -45 0 
926 940 -676 0 
877 579 -172 0 
784 -602 -698 0 
-973 -465 -980 0 
-262 -875 -927 0 
-682 -983 -355 0 
788 81 -26 0 
-61 772 -609 0 
934 -392 -985 0 
-143 -217 764 0 
-1 -142 887 0 
-725 244 706 0 
692 -20 -951 0 
-859 -542 -77 0 
645 -738 -75 0 
-471 -248 368 0 
-248 933 59 0 
-715 -787 -719 0 
-623 -752 459 0 
911 -148 -90 0 
-74 183 8 0 
-148 -663 482 0 
395 -319 -660 0 
-70 243 -289 0 
-154 -985 -588 0 
238 775 27 0 
439 -89 -443 0 
-728 -62 -416 0 
606 -234 169 0 
-876 36 -638 0 
-322 -323 -362 0 
-698 523 -274 0 
-524 -115 46 0 
774 -794 31 0 
-978 642 -300 0 
-478 62 -896 0 
-499 -924 -797 0 
-919 -209 -923 0 
-248 361 881 0 
73 782 737 0 
-88 -612 -678 0 
803 565 176 0 
-908 -104 -817 0 
639 -746 329 0 
484 -645 -2 0 
45 589 -944 0 
-67 678 -386 0 
-610 659 -108 0 
-280 881 304 0 
27 -826 761 0 
90 475 -669 0 
-862 -48 -358 0 
-182 377 -720 0 
571 -624 -475 0 
371 424 -693 0 
131 -789 -762 0 
-916 -403 37 0 
-67 -644 435 0 
-975 824 579 0 
-840 281 -532 0 
263 661 695 0 
-954 470 480 0 
-571 409 490 0 
67 -576 176 0 
-640 -492 -766 0 
-643 -193 278 0 
-925 260 67 0 
-56 472 -594 0 
258 692 -247 0 
-752 565 -978 0 
-441 66 20 0 
-624 776 374 0 
61 544 615 0 
628 827 151 0 
-111 481 181 0 
-321 -229 866 0 
17 635 -839 0 
-709 1 826 0 
445 863 -874 0 
991 378 391 0 
879 573 -241 0 
941 769 -884 0 
-950 -832 -649 0 
-577 -532 418 0 
891 -998 162 0 
247 -703 452 0 
-442 -758 -839 0 
717 -614 -78 0 
-298 73 56 0 
125 -574 737 0 
246 573 132 0 
480 165 -494 0 
-417 630 440 0 
494 -56 -844 0 
-151 -202 971 0 
-520 776 -187 0 
375 16 677 0 
-330 -657 -117 0 
-284 -650 -880 0 
239 548 331 0 
-171 358 -966 0 
778 -209 -367 0 
381 382 759 0 
-146 963 -690 0 
914 457 527 0 
789 11 147 0 
-300 713 653 0 
-39 924 -288 0 
-934 -573 -86 0 
-44 431 908 0 
869 550 65 0 
-731 -829 -201 0 
-523 -879 204 0 
91 -740 -177 0 
-241 -288 -128 0 
613 595 711 0 
400 -960 722 0 
644 -759 -832 0 
-549 -969 804 0 
-884 651 531 0 
414 25 645 0 
553 -200 -342 0 
796 267 -885 0 
527 245 575 0 
-546 464 258 0 
311 395 -437 0 
510 -518 -76 0 
-133 -787 987 0 
298 -36 -548 0 
476 -878 -552 0 
-649 250 8 0 
-370 -999 -278 0 
-918 813 986 0 
824 -945 -340 0 
-966 -533 316 0 
833 408 710 0 
42 439 -202 0 
-123 357 -363 0 
243 -622 427 0 
53 -717 -257 0 
-5 95 -253 0 
-600 684 221 0 
958 -280 -115 0 
-650 -924 685 0 
423 -961 280 0 
370 -574 119 0 
-344 427 316 0 
80 120 -464 0 
853 -241 924 0 
-237 -616 -489 0 
259 597 -483 0 
734 22 -454 0 
-729 -801 38 0 
-627 -515 -229 0 
398 491 -545 0 
-519 542 577 0 
-276 343 2 0 
946 -165 -33 0 
580 139 -355 0 
993 -549 233 0 
862 -107 -324 0 
535 -931 -816 0 
-823 -503 668 0 
-220 127 -50 0 
74 663 924 0 
99 77 -857 0 
-567 490 498 0 
67 817 188 0 
931 -657 -376 0 
388 534 876 0 
8 557 -664 0 
716 358 27 0 
409 -101 255 0 
178 -592 -431 0 
579 -956 182 0 
-535 -604 -480 0 
310 -752 745 0 
230 420 469 0 
370 310 800 0 
-304 824 338 0 
616 -569 -219 0 
-261 909 -888 0 
923 -318 -643 0 
-532 -638 263 0 
69 -15 554 0 
-432 985 965 0 
-283 862 -609 0 
133 520 611 0 
-92 -21 352 0 
936 57 -122 0 
-806 331 -520 0 
979 250 227 0 
-607 -154 -863 0 
-954 812 -443 0 
69 -169 92 0 
-509 -436 764 0 
761 423 367 0 
-885 534 -334 0 
339 -14 817 0 
-606 -803 -101 0 
249 309 809 0 
-880 -792 425 0 
-331 -257 724 0 
-316 732 -473 0 
-985 395 -873 0 
287 839 164 0 
343 -804 56 0 
871 198 548 0 
-165 -467 187 0 
448 969 299 0 
862 423 -18 0 
-294 347 -382 0 
163 -139 -158 0 
69 637 906 0 
-996 883 -161 0 
881 851 -620 0 
-95 54 -33 0 
610 -550 -242 0 
-102 -584 739 0 
-251 619 286 0 
-560 -404 864 0 
-419 189 881 0 
-244 -956 510 0 
686 161 -844 0 
240 -17 949 0 
627 310 -862 0 
-528 455 929 0 
-175 -939 -75 0 
-256 400 123 0 
-847 333 570 0 
928 338 489 0 
814 -458 819 0 
-528 105 -792 0 
-531 336 -518 0 
296 -580 -724 0 
-1 813 400 0 
322 -602 -862 0 
890 -647 888 0 
-432 211 880 0 
1000 739 740 0 
223 -973 127 0 
531 -580 -185 0 
-744 -563 939 0 
-753 126 -313 0 
861 662 195 0 
720 671 784 0 
-579 -850 284 0 
-348 206 -939 0 
252 793 209 0 
468 751 -111 0 
691 -140 994 0 
544 882 -975 0 
604 213 760 0 
-695 42 -709 0 
-94 -646 -608 0 
-681 397 994 0 
800 -581 -694 0 
469 -415 641 0 
363 102 -371 0 
872 -779 201 0 
84 831 421 0 
825 820 350 0 
19 712 507 0 
220 830 -698 0 
204 579 590 0 
-948 -282 256 0 
-472 -445 -351 0 
-371 368 684 0 
991 214 702 0 
508 -238 -386 0 
-582 -235 -254 0 
102 -682 -710 0 
-166 -2 317 0 
733 353 324 0 
-422 643 572 0 
-685 302 -311 0 
745 -776 -939 0 
382 401 -438 0 
455 -981 932 0 
50 -794 -67 0 
939 -687 843 0 
-358 -145 833 0 
927 -446 137 0 
-459 129 -144 0 
395 269 -21 0 
-104 347 264 0 
560 520 -33 0 
-106 -374 568 0 
-43 -132 507 0 
-768 -511 -120 0 
-645 -117 -752 0 
863 -655 116 0 
-527 61 223 0 
-97 -731 -737 0 
-3 -873 -63 0 
-65 -378 606 0 
182 -54 746 0 
393 -103 -641 0 
-154 -380 -308 0 
364 -111 669 0 
480 -249 416 0 
-559 -454 -879 0 
-20 179 914 0 
-157 -786 989 0 
373 -81 695 0 
359 -826 752 0 
-327 530 -765 0 
250 582 874 0 
502 -833 571 0 
474 -700 403 0 
733 371 787 0 
-255 371 -87 0 
-515 -572 631 0 
-48 -453 452 0 
-61 171 -634 0 
887 952 499 0 
-177 -526 102 0 
-84 797 -659 0 
-965 84 527 0 
-49 -617 760 0 
-666 -723 -556 0 
-702 264 -563 0 
-490 -262 75 0 
153 -804 -136 0 
825 512 -608 0 
805 -118 467 0 
-903 -103 122 0 
843 -359 -963 0 
-443 272 -465 0 
-937 -220 77 0 
-615 -242 -283 0 
350 -182 -924 0 
466 -920 748 0 
-640 -755 131 0 
887 -925 -752 0 
-280 -835 -141 0 
-296 51 -280 0 
-357 268 -595 0 
658 -154 -651 0 
209 352 -182 0 
-728 -504 -847 0 
189 32 310 0 
799 781 853 0 
656 882 -717 0 
237 -788 378 0 
-232 808 479 0 
-169 -930 -808 0 
-80 -428 509 0 
145 -992 90 0 
-581 746 298 0 
835 110 -239 0 
-702 511 -129 0 
758 -16 -660 0 
-378 79 -564 0 
-214 -2 68 0 
-342 17 -720 0 
-71 358 -904 0 
924 -808 598 0 
-235 -623 630 0 
194 -411 815 0 
-782 681 -145 0 
-50 844 -158 0 
-170 -679 -748 0 
994 630 49 0 
648 586 -50 0 
704 937 728 0 
-241 -268 -856 0 
615 626 -224 0 
-484 -889 402 0 
250 503 -946 0 
-512 550 606 0 
-109 -252 -175 0 
666 647 -472 0 
379 -564 -684 0 
-708 50 -185 0 
854 -692 271 0 
-422 790 818 0 
-468 12 -989 0 
200 -810 179 0 
-126 -617 -901 0 
505 232 -700 0 
-271 469 -480 0 
547 -601 -916 0 
557 -260 -147 0 
-168 89 -841 0 
-899 844 650 0 
215 785 -604 0 
-791 -865 -939 0 
429 708 -370 0 
104 657 837 0 
-844 -983 -706 0 
-404 94 -560 0 
-751 -406 265 0 
957 -689 -742 0 
771 -803 151 0 
-88 -63 450 0 
-274 -828 829 0 
-982 823 809 0 
-171 259 338 0 
-410 -699 -804 0 
-121 292 503 0 
-51 -591 105 0 
-429 768 -799 0 
753 562 -908 0 
700 -976 175 0 
-197 318 -563 0 
-886 -67 -396 0 
-405 305 746 0 
452 346 -587 0 
24 915 -84 0 
-782 459 154 0 
735 664 -58 0 
-496 264 907 0 
456 -185 181 0 
529 -624 607 0 
51 -752 439 0 
-147 328 -275 0 
733 -950 848 0 
56 96 253 0 
872 -244 -333 0 
720 -575 -404 0 
-720 93 -909 0 
-981 -136 613 0 
91 416 -277 0 
-86 -569 484 0 
868 36 603 0 
802 420 910 0 
278 632 -887 0 
-943 444 362 0 
-353 550 55 0 
315 -5 -574 0 
866 -327 -146 0 
-290 533 -751 0 
-809 817 442 0 
605 210 449 0 
-317 629 593 0 
321 -623 -270 0 
-812 81 532 0 
-850 -938 276 0 
468 104 -977 0 
901 -131 942 0 
811 451 -684 0 
-546 -672 -917 0 
860 -510 -181 0 
559 -555 845 0 
-982 396 -531 0 
606 611 760 0 
963 -420 -130 0 
735 123 -711 0 
463 176 921 0 
496 310 904 0 
904 -250 3 0 
-233 512 -284 0 
120 821 -700 0 
57 602 -559 0 
494 -161 -942 0 
-899 -174 527 0 
-984 321 18 0 
480 341 133 0 
875 715 -351 0 
-870 -251 669 0 
157 -688 -615 0 
-707 16 956 0 
411 -840 -202 0 
932 66 -202 0 
650 364 929 0 
-897 291 -947 0 
-868 793 -13 0 
-173 52 -987 0 
-216 -976 -928 0 
459 411 418 0 
-398 927 879 0 
-763 76 -254 0 
-403 -672 357 0 
-812 -240 -561 0 
978 883 -350 0 
522 686 -568 0 
413 -484 -559 0 
-128 954 -69 0 
600 -79 -447 0 
992 37 646 0 
-343 155 -542 0 
563 -68 638 0 
-711 240 434 0 
-562 -504 -339 0 
931 -967 -197 0 
-686 879 -770 0 
69 804 -938 0 
-38 48 151 0 
-972 312 276 0 
673 525 415 0 
440 845 492 0 
-496 -312 810 0 
26 -797 -649 0 
783 -274 -959 0 
-77 -51 677 0 
437 588 623 0 
282 -685 742 0 
-525 -866 -16 0 
-605 316 145 0 
-6 581 472 0 
79 256 31 0 
756 -290 109 0 
-576 -677 -986 0 
-923 -789 -456 0 
-536 -908 -918 0 
-429 -257 -152 0 
295 453 -253 0 
-623 202 44 0 
692 -603 -518 0 
-638 -882 443 0 
806 -556 369 0 
994 385 -157 0 
31 601 436 0 
-421 797 -733 0 
-213 968 -848 0 
-728 -131 312 0 
-492 -130 9 0 
491 601 -433 0 
739 47 887 0 
-873 830 616 0 
920 -569 79 0 
-861 -842 198 0 
-799 318 204 0 
568 -378 466 0 
167 958 -245 0 
923 830 -850 0 
84 -3 -539 0 
591 817 -786 0 
-59 -589 -599 0 
338 839 754 0 
263 327 127 0 
260 -662 -217 0 
897 -921 -341 0 
308 -247 526 0 
-563 -727 707 0 
975 255 95 0 
-531 83 434 0 
315 209 -766 0 
-21 48 -159 0 
51 -714 281 0 
-469 961 281 0 
-681 -101 -871 0 
-517 -665 -341 0 
-830 923 -453 0 
784 374 -720 0 
-12 -60 217 0 
-673 -783 41 0 
80 766 -858 0 
-492 574 339 0 
586 -29 -154 0 
-690 -64 -585 0 
-609 297 856 0 
561 -962 -463 0 
-162 633 301 0 
420 -646 -294 0 
622 327 -784 0 
779 337 -662 0 
599 -115 788 0 
-533 -829 188 0 
-169 601 -165 0 
66 -208 180 0 
-62 868 -101 0 
-715 -681 -524 0 
-493 -781 -16 0 
177 -934 486 0 
724 -698 -201 0 
458 -588 442 0 
593 582 -92 0 
-391 229 -178 0 
-452 -253 -434 0 
-924 970 -773 0 
169 629 -466 0 
764 996 158 0 
-822 -627 -255 0 
482 -556 -300 0 
-779 -80 432 0 
-348 59 401 0 
665 892 -173 0 
643 -469 -650 0 
-429 -84 65 0 
962 -567 613 0 
492 -94 834 0 
-76 659 105 0 
-999 513 781 0 
-141 72 -467 0 
122 707 843 0 
788 -57 512 0 
-781 -87 453 0 
-252 289 -968 0 
-746 -594 156 0 
-733 -943 678 0 
-210 -95 -328 0 
-734 -428 74 0 
786 -956 -919 0 
408 426 99 0 
-368 -33 913 0 
646 -720 438 0 
-730 -199 573 0 
199 -212 40 0 
-953 2 -324 0 
502 838 745 0 
-368 -937 919 0 
-421 393 598 0 
134 821 -936 0 
-532 997 395 0 
98 -11 -256 0 
836 757 -126 0 
678 -308 -426 0 
490 29 -959 0 
454 974 376 0 
13 -313 -847 0 
-149 588 -862 0 
-243 -52 -969 0 
-237 -368 -344 0 
501 578 25 0 
61 513 -302 0 
-614 -203 -158 0 
744 953 -929 0 
-462 555 456 0 
650 736 281 0 
-740 452 -231 0 
-58 596 574 0 
-385 -360 144 0 
140 -221 -529 0 
445 -61 37 0 
-828 575 8 0 
458 642 -80 0 
-30 866 -984 0 
-662 -395 107 0 
-623 -264 864 0 
-808 362 -288 0 
-511 -451 356 0 
994 -229 -290 0 
842 783 182 0 
324 586 89 0 
-430 191 -263 0 
-791 -723 -863 0 
181 -408 214 0 
-695 -979 -402 0 
-558 380 -728 0 
-855 -476 198 0 
584 954 -198 0 
652 -83 322 0 
-914 -303 -440 0 
-17 886 835 0 
-839 863 -492 0 
429 -525 -802 0 
751 -534 -340 0 
881 -67 792 0 
-422 212 168 0 
552 412 931 0 
-288 -599 -895 0 
646 -685 -830 0 
-744 895 989 0 
-10 -871 -632 0 
72 807 348 0 
-431 -309 265 0 
709 -602 -157 0 
341 -524 102 0 
-419 732 -658 0 
-158 -84 208 0 
365 -961 -299 0 
-656 -391 -242 0 
137 -822 111 0 
-793 -916 -996 0 
-691 -179 371 0 
-446 -545 987 0 
-264 -258 -500 0 
170 765 95 0 
-821 -611 638 0 
-934 157 744 0 
-907 854 -743 0 
38 -698 -561 0 
844 263 -873 0 
-104 -395 107 0 
-434 -169 -652 0 
-169 918 -136 0 
986 -286 726 0 
-297 418 -94 0 
492 -14 556 0 
681 -690 909 0 
563 940 557 0 
-414 -943 -783 0 
598 718 279 0 
-85 -522 -964 0 
-120 764 -594 0 
801 -701 -39 0 
564 944 24 0 
-428 -353 987 0 
-157 947 -489 0 
-960 -577 264 0 
223 -766 642 0 
282 -811 -791 0 
594 -703 -892 0 
334 -163 811 0 
847 -114 -963 0 
-186 -378 318 0 
251 204 -129 0 
805 -969 -886 0 
555 117 84 0 
-848 -976 720 0 
-983 -796 677 0 
-848 -962 -568 0 
213 658 -498 0 
-790 -947 458 0 
598 308 -800 0 
834 236 -969 0 
-672 -270 -486 0 
335 866 862 0 
-915 -284 203 0 
246 -898 207 0 
968 -445 488 0 
-25 -27 -765 0 
164 -658 -829 0 
215 34 -398 0 
-749 -512 -766 0 
666 -56 803 0 
-112 160 29 0 
-401 -641 -918 0 
5 -976 -127 0 
751 -966 -275 0 
-177 519 -376 0 
797 964 -243 0 
-948 -920 827 0 
-583 318 435 0 
934 -507 48 0 
437 397 -754 0 
-15 -795 827 0 
-880 -532 -695 0 
-750 -55 -287 0 
-721 -444 -805 0 
469 793 -358 0 
116 -51 -127 0 
547 13 931 0 
496 -741 264 0 
-26 -655 -850 0 
-441 -707 905 0 
-747 -117 -425 0 
668 788 -300 0 
312 -205 -821 0 
-875 816 406 0 
-398 249 108 0 
118 -273 637 0 
78 -777 -681 0 
-605 -89 -786 0 
-896 285 -720 0 
-27 465 983 0 
712 519 -8 0 
-293 -765 -19 0 
-677 430 158 0 
-809 179 683 0 
372 -174 -600 0 
110 -880 -583 0 
-983 -525 11 0 
383 -634 -745 0 
-59 274 -973 0 
867 -898 -569 0 
-41 484 63 0 
-220 10 -84 0 
774 -71 -88 0 
770 -68 909 0 
820 -360 -350 0 
919 206 659 0 
-626 -668 635 0 
10 -349 -766 0 
172 -52 220 0 
525 -119 756 0 
106 626 -429 0 
-162 -13 -543 0 
156 321 -947 0 
107 141 -247 0 
-984 31 101 0 
-42 335 995 0 
-860 320 -948 0 
60 -291 -337 0 
873 -365 -293 0 
43 -2 -890 0 
237 -94 679 0 
-608 -678 26 0 
604 51 378 0 
-447 -707 -463 0 
-983 579 822 0 
945 -617 396 0 
626 -990 -894 0 
731 -99 -982 0 
231 -577 -749 0 
-645 -152 -388 0 
-894 717 -539 0 
-860 -907 86 0 
736 630 549 0 
591 -733 -229 0 
-808 271 -498 0 
-374 -990 713 0 
-961 885 -536 0 
-826 -495 -268 0 
-226 684 -928 0 
515 -813 444 0 
120 -121 952 0 
320 202 -889 0 
-107 681 -553 0 
-83 539 -81 0 
354 534 -420 0 
-227 773 32 0 
707 -192 -457 0 
-408 155 556 0 
-57 -699 286 0 
-60 -659 -282 0 
-988 887 -327 0 
513 11 747 0 
