p cnf 1000 2200
372 297 -787 0 
408 -230 331 0 
-89 -352 860 0 
-29 961 753 0 
835 -796 -16 0 
-990 -135 498 0 
954 -829 -180 0 
939 -792 1 0 
-752 -522 -437 0 
-116 -68 -637 0 
269 -366 211 0 
61 -342 -264 0 
469 -914 571 0 
368 353 -559 0 
704 809 -666 0 
-29 -538 372 0 
150 464 622 0 
500 284 -147 0 
609 736 599 0 
-621 -143 194 0 
718 -877 27 0 
-991 -632 -55 0 
60 -664 516 0 
-349 -404 662 0 
-525 488 -768 0 
-548 -36 -774 0 
541 165 -773 0 
-460 798 -585 0 
-148 688 243 0 
-379 703 -733 0 
597 -717 635 0 
217 -771 684 0 
-854 218 995 0 
124 -714 546 0 
-708 735 -678 0 
-715 -481 -720 0 
-967 -205 708 0 
737 823 -276 0 
147 702 318 0 
345 -651 687 0 
196 -863 -681 0 
107 266 628 0 
508 -153 -938 0 
311 233 385 0 
737 -884 -833 0 
-197 475 103 0 
-628 -730 -588 0 
-370 -257 662 0 
860 565 -222 0 
-116 829 -895 0 
-408 -53 -466 0 
927 -5 -29 0 
743 -317 -696 0 
253 -179 140 0 
88 102 -973 0 
319 993 965 0 
79 -891 -67 0 
-300 180 574 0 
847 794 390 0 
758 -341 150 0 
-924 826 535 0 
509 480 -769 0 
72 -55 -385 0 
250 -499 -53 0 
-408 -650 -571 0 
-737 744 110 0 
-645 771 601 0 
-191 -642 315 0 
495 -591 -540 0 
443 901 -831 0 
236 325 527 0 
486 932 1000 0 
991 730 172 0 
-160 362 221 0 
-636 -408 -113 0 
364 -418 310 0 
-643 978 -12 0 
-638 -912 -50 0 
-652 315 466 0 
-698 -537 -439 0 
-686 304 -872 0 
-431 196 7 0 
-376 688 736 0 
-423 763 761 0 
921 -115 -837 0 
-205 19 544 0 
-773 265 -885 0 
-486 975 -174 0 
895 -131 -394 0 
-321 -610 -147 0 
-168 -919 -224 0 
721 664 546 0 
199 -281 705 0 
244 -617 -188 0 
391 879 -440 0 
-667 389 -827 0 
204 -131 101 0 
946 -139 202 0 
957 -683 -67 0 
-875 -398 -512 0 
-217 821 25 0 
-945 -340 403 0 
-733 -849 59 0 
966 -45 -476 0 
-432 -391 31 0 
790 -742 -838 0 
-453 -160 -306 0 
166 -290 -698 0 
783 -162 -186 0 
-142 -86 -678 0 
238 88 -711 0 
763 -750 -792 0 
-355 -226 -363 0 
140 593 364 0 
-750 -407 -159 0 
-188 -578 -447 0 
-983 -596 332 0 
-28 -25 221 0 
163 -523 845 0 
532 635 -190 0 
-735 -881 369 0 
-286 84 -109 0 
304 -802 -824 0 
551 199 661 0 
163 497 567 0 
-881 -888 -239 0 
-302 -82 -378 0 
-914 509 -715 0 
-693 -916 808 0 
-752 -272 -279 0 
-929 -539 982 0 
327 -132 -271 0 
-926 -61 947 0 
342 -849 487 0 
159 -763 458 0 
-945 345 -182 0 
-631 373 -899 0 
435 966 59 0 
15 544 -673 0 
-896 -467 357 0 
991 -463 901 0 
853 87 -761 0 
-118 358 96 0 
-869 190 -326 0 
968 617 -404 0 
-723 311 -502 0 
-239 529 -252 0 
209 66 975 0 
-600 -112 40 0 
-145 -31 -139 0 
441 990 894 0 
459 296 401 0 
-546 -518 -446 0 
-9 191 -282 0 
1000 96 -998 0 
642 439 575 0 
-798 519 252 0 
-840 -360 -425 0 
-58 -180 -36 0 
-273 173 -657 0 
-282 -498 -444 0 
523 311 -570 0 
-405 684 478 0 
867 546 320 0 
706 -959 202 0 
-351 266 502 0 
-748 680 310 0 
-992 -25 960 0 
-531 785 -651 0 
671 44 591 0 
-922 570 289 0 
-793 -441 395 0 
-414 850 -574 0 
508 980 -138 0 
-303 -510 830 0 
409 229 -744 0 
37 -371 624 0 
-772 583 -716 0 
-116 912 510 0 
243 -395 -56 0 
-200 -518 -929 0 
-985 -455 115 0 
-846 -977 355 0 
307 -955 -461 0 
784 262 -51 0 
-653 -307 -758 0 
-14 297 599 0 
326 -596 469 0 
-754 -831 448 0 
205 -942 -463 0 
-235 233 -921 0 
-965 486 100 0 
869 -352 584 0 
687 -231 -801 0 
-812 -925 -506 0 
-278 -945 -962 0 
-477 572 -4 0 
855 -30 544 0 
269 -805 746 0 
-917 -459 -345 0 
-717 -238 -327 0 
450 -665 -321 0 
-888 -442 658 0 
-582 497 233 0 
-440 553 534 0 
388 345 -799 0 
-947 168 -760 0 
-656 562 -387 0 
-412 -500 -812 0 
-586 -723 -21 0 
-624 -774 317 0 
-890 -486 -857 0 
391 390 -654 0 
779 966 -889 0 
798 -805 -588 0 
-598 176 -250 0 
279 672 -330 0 
-980 -825 -281 0 
-26 -873 175 0 
979 -817 669 0 
-824 618 912 0 
628 103 -621 0 
444 -348 -394 0 
-20 -924 -302 0 
-131 -369 -301 0 
-728 495 689 0 
-745 245 -856 0 
-309 610 -212 0 
719 -311 -469 0 
-925 653 -383 0 
513 -675 -81 0 
-448 -183 -386 0 
-300 -920 303 0 
809 286 -197 0 
910 -950 -575 0 
-783 -904 -704 0 
560 459 -424 0 
464 -4 779 0 
108 518 -50 0 
-667 -985 787 0 
-981 777 491 0 
-164 246 517 0 
905 -16 120 0 
16 -849 884 0 
996 326 117 0 
-452 614 21 0 
-497 187 51 0 
213 -853 89 0 
947 -187 157 0 
-12 -44 628 0 
104 -718 174 0 
-938 947 -40 0 
-913 -764 -859 0 
-658 853 -737 0 
-822 299 -53 0 
-88 502 -672 0 
80 -474 -456 0 
39 543 676 0 
106 -296 -472 0 
-377 -562 300 0 
-966 106 -854 0 
-770 650 -981 0 
-941 967 633 0 
-330 130 -153 0 
687 -421 -931 0 
843 -909 -919 0 
615 -118 -912 0 
-950 -678 607 0 
139 -501 -675 0 
-633 -577 308 0 
50 -392 165 0 
-498 -745 613 0 
693 -119 -205 0 
44 653 -952 0 
-982 514 -506 0 
-832 736 276 0 
389 734 198 0 
682 -430 -636 0 
26 672 613 0 
-168 381 -599 0 
-348 -588 416 0 
241 -746 305 0 
64 -954 885 0 
-590 256 135 0 
-195 802 29 0 
-416 723 257 0 
-498 865 -733 0 
-655 -434 -857 0 
-580 -208 -213 0 
-244 425 -754 0 
542 397 -586 0 
617 656 -760 0 
771 -138 -654 0 
167 872 -368 0 
136 162 743 0 
163 68 -166 0 
255 -59 28 0 
-431 786 604 0 
-77 -900 -691 0 
9 465 -442 0 
948 -24 -202 0 
-306 928 -374 0 
-796 213 -573 0 
-561 -790 -801 0 
566 909 324 0 
-20 -653 -587 0 
-636 -986 260 0 
97 -440 -807 0 
222 270 -139 0 
842 -28 324 0 
-138 165 94 0 
-333 -52 -126 0 
437 883 -848 0 
-274 918 -46 0 
-22 -108 -737 0 
-702 -735 590 0 
103 612 -150 0 
-880 787 -296 0 
-359 -294 223 0 
12 -468 484 0 
340 -709 -816 0 
986 -353 392 0 
422 -78 -867 0 
327 217 -425 0 
396 358 337 0 
-245 551 -876 0 
-957 492 306 0 
141 455 -524 0 
-762 -170 -293 0 
602 -996 -36 0 
83 785 -370 0 
-507 -599 20 0 
770 -936 255 0 
64 4 783 0 
-479 -99 170 0 
301 144 -732 0 
413 519 -889 0 
-33 841 736 0 
-299 -162 809 0 
-723 145 393 0 
881 148 48 0 
-607 203 -181 0 
-528 -755 272 0 
694 -124 382 0 
820 -801 221 0 
-12 456 -668 0 
586 568 -478 0 
-102 -53 -349 0 
768 -356 151 0 
656 -627 989 0 
292 -151 -512 0 
-698 637 253 0 
632 387 946 0 
287 -383 667 0 
889 909 -934 0 
969 122 579 0 
-700 -453 943 0 
-131 -372 -644 0 
-73 629 955 0 
-288 911 693 0 
-72 174 -949 0 
553 162 494 0 
360 -742 6 0 
-420 -200 816 0 
905 -741 510 0 
-314 583 758 0 
489 388 -181 0 
-475 413 110 0 
7 -302 -575 0 
162 223 -655 0 
-858 -813 -660 0 
-263 -377 225 0 
-341 -843 497 0 
638 -372 -380 0 
840 775 491 0 
-141 -144 -775 0 
288 65 9 0 
-72 19 -451 0 
-809 -232 -963 0 
131 -527 544 0 
-56 474 -542 0 
-585 262 533 0 
20 -815 -270 0 
-219 647 379 0 
245 -618 787 0 
-159 -237 21 0 
-799 -82 -917 0 
-672 -158 -11 0 
437 -812 289 0 
34 -877 521 0 
634 452 987 0 
313 -421 -26 0 
-543 285 -382 0 
-809 -35 959 0 
-740 200 -167 0 
-587 303 62 0 
-620 -449 198 0 
-515 -214 747 0 
726 585 -235 0 
293 962 -536 0 
-827 129 477 0 
443 -272 -863 0 
985 507 -942 0 
29 503 -554 0 
693 -295 -147 0 
537 -52 702 0 
-433 144 -90 0 
-166 -711 -234 0 
204 392 -317 0 
-84 -38 601 0 
186 890 999 0 
-850 185 -748 0 
-152 269 673 0 
18 577 -287 0 
211 -488 609 0 
-609 116 544 0 
-67 855 783 0 
523 246 -488 0 
-500 -135 491 0 
282 -114 -22 0 
412 -895 200 0 
-275 319 657 0 
409 154 -413 0 
-775 -106 -495 0 
-129 853 -498 0 
-210 537 776 0 
-427 -488 705 0 
379 -630 -719 0 
-348 -565 112 0 
579 -545 267 0 
-357 -971 854 0 
-223 314 -355 0 
466 886 719 0 
718 -53 207 0 
211 -702 -764 0 
-693 99 -698 0 
814 554 -393 0 
229 -272 300 0 
831 31 -458 0 
-2 777 62 0 
-178 526 226 0 
-748 451 429 0 
941 -384 -757 0 
-330 -449 186 0 
342 684 190 0 
462 -652 383 0 
293 -853 -916 0 
501 -879 -121 0 
127 -830 106 0 
374 -910 618 0 
633 -971 690 0 
-246 812 -165 0 
724 -127 -757 0 
327 359 341 0 
-340 831 938 0 
583 585 -212 0 
534 -872 -57 0 
141 408 522 0 
-138 107 -421 0 
-892 -928 -791 0 
217 -489 -500 0 
-870 357 296 0 
-942 828 -260 0 
113 -297 -421 0 
653 -51 -80 0 
477 -531 -832 0 
831 -853 -122 0 
-233 -156 -286 0 
955 135 -848 0 
-483 613 552 0 
-947 974 -45 0 
-736 -1000 -990 0 
-518 108 -974 0 
-868 815 969 0 
931 -897 -124 0 
258 3 166 0 
565 196 -979 0 
-546 -643 760 0 
-211 -124 -513 0 
-652 -375 -630 0 
103 -511 -876 0 
-939 974 707 0 
-263 -85 593 0 
503 -584 331 0 
939 999 136 0 
-63 -323 102 0 
-19 848 -228 0 
-274 -834 806 0 
138 -734 949 0 
-557 -818 816 0 
-798 -76 220 0 
-568 904 -617 0 
125 -44 -527 0 
-35 300 183 0 
841 92 -667 0 
480 105 38 0 
-100 590 -63 0 
596 278 -172 0 
-357 243 -401 0 
-154 -891 23 0 
-146 -227 -648 0 
352 -48 652 0 
-427 -845 372 0 
306 -419 -360 0 
43 -307 -619 0 
408 762 -889 0 
-493 679 -8 0 
404 -648 117 0 
-594 -356 143 0 
250 -516 -269 0 
-656 -706 62 0 
288 321 395 0 
135 438 682 0 
-723 -622 463 0 
507 -95 355 0 
8 -229 433 0 
164 391 -757 0 
-538 490 -573 0 
454 151 -67 0 
-16 -549 -13 0 
429 27 36 0 
813 507 -259 0 
-117 -951 292 0 
-495 -788 179 0 
620 -800 -4 0 
-790 156 -597 0 
368 725 391 0 
802 406 -212 0 
-114 -725 895 0 
-504 -489 -768 0 
53 -884 -5 0 
306 -165 914 0 
404 -849 324 0 
-403 -121 928 0 
-479 281 -88 0 
-235 -664 70 0 
-464 -91 981 0 
783 -800 -201 0 
800 -981 365 0 
-881 -597 162 0 
958 -801 -642 0 
324 -889 3 0 
503 423 -604 0 
9 -627 -808 0 
530 314 -181 0 
-723 -167 151 0 
-800 937 -340 0 
-957 420 704 0 
-987 203 -947 0 
-21 -530 -465 0 
577 662 610 0 
-938 969 292 0 
-18 -577 -260 0 
85 -22 811 0 
765 186 -910 0 
-828 -166 -36 0 
-40 -623 43 0 
825 17 26 0 
-416 555 -582 0 
-992 -248 -852 0 
-616 785 -605 0 
-384 286 -632 0 
774 27 102 0 
655 -366 766 0 
-197 762 -893 0 
203 505 532 0 
-373 853 398 0 
-631 -971 938 0 
-835 -124 142 0 
-219 -511 -857 0 
-320 67 -785 0 
371 770 -519 0 
-625 -829 541 0 
-602 -81 -893 0 
588 315 443 0 
301 -918 -491 0 
912 -589 158 0 
600 -340 -201 0 
-907 -886 -562 0 
-434 601 -223 0 
516 -471 305 0 
-500 28 104 0 
-649 -233 -573 0 
80 -168 -449 0 
920 -718 635 0 
-973 -122 95 0 
-291 -583 -157 0 
-746 582 -60 0 
374 -261 5 0 
360 705 753 0 
532 -740 -160 0 
670 11 -777 0 
993 -206 -31 0 
-921 -792 310 0 
683 -45 -414 0 
128 -3 -344 0 
-498 -128 -222 0 
521 217 -81 0 
471 -6 -976 0 
39 206 -518 0 
342 94 -825 0 
774 828 -157 0 
138 -828 629 0 
-981 704 25 0 
-675 -794 -496 0 
-241 946 -494 0 
-113 -996 -391 0 
511 -714 856 0 
-74 571 -418 0 
507 118 -501 0 
-945 -796 148 0 
284 44 912 0 
860 -780 -119 0 
540 -630 224 0 
-255 75 19 0 
366 -884 -851 0 
284 -783 -194 0 
-897 19 506 0 
-351 918 192 0 
179 -955 -24 0 
-261 580 -637 0 
-418 -271 906 0 
-439 -481 622 0 
-660 301 25 0 
-647 -127 917 0 
-604 -87 -160 0 
-711 615 -413 0 
896 952 -942 0 
-134 -665 -307 0 
588 282 184 0 
556 -970 -598 0 
762 -789 -97 0 
203 -205 -664 0 
-237 984 -25 0 
544 396 -191 0 
-880 -603 -146 0 
-681 -229 444 0 
-109 -274 -574 0 
-732 277 988 0 
885 -347 621 0 
-805 713 960 0 
-816 722 961 0 
760 312 -53 0 
159 -306 703 0 
4 227 -95 0 
261 935 433 0 
-843 258 -212 0 
-65 796 -343 0 
-595 -254 -152 0 
297 -530 408 0 
-955 -463 612 0 
427 142 -32 0 
106 214 -16 0 
981 309 228 0 
-419 905 872 0 
-466 4 684 0 
100 -924 710 0 
302 -120 -699 0 
-928 738 -586 0 
-964 230 100 0 
-342 -657 753 0 
58 -307 -585 0 
172 -809 456 0 
34 399 -455 0 
-657 -446 -257 0 
-683 -502 -100 0 
-728 -47 -359 0 
-67 -90 15 0 
185 293 -399 0 
-443 -763 -539 0 
671 190 -747 0 
-341 190 518 0 
-981 -812 -788 0 
193 -642 -842 0 
966 -840 -635 0 
-117 153 865 0 
-841 377 -218 0 
247 3 -723 0 
-88 948 909 0 
522 335 -999 0 
138 -638 -738 0 
934 -955 616 0 
82 -267 -222 0 
-500 -878 945 0 
-410 -664 893 0 
-580 -201 -323 0 
-633 -493 -292 0 
29 545 -907 0 
-60 621 -836 0 
398 -570 817 0 
-369 475 995 0 
341 351 -157 0 
-184 7 18 0 
-345 -586 -800 0 
-974 131 49 0 
846 744 855 0 
-584 -813 355 0 
739 933 867 0 
38 973 -323 0 
911 525 -135 0 
124 36 573 0 
-85 145 918 0 
938 688 431 0 
-787 19 557 0 
-667 -675 557 0 
-441 102 764 0 
975 -6 974 0 
-739 -802 577 0 
153 557 894 0 
94 -679 -5 0 
-821 960 -828 0 
687 384 -756 0 
215 -149 405 0 
856 188 -780 0 
-419 -541 -718 0 
-587 -249 116 0 
-780 -739 -73 0 
88 -612 26 0 
802 -588 -996 0 
-566 159 -258 0 
441 142 863 0 
127 -835 171 0 
787 943 132 0 
314 -607 198 0 
601 25 -13 0 
-922 -412 333 0 
-1 -160 451 0 
-5 579 152 0 
939 -724 -692 0 
893 463 -644 0 
-772 585 -718 0 
-315 -784 718 0 
929 978 115 0 
-699 -201 -812 0 
171 -107 802 0 
-105 -318 -474 0 
386 -511 128 0 
-585 953 -798 0 
973 -352 118 0 
-643 -278 4 0 
-108 743 -317 0 
724 186 57 0 
-751 60 958 0 
-876 -941 929 0 
-152 933 798 0 
209 111 -398 0 
68 749 -630 0 
-33 633 185 0 
425 -710 899 0 
429 810 693 0 
-303 688 -45 0 
291 996 -97 0 
-441 -643 -589 0 
27 -806 -800 0 
994 855 -521 0 
-843 -878 -163 0 
970 -268 -362 0 
-8 449 -190 0 
-729 -60 291 0 
452 181 -624 0 
-667 174 -709 0 
-970 -856 -211 0 
872 59 960 0 
-971 -159 -628 0 
49 -118 605 0 
-175 737 -255 0 
-791 84 893 0 
571 -942 63 0 
337 -836 -231 0 
-144 -888 542 0 
745 575 -887 0 
808 14 -657 0 
-204 -784 187 0 
537 -519 721 0 
948 -640 -529 0 
955 548 316 0 
-619 123 -427 0 
259 647 -662 0 
-875 902 602 0 
488 -215 433 0 
-911 189 403 0 
-817 147 -573 0 
-223 -617 -394 0 
-676 -922 202 0 
980 483 519 0 
-93 -175 164 0 
86 602 -147 0 
-413 -207 -890 0 
505 784 -629 0 
138 -642 -22 0 
902 683 -632 0 
-445 356 967 0 
356 -867 42 0 
-515 814 -127 0 
861 -255 -892 0 
41 819 -497 0 
-717 -110 -274 0 
888 20 716 0 
633 57 -914 0 
-267 560 -662 0 
8 -28 671 0 
-580 600 23 0 
-299 184 127 0 
362 357 228 0 
635 282 742 0 
-596 -297 254 0 
199 523 69 0 
306 -604 -676 0 
-229 -694 743 0 
-96 764 -376 0 
695 260 -286 0 
795 749 -581 0 
942 754 488 0 
610 374 409 0 
-371 -931 -381 0 
911 915 505 0 
871 885 53 0 
121 -953 116 0 
46 -660 849 0 
810 -732 -344 0 
-352 679 473 0 
-302 -930 -176 0 
-899 746 547 0 
812 236 523 0 
906 667 236 0 
-584 -477 -79 0 
-486 197 465 0 
-433 618 -20 0 
-594 266 -73 0 
921 634 667 0 
-162 923 -717 0 
315 224 600 0 
-540 925 279 0 
322 -917 298 0 
518 -437 -479 0 
-834 60 147 0 
641 773 700 0 
842 -272 -563 0 
665 -217 263 0 
-633 953 -248 0 
461 -652 -666 0 
-850 -440 -353 0 
738 283 750 0 
-488 236 -337 0 
-576 -409 903 0 
253 -73 -48 0 
767 426 -314 0 
531 -167 756 0 
-359 30 810 0 
994 527 965 0 
-275 993 887 0 
319 903 240 0 
-304 677 419 0 
889 -595 -859 0 
-632 835 849 0 
697 736 303 0 
416 -676 -859 0 
28 -609 224 0 
384 -197 158 0 
282 -177 -749 0 
-288 554 -404 0 
208 -948 606 0 
952 666 600 0 
-706 -651 482 0 
943 -317 758 0 
561 -169 -62 0 
-327 65 394 0 
-405 -364 -689 0 
-848 -164 -95 0 
-672 -953 710 0 
-333 405 -813 0 
986 -260 -45 0 
-126 -546 -834 0 
817 811 120 0 
331 -487 -122 0 
363 -785 -639 0 
-797 -442 -428 0 
-83 -546 -149 0 
129 347 856 0 
39 587 -471 0 
-645 462 -649 0 
-773 685 -908 0 
933 187 389 0 
-34 -972 422 0 
664 -98 -324 0 
679 -590 -570 0 
263 -507 539 0 
-308 119 9 0 
-439 -778 -976 0 
-376 929 289 0 
687 -67 -57 0 
115 607 -697 0 
285 -411 685 0 
426 178 474 0 
141 394 -242 0 
-541 442 325 0 
980 -358 595 0 
990 15 8 0 
-978 -991 191 0 
862 -162 291 0 
-217 638 889 0 
985 -327 15 0 
-469 -442 -756 0 
-37 -415 412 0 
-687 313 -605 0 
357 698 960 0 
-782 -85 -666 0 
-341 -34 266 0 
-572 -894 413 0 
452 636 449 0 
498 -639 821 0 
685 536 691 0 
-812 -943 -137 0 
-791 349 -383 0 
608 110 58 0 
354 15 -212 0 
51 467 -554 0 
106 -872 156 0 
-789 456 639 0 
357 209 444 0 
309 -939 675 0 
-890 553 -209 0 
340 -663 248 0 
123 -972 578 0 
647 663 -405 0 
-934 -737 847 0 
-435 158 246 0 
-269 -82 -90 0 
-819 779 361 0 
181 935 -57 0 
-705 -144 -928 0 
222 -516 -776 0 
285 -555 746 0 
-681 -500 -220 0 
-369 -283 -574 0 
-522 186 -297 0 
-901 -566 501 0 
-459 567 168 0 
-814 334 175 0 
-790 -693 126 0 
-860 839 615 0 
529 -763 -168 0 
497 33 -656 0 
231 291 -239 0 
-272 -400 -871 0 
-203 19 958 0 
-984 -103 -817 0 
854 -314 248 0 
367 929 25 0 
-600 -102 192 0 
623 -550 438 0 
963 994 291 0 
962 296 -388 0 
-464 188 -743 0 
471 681 806 0 
-638 -723 541 0 
322 -276 617 0 
654 375 -997 0 
862 -223 -488 0 
-949 -604 945 0 
73 974 -489 0 
67 996 -276 0 
-612 -852 -270 0 
-817 59 -269 0 
-788 167 409 0 
-336 463 -31 0 
515 -159 -670 0 
310 960 -826 0 
5 -893 -515 0 
-68 -944 -788 0 
-584 764 -224 0 
495 -901 -241 0 
702 203 306 0 
608 603 -236 0 
-96 -789 -977 0 
585 -3 -790 0 
-316 -422 -682 0 
419 437 507 0 
-190 -157 -846 0 
-120 462 617 0 
-940 931 574 0 
142 -82 232 0 
-347 -214 -866 0 
484 633 -730 0 
154 617 70 0 
708 -657 723 0 
509 -61 -984 0 
260 -619 -388 0 
-939 949 -698 0 
776 -687 -968 0 
366 -111 -5 0 
-389 -70 -43 0 
81 -368 438 0 
-934 -458 662 0 
414 292 -219 0 
281 -131 -540 0 
62 -740 -676 0 
-220 -523 -143 0 
-782 -801 -274 0 
-951 851 583 0 
786 -809 29 0 
-866 149 105 0 
284 -724 -768 0 
851 933 -72 0 
58 557 -351 0 
939 -830 -691 0 
12 -545 -630 0 
105 552 907 0 
364 -897 24 0 
386 -674 -504 0 
-199 258 334 0 
236 700 732 0 
919 592 -871 0 
294 260 656 0 
-875 -695 541 0 
515 696 -476 0 
-970 -67 757 0 
201 -385 -373 0 
-897 -755 -277 0 
-250 772 -967 0 
71 189 812 0 
-959 565 625 0 
430 32 553 0 
-559 -422 -383 0 
-532 -117 -581 0 
-205 -358 20 0 
677 -528 -980 0 
-495 -595 -106 0 
402 771 479 0 
194 464 -899 0 
-467 99 235 0 
409 610 -741 0 
-296 -864 344 0 
443 372 -263 0 
975 -739 -471 0 
759 365 133 0 
352 -884 -492 0 
-205 -914 -881 0 
343 -823 490 0 
695 267 430 0 
-305 520 -262 0 
-412 24 -560 0 
-220 -664 360 0 
118 -154 -101 0 
-245 -527 -536 0 
297 -698 813 0 
823 568 -72 0 
313 -848 194 0 
-816 800 345 0 
295 461 228 0 
-816 -654 -55 0 
-160 701 -276 0 
-734 518 417 0 
-896 -363 992 0 
594 -140 13 0 
123 -471 -315 0 
524 919 305 0 
-44 956 13 0 
911 -123 -181 0 
92 -725 -499 0 
848 -961 604 0 
-684 34 71 0 
-488 -435 -20 0 
-961 210 -453 0 
722 755 -505 0 
532 686 -958 0 
902 611 615 0 
-65 -947 -502 0 
-398 636 -731 0 
750 297 478 0 
637 863 597 0 
765 950 -2 0 
-96 -177 -565 0 
-667 -982 -81 0 
152 260 471 0 
765 778 915 0 
-26 670 440 0 
701 -989 -434 0 
454 -203 -527 0 
-510 -180 559 0 
-678 -424 -575 0 
-669 -999 137 0 
174 139 -772 0 
381 427 403 0 
-297 800 294 0 
834 -624 -638 0 
-100 647 -526 0 
-728 -397 526 0 
515 -394 -755 0 
-103 -31 -423 0 
511 -134 -984 0 
-788 685 -233 0 
83 233 -847 0 
-231 -106 574 0 
-129 929 915 0 
-365 -134 -429 0 
198 -766 -241 0 
-645 -302 -259 0 
-942 645 512 0 
-819 344 -402 0 
52 -895 -949 0 
2 664 -999 0 
-842 -235 -526 0 
991 325 -205 0 
827 513 -522 0 
442 773 853 0 
606 581 -269 0 
-959 -432 285 0 
-915 110 558 0 
220 -700 -163 0 
-383 998 492 0 
-386 138 -543 0 
435 418 -429 0 
-838 580 -202 0 
-643 -956 735 0 
943 321 898 0 
-118 689 165 0 
-130 -609 -320 0 
-607 -257 -670 0 
65 -289 474 0 
-859 631 908 0 
-615 218 487 0 
-925 889 189 0 
-790 -304 434 0 
-904 692 -630 0 
-979 409 -317 0 
645 813 -879 0 
65 -750 -703 0 
-717 336 -580 0 
644 683 -675 0 
-164 -349 403 0 
564 923 -557 0 
131 -395 -426 0 
472 -406 399 0 
-228 -455 626 0 
-539 173 288 0 
714 563 984 0 
346 196 508 0 
648 -309 -695 0 
32 -635 152 0 
2 -494 -841 0 
-479 817 -387 0 
945 670 -149 0 
-346 -727 -779 0 
521 -715 912 0 
-237 -448 91 0 
-221 488 645 0 
-707 -869 -609 0 
-873 -148 966 0 
220 686 992 0 
-861 -97 592 0 
923 -366 7 0 
-784 -69 34 0 
290 -933 -258 0 
762 -3 -923 0 
313 495 -318 0 
844 77 477 0 
-597 -302 -560 0 
-170 -770 -915 0 
-321 -990 300 0 
-729 930 -324 0 
765 -878 524 0 
-608 617 -869 0 
639 -688 -484 0 
471 -85 798 0 
356 -191 -168 0 
75 -964 -160 0 
398 -64 604 0 
-447 -21 433 0 
-39 824 -299 0 
-957 319 -161 0 
-448 426 -564 0 
-683 376 -255 0 
-530 -235 699 0 
390 -710 231 0 
912 80 -703 0 
-993 -506 1000 0 
-274 -813 328 0 
-572 -912 245 0 
310 572 689 0 
713 -10 359 0 
304 750 563 0 
-732 726 948 0 
-28 442 265 0 
980 -164 -654 0 
722 -168 -821 0 
-254 991 -730 0 
-674 -22 563 0 
404 967 -318 0 
-754 -982 325 0 
196 142 895 0 
452 682 -816 0 
-817 685 192 0 
672 -643 712 0 
333 -608 -385 0 
192 706 -398 0 
-980 -130 -556 0 
-56 997 -850 0 
-499 -863 431 0 
-600 -322 -669 0 
901 218 -718 0 
245 -399 -432 0 
143 -589 1000 0 
-260 -508 -88 0 
-140 132 458 0 
-646 -111 148 0 
423 -267 409 0 
-675 -260 264 0 
935 225 425 0 
638 -279 -363 0 
599 4 -193 0 
-147 312 -266 0 
865 38 -651 0 
-358 -783 -385 0 
5 -383 902 0 
-365 -91 -255 0 
686 -473 722 0 
352 485 249 0 
-544 -571 999 0 
842 -123 681 0 
71 77 -623 0 
974 -979 181 0 
-625 221 401 0 
499 423 -568 0 
-758 351 -831 0 
-768 636 -102 0 
340 -424 662 0 
-3 -598 489 0 
-277 -861 293 0 
918 42 -775 0 
836 62 -438 0 
-289 -868 817 0 
-231 -373 415 0 
516 502 -373 0 
590 -290 432 0 
664 -642 118 0 
-475 -79 -258 0 
-749 744 -917 0 
326 115 909 0 
638 84 -612 0 
733 183 711 0 
-152 -719 -356 0 
833 -759 25 0 
323 199 -758 0 
-38 259 967 0 
1 -552 259 0 
774 401 -688 0 
-295 -298 159 0 
-866 -357 -585 0 
-123 462 -300 0 
-940 -825 -65 0 
-376 -565 -484 0 
869 392 669 0 
-810 -836 100 0 
728 -765 586 0 
920 -729 836 0 
554 221 372 0 
-537 -348 885 0 
186 -415 -767 0 
82 -971 745 0 
447 809 -35 0 
584 22 76 0 
183 60 -979 0 
350 -815 -439 0 
-895 537 -669 0 
971 697 -159 0 
-452 -315 407 0 
-138 -627 289 0 
-744 686 -408 0 
12 -182 458 0 
-694 -37 645 0 
441 -61 717 0 
457 -747 325 0 
377 332 -678 0 
-40 439 -655 0 
-53 -769 -107 0 
243 433 449 0 
-36 -616 -74 0 
670 -158 506 0 
466 -275 746 0 
875 -79 -250 0 
-505 802 326 0 
662 -7 407 0 
441 531 -495 0 
665 -358 206 0 
-321 967 604 0 
797 -403 298 0 
705 -29 -800 0 
652 896 963 0 
894 -210 -427 0 
937 -479 247 0 
-193 -431 -171 0 
411 -667 -304 0 
646 73 -943 0 
-412 579 559 0 
-197 365 21 0 
-235 651 -440 0 
-827 226 -899 0 
438 263 116 0 
-228 210 165 0 
2 -557 745 0 
-922 852 -939 0 
-683 687 703 0 
328 -633 545 0 
-530 198 558 0 
773 -1000 -314 0 
352 931 -756 0 
-951 865 -995 0 
-184 829 -418 0 
992 19 -118 0 
-297 145 -80 0 
597 -787 -906 0 
534 907 569 0 
17 261 303 0 
111 471 -475 0 
-443 507 337 0 
312 -350 -242 0 
-468 326 -217 0 
459 984 -655 0 
212 -890 -946 0 
400 -316 -483 0 
490 -222 120 0 
-695 -365 -721 0 
-220 -690 616 0 
-917 -576 -542 0 
599 669 -514 0 
115 88 160 0 
390 947 -764 0 
-361 25 -160 0 
-746 -259 -435 0 
-301 217 564 0 
-650 700 -567 0 
-743 889 585 0 
-78 608 51 0 
643 -209 -782 0 
-211 11 177 0 
-217 -251 -969 0 
-127 450 642 0 
655 723 -906 0 
16 -908 163 0 
925 -811 869 0 
-467 -345 -48 0 
-57 512 782 0 
-224 -555 655 0 
265 504 -598 0 
219 -120 -352 0 
221 -44 -927 0 
74 -873 762 0 
726 -707 -741 0 
456 973 -11 0 
349 569 366 0 
-422 590 373 0 
696 337 713 0 
-439 -753 559 0 
-960 -727 -7 0 
-922 85 359 0 
897 708 -749 0 
-330 -847 4 0 
415 282 627 0 
-852 745 392 0 
172 994 454 0 
48 367 -661 0 
-926 651 58 0 
-771 -45 -431 0 
-904 -757 -895 0 
954 -621 746 0 
359 -250 703 0 
-810 -274 785 0 
35 939 -518 0 
-825 -443 522 0 
169 203 858 0 
-176 -143 -853 0 
-528 -862 -878 0 
369 807 -508 0 
-732 991 944 0 
556 957 -145 0 
229 -563 -318 0 
-248 422 -201 0 
486 -496 -528 0 
-344 -265 931 0 
-112 328 372 0 
-622 -855 235 0 
-429 -101 -391 0 
-395 -784 44 0 
-778 -647 374 0 
512 50 416 0 
-683 -176 -512 0 
-754 -421 -514 0 
62 74 877 0 
768 -998 97 0 
167 -954 -37 0 
695 567 -843 0 
382 144 -806 0 
-850 838 -326 0 
62 549 -33 0 
-831 -266 -650 0 
-550 -302 617 0 
-800 229 589 0 
554 -371 237 0 
412 786 749 0 
-595 214 534 0 
205 86 -803 0 
731 -46 937 0 
69 202 -101 0 
-156 -122 -912 0 
67 -904 299 0 
502 -936 874 0 
-840 852 138 0 
136 923 -226 0 
-217 431 -20 0 
980 880 415 0 
-797 963 -310 0 
977 648 259 0 
-571 825 776 0 
955 -218 -568 0 
647 -254 -768 0 
694 148 122 0 
372 -191 523 0 
-73 -679 636 0 
-46 -60 -314 0 
-819 -908 94 0 
-37 915 233 0 
631 -776 -592 0 
-715 -874 333 0 
931 -864 479 0 
-740 -656 65 0 
198 -256 755 0 
-341 -834 -62 0 
-645 292 -992 0 
-915 -533 -640 0 
975 -18 -527 0 
793 -891 658 0 
-922 -199 -531 0 
-662 483 -847 0 
-850 -829 605 0 
604 -739 858 0 
-469 -706 -335 0 
-413 923 -223 0 
-92 506 -495 0 
465 -795 -870 0 
84 705 -370 0 
-192 715 -261 0 
453 665 680 0 
-734 661 67 0 
303 -700 -894 0 
234 -922 -190 0 
167 -493 -866 0 
-735 970 787 0 
490 533 325 0 
448 -983 797 0 
411 -569 -324 0 
-337 616 471 0 
277 407 -779 0 
443 -741 -78 0 
500 975 839 0 
-565 31 294 0 
-785 14 374 0 
-716 -927 285 0 
167 343 -458 0 
209 -479 -881 0 
-372 963 601 0 
-813 -112 290 0 
-466 685 -454 0 
315 -458 278 0 
476 -10 -483 0 
-416 55 -491 0 
-701 -160 21 0 
-322 -667 -766 0 
243 -762 -32 0 
206 -418 76 0 
-603 297 -834 0 
-22 823 788 0 
450 200 -466 0 
857 396 74 0 
-151 357 -743 0 
860 365 107 0 
-952 752 -820 0 
992 -200 -524 0 
-506 575 -223 0 
263 -510 -587 0 
-279 -935 505 0 
999 -268 133 0 
540 -837 563 0 
-651 -950 -509 0 
37 -758 -485 0 
776 494 772 0 
-511 -885 669 0 
-212 -179 253 0 
-224 -484 -808 0 
-954 940 317 0 
-560 -898 634 0 
-506 926 946 0 
508 54 5 0 
906 660 775 0 
-361 681 -269 0 
85 -960 -271 0 
-640 351 466 0 
20 -408 -609 0 
123 -844 -759 0 
-243 353 296 0 
-353 890 221 0 
-398 638 215 0 
858 238 313 0 
-584 -648 -121 0 
388 446 674 0 
989 -736 470 0 
12 798 640 0 
184 -853 643 0 
47 551 -930 0 
-996 911 552 0 
-190 630 251 0 
384 -644 606 0 
-204 -479 -194 0 
252 635 953 0 
-23 -578 169 0 
-86 573 -797 0 
476 97 749 0 
723 828 -204 0 
-194 -510 -474 0 
84 -716 790 0 
-188 902 537 0 
75 -143 189 0 
-868 -951 64 0 
-809 -197 315 0 
-795 -55 484 0 
-816 -702 -524 0 
799 667 761 0 
-816 825 -791 0 
55 417 -607 0 
558 115 414 0 
-302 8 865 0 
-891 811 243 0 
-965 -431 892 0 
-219 -153 477 0 
486 888 -649 0 
570 -380 661 0 
151 972 -408 0 
148 -180 528 0 
-979 87 769 0 
-11 560 -855 0 
-581 -71 -477 0 
37 -690 -118 0 
-289 200 -669 0 
-944 615 529 0 
896 6 -581 0 
-595 -768 -261 0 
427 -488 -289 0 
836 -673 -225 0 
836 698 -435 0 
299 897 237 0 
-681 967 -984 0 
-328 218 375 0 
674 591 -206 0 
-727 -600 437 0 
28 200 280 0 
709 354 -416 0 
525 895 -976 0 
602 252 694 0 
-987 -811 604 0 
268 -703 -821 0 
-157 28 -694 0 
413 601 -378 0 
47 -266 -984 0 
190 -361 885 0 
-774 865 -281 0 
691 -39 264 0 
207 -935 533 0 
-448 572 -650 0 
61 300 261 0 
-475 98 -308 0 
334 -969 719 0 
888 -193 -29 0 
336 -953 657 0 
432 -810 385 0 
202 472 57 0 
-600 31 724 0 
-543 -807 -337 0 
-428 824 706 0 
909 -581 -256 0 
318 -45 -685 0 
1 727 987 0 
-914 -992 951 0 
695 -381 -48 0 
-446 -304 544 0 
532 56 31 0 
587 91 193 0 
265 413 555 0 
49 -475 252 0 
438 -373 -352 0 
723 -612 604 0 
459 -106 -275 0 
-623 176 602 0 
-753 -332 -681 0 
-487 319 -824 0 
481 710 66 0 
626 -827 45 0 
-367 -789 77 0 
36 486 314 0 
361 -683 45 0 
-903 548 842 0 
168 -462 222 0 
-263 504 692 0 
935 -450 577 0 
-194 458 -514 0 
-585 -582 -313 0 
46 704 -579 0 
-252 -641 -281 0 
740 353 -585 0 
449 -882 688 0 
-809 -3 348 0 
-946 -515 -895 0 
-933 -661 -720 0 
-138 -408 -467 0 
949 629 1 0 
788 8 -271 0 
381 -864 -55 0 
-937 476 930 0 
-281 -928 -88 0 
-371 -927 -181 0 
-354 -477 609 0 
499 -181 717 0 
213 829 591 0 
-778 872 -880 0 
812 -906 226 0 
-61 -906 -626 0 
518 -870 143 0 
375 29 -862 0 
904 -443 255 0 
-466 597 -379 0 
-975 476 498 0 
-824 311 278 0 
-86 -987 -382 0 
-57 -173 -237 0 
-866 -999 818 0 
857 -308 382 0 
521 17 -666 0 
-886 -83 -844 0 
430 845 -849 0 
-952 120 487 0 
-150 -613 -912 0 
406 611 260 0 
22 370 -178 0 
296 545 602 0 
353 -283 65 0 
-412 180 197 0 
-662 966 -621 0 
977 237 933 0 
-44 -304 -725 0 
631 -111 -168 0 
-722 85 664 0 
-760 -292 982 0 
-379 174 -221 0 
-892 -106 -444 0 
-67 918 852 0 
-577 103 -361 0 
956 647 1 0 
572 -40 299 0 
776 405 454 0 
-10 -423 -616 0 
-668 -183 -29 0 
-771 -739 770 0 
-907 -778 361 0 
145 583 -674 0 
-157 -455 123 0 
-454 6 58 0 
866 626 -820 0 
-167 -405 -41 0 
-461 936 485 0 
-620 776 884 0 
524 -662 -412 0 
243 -845 412 0 
198 452 -538 0 
-403 229 -83 0 
567 -701 835 0 
-429 -833 -340 0 
297 928 -566 0 
-682 -295 -336 0 
602 698 395 0 
557 -748 -698 0 
-536 386 377 0 
988 799 -79 0 
174 514 -118 0 
667 -281 525 0 
497 888 24 0 
669 904 382 0 
-903 432 483 0 
-896 656 -66 0 
-377 -238 -925 0 
-726 -170 -500 0 
407 -568 -3 0 
-300 -866 318 0 
-936 -466 812 0 
859 760 172 0 
941 431 -731 0 
782 -576 -811 0 
-63 604 -603 0 
-869 -955 -717 0 
869 -160 -822 0 
-522 201 629 0 
-521 730 77 0 
-901 47 565 0 
-977 217 -12 0 
-891 -697 725 0 
-323 172 -273 0 
-185 917 -730 0 
755 -628 -623 0 
-908 -625 -228 0 
-805 495 -840 0 
-86 288 698 0 
359 -940 193 0 
-607 359 -197 0 
-405 21 -336 0 
-752 -734 884 0 
280 -977 -106 0 
281 250 683 0 
198 546 -868 0 
273 238 -494 0 
-27 -422 -712 0 
-96 -641 932 0 
549 929 -334 0 
705 -2 -482 0 
69 -656 721 0 
-592 955 695 0 
28 -575 20 0 
-465 -906 773 0 
-174 605 77 0 
-876 723 -974 0 
-580 711 -80 0 
560 -786 -82 0 
132 -243 -354 0 
-536 -733 344 0 
505 -982 363 0 
10 -953 -79 0 
405 355 699 0 
-899 458 -38 0 
697 465 53 0 
488 -133 890 0 
-264 972 577 0 
-249 -738 593 0 
-972 -621 480 0 
725 -577 -594 0 
737 -963 -779 0 
-173 624 124 0 
912 777 -496 0 
426 860 -190 0 
401 -462 921 0 
667 -239 48 0 
902 -76 384 0 
263 700 -472 0 
321 -990 -482 0 
-225 229 877 0 
-431 890 437 0 
303 735 217 0 
53 136 -751 0 
-896 623 313 0 
-963 -887 -33 0 
902 -160 433 0 
828 -50 664 0 
-671 -561 -819 0 
-676 119 -448 0 
-124 45 762 0 
-941 -545 962 0 
-842 675 444 0 
409 -803 -692 0 
594 -439 -83 0 
776 -518 -361 0 
808 -662 674 0 
-468 -314 935 0 
-887 -780 -671 0 
345 -281 -848 0 
319 -271 -424 0 
-928 617 -689 0 
342 -113 -600 0 
583 -995 -339 0 
585 714 -298 0 
-59 186 -702 0 
-886 -430 -390 0 
954 583 377 0 
173 -200 -772 0 
984 365 367 0 
115 123 651 0 
118 -33 7 0 
-94 -502 765 0 
-577 -961 874 0 
178 -291 -683 0 
438 -97 827 0 
-781 -744 268 0 
699 -335 -416 0 
-225 900 -448 0 
750 739 -584 0 
-933 651 820 0 
-44 -163 377 0 
74 -401 242 0 
615 423 -79 0 
-313 192 616 0 
-934 -971 -181 0 
827 -743 -734 0 
901 6 -423 0 
-507 -395 -66 0 
703 -776 375 0 
-763 809 371 0 
735 649 101 0 
-89 -344 220 0 
-708 -528 -294 0 
284 662 507 0 
-696 256 735 0 
263 -998 485 0 
-699 337 375 0 
-258 -52 -835 0 
-352 748 -266 0 
-673 -784 26 0 
-999 921 -161 0 
268 -621 894 0 
-753 -939 -56 0 
457 -445 -278 0 
-980 49 -12 0 
185 146 -737 0 
521 -482 615 0 
980 149 264 0 
544 -70 -706 0 
-952 -607 -82 0 
-402 -233 622 0 
458 -519 276 0 
598 -459 -626 0 
437 306 -717 0 
-260 -815 -434 0 
591 498 -589 0 
-24 -83 -39 0 
-653 -218 -51 0 
111 -24 97 0 
-52 717 -655 0 
-345 -876 906 0 
707 -917 -43 0 
683 192 85 0 
152 407 22 0 
-698 -30 -639 0 
-616 -733 978 0 
924 917 662 0 
-582 -412 -554 0 
490 -722 805 0 
-317 -577 40 0 
484 -946 74 0 
773 -874 -449 0 
767 874 410 0 
-500 717 709 0 
-210 444 380 0 
428 875 766 0 
1000 867 -707 0 
-392 206 200 0 
6 -320 502 0 
-709 987 -199 0 
-315 212 -912 0 
-585 -386 -616 0 
-25 63 -754 0 
-967 870 726 0 
11 -684 665 0 
354 -48 969 0 
464 -82 67 0 
-353 674 375 0 
-667 711 -556 0 
306 -100 -890 0 
831 -125 671 0 
-812 -467 -236 0 
-118 -300 529 0 
174 -343 71 0 
282 -226 554 0 
-664 385 253 0 
718 -688 832 0 
-971 -79 -964 0 
505 310 149 0 
-361 -467 757 0 
-77 311 -512 0 
107 459 -167 0 
-11 887 -443 0 
774 -832 281 0 
-115 -434 20 0 
961 321 -975 0 
303 -158 -470 0 
-14 -75 -300 0 
-863 -872 89 0 
497 -986 -649 0 
927 606 -793 0 
400 443 -384 0 
998 -383 31 0 
-317 695 -401 0 
-250 -855 698 0 
567 -156 707 0 
-769 -495 -428 0 
-553 320 -646 0 
-330 -566 16 0 
-3 932 967 0 
826 -13 759 0 
928 -603 -351 0 
-258 528 -280 0 
-513 -417 952 0 
-459 -522 843 0 
-967 788 -201 0 
283 22 675 0 
-424 -889 -789 0 
-868 -443 -405 0 
568 -718 -852 0 
967 -599 816 0 
613 709 -835 0 
846 -442 -76 0 
309 400 -383 0 
-884 -6 168 0 
-918 -358 -269 0 
-725 -30 344 0 
461 787 467 0 
-46 611 252 0 
990 971 759 0 
995 283 -463 0 
509 -209 611 0 
19 -939 -833 0 
-74 168 976 0 
101 -852 -447 0 
-921 -982 820 0 
486 442 -745 0 
266 -920 473 0 
-370 -577 855 0 
-321 608 129 0 
-897 980 59 0 
-307 -512 175 0 
718 -924 649 0 
855 250 539 0 
-46 -468 770 0 
-938 448 907 0 
213 825 807 0 
-712 -715 395 0 
-461 972 62 0 
554 387 -681 0 
791 861 -581 0 
258 848 -92 0 
-947 419 416 0 
-316 -409 -662 0 
-600 -583 -955 0 
-259 -879 -748 0 
934 -750 527 0 
614 -69 -576 0 
839 536 -473 0 
433 423 -461 0 
-917 -125 250 0 
924 -461 781 0 
446 493 -58 0 
-994 -592 -31 0 
-114 770 -970 0 
-889 361 530 0 
-155 -771 447 0 
69 496 518 0 
948 -625 325 0 
44 373 -957 0 
808 924 -230 0 
-4 -259 406 0 
180 664 437 0 
383 -95 -972 0 
-599 -940 -997 0 
-977 -324 947 0 
673 -158 354 0 
620 535 301 0 
-797 -197 -690 0 
-227 -598 -764 0 
68 -319 -425 0 
-15 51 -132 0 
848 390 -955 0 
47 50 223 0 
20 -79 -212 0 
-213 228 -798 0 
-589 67 -620 0 
488 -941 -38 0 
-128 636 703 0 
493 54 989 0 
689 864 695 0 
853 416 513 0 
129 182 -943 0 
-528 806 305 0 
769 -897 -219 0 
-826 868 463 0 
540 -753 606 0 
518 -266 626 0 
-684 -649 -198 0 
619 832 -398 0 
657 -117 -902 0 
51 934 796 0 
940 281 128 0 
-280 -614 116 0 
-971 786 -216 0 
235 -276 -708 0 
-187 -596 338 0 
-3 -5 14 0 
531 219 401 0 
-10 660 950 0 
-570 879 479 0 
295 -432 661 0 
811 952 -336 0 
-714 -929 -247 0 
327 414 818 0 
-463 145 700 0 
497 908 -883 0 
-42 383 -877 0 
-856 20 -687 0 
473 205 562 0 
817 157 -552 0 
159 -612 -723 0 
731 -146 899 0 
-944 959 477 0 
631 961 719 0 
-334 524 273 0 
779 840 -521 0 
-18 -95 110 0 
738 746 944 0 
-869 -636 -41 0 
353 -934 179 0 
-217 -265 861 0 
815 -598 705 0 
-859 -82 -582 0 
138 677 -98 0 
941 -113 608 0 
729 -891 805 0 
-646 580 815 0 
-691 -789 -977 0 
264 62 -74 0 
160 -559 -554 0 
-329 -705 419 0 
-85 372 -160 0 
-139 -439 35 0 
-403 71 450 0 
-922 -940 26 0 
272 -928 87 0 
380 -516 -553 0 
23 -965 -308 0 
818 854 888 0 
-640 693 -162 0 
-679 19 -417 0 
695 400 -28 0 
577 -942 -452 0 
17 -284 -921 0 
972 306 349 0 
-875 -817 61 0 
529 -275 -990 0 
-701 929 20 0 
328 -128 -635 0 
845 -850 -334 0 
71 -391 698 0 
815 -690 675 0 
-516 41 877 0 
698 -735 -27 0 
-865 -315 -16 0 
-940 826 439 0 
805 -589 -791 0 
890 997 786 0 
578 521 -177 0 
177 227 -478 0 
-139 689 -619 0 
917 99 -855 0 
-665 412 936 0 
-208 -230 -123 0 
-490 -325 -777 0 
-522 740 284 0 
102 519 434 0 
565 -372 637 0 
-756 67 21 0 
934 597 -113 0 
-168 -710 -215 0 
503 -842 -775 0 
-582 113 -782 0 
385 -898 -295 0 
-564 -980 -705 0 
-454 281 111 0 
781 698 -787 0 
834 -174 644 0 
-767 -445 -742 0 
948 -113 46 0 
823 468 -105 0 
-993 -380 774 0 
-940 732 335 0 
-817 106 129 0 
-793 468 -908 0 
530 314 -164 0 
-123 887 767 0 
620 -335 -102 0 
92 889 421 0 
229 -515 739 0 
433 -338 935 0 
523 -937 876 0 
-616 -219 18 0 
-37 403 866 0 
790 343 -925 0 
730 -617 -587 0 
-571 104 504 0 
-171 -179 -939 0 
-724 -363 -314 0 
-453 -2 515 0 
-910 547 556 0 
611 -615 -771 0 
-810 548 124 0 
685 -365 172 0 
-351 135 502 0 
-408 162 53 0 
-423 -915 195 0 
615 -105 -190 0 
-228 -584 253 0 
989 651 -400 0 
-503 848 -880 0 
-311 923 -39 0 
-687 -631 828 0 
16 -333 -82 0 
475 220 -156 0 
-421 -981 -759 0 
884 653 -816 0 
852 -949 -752 0 
492 442 574 0 
523 -302 -430 0 
-655 745 -864 0 
931 637 550 0 
473 -23 -365 0 
-931 736 -160 0 
6 822 -391 0 
44 895 686 0 
741 -175 -641 0 
-23 -693 141 0 
-375 -156 526 0 
578 566 883 0 
-219 -490 834 0 
542 -225 305 0 
-387 256 339 0 
496 53 993 0 
-424 -24 760 0 
244 -828 8 0 
-490 -60 -823 0 
-12 -300 -401 0 
63 -47 9 0 
409 693 185 0 
924 -846 -235 0 
-57 341 -591 0 
-67 -405 -515 0 
-640 -181 -759 0 
-8 -355 -647 0 
562 -128 511 0 
168 42 -73 0 
-887 359 649 0 
-278 -73 778 0 
446 657 -375 0 
-988 546 764 0 
-805 561 -540 0 
-593 899 -885 0 
-303 276 551 0 
-210 131 892 0 
-215 885 432 0 
-864 459 -865 0 
649 -389 966 0 
-268 -739 784 0 
952 338 -210 0 
-112 453 72 0 
755 360 78 0 
15 389 -482 0 
400 -251 382 0 
-629 549 187 0 
347 -710 -353 0 
-480 -265 -869 0 
557 -285 -754 0 
-506 -912 -964 0 
333 -680 -924 0 
-721 861 -870 0 
937 590 644 0 
980 -711 919 0 
-372 674 -468 0 
948 -952 -427 0 
320 205 106 0 
-642 151 500 0 
407 182 59 0 
755 -992 51 0 
-415 803 870 0 
-832 -145 969 0 
355 -766 -921 0 
-532 237 692 0 
338 -128 942 0 
626 804 -404 0 
-573 370 -541 0 
-769 949 -687 0 
-711 456 560 0 
482 363 -587 0 
-311 -411 -194 0 
243 -842 -182 0 
771 -689 -546 0 
-412 179 -36 0 
729 -309 -461 0 
98 665 167 0 
741 -836 -524 0 
-293 145 -603 0 
692 -781 -933 0 
-198 535 -663 0 
-819 428 956 0 
820 -731 -675 0 
-953 690 965 0 
576 -722 -333 0 
342 624 889 0 
158 -283 -319 0 
670 -322 570 0 
-45 -538 150 0 
470 893 45 0 
