p cnf 1000 2000
-197 -857 196 0 
371 -413 -52 0 
241 -881 -995 0 
-990 287 545 0 
20 -934 -444 0 
991 483 535 0 
-967 -602 861 0 
-908 23 -118 0 
-632 -793 -177 0 
-920 327 -61 0 
607 643 771 0 
-932 647 -422 0 
-253 -392 132 0 
370 652 530 0 
266 -520 581 0 
-843 572 147 0 
962 541 841 0 
678 -458 -323 0 
523 -388 -181 0 
-618 -510 -586 0 
124 -759 -924 0 
813 -26 -934 0 
790 -815 -420 0 
-652 -694 43 0 
186 657 -320 0 
466 -752 -619 0 
-61 965 -178 0 
601 206 689 0 
330 -737 -568 0 
-203 235 -792 0 
89 -871 -600 0 
-387 -770 -108 0 
774 268 -267 0 
-155 926 219 0 
960 422 -72 0 
-118 398 294 0 
-504 -499 -188 0 
-481 220 -640 0 
-757 -939 -876 0 
-426 737 953 0 
527 -251 -179 0 
-391 -694 -181 0 
587 -449 291 0 
-926 865 -469 0 
566 203 8 0 
104 -920 724 0 
-936 -687 123 0 
342 -889 853 0 
829 808 -504 0 
372 459 618 0 
669 -849 510 0 
269 -380 -659 0 
369 -820 596 0 
-501 -994 300 0 
959 112 9 0 
-314 -69 -611 0 
191 314 -421 0 
-590 759 699 0 
-948 124 800 0 
812 446 972 0 
-585 941 869 0 
387 789 876 0 
-933 -354 826 0 
325 411 -302 0 
149 -554 -766 0 
-933 -830 523 0 
342 -477 801 0 
700 -404 -756 0 
-265 933 -885 0 
698 594 -568 0 
-242 572 694 0 
547 -159 835 0 
635 -954 819 0 
197 -246 977 0 
300 192 -436 0 
114 -781 -98 0 
-844 -863 768 0 
897 -464 597 0 
305 541 277 0 
-104 690 182 0 
821 -420 902 0 
449 -230 520 0 
577 947 935 0 
819 -339 428 0 
303 304 -683 0 
-822 -428 -80 0 
660 -297 514 0 
579 830 19 0 
668 -442 -120 0 
3 -614 708 0 
-569 -26 -294 0 
97 -375 -764 0 
750 796 234 0 
-340 -64 -367 0 
-604 -46 -181 0 
560 -180 406 0 
-672 -188 146 0 
-964 -726 -310 0 
921 773 784 0 
-884 843 -251 0 
392 207 -156 0 
37 -232 730 0 
434 624 -788 0 
-283 -682 -282 0 
-134 304 179 0 
-132 991 -322 0 
-128 -182 772 0 
-343 641 -944 0 
-879 660 -663 0 
-739 -654 561 0 
861 -353 -848 0 
467 -471 -95 0 
-991 18 -17 0 
590 636 -662 0 
742 -533 -109 0 
-479 -559 841 0 
-873 469 103 0 
-942 -985 -896 0 
-231 700 11 0 
-42 -416 -342 0 
-350 -229 501 0 
331 -618 -665 0 
-593 979 -496 0 
590 -353 -976 0 
249 -743 6 0 
-317 -547 -776 0 
684 -478 103 0 
968 602 426 0 
-176 -546 426 0 
819 -631 -411 0 
-629 -650 742 0 
-973 -878 818 0 
777 350 215 0 
910 -284 79 0 
-50 -318 904 0 
-154 876 -461 0 
-715 -579 -440 0 
115 116 -383 0 
1000 121 918 0 
483 182 -719 0 
438 -772 -858 0 
-448 332 -350 0 
87 -195 163 0 
-277 104 -447 0 
-782 -109 -808 0 
870 -217 -987 0 
195 -630 -270 0 
252 -32 -632 0 
793 121 -272 0 
999 950 -438 0 
238 573 -96 0 
482 225 -973 0 
828 89 150 0 
445 279 48 0 
444 997 930 0 
-156 302 264 0 
876 966 562 0 
80 -801 -862 0 
-482 -787 -967 0 
105 -726 475 0 
-342 -83 681 0 
-799 -288 567 0 
987 -328 -335 0 
-277 535 -74 0 
217 10 335 0 
167 -919 -831 0 
659 -691 599 0 
-520 730 -272 0 
-729 268 -984 0 
722 -794 668 0 
-23 -836 -309 0 
792 803 -635 0 
-250 215 -974 0 
288 -519 -142 0 
-32 -753 -65 0 
218 469 -921 0 
-516 -289 -21 0 
642 632 367 0 
-53 978 303 0 
279 -167 915 0 
109 -35 304 0 
711 685 -63 0 
-552 859 471 0 
-414 386 597 0 
-6 406 -609 0 
763 902 -541 0 
-711 -639 105 0 
314 514 905 0 
-220 -226 -468 0 
-249 -324 -476 0 
317 961 -724 0 
960 -863 -276 0 
345 -459 -672 0 
661 -48 -895 0 
549 914 670 0 
-86 441 -90 0 
-253 -62 -472 0 
49 214 749 0 
170 -617 805 0 
999 706 712 0 
-21 559 -511 0 
2 975 111 0 
984 513 987 0 
-575 -712 818 0 
308 199 399 0 
31 -671 661 0 
-159 -58 -77 0 
-139 158 420 0 
953 -883 -828 0 
-723 68 -660 0 
-160 -824 -698 0 
-537 -693 930 0 
-722 -709 727 0 
-959 -335 -692 0 
-48 249 -400 0 
-787 546 -965 0 
-211 -988 111 0 
-931 315 761 0 
-311 -748 -210 0 
-645 826 440 0 
-390 30 491 0 
882 542 -472 0 
-625 274 -292 0 
-73 -520 784 0 
538 -384 -130 0 
-763 581 795 0 
-323 488 -511 0 
662 -320 368 0 
-857 -760 73 0 
775 545 427 0 
-836 -66 -799 0 
824 81 -211 0 
-17 645 106 0 
693 -518 -193 0 
-966 -733 333 0 
-789 815 -525 0 
954 920 -110 0 
-905 -970 129 0 
120 784 -276 0 
-69 -882 -506 0 
-936 225 858 0 
-723 29 745 0 
90 -953 -370 0 
528 -85 -504 0 
448 -831 -94 0 
-335 -476 -774 0 
284 773 -688 0 
925 -327 791 0 
206 341 744 0 
222 294 407 0 
410 -654 357 0 
100 486 -802 0 
-185 730 215 0 
-654 -601 -36 0 
-233 -492 -749 0 
-435 460 -824 0 
-633 288 -191 0 
793 -291 437 0 
-338 947 -494 0 
-391 -62 -501 0 
-368 267 44 0 
132 -765 324 0 
-549 -561 107 0 
479 377 -474 0 
805 -902 602 0 
-981 755 -39 0 
-86 -919 358 0 
247 -304 253 0 
445 261 -123 0 
244 -496 270 0 
403 245 931 0 
-728 106 -505 0 
-568 -518 962 0 
-902 386 -54 0 
-313 83 -834 0 
431 -323 285 0 
512 -417 944 0 
349 -100 -913 0 
-148 -326 -734 0 
11 786 -482 0 
-950 -771 -210 0 
-68 668 50 0 
122 -518 -752 0 
112 -257 15 0 
790 -969 871 0 
439 -656 713 0 
-660 419 616 0 
-816 -559 253 0 
657 654 968 0 
-461 199 -84 0 
224 527 348 0 
940 453 -97 0 
147 695 125 0 
579 -260 755 0 
279 -443 -315 0 
-984 286 -937 0 
-104 -478 -637 0 
221 -992 957 0 
508 -68 874 0 
-234 -812 -847 0 
213 -912 478 0 
-882 965 665 0 
-96 342 804 0 
754 -145 -198 0 
-168 -846 433 0 
-560 -460 185 0 
-422 -782 -546 0 
-447 -257 -833 0 
-271 -887 -69 0 
-399 851 -419 0 
257 101 -396 0 
126 -884 -190 0 
-279 -883 650 0 
35 945 972 0 
-119 162 -722 0 
-444 459 -58 0 
-758 -113 625 0 
442 -624 -727 0 
-375 -790 -758 0 
-303 775 -446 0 
-873 -536 -747 0 
684 519 -713 0 
624 34 340 0 
635 860 981 0 
-280 768 45 0 
-429 714 72 0 
-465 353 -68 0 
607 865 249 0 
360 635 -512 0 
554 807 -190 0 
-171 254 -162 0 
165 -24 -117 0 
558 62 622 0 
-452 266 -793 0 
624 -717 529 0 
-16 912 -532 0 
257 -334 881 0 
-459 267 672 0 
-178 -170 948 0 
870 388 517 0 
-147 -602 -115 0 
918 -553 285 0 
-858 466 -372 0 
183 637 -231 0 
-353 -764 -664 0 
291 14 227 0 
490 -779 -392 0 
-484 -349 969 0 
-398 788 -890 0 
-777 19 -604 0 
595 -90 -617 0 
-39 637 680 0 
96 240 718 0 
-18 -502 702 0 
904 579 361 0 
-480 -800 -441 0 
-391 -815 133 0 
-670 -528 -318 0 
-31 -341 339 0 
-117 -441 545 0 
371 719 -72 0 
-977 210 -12 0 
-952 516 677 0 
849 47 381 0 
-52 -797 301 0 
-123 -157 -98 0 
794 683 324 0 
683 366 -45 0 
-893 -697 954 0 
915 950 -315 0 
-583 -442 -78 0 
-284 -379 377 0 
797 474 -908 0 
-448 660 -437 0 
-920 -231 334 0 
413 730 -266 0 
-376 -508 686 0 
344 -416 -985 0 
379 471 655 0 
-841 813 -66 0 
-623 294 -758 0 
-66 -652 -641 0 
980 106 -998 0 
-309 128 63 0 
104 872 -283 0 
321 612 112 0 
-115 -106 913 0 
964 4 -255 0 
-820 4 -616 0 
-535 750 -293 0 
-472 751 655 0 
519 229 -815 0 
171 920 879 0 
140 23 990 0 
-962 -566 -582 0 
375 -246 -231 0 
401 -791 -109 0 
-827 -567 -205 0 
-457 880 -446 0 
-531 90 453 0 
-818 502 645 0 
-937 301 55 0 
-888 248 697 0 
-321 -83 438 0 
493 590 -856 0 
172 63 149 0 
739 -611 -632 0 
225 942 780 0 
568 -512 -105 0 
403 52 -525 0 
677 -695 -845 0 
600 617 -35 0 
173 -800 849 0 
967 -351 -488 0 
-327 29 -760 0 
744 852 374 0 
-897 547 -127 0 
-577 674 155 0 
-812 890 9 0 
-859 -384 487 0 
-208 -448 218 0 
326 780 -916 0 
759 438 -508 0 
-454 610 843 0 
-691 -811 -969 0 
119 544 -173 0 
815 55 -649 0 
543 324 -770 0 
-342 -209 -3 0 
-94 -953 -31 0 
86 -62 -952 0 
-783 -626 390 0 
111 -417 558 0 
-720 219 -851 0 
101 -750 655 0 
-111 -296 -720 0 
-156 449 -820 0 
724 327 -211 0 
-722 806 391 0 
-375 -790 -788 0 
438 -57 -106 0 
-874 264 -964 0 
483 904 383 0 
-993 657 743 0 
-983 331 -53 0 
-531 103 -98 0 
370 609 443 0 
879 759 -26 0 
847 -180 -284 0 
705 967 -794 0 
-708 -30 339 0 
943 -578 629 0 
30 709 771 0 
-683 910 808 0 
-74 163 -988 0 
-471 368 197 0 
-213 -23 -411 0 
504 64 767 0 
-390 788 -433 0 
919 -832 100 0 
-947 416 -404 0 
-778 108 534 0 
-687 320 -117 0 
-699 736 30 0 
-647 930 791 0 
-540 184 -486 0 
112 -296 462 0 
486 366 131 0 
356 -843 645 0 
-320 -579 505 0 
-432 -996 -824 0 
-40 153 -20 0 
-731 -231 -952 0 
716 590 46 0 
430 -438 -29 0 
-704 751 369 0 
-932 -811 -870 0 
-936 -456 529 0 
-884 964 -471 0 
-729 780 -293 0 
-399 202 -655 0 
476 -972 608 0 
350 621 165 0 
636 -827 958 0 
-653 361 -660 0 
-759 170 405 0 
-479 -141 358 0 
268 666 259 0 
-587 380 568 0 
-876 -286 -794 0 
705 377 -612 0 
665 107 556 0 
297 441 93 0 
72 -211 512 0 
-391 780 -874 0 
-56 -432 607 0 
-740 853 -647 0 
392 -493 366 0 
-18 215 919 0 
-51 18 -600 0 
782 -201 -458 0 
-343 794 -589 0 
483 718 -185 0 
-454 -251 -256 0 
36 -496 640 0 
948 51 -207 0 
-226 -250 -212 0 
-180 406 -461 0 
537 816 -217 0 
621 -839 40 0 
-73 -455 -676 0 
871 547 885 0 
472 440 75 0 
741 -299 -724 0 
-552 -654 787 0 
-452 -884 347 0 
334 -884 -389 0 
69 332 -252 0 
-573 92 767 0 
430 257 -899 0 
220 365 -797 0 
-847 245 222 0 
-954 -646 638 0 
303 989 132 0 
276 -98 -332 0 
-201 -652 470 0 
-861 -769 -352 0 
-936 -935 -742 0 
-977 482 -523 0 
-89 -798 136 0 
752 512 -310 0 
645 -979 571 0 
-946 -392 304 0 
563 -736 -356 0 
192 604 580 0 
-348 -763 -720 0 
763 272 -239 0 
-3 -666 -702 0 
-520 -834 244 0 
488 -10 283 0 
-511 517 89 0 
-242 -757 618 0 
-347 305 -213 0 
-643 -475 -551 0 
-436 39 -865 0 
-702 968 106 0 
-841 217 -262 0 
691 343 369 0 
-794 28 -655 0 
-804 -772 123 0 
391 -951 -601 0 
482 -344 -73 0 
173 540 308 0 
952 -104 -787 0 
530 -715 -598 0 
-404 -790 -35 0 
-45 112 994 0 
-857 -514 600 0 
477 -81 -752 0 
-445 496 915 0 
279 -903 -386 0 
-791 97 -169 0 
-121 -761 558 0 
-966 -751 898 0 
-808 -850 249 0 
595 -486 119 0 
874 824 -16 0 
-779 -710 87 0 
-593 896 -246 0 
-592 390 662 0 
-518 362 26 0 
-646 538 791 0 
-485 647 683 0 
190 996 -192 0 
148 19 -292 0 
-481 518 -840 0 
-95 312 383 0 
-365 -872 -939 0 
465 280 81 0 
705 -586 -626 0 
-853 672 -484 0 
743 191 334 0 
-407 465 921 0 
765 -476 368 0 
346 490 283 0 
16 -742 331 0 
968 -717 -150 0 
900 -61 654 0 
-406 395 892 0 
-153 -390 -209 0 
966 -996 320 0 
-773 -857 496 0 
237 -184 533 0 
39 -86 -442 0 
-919 -104 -110 0 
-75 995 384 0 
-206 44 651 0 
144 444 -857 0 
-883 465 815 0 
496 343 -70 0 
-870 756 -25 0 
-116 -292 341 0 
-99 16 622 0 
-170 -565 -533 0 
132 452 -470 0 
540 -298 751 0 
893 82 -490 0 
15 -461 266 0 
393 679 382 0 
129 87 900 0 
960 246 -15 0 
13 -290 189 0 
234 653 -198 0 
-906 -56 -395 0 
162 -16 -172 0 
-938 44 771 0 
-769 545 -630 0 
242 -129 -50 0 
-252 -855 746 0 
502 890 -452 0 
-671 688 217 0 
200 521 937 0 
988 892 675 0 
-821 -345 -641 0 
644 39 157 0 
-463 413 750 0 
-570 -93 321 0 
883 895 89 0 
-460 -889 -591 0 
-755 425 430 0 
-596 -436 443 0 
-698 591 -962 0 
128 386 760 0 
879 -979 -45 0 
997 630 -999 0 
-508 523 101 0 
850 310 -506 0 
414 771 -942 0 
257 -895 -724 0 
169 957 571 0 
-665 -859 115 0 
-391 -818 177 0 
-257 936 359 0 
885 -510 511 0 
-887 -839 112 0 
433 227 16 0 
-139 900 -621 0 
-551 -883 75 0 
842 449 -264 0 
997 -315 940 0 
402 672 544 0 
627 120 -367 0 
406 -185 -926 0 
-803 -198 -4 0 
234 -428 618 0 
930 -35 836 0 
-630 588 266 0 
164 246 572 0 
439 925 -331 0 
-683 -430 836 0 
787 815 -517 0 
-660 823 -974 0 
-979 920 510 0 
-765 34 567 0 
-307 -600 346 0 
-673 288 582 0 
826 -160 -423 0 
434 351 874 0 
849 372 228 0 
-438 -779 926 0 
-857 517 974 0 
741 -700 -912 0 
414 -39 -970 0 
361 -476 -371 0 
-769 50 429 0 
24 915 899 0 
-824 59 211 0 
964 -835 -550 0 
220 598 -954 0 
-587 -861 -127 0 
970 260 -453 0 
348 -755 -783 0 
720 -52 -588 0 
415 -440 -392 0 
-999 -139 706 0 
-206 -433 -717 0 
-101 -975 -277 0 
914 -149 318 0 
917 -461 -317 0 
23 86 -98 0 
131 -946 -820 0 
674 364 838 0 
175 871 -932 0 
927 -39 999 0 
-226 31 622 0 
948 7 875 0 
-982 364 -563 0 
-964 -978 124 0 
69 -769 153 0 
440 -779 880 0 
-878 49 493 0 
669 -49 316 0 
-243 -708 972 0 
791 57 737 0 
393 631 394 0 
624 -23 470 0 
-879 -673 -406 0 
598 -745 31 0 
710 -386 -80 0 
870 58 307 0 
-220 487 527 0 
237 582 550 0 
-640 296 -89 0 
909 32 647 0 
-951 284 -308 0 
496 777 882 0 
317 612 -864 0 
181 885 -352 0 
508 -609 -555 0 
357 -905 407 0 
29 -728 300 0 
-114 -974 815 0 
417 -883 51 0 
-734 -403 54 0 
-284 501 -307 0 
539 544 -472 0 
578 523 -655 0 
-967 835 394 0 
464 396 -964 0 
382 518 -431 0 
-148 325 764 0 
221 -513 -53 0 
-727 -179 821 0 
-143 -935 -786 0 
-551 325 -557 0 
-103 -928 -426 0 
-403 -17 126 0 
378 463 800 0 
-91 -500 105 0 
709 -231 -362 0 
-653 -70 -502 0 
657 -295 935 0 
726 375 800 0 
863 400 -69 0 
897 -237 794 0 
-9 70 -713 0 
-319 -495 643 0 
249 -213 -74 0 
-600 -788 322 0 
-442 205 634 0 
-767 118 3 0 
289 -568 27 0 
860 -411 -102 0 
-357 -17 397 0 
343 -469 952 0 
-424 867 692 0 
-798 -472 241 0 
-266 -514 -506 0 
320 479 -561 0 
-108 713 766 0 
329 809 -60 0 
435 253 -808 0 
-162 -16 451 0 
833 -438 800 0 
984 543 -322 0 
116 613 17 0 
-431 -734 201 0 
-507 -544 -301 0 
-262 119 -325 0 
623 -180 530 0 
201 -121 -944 0 
-992 -956 958 0 
400 938 65 0 
567 218 -646 0 
405 -584 -361 0 
416 -409 -430 0 
160 -483 859 0 
514 779 839 0 
414 -543 153 0 
897 -70 458 0 
283 -403 944 0 
-778 802 -879 0 
-97 697 -432 0 
274 -539 698 0 
71 818 -748 0 
347 -826 988 0 
-959 968 466 0 
-60 747 151 0 
115 -980 -558 0 
844 -424 829 0 
644 -202 -943 0 
-836 -911 991 0 
-70 805 964 0 
-613 778 -942 0 
-375 -259 -51 0 
-676 511 -917 0 
-6 -622 253 0 
-500 511 -221 0 
-689 662 -840 0 
238 296 -372 0 
-64 432 -523 0 
20 -599 393 0 
-85 82 534 0 
-161 110 580 0 
501 -381 -613 0 
237 948 -146 0 
-717 593 -367 0 
757 251 278 0 
260 -640 -860 0 
-901 -829 286 0 
187 -806 841 0 
569 191 -744 0 
692 616 -828 0 
-737 231 -240 0 
76 208 911 0 
-932 976 -665 0 
475 338 -652 0 
-329 924 -102 0 
-576 332 -549 0 
471 -433 984 0 
821 -619 100 0 
-371 -693 -546 0 
725 640 756 0 
1 -122 790 0 
-263 -459 -737 0 
-971 -108 -284 0 
-727 -819 505 0 
674 325 14 0 
-615 -998 184 0 
96 -173 366 0 
322 37 -961 0 
38 -119 546 0 
-271 -748 330 0 
726 369 -120 0 
47 -411 617 0 
667 -530 922 0 
-278 972 17 0 
734 935 610 0 
-788 31 188 0 
-965 -146 -570 0 
878 913 -51 0 
-851 -16 -311 0 
356 -729 873 0 
77 762 -646 0 
613 114 111 0 
643 -354 -959 0 
-678 -217 97 0 
784 -32 642 0 
-828 629 370 0 
-566 609 -935 0 
-462 -51 60 0 
182 -222 625 0 
230 -752 665 0 
65 -883 58 0 
658 -614 221 0 
363 163 -750 0 
-135 103 -783 0 
-643 341 -990 0 
103 843 -3 0 
-503 603 214 0 
-236 819 564 0 
-161 793 -286 0 
82 786 38 0 
759 846 -556 0 
-579 -377 218 0 
882 833 -494 0 
-760 -125 -579 0 
259 229 -326 0 
-773 -948 237 0 
-733 4 903 0 
656 -135 -877 0 
195 -468 -943 0 
-665 756 201 0 
-477 979 400 0 
619 273 707 0 
-844 -898 -736 0 
-963 -54 14 0 
604 -29 391 0 
-716 947 -926 0 
984 654 358 0 
-141 149 340 0 
-215 -353 -626 0 
986 -695 177 0 
634 319 801 0 
-567 863 -217 0 
524 661 -77 0 
-345 575 63 0 
586 -845 -951 0 
955 435 -377 0 
-523 -390 807 0 
943 779 118 0 
458 541 385 0 
-475 -459 -281 0 
220 809 -567 0 
-653 824 -325 0 
541 -951 856 0 
555 -952 286 0 
725 -443 -848 0 
-950 45 -135 0 
-611 -306 -775 0 
-741 -204 618 0 
-794 -58 261 0 
-275 -504 -15 0 
370 949 837 0 
506 601 700 0 
67 289 174 0 
566 337 732 0 
-670 195 -460 0 
895 -49 986 0 
181 -603 465 0 
540 618 586 0 
-196 -916 -791 0 
-616 845 192 0 
421 970 702 0 
303 440 -554 0 
-50 352 820 0 
79 520 -872 0 
214 -832 -912 0 
-622 -485 154 0 
146 -206 682 0 
291 515 593 0 
970 441 845 0 
-356 841 193 0 
-350 117 582 0 
-623 688 183 0 
312 -72 93 0 
-408 -241 137 0 
-412 877 -120 0 
647 -877 452 0 
917 39 480 0 
901 -688 -197 0 
-19 -221 434 0 
151 754 937 0 
984 -607 658 0 
-112 -204 660 0 
-382 349 423 0 
-312 -225 -680 0 
269 -492 -725 0 
-312 11 725 0 
233 357 -645 0 
933 146 -675 0 
-495 -765 730 0 
305 -429 93 0 
-946 438 -432 0 
-734 114 -58 0 
-270 408 230 0 
167 441 -880 0 
262 -161 457 0 
777 941 386 0 
936 -67 162 0 
917 223 -116 0 
-448 968 -714 0 
538 -783 -570 0 
-875 434 769 0 
-956 -575 -530 0 
469 420 -26 0 
-351 202 644 0 
223 -185 -86 0 
612 -93 -875 0 
605 375 856 0 
-456 -671 -757 0 
-244 391 -5 0 
-411 514 -826 0 
786 486 -163 0 
-246 -612 -796 0 
-680 55 -295 0 
676 -230 757 0 
-606 -629 -307 0 
744 -747 357 0 
24 404 -65 0 
-645 336 -589 0 
-29 508 -540 0 
-253 -962 146 0 
441 775 -461 0 
987 -737 342 0 
-367 -375 -637 0 
-454 73 786 0 
-752 -337 760 0 
-525 -687 -901 0 
-958 56 -566 0 
160 908 143 0 
202 -956 810 0 
-919 457 36 0 
-151 491 -650 0 
-534 -688 784 0 
220 -388 602 0 
-199 435 -54 0 
946 764 588 0 
-670 576 -994 0 
654 484 719 0 
346 333 -430 0 
227 422 -115 0 
523 802 542 0 
430 -626 996 0 
830 677 -888 0 
660 248 -70 0 
-687 578 -890 0 
368 -162 52 0 
924 464 255 0 
55 395 -314 0 
435 -578 401 0 
913 270 400 0 
-193 -783 -20 0 
493 -590 -406 0 
102 -478 -953 0 
782 -179 507 0 
-190 -154 -496 0 
-843 181 -846 0 
-19 -297 -498 0 
-447 -660 -109 0 
-561 -21 618 0 
-500 289 813 0 
-218 -838 318 0 
-793 -153 163 0 
282 569 179 0 
-718 619 -525 0 
-203 -986 277 0 
-30 -691 167 0 
433 315 870 0 
149 67 -650 0 
424 -466 -265 0 
520 850 -828 0 
387 996 378 0 
-619 -202 -902 0 
-622 -15 967 0 
-924 -922 -703 0 
697 -929 823 0 
-67 299 -732 0 
-395 -427 783 0 
859 367 388 0 
-229 667 117 0 
684 3 -544 0 
-460 -804 -953 0 
-510 131 26 0 
-30 522 -488 0 
-941 -692 333 0 
824 581 -673 0 
570 -407 -352 0 
506 -837 353 0 
-905 898 694 0 
767 848 -80 0 
-512 737 831 0 
-397 -985 -496 0 
174 828 -280 0 
-697 778 -199 0 
671 787 -572 0 
-554 -543 371 0 
883 285 209 0 
-807 675 -638 0 
-931 -343 776 0 
895 -378 927 0 
493 -486 -521 0 
-382 242 -595 0 
-187 770 472 0 
-912 630 -440 0 
800 384 612 0 
-352 -423 -190 0 
-455 -878 -720 0 
-251 611 424 0 
-448 -517 -506 0 
-537 777 58 0 
952 -603 -877 0 
631 68 83 0 
854 -359 -263 0 
-102 677 -755 0 
-346 700 -23 0 
483 -62 525 0 
-68 993 -855 0 
590 -556 -781 0 
245 -551 -33 0 
679 -385 232 0 
-286 -646 -415 0 
635 -964 41 0 
-688 -177 -935 0 
926 -382 -369 0 
-534 948 -508 0 
207 -604 367 0 
-527 878 -393 0 
-332 982 422 0 
-650 -83 685 0 
-591 831 284 0 
272 -282 -927 0 
387 -386 53 0 
296 429 -391 0 
803 95 318 0 
-169 791 653 0 
-373 -460 114 0 
33 935 847 0 
-710 322 115 0 
-258 541 -873 0 
368 -590 -201 0 
-616 99 786 0 
-548 647 -689 0 
10 554 838 0 
841 279 315 0 
755 -126 -443 0 
-535 -984 725 0 
-752 299 35 0 
-767 -370 491 0 
-571 850 -18 0 
750 976 217 0 
-848 -757 476 0 
-982 -391 -79 0 
-911 427 676 0 
84 378 -945 0 
98 194 -76 0 
-257 -93 648 0 
738 -623 407 0 
811 186 -85 0 
27 818 335 0 
577 -120 -679 0 
275 -838 -865 0 
186 279 121 0 
885 -402 -974 0 
-345 -51 -502 0 
381 507 -791 0 
157 -506 577 0 
-594 -218 800 0 
800 -652 -450 0 
986 265 -582 0 
39 -772 -3 0 
-257 -977 -694 0 
-714 -782 -393 0 
-154 794 -145 0 
-251 673 350 0 
429 -865 351 0 
-289 640 -942 0 
973 -369 635 0 
815 -979 -487 0 
493 987 -502 0 
239 97 -641 0 
-929 -261 53 0 
218 790 -571 0 
-799 -654 -572 0 
941 -7 -465 0 
-540 58 766 0 
-894 -650 -813 0 
-706 200 -663 0 
-905 874 -40 0 
502 -59 -345 0 
-377 -477 -475 0 
-931 -121 523 0 
418 397 575 0 
-772 -452 596 0 
74 -123 343 0 
647 -696 -51 0 
-84 -722 -484 0 
-886 -47 -605 0 
157 -612 -640 0 
-103 673 -286 0 
868 -592 804 0 
822 -447 873 0 
-850 459 896 0 
-551 640 814 0 
587 458 -963 0 
-891 554 -62 0 
-112 -882 646 0 
-668 -352 727 0 
993 -810 439 0 
-236 -430 896 0 
-14 -392 -21 0 
-736 -617 -849 0 
-791 922 305 0 
913 878 398 0 
834 641 263 0 
-551 923 268 0 
-356 698 237 0 
-976 793 804 0 
240 955 -630 0 
-347 -960 -767 0 
788 -84 944 0 
-948 91 788 0 
-746 573 -266 0 
-782 -405 -888 0 
-549 -843 -905 0 
-62 -558 918 0 
-514 -199 975 0 
445 -328 165 0 
255 1000 -717 0 
723 750 -745 0 
34 -66 461 0 
418 -98 735 0 
-132 -410 501 0 
390 144 -940 0 
-706 -914 -585 0 
-47 -682 -182 0 
688 -628 686 0 
275 917 730 0 
790 -606 761 0 
-527 -652 611 0 
57 -80 -764 0 
-681 -622 -201 0 
-823 123 430 0 
-698 983 132 0 
-597 -395 -471 0 
-642 696 -69 0 
109 -467 -878 0 
531 236 -717 0 
365 565 -158 0 
869 967 643 0 
540 -38 -497 0 
929 649 -477 0 
897 -13 -724 0 
427 792 648 0 
-483 -520 -929 0 
710 -738 334 0 
382 285 -237 0 
-529 -270 13 0 
-829 -220 -947 0 
521 919 -154 0 
248 -998 279 0 
-53 314 -488 0 
-878 501 -947 0 
340 515 575 0 
-438 -478 -418 0 
-48 -813 -276 0 
154 218 733 0 
-50 398 990 0 
44 -976 -355 0 
188 -996 -207 0 
-49 -135 -382 0 
-8 543 873 0 
-140 721 819 0 
607 332 817 0 
-263 294 170 0 
738 103 -760 0 
224 586 990 0 
557 -271 473 0 
-188 -304 334 0 
829 250 914 0 
-129 -162 416 0 
-575 974 936 0 
-34 -562 576 0 
437 473 130 0 
-219 -934 -62 0 
-36 -273 486 0 
522 731 466 0 
57 -856 -369 0 
705 841 692 0 
-801 -390 439 0 
922 -431 700 0 
-556 390 -471 0 
-189 -421 602 0 
179 238 574 0 
-801 -373 -954 0 
162 866 359 0 
357 -640 -953 0 
49 45 464 0 
-811 -103 -830 0 
-446 262 355 0 
951 579 -868 0 
-767 301 -973 0 
429 -98 823 0 
-674 50 591 0 
-28 -930 -531 0 
749 -878 -378 0 
-737 -894 -735 0 
-912 -787 139 0 
66 44 -206 0 
-207 -123 703 0 
-900 -551 40 0 
771 -576 -282 0 
862 553 -18 0 
-8 215 -705 0 
-182 157 997 0 
-283 -192 -131 0 
59 512 -842 0 
-86 416 -814 0 
339 74 -16 0 
-273 127 -295 0 
-428 -300 611 0 
335 -820 -54 0 
580 -69 -158 0 
752 759 100 0 
956 407 771 0 
-850 -328 -580 0 
673 238 92 0 
40 683 945 0 
-2 -117 -527 0 
-78 251 -917 0 
-477 167 106 0 
946 -864 -548 0 
431 499 374 0 
728 448 266 0 
-223 -453 -145 0 
-52 311 -819 0 
506 466 -553 0 
-427 58 231 0 
-464 -702 -889 0 
-217 786 715 0 
-455 161 -213 0 
551 140 -886 0 
-98 83 -753 0 
501 997 875 0 
-548 657 -419 0 
252 -883 -488 0 
-1000 169 923 0 
396 522 -308 0 
-735 -626 629 0 
-392 469 -872 0 
-932 -48 828 0 
4 -21 780 0 
-969 -398 -887 0 
877 968 897 0 
-332 141 -878 0 
960 848 -83 0 
-858 357 -434 0 
346 170 -983 0 
-238 -948 -22 0 
-231 308 592 0 
-90 131 -209 0 
381 -13 682 0 
288 -594 443 0 
105 -763 -65 0 
972 140 -226 0 
738 24 -250 0 
145 -763 -423 0 
-617 980 43 0 
77 -300 590 0 
395 706 649 0 
-163 -859 -382 0 
823 -16 -678 0 
979 458 178 0 
-819 114 -536 0 
408 480 -463 0 
499 127 -72 0 
461 127 403 0 
949 -197 -126 0 
791 498 600 0 
23 -70 958 0 
365 -801 919 0 
-485 -821 -248 0 
-607 355 -519 0 
890 -698 190 0 
347 -56 442 0 
260 -796 -811 0 
-657 -837 -917 0 
728 -740 -451 0 
-156 633 931 0 
728 -637 928 0 
975 495 -829 0 
982 988 -874 0 
-545 85 -133 0 
-816 859 -940 0 
264 -396 587 0 
286 292 580 0 
-857 542 433 0 
-943 -427 -331 0 
678 577 -244 0 
-255 -170 18 0 
-375 517 771 0 
-389 753 527 0 
434 -673 24 0 
-414 637 -370 0 
-122 669 584 0 
285 -935 942 0 
-213 240 98 0 
469 381 -800 0 
395 711 -287 0 
471 961 467 0 
84 158 -576 0 
-194 432 874 0 
579 112 596 0 
-114 -831 136 0 
773 695 -895 0 
741 815 -158 0 
-265 -286 883 0 
853 506 901 0 
-944 392 282 0 
-458 -177 -692 0 
-483 -227 33 0 
-828 -985 879 0 
617 252 -348 0 
-766 -182 805 0 
157 693 -478 0 
-61 922 -242 0 
734 533 389 0 
313 -338 761 0 
627 -714 211 0 
-831 -827 -451 0 
728 790 -870 0 
203 -763 -163 0 
986 587 899 0 
-68 538 -692 0 
-253 706 -939 0 
502 -129 -226 0 
539 680 322 0 
860 -178 -371 0 
-994 -341 404 0 
23 999 30 0 
575 178 460 0 
896 -910 -269 0 
359 -759 -13 0 
863 -54 -75 0 
-869 -560 508 0 
928 -574 286 0 
-126 780 -144 0 
-239 369 -409 0 
-287 -554 155 0 
556 -41 -501 0 
268 -316 271 0 
-714 1 990 0 
-744 768 -933 0 
-642 609 718 0 
902 -801 715 0 
-648 -504 109 0 
-905 938 649 0 
540 -279 -926 0 
790 -820 -285 0 
79 161 -345 0 
-285 -371 479 0 
-832 -778 -144 0 
-99 526 -853 0 
91 176 -101 0 
-10 -998 454 0 
626 556 63 0 
-975 79 -656 0 
-141 807 -170 0 
29 -370 419 0 
475 -728 881 0 
976 112 -375 0 
960 381 882 0 
733 526 675 0 
-593 861 551 0 
695 -989 -720 0 
-796 410 564 0 
595 -486 729 0 
983 9 -799 0 
241 -939 -106 0 
130 893 -904 0 
-449 -546 -162 0 
-651 550 296 0 
-28 -230 -78 0 
823 -508 990 0 
813 656 -593 0 
-90 -764 179 0 
-273 -329 -507 0 
730 -509 -709 0 
-917 9 -912 0 
-831 -436 -241 0 
23 36 -7 0 
268 -502 280 0 
480 149 456 0 
440 -911 243 0 
825 -588 -813 0 
-727 -770 905 0 
597 -893 999 0 
948 64 547 0 
-700 -134 -859 0 
-356 -688 -395 0 
-145 996 944 0 
74 -589 542 0 
965 587 373 0 
472 -593 -383 0 
712 266 -268 0 
-417 901 -146 0 
823 -766 -920 0 
-136 550 717 0 
-638 -303 516 0 
-975 -373 200 0 
-800 125 -58 0 
986 883 -36 0 
-218 -995 441 0 
-767 417 140 0 
-62 811 634 0 
-827 -680 538 0 
773 -262 -808 0 
862 853 -792 0 
136 280 -479 0 
-95 813 -953 0 
-962 -705 532 0 
158 -450 43 0 
266 -12 -606 0 
373 -677 -961 0 
-719 -733 704 0 
619 11 67 0 
823 101 -232 0 
416 -857 500 0 
560 -424 522 0 
-436 331 -496 0 
770 130 -43 0 
-71 203 44 0 
-40 776 -401 0 
-199 832 -627 0 
-978 917 341 0 
-305 765 938 0 
989 -885 -399 0 
343 -92 713 0 
230 -161 -13 0 
-490 338 -934 0 
-9 -756 -107 0 
-784 974 881 0 
-300 -166 596 0 
205 839 -260 0 
-669 -462 776 0 
-565 -582 -567 0 
311 978 784 0 
711 -924 -876 0 
-839 -697 119 0 
35 707 960 0 
-798 -886 869 0 
-183 -442 377 0 
703 -813 900 0 
266 -640 -326 0 
103 -663 -758 0 
-716 -932 690 0 
732 -941 105 0 
-416 -456 -180 0 
457 121 311 0 
577 849 349 0 
424 -177 -211 0 
88 -686 -841 0 
-455 644 -154 0 
538 -947 -458 0 
351 -986 -770 0 
-609 -46 121 0 
490 84 697 0 
365 -672 943 0 
-230 -290 246 0 
-499 -171 -764 0 
862 797 401 0 
-966 592 -38 0 
851 -624 524 0 
-347 305 232 0 
-834 572 -728 0 
313 -632 690 0 
-121 -491 -888 0 
549 -783 -450 0 
634 654 -825 0 
-410 -510 -920 0 
-396 -847 703 0 
496 -486 -31 0 
605 -958 817 0 
-405 -894 199 0 
-1 -261 -700 0 
532 385 216 0 
-231 -440 918 0 
553 640 60 0 
-1000 145 -477 0 
21 -696 -242 0 
-915 416 449 0 
-92 176 -252 0 
-154 194 186 0 
-439 284 -149 0 
150 765 727 0 
-232 -142 -697 0 
-289 -54 -946 0 
-240 -618 623 0 
-547 -878 678 0 
-918 861 -88 0 
-903 -993 -16 0 
-326 355 -130 0 
332 335 -71 0 
-247 48 -467 0 
-788 -87 959 0 
-576 387 -893 0 
535 58 545 0 
-976 324 946 0 
-54 -821 971 0 
436 -369 -762 0 
-492 916 -274 0 
751 -958 -434 0 
967 743 682 0 
-530 701 599 0 
-117 99 48 0 
-806 -831 541 0 
-137 -642 -261 0 
539 -719 -231 0 
539 282 117 0 
558 507 -35 0 
902 -120 -114 0 
347 787 472 0 
300 309 -329 0 
-452 -136 -930 0 
-262 181 -310 0 
333 457 -448 0 
243 979 -696 0 
-164 371 806 0 
-759 -165 -986 0 
239 657 -293 0 
778 -161 -251 0 
-769 141 -625 0 
518 -701 -318 0 
586 -113 825 0 
-239 -362 -834 0 
26 154 -336 0 
-94 -986 -462 0 
-600 529 -58 0 
432 -62 834 0 
-745 -435 -753 0 
-139 957 -786 0 
-210 -554 104 0 
-423 522 -563 0 
905 866 -74 0 
887 493 838 0 
-346 -362 -26 0 
345 -346 727 0 
971 -470 -392 0 
-330 -425 -823 0 
-808 -616 -675 0 
-867 -951 -217 0 
-62 787 -129 0 
805 174 -810 0 
-808 450 -16 0 
-209 -545 697 0 
653 -49 894 0 
619 -955 373 0 
347 115 142 0 
-325 991 395 0 
-923 -661 668 0 
-214 124 -563 0 
831 672 -151 0 
564 -765 495 0 
-305 -975 364 0 
-684 -31 -480 0 
-432 -235 -375 0 
-921 797 -474 0 
-638 -313 -903 0 
-657 -646 -116 0 
-843 656 -194 0 
-503 -409 -530 0 
-391 727 205 0 
902 -395 -62 0 
-378 -316 -768 0 
-978 -346 -800 0 
29 -367 -986 0 
-367 -418 720 0 
-73 90 -590 0 
882 -643 -482 0 
-839 842 -729 0 
611 -568 -910 0 
-722 -331 428 0 
-673 310 866 0 
729 547 92 0 
101 -617 -841 0 
805 -110 495 0 
521 904 389 0 
-355 -239 -917 0 
-370 -621 113 0 
-731 550 463 0 
258 756 -844 0 
-269 561 887 0 
495 427 -272 0 
412 306 -873 0 
961 -962 620 0 
110 -714 27 0 
704 228 425 0 
609 366 -125 0 
554 732 -840 0 
-102 -311 -985 0 
114 -886 -212 0 
628 424 41 0 
-741 -552 -186 0 
-416 186 -831 0 
555 -440 -493 0 
861 -148 214 0 
581 372 430 0 
45 -938 -255 0 
-302 -307 -229 0 
355 214 -340 0 
354 704 -394 0 
732 -663 721 0 
360 -350 584 0 
64 -371 422 0 
218 194 -829 0 
-703 720 879 0 
962 166 40 0 
-918 721 803 0 
-443 -795 954 0 
709 -583 686 0 
637 -903 558 0 
801 -752 749 0 
820 -338 -296 0 
-859 -237 -734 0 
79 -369 -586 0 
-280 218 430 0 
412 -579 859 0 
-176 536 -281 0 
-978 75 -201 0 
-836 995 590 0 
-621 -488 -44 0 
-838 -42 -990 0 
-599 542 545 0 
512 48 -718 0 
-717 -100 684 0 
625 702 -767 0 
-640 -890 -514 0 
891 -385 -318 0 
-100 -454 272 0 
722 677 -75 0 
421 -639 -304 0 
-821 -720 -238 0 
434 857 -52 0 
412 788 424 0 
598 -459 356 0 
-222 -277 753 0 
178 759 -185 0 
39 718 389 0 
-332 -216 -727 0 
566 -484 -865 0 
29 -736 -272 0 
316 412 -694 0 
-579 -828 913 0 
28 -70 175 0 
-258 266 501 0 
-985 673 419 0 
550 -689 -747 0 
326 455 710 0 
-483 -787 -967 0 
666 -71 -43 0 
166 -446 -400 0 
-723 -125 -800 0 
-709 -745 -297 0 
-602 39 -68 0 
-514 -1 -370 0 
-750 583 268 0 
419 508 13 0 
-899 -963 808 0 
973 385 869 0 
-39 473 -145 0 
-131 5 -436 0 
-755 -618 115 0 
-163 222 620 0 
-989 155 70 0 
604 333 371 0 
-908 456 526 0 
383 -336 467 0 
221 838 -804 0 
-27 682 -668 0 
511 482 -480 0 
862 227 -737 0 
794 -650 886 0 
-61 756 386 0 
4 754 834 0 
-190 -333 -786 0 
449 -613 902 0 
538 837 -789 0 
-195 32 949 0 
66 156 -659 0 
-366 -853 55 0 
-487 127 225 0 
-162 967 99 0 
-10 262 163 0 
525 -872 44 0 
605 294 74 0 
-644 -209 350 0 
435 -955 -799 0 
63 -568 -21 0 
-280 -33 -674 0 
593 -42 252 0 
881 949 885 0 
843 338 225 0 
536 452 758 0 
157 100 99 0 
38 -203 532 0 
83 271 664 0 
613 369 -802 0 
89 792 33 0 
37 745 161 0 
-537 -648 -864 0 
566 483 -725 0 
768 173 823 0 
612 -988 -779 0 
-669 -530 428 0 
94 931 619 0 
-17 256 791 0 
346 824 710 0 
540 -663 -661 0 
79 475 528 0 
-104 657 -446 0 
-824 -58 306 0 
967 103 -230 0 
-217 -569 -402 0 
-54 -23 323 0 
653 -756 -453 0 
-334 -454 832 0 
-358 705 462 0 
932 611 -364 0 
-224 -335 170 0 
779 -868 718 0 
-291 -422 -906 0 
126 -815 -383 0 
-54 570 -278 0 
-655 196 -770 0 
-263 -702 168 0 
869 597 767 0 
-727 585 961 0 
556 842 -916 0 
-230 463 -521 0 
-238 218 877 0 
-298 908 -117 0 
446 -316 -373 0 
452 -746 -839 0 
-647 492 -727 0 
432 137 556 0 
-96 597 369 0 
333 -332 367 0 
869 30 683 0 
-50 214 -358 0 
391 -585 742 0 
-180 -156 -557 0 
950 -689 466 0 
680 975 615 0 
724 391 270 0 
-444 -883 100 0 
878 888 -737 0 
-925 -958 1 0 
-808 -784 -278 0 
-419 767 -97 0 
414 760 -250 0 
-324 218 264 0 
-815 262 -954 0 
-823 -646 503 0 
-587 -764 119 0 
473 988 -343 0 
444 298 -26 0 
-644 294 984 0 
-292 597 -482 0 
789 -561 646 0 
248 506 324 0 
-786 876 137 0 
-301 546 -689 0 
-35 670 399 0 
291 455 975 0 
-819 -758 -430 0 
-948 358 -963 0 
-401 -187 404 0 
-586 -550 808 0 
-281 -71 -177 0 
800 -222 62 0 
362 -514 -45 0 
180 729 202 0 
64 550 -281 0 
990 606 -436 0 
-500 459 -213 0 
774 351 -330 0 
-766 704 945 0 
-739 -115 35 0 
241 -544 32 0 
-415 -835 935 0 
452 455 -935 0 
80 -867 235 0 
-363 -322 210 0 
454 -731 164 0 
-951 -102 825 0 
540 539 -346 0 
615 -752 626 0 
-595 721 -924 0 
-905 -409 -35 0 
390 177 685 0 
-303 353 670 0 
-835 -869 -657 0 
780 -588 785 0 
905 250 -505 0 
-113 -701 984 0 
-590 982 -282 0 
-867 -354 265 0 
25 188 583 0 
-538 -113 253 0 
-338 657 21 0 
648 660 -185 0 
109 -548 -957 0 
-479 -911 -887 0 
-490 371 36 0 
842 863 518 0 
-945 -226 453 0 
25 107 -63 0 
-684 -536 -743 0 
469 655 -178 0 
815 3 755 0 
136 -43 -352 0 
-639 381 459 0 
-932 -29 590 0 
-809 295 -535 0 
-450 110 -191 0 
-44 501 514 0 
-377 -736 798 0 
-444 -963 989 0 
650 -562 733 0 
-853 85 -348 0 
-528 387 329 0 
671 726 -908 0 
951 -20 458 0 
-510 -53 488 0 
-347 864 -215 0 
249 -191 541 0 
373 -982 565 0 
366 -168 317 0 
-102 -54 -502 0 
-418 -176 438 0 
-964 297 -200 0 
524 -683 685 0 
272 508 -986 0 
-908 -564 -380 0 
444 48 852 0 
873 -423 796 0 
-947 -969 -956 0 
-591 11 -523 0 
-319 -762 94 0 
586 -537 -488 0 
819 -794 -377 0 
-298 -917 -545 0 
53 428 196 0 
-498 312 -746 0 
-126 894 173 0 
-784 -917 801 0 
-331 -484 819 0 
-284 -158 -906 0 
385 921 -819 0 
-824 -241 72 0 
712 757 -610 0 
841 17 357 0 
672 875 841 0 
473 -802 -362 0 
-130 -576 -115 0 
-59 -478 -940 0 
199 -405 -17 0 
112 562 -922 0 
783 991 -528 0 
881 -947 852 0 
-513 -560 36 0 
-382 -158 -423 0 
-745 -169 299 0 
-134 -381 -229 0 
-488 -552 783 0 
96 67 901 0 
-683 -250 -757 0 
-212 -265 381 0 
913 874 223 0 
-771 1 610 0 
-985 -845 -813 0 
-693 346 756 0 
-364 -568 -198 0 
-211 -746 -900 0 
-489 870 257 0 
-38 720 557 0 
294 -26 -77 0 
-784 148 -31 0 
953 -336 391 0 
992 -84 985 0 
-404 -641 -804 0 
788 35 58 0 
235 569 190 0 
-818 565 -587 0 
738 324 279 0 
286 294 329 0 
-585 93 255 0 
-806 -926 -947 0 
-234 -561 921 0 
724 618 834 0 
-322 190 -594 0 
375 -395 149 0 
-959 924 -460 0 
-961 -365 -596 0 
367 718 188 0 
-813 -93 497 0 
-432 -72 -867 0 
558 -307 -173 0 
-936 577 834 0 
-729 -793 476 0 
-176 -415 919 0 
361 729 23 0 
-924 -86 1000 0 
409 497 -145 0 
299 851 -836 0 
152 170 -513 0 
437 186 -749 0 
820 931 409 0 
466 -659 -495 0 
-814 593 -956 0 
66 968 -521 0 
-815 750 26 0 
568 804 246 0 
-929 -440 77 0 
278 -57 -706 0 
-199 194 -975 0 
-461 721 880 0 
-80 284 730 0 
54 -750 -168 0 
156 -551 324 0 
-524 983 396 0 
245 947 -217 0 
-699 -600 -601 0 
746 -886 383 0 
103 -580 -959 0 
202 -462 535 0 
874 -6 -418 0 
692 511 -730 0 
779 571 226 0 
-671 602 943 0 
313 -646 885 0 
-16 -813 929 0 
-117 87 73 0 
-743 430 -512 0 
414 653 -815 0 
397 159 -442 0 
-907 316 -218 0 
-45 -804 238 0 
12 38 411 0 
-633 -507 -937 0 
