p cnf 1000 2800
644 -357 442 0 
358 -467 296 0 
-242 -536 722 0 
994 227 230 0 
237 -878 -436 0 
-525 -939 -593 0 
472 565 -56 0 
-262 -53 108 0 
-473 181 -340 0 
-420 -138 407 0 
-406 -569 954 0 
873 -618 990 0 
-578 -49 -113 0 
111 -863 849 0 
75 852 -989 0 
-169 -464 874 0 
-734 954 -830 0 
296 150 107 0 
534 500 -56 0 
25 100 -953 0 
-50 774 -569 0 
129 289 935 0 
984 986 669 0 
-999 -68 114 0 
765 301 -357 0 
-250 929 -40 0 
548 114 900 0 
543 -293 944 0 
-484 -112 604 0 
608 -763 -324 0 
-248 -405 575 0 
-978 250 419 0 
-459 409 -171 0 
751 -222 -210 0 
937 -920 -765 0 
-670 -352 198 0 
-460 874 53 0 
-962 -700 -492 0 
-828 -5 -827 0 
944 993 324 0 
-670 -641 -980 0 
119 -624 373 0 
473 -53 12 0 
991 -964 -796 0 
252 -319 601 0 
222 -591 909 0 
148 -962 973 0 
346 881 755 0 
-905 27 -508 0 
970 -795 229 0 
-402 121 -329 0 
-526 486 -756 0 
540 323 383 0 
744 -118 -619 0 
-863 537 -712 0 
482 450 970 0 
-580 227 -489 0 
931 581 750 0 
-476 134 -886 0 
-997 -791 -390 0 
-65 -204 822 0 
177 -442 -995 0 
944 767 -216 0 
792 686 877 0 
-369 493 -316 0 
-166 728 807 0 
398 756 -801 0 
539 714 544 0 
976 613 235 0 
-216 228 677 0 
-783 -755 -804 0 
209 647 62 0 
320 357 -454 0 
414 858 250 0 
357 312 -264 0 
168 509 -658 0 
-953 -745 758 0 
786 235 19 0 
-64 155 512 0 
-621 -974 -679 0 
-698 193 547 0 
382 -444 -813 0 
554 -971 930 0 
-222 -185 -159 0 
626 -561 -56 0 
224 -901 -764 0 
295 -129 -593 0 
-726 -226 951 0 
525 -769 -486 0 
-810 -707 -326 0 
-348 440 783 0 
859 -780 821 0 
-578 -358 -271 0 
-792 -823 198 0 
-457 116 648 0 
601 -926 -928 0 
-170 -105 -912 0 
-202 -743 426 0 
223 800 -394 0 
-665 -182 390 0 
-853 629 838 0 
798 -734 -698 0 
429 -428 824 0 
-359 311 -899 0 
-71 -909 -800 0 
-895 -404 -278 0 
3 995 372 0 
703 -148 -227 0 
17 958 -269 0 
-38 -87 -608 0 
138 -745 267 0 
342 957 652 0 
-89 738 167 0 
655 979 432 0 
151 419 -957 0 
584 920 -724 0 
827 745 -49 0 
322 -860 499 0 
-908 -151 -376 0 
-35 115 517 0 
951 570 806 0 
412 -203 -825 0 
-976 -352 532 0 
434 -976 -700 0 
767 -603 685 0 
-66 747 800 0 
731 -755 -266 0 
-717 866 -502 0 
246 -666 -117 0 
121 30 361 0 
-216 770 226 0 
67 352 972 0 
599 595 364 0 
7 78 -733 0 
38 437 698 0 
-274 -272 402 0 
-144 -75 675 0 
928 -134 -216 0 
-769 -687 313 0 
337 -784 -165 0 
-469 368 709 0 
227 273 -30 0 
84 -491 353 0 
-939 845 -766 0 
-716 831 508 0 
610 -802 -976 0 
353 -312 158 0 
-745 -352 -182 0 
-975 898 630 0 
-366 -511 728 0 
-633 -42 86 0 
-174 -517 538 0 
-956 -470 -144 0 
38 -12 -43 0 
-210 313 -914 0 
-152 187 391 0 
26 40 606 0 
-193 -423 -160 0 
-286 663 137 0 
-852 -368 -631 0 
233 -568 -419 0 
-237 -527 -88 0 
-579 240 912 0 
-96 639 174 0 
-92 -972 519 0 
621 180 -891 0 
989 81 591 0 
-80 686 949 0 
840 462 -862 0 
-992 674 356 0 
593 623 48 0 
-26 -853 255 0 
-130 -188 467 0 
-51 144 627 0 
915 -977 323 0 
-714 513 996 0 
366 733 847 0 
-533 678 8 0 
-658 -787 -485 0 
959 911 -417 0 
805 -388 262 0 
831 589 687 0 
778 658 -925 0 
-751 -688 762 0 
-570 629 887 0 
-434 146 -235 0 
-944 496 -279 0 
-577 915 849 0 
-48 -645 625 0 
607 891 -312 0 
747 152 854 0 
570 -219 -22 0 
585 338 -84 0 
-448 213 725 0 
243 731 -268 0 
711 212 -245 0 
209 348 -864 0 
-766 -242 368 0 
-133 -347 451 0 
721 -108 713 0 
752 -619 -701 0 
317 -188 788 0 
-160 -981 -829 0 
767 463 -711 0 
887 -507 -413 0 
942 -751 490 0 
787 320 373 0 
-491 629 84 0 
351 631 261 0 
798 22 -674 0 
984 -527 511 0 
246 -609 -678 0 
789 800 270 0 
-956 -226 242 0 
951 666 -535 0 
-394 -790 -64 0 
748 791 -755 0 
-978 719 472 0 
-418 914 674 0 
156 703 -707 0 
855 975 -343 0 
773 -649 -460 0 
479 851 -877 0 
707 -667 -404 0 
391 -852 313 0 
-84 509 109 0 
246 -186 236 0 
-469 -850 548 0 
-476 761 -5 0 
-201 -55 403 0 
-740 -173 91 0 
961 36 -227 0 
600 -867 636 0 
-774 -268 151 0 
-970 -461 -693 0 
428 676 -546 0 
413 731 -394 0 
-315 803 543 0 
531 -227 -414 0 
241 -61 -747 0 
34 126 217 0 
-69 -911 -375 0 
-158 -134 -116 0 
-417 -817 -974 0 
-82 -751 898 0 
73 63 241 0 
-80 251 -244 0 
910 376 195 0 
-931 727 33 0 
-273 708 -716 0 
-456 69 -616 0 
-321 -483 724 0 
-456 -329 -650 0 
-617 858 -615 0 
926 -693 -835 0 
62 -285 29 0 
172 814 920 0 
39 -737 264 0 
292 218 3 0 
308 -604 -796 0 
-45 -821 -166 0 
514 -901 -53 0 
596 728 87 0 
622 -491 742 0 
839 610 -724 0 
-487 880 -912 0 
887 -696 939 0 
-553 849 999 0 
198 827 -839 0 
-573 -272 533 0 
-64 -700 -665 0 
163 104 -8 0 
-741 740 -708 0 
131 31 843 0 
-219 -620 -50 0 
-515 119 38 0 
615 73 -566 0 
-591 -540 347 0 
-634 -267 -140 0 
-19 -464 736 0 
-940 -273 271 0 
-586 728 -473 0 
947 374 130 0 
87 -355 829 0 
920 786 -214 0 
-297 995 1 0 
144 784 -561 0 
336 371 -242 0 
-236 -76 -914 0 
-768 888 742 0 
-417 -647 261 0 
208 -338 665 0 
-734 -763 -833 0 
85 158 -643 0 
-567 -583 382 0 
166 253 419 0 
162 740 275 0 
22 -277 908 0 
621 115 625 0 
742 536 812 0 
-223 521 -965 0 
616 -242 331 0 
-245 -3 -299 0 
-859 -619 428 0 
572 -741 623 0 
491 -113 -809 0 
-742 -26 332 0 
447 -764 -272 0 
272 524 356 0 
-522 935 180 0 
-279 600 301 0 
-733 -201 -374 0 
961 -544 97 0 
-655 -562 -390 0 
-582 215 531 0 
-541 537 927 0 
-643 -225 -279 0 
-92 -643 -972 0 
-268 205 -312 0 
-296 518 820 0 
455 -851 368 0 
14 -229 261 0 
968 182 604 0 
804 -658 540 0 
-840 -602 193 0 
27 837 667 0 
-975 -582 327 0 
-518 -365 272 0 
-885 508 187 0 
-112 308 -987 0 
-140 -826 -482 0 
802 -886 606 0 
447 -49 168 0 
-428 161 368 0 
-88 301 163 0 
-577 322 -687 0 
-781 -966 -819 0 
396 -384 426 0 
363 219 -788 0 
412 -275 866 0 
-914 703 810 0 
101 -657 133 0 
461 435 -710 0 
258 723 -347 0 
1 -867 331 0 
827 -372 -646 0 
-591 -204 -478 0 
362 -665 -89 0 
419 -236 892 0 
993 491 764 0 
474 -356 221 0 
-738 934 -177 0 
-289 25 -1000 0 
332 580 -735 0 
-117 736 -557 0 
-771 885 32 0 
307 -810 14 0 
367 541 -210 0 
966 -358 -847 0 
-113 22 -110 0 
-127 -918 -826 0 
379 879 -477 0 
-159 250 -858 0 
259 -591 550 0 
558 -625 562 0 
82 46 569 0 
-748 -615 -537 0 
-598 -293 370 0 
-65 -41 -3 0 
-566 195 -693 0 
410 34 -737 0 
-789 -18 -367 0 
702 -961 -141 0 
-202 516 850 0 
710 325 -513 0 
65 330 405 0 
-444 663 -873 0 
-217 -934 412 0 
696 -575 257 0 
-20 98 807 0 
-948 148 3 0 
-711 42 -227 0 
572 -991 531 0 
146 874 504 0 
-117 583 321 0 
-513 -145 -215 0 
-219 650 584 0 
-467 545 201 0 
454 883 754 0 
-673 621 953 0 
21 -368 337 0 
-517 344 674 0 
222 399 -554 0 
30 45 954 0 
-60 -637 -388 0 
278 -65 45 0 
-646 -976 168 0 
-605 -857 -561 0 
-370 535 -703 0 
864 381 688 0 
-829 -208 -990 0 
114 -427 -298 0 
926 -69 681 0 
-254 -820 726 0 
778 -725 806 0 
-179 -909 -692 0 
-300 -711 -273 0 
900 13 -619 0 
844 -93 397 0 
-34 -772 -208 0 
658 788 367 0 
116 -530 -263 0 
875 -514 -71 0 
-47 -308 157 0 
525 456 -40 0 
-633 806 -103 0 
-580 711 447 0 
798 536 -706 0 
-564 -833 -745 0 
-950 -838 -471 0 
207 286 566 0 
-175 -998 -918 0 
-465 924 -104 0 
954 286 497 0 
-635 827 -963 0 
475 -153 387 0 
181 449 -880 0 
606 881 -303 0 
701 537 -975 0 
-634 656 69 0 
-8 -245 -478 0 
451 -652 989 0 
-442 696 -917 0 
-540 901 -447 0 
-376 801 273 0 
932 761 -290 0 
846 342 751 0 
204 953 780 0 
602 -344 -7 0 
974 -232 -368 0 
-93 -362 -330 0 
181 137 -762 0 
96 -957 469 0 
-372 948 -698 0 
-880 737 -353 0 
901 957 747 0 
-666 -254 330 0 
298 703 611 0 
-539 -987 25 0 
-108 -622 82 0 
638 -659 -875 0 
858 778 839 0 
-560 597 480 0 
-294 554 -801 0 
-127 12 -758 0 
97 -789 182 0 
797 525 -102 0 
368 -175 707 0 
-542 -657 218 0 
377 716 -26 0 
-667 876 -76 0 
-932 291 -747 0 
-343 -180 458 0 
-758 -611 -970 0 
-708 -107 475 0 
874 785 263 0 
-921 351 -525 0 
-89 -198 280 0 
-876 803 -450 0 
702 -491 318 0 
511 -669 -692 0 
-123 -487 769 0 
877 -305 644 0 
451 84 36 0 
582 -938 84 0 
228 575 214 0 
-998 -535 660 0 
166 -205 263 0 
199 669 -854 0 
-284 667 709 0 
-121 704 -191 0 
242 893 546 0 
256 396 -214 0 
590 -440 275 0 
-921 -772 904 0 
157 159 834 0 
-158 344 208 0 
39 981 -782 0 
-233 -77 -669 0 
278 -20 -94 0 
-5 8 -571 0 
159 -923 -913 0 
690 -318 -900 0 
-523 818 520 0 
159 -107 -531 0 
764 39 833 0 
-470 -221 -193 0 
-83 33 -882 0 
316 -623 -457 0 
-927 898 675 0 
-958 -984 -18 0 
-35 225 -460 0 
-882 286 -363 0 
789 134 -364 0 
-215 426 -604 0 
-698 403 -766 0 
249 -400 -731 0 
603 -375 -390 0 
174 -815 487 0 
57 153 -893 0 
-941 713 -825 0 
144 527 -643 0 
-378 375 -583 0 
341 235 558 0 
21 468 3 0 
-360 -875 476 0 
206 -91 908 0 
581 214 -494 0 
-652 -593 63 0 
100 -161 477 0 
800 958 314 0 
-21 404 372 0 
-943 -565 -347 0 
-634 247 -63 0 
-752 521 -652 0 
-832 143 614 0 
-339 -552 452 0 
227 734 -466 0 
174 -999 -232 0 
-663 809 555 0 
26 233 673 0 
637 -317 49 0 
-708 243 294 0 
-955 -717 51 0 
789 958 3 0 
-220 -527 410 0 
229 -965 -644 0 
-219 814 999 0 
-794 559 -761 0 
476 -478 -412 0 
57 -642 -167 0 
-291 201 -317 0 
425 -287 -681 0 
695 990 -612 0 
-656 140 -528 0 
757 212 967 0 
828 32 419 0 
156 -420 222 0 
-591 -260 976 0 
12 -212 567 0 
-905 41 250 0 
159 642 696 0 
-622 973 410 0 
896 -501 -377 0 
173 729 385 0 
417 -281 32 0 
643 347 867 0 
-402 794 -885 0 
-741 -62 -939 0 
-640 -994 -454 0 
-903 -906 358 0 
663 -298 -874 0 
493 147 417 0 
641 -388 423 0 
79 -29 -262 0 
37 -306 -845 0 
-947 -706 -303 0 
485 31 322 0 
981 -832 811 0 
93 748 -165 0 
-788 -102 -144 0 
-333 -235 -798 0 
-390 992 -338 0 
-865 880 -529 0 
-300 561 684 0 
434 -556 883 0 
181 -288 -35 0 
388 231 -697 0 
-648 62 -509 0 
388 -425 837 0 
740 676 -29 0 
738 -498 -518 0 
-260 970 -53 0 
949 807 950 0 
-351 -66 25 0 
-215 -194 -914 0 
26 -559 -282 0 
194 942 956 0 
939 -427 -564 0 
386 636 -437 0 
214 146 -374 0 
-962 61 364 0 
289 -844 -777 0 
982 -347 83 0 
907 863 871 0 
-107 -156 -414 0 
364 646 -352 0 
-938 -41 -701 0 
558 772 -570 0 
516 -896 -179 0 
-258 -177 -216 0 
938 -400 521 0 
23 577 -459 0 
916 336 726 0 
330 662 732 0 
-319 910 754 0 
-551 137 8 0 
370 -468 -902 0 
57 516 -883 0 
-174 -274 370 0 
-94 675 598 0 
-902 -514 -972 0 
3 -185 -469 0 
203 -86 630 0 
-616 283 858 0 
-905 419 768 0 
-898 -120 199 0 
-136 248 842 0 
576 -735 451 0 
-374 202 825 0 
913 -551 464 0 
832 420 -446 0 
515 979 82 0 
482 -637 -757 0 
592 740 617 0 
-845 229 -765 0 
-81 -390 343 0 
647 -788 -597 0 
-181 144 159 0 
3 752 558 0 
-546 -234 -629 0 
-98 -128 -968 0 
824 276 820 0 
-550 953 15 0 
621 471 -625 0 
-141 399 404 0 
-276 64 -185 0 
303 852 -554 0 
830 668 805 0 
-870 345 431 0 
451 169 210 0 
-549 794 828 0 
726 -834 104 0 
-541 508 122 0 
-535 -691 -603 0 
-790 -370 -882 0 
500 -183 -337 0 
376 822 8 0 
-591 -420 -490 0 
151 778 941 0 
-649 -688 -961 0 
937 184 269 0 
415 89 35 0 
60 -50 744 0 
-899 -20 609 0 
-844 462 -678 0 
861 783 -401 0 
102 -866 163 0 
161 -929 374 0 
-815 -848 -806 0 
-827 -632 370 0 
-684 -353 -844 0 
264 873 -823 0 
-529 -236 -101 0 
-890 529 950 0 
240 685 568 0 
-108 -526 678 0 
803 -9 -638 0 
-907 843 -629 0 
-444 235 -468 0 
-554 -543 -47 0 
-775 476 513 0 
617 -602 584 0 
509 440 -586 0 
-558 -190 635 0 
946 39 702 0 
-453 734 -694 0 
-453 -384 -371 0 
-15 -283 744 0 
-140 -16 179 0 
346 402 837 0 
-165 100 -810 0 
-224 -371 -208 0 
-642 -463 846 0 
-600 175 -895 0 
492 915 -103 0 
-454 -702 612 0 
-176 -107 511 0 
501 185 -25 0 
356 -388 -977 0 
-423 312 -90 0 
800 -502 812 0 
49 -106 30 0 
-625 -152 951 0 
700 -674 355 0 
174 -483 -485 0 
-190 949 180 0 
322 306 33 0 
-97 333 759 0 
151 44 -181 0 
887 419 971 0 
409 685 -647 0 
939 492 676 0 
815 -797 -780 0 
-701 839 679 0 
228 954 953 0 
744 -149 247 0 
835 485 445 0 
439 280 479 0 
45 -655 15 0 
-777 253 639 0 
-487 -322 -974 0 
-446 -585 489 0 
-700 816 -278 0 
-930 -380 189 0 
-521 -471 -218 0 
-410 195 -748 0 
-626 657 -618 0 
104 271 -363 0 
114 120 -979 0 
643 666 167 0 
775 -413 626 0 
866 592 -498 0 
575 374 299 0 
175 -534 -801 0 
144 771 -725 0 
-440 -991 -586 0 
-754 -214 -555 0 
-357 631 261 0 
18 365 -659 0 
-553 659 171 0 
-234 712 291 0 
-680 554 -620 0 
727 -920 -849 0 
414 -952 -248 0 
-190 -59 -353 0 
-503 323 -303 0 
-5 -88 -9 0 
-750 -945 -851 0 
-337 820 409 0 
985 504 224 0 
717 205 -829 0 
62 801 312 0 
-430 661 957 0 
878 194 -117 0 
906 185 -107 0 
-86 575 -787 0 
-730 -695 -832 0 
559 -122 408 0 
-440 -124 -74 0 
-987 -752 -99 0 
469 538 874 0 
997 -49 -77 0 
877 -545 -995 0 
474 -116 995 0 
114 -368 -477 0 
-349 855 724 0 
430 38 -957 0 
17 966 -486 0 
-943 859 182 0 
138 358 -147 0 
459 301 -750 0 
-577 -152 -806 0 
-607 -148 -618 0 
-254 -850 783 0 
-282 -304 895 0 
-415 -171 -780 0 
242 579 -424 0 
-736 -996 -580 0 
251 282 -136 0 
291 -12 -526 0 
-855 -334 605 0 
236 -740 904 0 
-657 663 -9 0 
375 789 -788 0 
429 359 -12 0 
-583 -243 65 0 
532 366 -286 0 
-377 125 742 0 
187 -162 -165 0 
798 314 -740 0 
-259 9 -394 0 
48 -496 527 0 
-389 -442 -396 0 
-224 835 -924 0 
-191 465 58 0 
-824 91 355 0 
-624 -131 -31 0 
587 31 -823 0 
-430 -337 -986 0 
908 667 -380 0 
924 180 -294 0 
-615 571 676 0 
-670 524 -986 0 
-267 840 -181 0 
348 147 310 0 
-752 195 120 0 
-260 458 624 0 
-843 -408 102 0 
-327 187 -116 0 
-240 -555 -392 0 
-914 -411 -352 0 
580 -314 585 0 
23 328 -844 0 
-467 76 294 0 
29 83 -921 0 
304 596 717 0 
237 403 -998 0 
-436 849 -250 0 
488 742 248 0 
-596 -750 571 0 
-49 148 -897 0 
370 -274 6 0 
-155 -126 -8 0 
305 -797 -790 0 
390 -834 261 0 
680 576 -835 0 
181 276 765 0 
-541 -111 -305 0 
-177 121 815 0 
947 -401 -939 0 
361 515 924 0 
-684 -463 748 0 
-57 696 -443 0 
245 962 -991 0 
351 -133 952 0 
86 -949 -18 0 
-67 311 857 0 
-603 340 -225 0 
81 231 236 0 
406 -543 94 0 
-163 463 -67 0 
283 201 -440 0 
593 541 -134 0 
-697 -719 -107 0 
910 196 -457 0 
-959 -520 -737 0 
-190 217 -186 0 
-365 849 34 0 
-912 -640 760 0 
-740 574 -747 0 
113 377 -37 0 
914 -513 930 0 
-400 422 51 0 
214 558 -568 0 
743 -145 452 0 
621 -865 785 0 
114 622 -791 0 
-264 876 -173 0 
945 962 218 0 
-457 -526 -919 0 
-323 278 -407 0 
-946 -913 -386 0 
-185 102 171 0 
523 472 117 0 
-950 -74 413 0 
311 251 -277 0 
-917 927 231 0 
556 -168 -590 0 
-384 280 68 0 
138 -339 413 0 
-20 -436 -749 0 
-985 -557 -963 0 
-942 803 946 0 
-479 -108 903 0 
564 -580 -257 0 
522 433 -297 0 
-578 357 780 0 
-195 -495 -319 0 
359 550 -28 0 
491 -867 -570 0 
-804 -892 -125 0 
-295 382 -722 0 
543 -761 -65 0 
169 49 16 0 
-674 -669 -502 0 
740 -960 330 0 
756 -63 -78 0 
991 969 682 0 
-255 528 -860 0 
376 523 -513 0 
-69 -185 -842 0 
-41 -129 -18 0 
-385 398 91 0 
-116 -216 389 0 
-601 616 779 0 
-208 -344 -797 0 
892 -940 190 0 
-919 779 -542 0 
-51 -148 -2 0 
-761 960 115 0 
-99 -682 840 0 
694 557 -960 0 
-593 -636 -483 0 
623 815 -688 0 
390 809 188 0 
-795 -997 -990 0 
-579 -394 531 0 
457 -693 120 0 
-787 -430 -489 0 
955 301 -358 0 
250 828 -839 0 
50 -222 204 0 
110 -629 -19 0 
38 -596 -423 0 
-933 300 46 0 
-798 -359 431 0 
-706 380 -805 0 
295 -899 260 0 
-806 -632 500 0 
-126 145 521 0 
-429 -567 -831 0 
-618 73 540 0 
-348 14 637 0 
-924 -157 -662 0 
-494 241 -343 0 
-106 687 512 0 
571 115 9 0 
773 242 -515 0 
768 676 -519 0 
146 -381 -809 0 
-861 418 -310 0 
-747 -813 670 0 
124 -511 603 0 
692 348 527 0 
21 -738 -621 0 
562 45 332 0 
-503 897 941 0 
-231 -458 -104 0 
-896 -787 878 0 
-504 1 793 0 
958 -606 -610 0 
490 -955 -733 0 
-900 -979 747 0 
-33 899 -573 0 
-909 -359 831 0 
-589 791 736 0 
-730 -321 -792 0 
685 -397 625 0 
613 -935 640 0 
831 434 939 0 
-221 -811 660 0 
591 641 -6 0 
132 -473 32 0 
764 -65 711 0 
-200 -142 -708 0 
781 -517 70 0 
78 214 102 0 
-784 218 774 0 
118 579 -786 0 
127 -634 -398 0 
671 312 467 0 
-895 -537 828 0 
44 -710 103 0 
-43 -831 -214 0 
-327 903 462 0 
749 -346 760 0 
351 458 700 0 
195 54 -976 0 
-603 729 -635 0 
-755 -774 875 0 
-141 -9 -812 0 
814 620 -441 0 
876 275 435 0 
-446 -230 -294 0 
200 -565 -728 0 
-387 94 -2 0 
863 813 315 0 
157 -531 -420 0 
-1 257 783 0 
161 -486 -473 0 
-482 309 -242 0 
-5 -50 -192 0 
-373 -614 642 0 
-91 -671 -945 0 
990 -60 -888 0 
823 -161 351 0 
306 -748 -772 0 
457 -475 -477 0 
-767 174 602 0 
915 -977 146 0 
832 -478 -464 0 
-527 -95 -889 0 
-186 156 -95 0 
454 -461 -894 0 
-970 -919 377 0 
860 -806 793 0 
-385 648 -3 0 
-4 310 535 0 
690 -25 -211 0 
-385 -429 727 0 
-432 -843 -827 0 
948 719 -679 0 
281 -838 96 0 
-448 327 -49 0 
169 431 89 0 
219 289 -450 0 
-507 -637 -15 0 
398 -842 742 0 
-348 664 -644 0 
431 637 -759 0 
-353 -811 662 0 
-777 -108 -227 0 
680 -710 -201 0 
556 -411 -412 0 
415 906 -629 0 
-372 -333 115 0 
475 986 588 0 
-292 725 -893 0 
300 -868 -422 0 
-401 -834 273 0 
-667 -46 622 0 
-856 534 -673 0 
592 734 749 0 
461 701 541 0 
-806 -739 850 0 
929 17 870 0 
-677 942 444 0 
-571 388 911 0 
604 -106 533 0 
789 -451 602 0 
-134 307 -469 0 
-275 -230 -823 0 
868 333 802 0 
807 -837 559 0 
-677 -605 -386 0 
-244 588 70 0 
-519 -990 -796 0 
-855 783 983 0 
457 -167 -430 0 
-671 364 -146 0 
936 -785 -847 0 
421 639 -504 0 
-511 504 -289 0 
-888 282 -223 0 
-559 27 -359 0 
-723 479 -982 0 
458 980 -69 0 
164 -386 -929 0 
-800 965 69 0 
723 705 483 0 
697 208 294 0 
-180 472 910 0 
659 311 -946 0 
372 -717 -133 0 
591 -251 -355 0 
-554 120 -107 0 
5 235 324 0 
647 558 -184 0 
-999 593 -57 0 
535 -915 500 0 
-886 921 64 0 
-845 -115 -240 0 
614 -794 -621 0 
-519 179 51 0 
-345 326 -593 0 
379 -118 -56 0 
-674 -757 -351 0 
-767 -668 -718 0 
-724 195 252 0 
672 281 -538 0 
104 411 399 0 
-989 450 419 0 
-485 405 -950 0 
-129 -939 897 0 
-104 676 593 0 
-529 -401 402 0 
-325 943 125 0 
-435 534 443 0 
-964 598 402 0 
-662 889 576 0 
-721 -457 -51 0 
-130 354 -606 0 
455 700 -555 0 
-795 -648 -178 0 
-115 -128 273 0 
-806 -720 -502 0 
651 70 -801 0 
896 -834 -457 0 
780 771 64 0 
-153 716 977 0 
-239 -631 -307 0 
-881 -218 -763 0 
553 268 939 0 
-200 -765 -766 0 
-234 -676 -255 0 
954 -881 695 0 
-373 594 210 0 
-703 -764 394 0 
682 505 115 0 
-297 -66 -622 0 
-671 10 214 0 
238 66 -344 0 
720 229 558 0 
-425 -999 364 0 
335 -573 -52 0 
349 86 -1 0 
354 -44 -625 0 
-215 201 709 0 
-430 827 977 0 
311 390 -683 0 
-458 -176 574 0 
-580 -611 865 0 
114 442 682 0 
-63 -558 191 0 
-394 93 -357 0 
-426 -51 513 0 
-861 910 -100 0 
886 -399 -510 0 
-121 -280 451 0 
-591 66 365 0 
-141 126 5 0 
508 -786 -122 0 
922 -561 404 0 
-468 -232 -768 0 
-222 -722 767 0 
-746 465 -783 0 
-43 -439 -157 0 
634 934 -283 0 
-175 -928 -801 0 
429 -906 -46 0 
-451 -524 488 0 
-107 13 785 0 
-873 331 763 0 
-66 -529 373 0 
667 -991 -476 0 
-653 70 -772 0 
-551 385 -712 0 
539 298 394 0 
75 -295 -791 0 
-737 811 984 0 
619 -459 -511 0 
795 642 -103 0 
-963 735 86 0 
-597 638 -653 0 
90 -835 126 0 
-761 794 -701 0 
-799 324 886 0 
365 500 517 0 
-156 -600 -137 0 
354 -145 -94 0 
-166 250 -254 0 
501 -267 -736 0 
-620 326 81 0 
-129 -247 7 0 
427 71 924 0 
-574 -592 -869 0 
641 -190 838 0 
-713 485 -348 0 
-999 -816 -205 0 
-383 368 6 0 
-784 673 762 0 
320 511 190 0 
590 159 755 0 
390 -156 520 0 
-563 152 -971 0 
-276 -473 -84 0 
43 976 385 0 
70 -520 -824 0 
696 -76 911 0 
-410 137 232 0 
-988 -574 760 0 
-277 349 534 0 
-859 831 665 0 
-459 453 490 0 
-179 -894 -146 0 
674 461 890 0 
968 -509 -441 0 
-587 502 269 0 
775 -743 95 0 
-781 898 -371 0 
-130 -506 -575 0 
-63 161 -360 0 
98 -888 -477 0 
-520 -989 -727 0 
233 11 25 0 
352 -863 746 0 
598 362 565 0 
797 828 405 0 
-773 879 -558 0 
-946 761 -386 0 
-752 304 -13 0 
406 478 136 0 
487 -287 -76 0 
-983 -436 831 0 
985 -939 -288 0 
-703 -704 993 0 
-973 -254 -986 0 
-289 -894 908 0 
-59 385 111 0 
545 2 -591 0 
-547 501 451 0 
-862 -361 85 0 
908 -181 210 0 
836 39 335 0 
772 -825 17 0 
-486 -827 -61 0 
226 93 907 0 
-75 -568 -120 0 
-695 -22 840 0 
-901 -448 -566 0 
181 -786 988 0 
79 -355 427 0 
-347 255 356 0 
916 -637 -841 0 
479 29 797 0 
839 857 495 0 
-181 815 525 0 
-471 216 -317 0 
782 -850 214 0 
-890 275 919 0 
-139 -787 -410 0 
168 -209 670 0 
-8 190 -530 0 
-504 -450 -446 0 
-869 -99 -313 0 
-239 985 -328 0 
-910 -538 384 0 
729 -209 998 0 
406 -131 -909 0 
-594 18 -312 0 
-888 -267 -529 0 
-650 -934 820 0 
158 -581 827 0 
-593 -664 659 0 
-711 -970 256 0 
-749 -851 -846 0 
297 -175 -786 0 
995 332 103 0 
845 -366 344 0 
-135 189 384 0 
999 712 -417 0 
-356 -406 179 0 
517 -955 934 0 
411 793 -168 0 
865 930 -821 0 
949 -529 237 0 
-13 311 -787 0 
139 -503 -880 0 
-609 -990 411 0 
-84 552 -189 0 
28 -506 -215 0 
-223 -424 -148 0 
962 57 658 0 
772 -830 -18 0 
492 -105 -124 0 
-485 -60 -724 0 
-738 270 -584 0 
-830 906 767 0 
901 -298 -221 0 
285 29 469 0 
70 -144 -171 0 
-170 510 72 0 
931 -89 311 0 
-34 -177 320 0 
-332 -916 790 0 
160 -889 199 0 
-231 -899 153 0 
-315 1000 610 0 
-84 -748 100 0 
-637 -249 834 0 
653 105 643 0 
898 982 -163 0 
354 239 -417 0 
822 80 479 0 
3 -733 -45 0 
205 971 -303 0 
313 -522 495 0 
182 -216 136 0 
684 746 213 0 
885 636 294 0 
-186 150 758 0 
439 -531 982 0 
-315 -330 489 0 
493 16 472 0 
-631 830 -623 0 
606 -420 -517 0 
-314 -914 363 0 
878 361 743 0 
508 738 -466 0 
-21 739 -445 0 
-363 -197 -754 0 
-831 -320 460 0 
898 -483 -818 0 
389 -241 425 0 
-518 543 -994 0 
-298 559 268 0 
-926 -84 512 0 
-409 365 -87 0 
647 -457 -985 0 
161 -285 -543 0 
-873 339 897 0 
372 -66 875 0 
-260 418 615 0 
-825 799 -660 0 
161 830 407 0 
-52 -909 -343 0 
-214 -34 -53 0 
2 -985 -107 0 
-543 -286 -51 0 
-874 911 972 0 
-255 -853 11 0 
-609 640 -218 0 
178 -158 -702 0 
-584 -475 785 0 
-537 -688 -162 0 
-866 281 -676 0 
-223 -455 652 0 
-522 -655 -237 0 
239 686 -289 0 
-496 707 -680 0 
261 581 -388 0 
-44 810 585 0 
767 141 316 0 
671 -356 156 0 
760 262 -902 0 
988 -586 340 0 
-792 -803 375 0 
-272 -791 -955 0 
-658 423 673 0 
-254 -885 837 0 
-610 -150 -514 0 
367 435 388 0 
-407 -240 -768 0 
-235 673 103 0 
-805 36 528 0 
305 633 -465 0 
163 -751 -696 0 
-769 -705 940 0 
493 527 68 0 
467 -618 319 0 
-100 -128 -433 0 
134 884 123 0 
277 116 17 0 
778 -705 601 0 
178 141 448 0 
-275 607 -207 0 
-647 378 823 0 
-34 789 -582 0 
664 709 -955 0 
195 -898 -715 0 
114 -283 -181 0 
659 -621 -316 0 
807 277 790 0 
-855 615 -987 0 
363 -45 342 0 
-304 -71 -175 0 
845 787 656 0 
147 -832 -891 0 
358 367 -712 0 
-704 -345 -458 0 
-850 -141 -730 0 
-274 -984 377 0 
-105 368 -531 0 
-179 960 633 0 
-415 986 767 0 
823 -85 -958 0 
-912 -818 689 0 
307 -504 73 0 
-525 -416 645 0 
-134 -148 846 0 
274 -472 618 0 
-828 529 -312 0 
-859 148 -5 0 
-87 609 963 0 
995 216 242 0 
595 -521 896 0 
520 -676 145 0 
-797 -461 347 0 
944 719 230 0 
-654 561 314 0 
-695 -941 925 0 
-409 -16 875 0 
-807 9 835 0 
-440 -458 -532 0 
-360 -925 55 0 
825 62 697 0 
366 -682 -685 0 
-563 -194 -160 0 
-41 142 166 0 
642 328 132 0 
-994 -821 -586 0 
925 -862 576 0 
524 -18 917 0 
657 365 101 0 
-840 -844 -341 0 
730 875 37 0 
617 621 -706 0 
554 -164 8 0 
-981 -760 551 0 
-685 -134 -918 0 
291 -858 -999 0 
19 450 142 0 
192 476 -91 0 
-223 -581 -153 0 
-826 -505 535 0 
-948 -542 -369 0 
235 984 -306 0 
692 519 703 0 
54 21 -909 0 
440 47 789 0 
353 -42 828 0 
-649 103 754 0 
326 -968 -346 0 
688 -412 -893 0 
77 191 -398 0 
-19 735 928 0 
81 -172 995 0 
350 467 -971 0 
101 -845 -244 0 
-308 -722 760 0 
324 548 -960 0 
241 -765 -98 0 
-672 472 -703 0 
-104 840 -842 0 
359 -343 681 0 
-664 -799 39 0 
-545 803 -625 0 
-865 639 168 0 
517 335 -153 0 
537 -571 -213 0 
-240 -260 -297 0 
-283 215 110 0 
133 469 804 0 
467 998 558 0 
796 692 467 0 
816 -124 -489 0 
-716 11 602 0 
-246 837 -839 0 
375 513 -421 0 
-889 734 425 0 
-286 -560 769 0 
-263 946 40 0 
-205 823 895 0 
-579 -328 -588 0 
487 -770 -641 0 
57 -792 865 0 
589 -181 613 0 
-608 795 495 0 
-782 761 274 0 
-787 -233 446 0 
-337 486 362 0 
-702 -448 912 0 
389 329 464 0 
-260 -503 -243 0 
-827 -906 165 0 
546 -219 104 0 
692 688 -333 0 
-356 314 644 0 
675 -70 -1 0 
-701 -861 148 0 
-264 -673 65 0 
-14 -604 971 0 
-795 990 71 0 
654 830 962 0 
566 -932 -442 0 
456 952 512 0 
-271 -46 12 0 
-226 -954 193 0 
866 156 -922 0 
-733 785 -169 0 
505 -294 -716 0 
-820 798 809 0 
-894 715 717 0 
-961 -587 -761 0 
-277 -734 -394 0 
964 -761 -441 0 
763 441 177 0 
843 -432 505 0 
-71 -340 113 0 
663 -878 671 0 
290 655 296 0 
-656 798 -907 0 
954 -423 -171 0 
-779 264 840 0 
-104 308 -35 0 
-473 -157 325 0 
-183 863 -601 0 
-185 -517 240 0 
-944 521 164 0 
-576 37 -751 0 
753 366 561 0 
454 273 -750 0 
-126 -79 760 0 
-200 -159 936 0 
-315 -752 235 0 
574 -923 599 0 
-418 -831 90 0 
-278 582 -153 0 
472 471 503 0 
-754 -157 -379 0 
668 -851 -375 0 
299 -213 320 0 
-336 644 971 0 
-692 -624 308 0 
-140 -590 164 0 
-103 -194 -796 0 
-28 -774 -598 0 
135 368 -100 0 
-31 -223 687 0 
-115 168 -808 0 
224 -410 -873 0 
-238 467 301 0 
702 876 630 0 
312 789 -458 0 
85 -666 -396 0 
-40 -477 -758 0 
609 -605 -250 0 
118 -869 72 0 
500 282 513 0 
204 156 792 0 
139 -630 -256 0 
-529 -823 436 0 
-968 489 -937 0 
-805 679 -560 0 
-732 285 66 0 
-96 -138 -920 0 
606 729 -612 0 
-875 -863 -466 0 
470 721 -554 0 
505 -881 728 0 
671 -441 -253 0 
-796 797 5 0 
474 407 854 0 
-805 908 -71 0 
-937 -379 -150 0 
-869 -136 -212 0 
-629 365 -686 0 
-117 -433 -318 0 
243 389 59 0 
306 749 303 0 
261 -288 -152 0 
-839 940 557 0 
-73 277 37 0 
413 932 257 0 
434 792 -700 0 
-519 -476 -906 0 
643 672 -271 0 
863 -994 907 0 
46 345 657 0 
-493 -387 -522 0 
-969 -384 -707 0 
-704 397 -792 0 
-415 -110 -213 0 
572 -631 -494 0 
-432 941 -48 0 
588 -674 -142 0 
-663 332 -466 0 
-831 -117 900 0 
-270 726 227 0 
-396 539 -682 0 
-886 121 -702 0 
827 -714 -175 0 
-71 927 38 0 
-767 521 970 0 
280 -353 -644 0 
-504 241 -385 0 
-547 -509 -131 0 
-921 -491 507 0 
966 -469 776 0 
-873 -211 119 0 
-703 -96 138 0 
-927 -641 729 0 
-244 705 -355 0 
130 928 -359 0 
469 250 -173 0 
464 -79 545 0 
87 808 935 0 
-112 324 -936 0 
15 -830 153 0 
265 30 -250 0 
86 -152 914 0 
833 -827 -866 0 
259 -751 -556 0 
670 -133 912 0 
624 -974 -171 0 
560 928 -849 0 
-297 -396 667 0 
526 -780 -729 0 
-924 -798 -684 0 
317 104 220 0 
543 -707 703 0 
-200 -758 61 0 
-62 522 -934 0 
-666 811 -886 0 
-305 336 -642 0 
999 -590 -869 0 
576 -545 607 0 
576 970 -242 0 
-665 571 -964 0 
538 -164 30 0 
-321 793 -322 0 
-494 -946 -444 0 
-582 449 -186 0 
-715 -209 -783 0 
577 148 -991 0 
-987 284 -964 0 
927 421 174 0 
-337 404 16 0 
-818 476 197 0 
868 147 251 0 
397 773 991 0 
-797 -167 246 0 
-140 816 527 0 
594 -454 -224 0 
183 -522 109 0 
-329 -616 190 0 
774 -61 673 0 
458 -172 -27 0 
-178 627 -153 0 
-632 -320 -401 0 
120 934 746 0 
457 146 387 0 
-579 -776 431 0 
-660 576 535 0 
-251 -348 -737 0 
-905 608 -573 0 
926 728 -903 0 
936 -353 548 0 
-18 -91 -124 0 
917 -106 913 0 
209 -559 -608 0 
549 610 574 0 
342 -414 -234 0 
-17 927 -534 0 
-952 508 -324 0 
-534 -779 185 0 
-525 844 303 0 
61 -698 856 0 
-776 463 -908 0 
-243 735 -181 0 
-724 -497 -433 0 
457 -42 571 0 
-916 -773 826 0 
350 23 844 0 
-404 -867 -568 0 
-829 -321 -113 0 
920 -380 208 0 
-889 -885 776 0 
-867 -863 308 0 
158 -133 322 0 
376 721 505 0 
-76 614 38 0 
859 -276 -932 0 
-484 -239 -276 0 
-139 144 367 0 
-643 -304 91 0 
605 984 -804 0 
-657 -494 -890 0 
955 170 -450 0 
851 -640 -968 0 
-192 293 221 0 
86 630 -631 0 
-456 -221 689 0 
683 708 -388 0 
-555 537 673 0 
548 -392 -635 0 
-604 -85 -54 0 
650 -309 -855 0 
83 500 89 0 
350 970 -21 0 
182 635 -210 0 
-448 -700 -482 0 
664 -102 -339 0 
-201 905 -957 0 
-475 -918 -329 0 
-227 613 -134 0 
-311 -847 -31 0 
859 -389 585 0 
719 467 -496 0 
-670 -743 -390 0 
288 -93 -889 0 
201 759 827 0 
-572 521 979 0 
-991 -256 -631 0 
-172 737 -213 0 
728 -56 7 0 
205 -400 354 0 
-55 -932 -67 0 
-349 613 -651 0 
-102 -360 227 0 
-150 333 73 0 
-989 -965 641 0 
-740 939 -795 0 
-903 245 447 0 
-19 -495 -784 0 
-335 553 59 0 
265 308 630 0 
181 -942 -925 0 
-558 -513 890 0 
949 802 -512 0 
-308 61 329 0 
-505 583 -909 0 
-105 463 289 0 
939 -117 -595 0 
-523 -80 -665 0 
638 750 686 0 
-192 374 650 0 
495 -157 -282 0 
-753 59 -3 0 
-476 784 842 0 
-509 -290 396 0 
-994 -841 -799 0 
-687 579 257 0 
580 -499 43 0 
-752 174 -583 0 
-726 819 146 0 
-903 -866 -561 0 
-883 893 38 0 
664 -74 -121 0 
934 -43 134 0 
626 926 -645 0 
113 -396 -556 0 
949 459 -916 0 
-369 -329 -947 0 
331 138 -82 0 
-172 -406 -882 0 
-623 -842 822 0 
354 509 703 0 
697 -931 -964 0 
669 586 -618 0 
927 -829 -355 0 
669 211 98 0 
-748 -59 888 0 
-881 726 -328 0 
-212 586 811 0 
955 222 -318 0 
985 -947 593 0 
-16 -78 894 0 
534 -313 -364 0 
170 -100 147 0 
245 -199 -300 0 
763 307 413 0 
503 751 464 0 
-657 372 15 0 
-148 715 -862 0 
39 -334 -685 0 
-215 -284 160 0 
211 823 551 0 
-158 -171 318 0 
368 508 40 0 
100 -822 467 0 
335 385 966 0 
66 -567 51 0 
-63 469 -1000 0 
720 115 -977 0 
-134 584 -678 0 
763 948 943 0 
828 -913 -282 0 
-909 536 -248 0 
723 -391 351 0 
713 -188 989 0 
711 641 312 0 
870 -443 820 0 
709 -572 776 0 
514 -185 788 0 
-892 -8 935 0 
999 207 86 0 
-503 525 -798 0 
-38 -213 925 0 
-112 -534 -730 0 
-49 780 800 0 
-323 -894 -440 0 
-267 265 872 0 
-234 -7 39 0 
129 499 783 0 
-397 614 96 0 
887 305 711 0 
589 995 -341 0 
229 -983 -421 0 
-494 -128 940 0 
-161 -823 -241 0 
165 220 -547 0 
-158 683 227 0 
873 -132 -710 0 
-253 -176 -212 0 
-453 307 218 0 
-193 325 935 0 
577 -855 -734 0 
180 -728 926 0 
-278 -464 491 0 
40 70 128 0 
764 -424 665 0 
-417 -307 -70 0 
446 -825 -117 0 
-784 565 -627 0 
-90 -293 278 0 
394 220 -137 0 
748 816 -660 0 
699 357 -726 0 
-655 -695 158 0 
911 -68 -612 0 
243 -239 424 0 
-217 534 319 0 
-776 770 653 0 
-465 -526 538 0 
-407 -989 527 0 
556 -445 391 0 
-24 384 28 0 
-535 -450 -690 0 
192 -97 229 0 
327 -424 44 0 
206 750 357 0 
937 -675 -863 0 
-945 173 707 0 
79 756 91 0 
-879 -187 499 0 
-198 723 658 0 
111 -510 605 0 
-708 368 161 0 
-540 613 891 0 
872 -695 565 0 
396 861 -791 0 
996 409 565 0 
662 -564 -639 0 
130 -513 -402 0 
469 -758 -387 0 
-26 -282 109 0 
622 310 -234 0 
-492 -425 783 0 
532 -207 -302 0 
-479 804 -157 0 
791 -137 190 0 
539 56 255 0 
280 -706 -156 0 
307 797 -956 0 
326 -378 106 0 
-523 247 -590 0 
110 278 303 0 
-630 -909 -346 0 
587 -749 865 0 
-762 -738 -753 0 
-963 452 -842 0 
-846 -305 541 0 
328 -288 84 0 
229 -236 108 0 
867 -661 911 0 
332 -580 5 0 
-459 490 156 0 
858 -909 -249 0 
614 742 553 0 
915 -999 -761 0 
773 424 -645 0 
812 5 215 0 
-116 31 -198 0 
688 -446 -666 0 
-801 -999 -38 0 
526 967 -5 0 
-456 287 -409 0 
-411 -728 -126 0 
-653 864 -306 0 
-294 -422 -919 0 
-881 -834 153 0 
-181 -89 972 0 
-119 243 -631 0 
95 372 802 0 
-431 662 547 0 
851 36 -150 0 
-870 -194 -300 0 
-833 -543 -630 0 
-351 -438 -940 0 
784 -4 -856 0 
-586 336 21 0 
550 -585 758 0 
163 -225 -314 0 
700 -221 358 0 
579 820 85 0 
840 709 -222 0 
191 -794 65 0 
-184 -22 865 0 
709 -53 -300 0 
212 -783 -561 0 
478 812 -749 0 
397 100 247 0 
-211 -805 144 0 
427 395 -652 0 
946 -375 802 0 
980 -736 -770 0 
812 905 453 0 
113 241 -423 0 
-666 453 988 0 
654 391 -535 0 
106 617 666 0 
869 -473 614 0 
-726 643 -394 0 
-343 306 -159 0 
899 436 292 0 
-929 -825 -140 0 
-963 -993 578 0 
-533 -390 445 0 
624 924 883 0 
822 460 153 0 
-249 538 425 0 
292 681 265 0 
559 -286 -315 0 
-396 -799 154 0 
901 -55 557 0 
-449 -582 -421 0 
301 120 -789 0 
-288 -493 913 0 
-452 -990 -696 0 
443 -561 -778 0 
913 829 -652 0 
-400 -292 -903 0 
-391 910 -465 0 
-864 -63 523 0 
-146 -665 -491 0 
-815 593 688 0 
369 -742 86 0 
-827 -662 -190 0 
-525 -381 144 0 
301 428 647 0 
-692 -994 742 0 
-861 623 20 0 
737 496 169 0 
-621 374 -990 0 
-912 -901 -205 0 
589 186 614 0 
-238 779 -676 0 
-64 -934 -865 0 
183 -918 -799 0 
488 -350 -967 0 
667 626 159 0 
-998 672 -582 0 
-305 535 63 0 
-547 385 873 0 
550 -404 -13 0 
-97 413 886 0 
864 -661 237 0 
-411 -163 690 0 
-449 757 -46 0 
-629 -771 870 0 
-211 366 -838 0 
843 217 -416 0 
-574 194 -765 0 
-123 275 943 0 
-414 -518 5 0 
-651 -331 -495 0 
953 -592 -158 0 
-108 -821 523 0 
301 -677 567 0 
589 300 -20 0 
-634 -563 -944 0 
824 -597 -915 0 
-429 896 108 0 
-876 508 -50 0 
361 236 714 0 
-883 984 391 0 
749 874 -298 0 
-371 303 -568 0 
743 -102 -432 0 
816 -211 725 0 
-49 -957 -531 0 
226 723 699 0 
-865 707 -315 0 
898 569 737 0 
454 -801 787 0 
-773 -80 724 0 
77 -2 875 0 
-277 619 -382 0 
-365 697 -160 0 
470 -802 -457 0 
-653 856 -871 0 
848 49 -915 0 
694 -689 376 0 
310 231 995 0 
938 674 -560 0 
63 -833 -557 0 
-747 -890 780 0 
668 610 679 0 
-321 -200 567 0 
221 -118 213 0 
-871 109 951 0 
-295 -268 -125 0 
40 661 898 0 
560 9 469 0 
915 921 264 0 
607 224 180 0 
-334 -425 129 0 
162 -296 -601 0 
-647 172 510 0 
290 751 16 0 
-821 255 344 0 
605 529 172 0 
-152 373 -52 0 
-541 -888 17 0 
-680 -847 104 0 
-719 -994 834 0 
305 699 -716 0 
858 -820 -160 0 
-316 -923 -604 0 
101 -18 344 0 
142 593 -412 0 
-748 346 -478 0 
151 -14 792 0 
-975 -731 -721 0 
-66 900 976 0 
-187 686 137 0 
185 -458 -90 0 
178 -708 342 0 
812 893 172 0 
-680 289 -20 0 
531 157 464 0 
-45 154 -940 0 
-439 763 -936 0 
-434 -276 782 0 
-857 -411 -224 0 
-967 408 490 0 
936 -937 647 0 
-922 -983 751 0 
806 -586 553 0 
-724 295 505 0 
797 -855 -480 0 
353 -515 686 0 
-163 -443 297 0 
-831 744 389 0 
212 59 600 0 
-754 380 721 0 
-641 542 594 0 
260 420 -196 0 
320 256 -916 0 
637 569 511 0 
129 -892 923 0 
-898 -273 436 0 
-41 482 -454 0 
-255 -946 803 0 
-201 808 356 0 
939 843 -183 0 
885 -122 -932 0 
-842 -532 -7 0 
661 455 76 0 
188 53 862 0 
102 2 12 0 
379 427 974 0 
-819 434 -965 0 
118 405 943 0 
540 696 732 0 
648 719 786 0 
-377 201 275 0 
-781 468 435 0 
-918 835 -256 0 
116 -425 -829 0 
300 -618 -404 0 
710 -891 -315 0 
135 452 -967 0 
-776 -418 -367 0 
441 504 -861 0 
-322 -448 217 0 
-217 -77 -312 0 
211 488 612 0 
-944 -821 -324 0 
-737 142 -63 0 
-199 -859 -802 0 
-904 868 3 0 
-862 426 -780 0 
729 410 416 0 
853 542 -248 0 
-96 786 485 0 
872 -534 -213 0 
-287 993 431 0 
263 -766 -614 0 
561 -29 -127 0 
47 790 562 0 
994 453 -979 0 
922 -147 827 0 
993 -815 -270 0 
-843 400 249 0 
112 976 -924 0 
819 806 614 0 
-228 -103 717 0 
-466 729 -824 0 
-748 152 346 0 
612 617 178 0 
-430 30 -60 0 
24 -365 754 0 
583 101 -195 0 
747 9 304 0 
594 -39 195 0 
815 -250 717 0 
580 -525 925 0 
-898 873 -975 0 
5 564 498 0 
24 664 861 0 
976 -872 786 0 
364 532 389 0 
557 117 48 0 
123 -235 799 0 
-130 747 846 0 
-503 402 394 0 
-329 876 159 0 
-337 543 -24 0 
-150 832 -609 0 
402 -688 78 0 
-137 -435 474 0 
730 214 -332 0 
772 -108 -675 0 
84 -83 -15 0 
485 192 -957 0 
940 -689 956 0 
-467 -447 327 0 
981 438 783 0 
377 232 -802 0 
-46 65 -224 0 
-370 204 136 0 
-813 -934 698 0 
174 -573 41 0 
384 785 -473 0 
-548 689 -36 0 
-499 -681 -174 0 
543 579 591 0 
-875 -858 -600 0 
-489 619 973 0 
-48 -293 -221 0 
855 70 -860 0 
139 -637 954 0 
-423 -840 467 0 
-344 -220 -925 0 
-356 292 97 0 
122 -258 478 0 
-176 -766 -794 0 
-873 -714 -386 0 
918 11 -287 0 
-7 -232 733 0 
-15 -670 -368 0 
699 -425 529 0 
-50 567 195 0 
-444 -376 756 0 
-746 37 427 0 
800 654 722 0 
352 281 454 0 
-9 -231 193 0 
91 -871 -543 0 
-486 -767 -286 0 
-721 -161 990 0 
489 -114 -993 0 
793 -489 -59 0 
-836 920 570 0 
-48 -896 -799 0 
839 -830 286 0 
-328 318 743 0 
727 202 -963 0 
-371 -541 399 0 
-587 -298 287 0 
-160 -87 -474 0 
-809 350 835 0 
-953 967 -78 0 
195 -664 -833 0 
287 -200 -787 0 
-994 -466 -180 0 
500 58 494 0 
-598 176 809 0 
-665 259 -653 0 
884 -723 -292 0 
-148 -711 815 0 
752 535 -429 0 
906 -294 397 0 
-491 -550 834 0 
891 -316 978 0 
-214 392 -781 0 
-775 913 454 0 
706 574 64 0 
-714 454 416 0 
-480 -748 567 0 
283 -424 -398 0 
-778 899 697 0 
413 -20 588 0 
-586 -230 380 0 
814 -377 533 0 
192 141 883 0 
897 444 273 0 
800 -315 406 0 
217 -265 -915 0 
-413 329 540 0 
-10 742 266 0 
78 359 763 0 
-757 263 -111 0 
484 -849 -578 0 
991 524 959 0 
-333 -668 499 0 
967 823 -656 0 
902 -769 -97 0 
-201 -932 -440 0 
-911 -272 -701 0 
838 -924 -228 0 
-499 817 -437 0 
525 -906 -244 0 
-343 709 -994 0 
-99 642 732 0 
-877 126 74 0 
623 199 -78 0 
159 433 -841 0 
540 209 380 0 
169 772 228 0 
955 509 -587 0 
-572 -576 476 0 
861 606 -639 0 
786 285 323 0 
-316 -646 -464 0 
452 -448 -291 0 
722 -50 732 0 
-162 360 -339 0 
556 -559 891 0 
-279 -645 -449 0 
-433 -756 184 0 
-155 204 -162 0 
155 -525 -69 0 
960 -931 -29 0 
958 440 415 0 
15 -344 955 0 
441 -771 281 0 
22 977 -890 0 
-893 -705 -670 0 
34 981 -951 0 
-541 208 -845 0 
426 657 -538 0 
359 -16 -613 0 
105 200 384 0 
-255 987 687 0 
191 40 276 0 
-229 -555 168 0 
114 -28 -426 0 
-163 -167 366 0 
476 867 -58 0 
339 -559 -680 0 
773 -203 729 0 
464 848 276 0 
-402 453 851 0 
690 458 -710 0 
459 296 602 0 
-170 -984 855 0 
746 -324 -827 0 
-755 850 -784 0 
-151 52 105 0 
-516 894 -405 0 
341 700 -669 0 
-302 -563 973 0 
-544 256 -833 0 
17 107 -542 0 
789 -923 -830 0 
-67 -576 -906 0 
35 -490 -438 0 
-659 -219 834 0 
-197 -51 -796 0 
-360 23 734 0 
-711 -5 -863 0 
927 -197 -53 0 
167 -828 -950 0 
-975 909 -332 0 
-273 480 -562 0 
-891 225 -106 0 
-353 10 349 0 
-331 981 -983 0 
-57 371 -248 0 
-734 -241 -395 0 
410 456 -993 0 
-938 -56 -274 0 
137 131 761 0 
-154 -403 -460 0 
881 -591 95 0 
87 708 -552 0 
786 -880 -76 0 
986 4 948 0 
-436 -924 -322 0 
872 561 978 0 
170 118 -772 0 
639 -101 518 0 
-71 744 -130 0 
-934 -601 -649 0 
936 -198 -445 0 
-236 88 458 0 
-515 52 407 0 
353 572 423 0 
347 690 114 0 
221 -728 44 0 
-325 808 129 0 
-8 -328 416 0 
-910 -288 991 0 
45 290 940 0 
633 611 451 0 
959 -384 -598 0 
429 -938 -585 0 
654 508 552 0 
885 961 837 0 
-238 -661 -45 0 
-969 -699 -240 0 
-777 -975 276 0 
-239 878 231 0 
491 471 938 0 
-612 680 385 0 
-830 -598 860 0 
-785 -665 -306 0 
-836 671 -541 0 
146 -534 556 0 
-862 919 -478 0 
-716 7 -137 0 
-931 791 590 0 
943 -37 632 0 
-2 272 -630 0 
-296 845 -286 0 
677 -446 -8 0 
-821 460 -37 0 
-767 -542 -51 0 
385 777 979 0 
-158 900 687 0 
350 -609 -927 0 
-302 858 782 0 
-592 602 -773 0 
-639 991 39 0 
-634 776 -172 0 
693 370 -831 0 
431 75 387 0 
-685 -695 -431 0 
416 528 236 0 
-184 82 -963 0 
-217 479 -298 0 
-658 8 663 0 
126 -26 468 0 
244 23 -435 0 
787 626 452 0 
942 -718 -931 0 
648 896 -304 0 
-185 -62 425 0 
-837 -933 -924 0 
-129 411 132 0 
248 57 -931 0 
-488 -627 162 0 
-357 783 -243 0 
-907 932 -409 0 
-424 684 685 0 
-207 298 -673 0 
680 -10 589 0 
-5 415 629 0 
563 -573 -682 0 
-620 966 738 0 
453 -297 240 0 
-414 674 220 0 
274 -507 -203 0 
682 -830 719 0 
-357 -240 -10 0 
97 334 168 0 
-794 213 224 0 
839 620 -434 0 
945 -322 222 0 
-373 793 -468 0 
-69 935 -426 0 
20 -30 635 0 
-785 -675 903 0 
935 874 -148 0 
666 534 423 0 
986 -771 641 0 
803 -778 -339 0 
29 908 -89 0 
486 -175 -684 0 
412 -414 504 0 
-862 -269 425 0 
890 -944 -99 0 
547 976 857 0 
677 727 -244 0 
920 -69 80 0 
-805 -949 538 0 
-526 480 -334 0 
858 264 -468 0 
-150 -656 260 0 
-912 -160 487 0 
-80 -782 -319 0 
-533 -792 693 0 
-19 -9 -904 0 
504 558 -432 0 
-684 -1000 -345 0 
-578 -649 434 0 
-526 515 -439 0 
773 393 -378 0 
12 573 866 0 
-545 -187 146 0 
574 432 -655 0 
-292 -870 -512 0 
75 32 -604 0 
930 584 -787 0 
680 339 209 0 
874 -140 856 0 
553 4 -333 0 
263 325 -821 0 
453 20 375 0 
200 936 161 0 
-123 506 -944 0 
-653 -302 440 0 
-157 -756 -274 0 
789 168 475 0 
-593 -411 928 0 
453 -522 131 0 
-693 -495 827 0 
219 754 480 0 
-919 768 -636 0 
-589 516 -982 0 
-919 855 -774 0 
-81 -148 213 0 
-249 634 -230 0 
354 -83 409 0 
832 743 315 0 
-884 -314 -687 0 
-968 818 140 0 
458 -447 354 0 
-885 -344 350 0 
-505 78 -139 0 
332 892 597 0 
557 -790 -878 0 
521 593 408 0 
-238 601 923 0 
675 -912 132 0 
932 -885 -612 0 
270 918 -888 0 
523 267 -496 0 
-438 -64 311 0 
136 -54 -278 0 
684 -745 -244 0 
401 445 787 0 
133 590 985 0 
840 953 -114 0 
-667 -282 726 0 
-161 -950 828 0 
-135 994 534 0 
548 584 293 0 
11 -128 -924 0 
626 237 131 0 
522 -14 -228 0 
-799 -37 -60 0 
-965 784 -283 0 
897 94 -822 0 
-126 -447 -239 0 
-692 819 165 0 
-643 -804 -95 0 
-560 -387 507 0 
187 -120 738 0 
209 439 -720 0 
578 -464 730 0 
719 473 -966 0 
-934 79 -392 0 
-596 -823 -441 0 
-395 -366 193 0 
-145 902 -665 0 
654 -398 -361 0 
544 -419 -415 0 
-209 -451 444 0 
-38 -723 -719 0 
-820 917 -770 0 
952 -502 -831 0 
668 857 -344 0 
-175 472 -99 0 
-679 -531 -164 0 
-942 211 -747 0 
-433 -429 -943 0 
-485 -39 655 0 
-44 -912 464 0 
415 217 362 0 
809 25 -928 0 
703 -867 491 0 
742 60 124 0 
-672 268 924 0 
582 -553 615 0 
-301 439 211 0 
925 -459 -902 0 
-866 -274 386 0 
842 336 -883 0 
146 182 -504 0 
374 254 939 0 
439 -627 -168 0 
767 571 125 0 
157 -658 -705 0 
733 -327 669 0 
666 610 397 0 
227 -861 -918 0 
-973 309 -238 0 
-551 588 -436 0 
-486 -861 -641 0 
-185 -277 72 0 
-583 543 -837 0 
82 266 929 0 
-129 -272 174 0 
-793 834 588 0 
512 477 515 0 
364 -3 -388 0 
618 -529 -41 0 
-701 68 215 0 
858 -181 -727 0 
178 -99 374 0 
608 408 -184 0 
-770 -568 765 0 
-159 202 533 0 
-721 -558 22 0 
983 -112 823 0 
556 643 229 0 
-461 331 205 0 
758 -128 -386 0 
-75 194 -366 0 
306 410 628 0 
-769 -766 340 0 
-219 -99 -184 0 
-922 -529 609 0 
-79 -897 -400 0 
-582 -275 232 0 
-595 616 -318 0 
984 -926 469 0 
601 -26 411 0 
45 -102 906 0 
-854 -110 -561 0 
480 938 -597 0 
-960 828 -82 0 
481 -768 299 0 
280 -608 -218 0 
757 745 805 0 
814 226 763 0 
959 -477 -825 0 
-959 -254 -50 0 
-489 139 -915 0 
-52 178 892 0 
-748 643 -787 0 
53 755 -444 0 
727 -724 832 0 
346 395 253 0 
372 58 527 0 
799 531 -516 0 
-509 661 551 0 
-125 -751 43 0 
-949 -975 349 0 
-920 363 -905 0 
782 -524 -98 0 
-406 437 903 0 
341 171 -286 0 
143 -48 -733 0 
916 887 -105 0 
598 -934 18 0 
-108 909 -907 0 
333 -332 450 0 
-722 120 -128 0 
617 695 100 0 
888 -454 565 0 
125 264 706 0 
-586 529 895 0 
521 -141 -872 0 
784 436 -412 0 
-9 186 24 0 
496 -570 -636 0 
-205 -175 899 0 
453 -388 896 0 
-487 -158 453 0 
-387 -495 405 0 
802 -774 148 0 
-110 -380 -258 0 
-321 681 -680 0 
924 -163 697 0 
879 124 -802 0 
609 -644 826 0 
-426 -698 457 0 
500 -978 -217 0 
-773 60 760 0 
765 -252 643 0 
268 923 734 0 
667 -431 -676 0 
-670 -999 873 0 
-916 -460 -560 0 
109 -985 603 0 
-988 -793 -421 0 
-220 971 16 0 
987 -990 466 0 
-4 663 -73 0 
637 350 -638 0 
729 442 -331 0 
-45 -989 787 0 
-897 698 -314 0 
808 87 -675 0 
-625 4 -700 0 
972 -51 -742 0 
100 398 102 0 
119 -743 -727 0 
-419 129 -862 0 
423 -272 337 0 
795 -818 -64 0 
-660 -430 -567 0 
19 -720 429 0 
-656 -720 767 0 
-340 336 674 0 
779 102 958 0 
-467 -862 273 0 
264 -59 653 0 
-351 754 -236 0 
-424 735 676 0 
941 -300 112 0 
948 -877 981 0 
-541 586 340 0 
-52 -899 482 0 
-192 -680 547 0 
619 562 -821 0 
-7 -546 507 0 
-475 796 611 0 
-311 -480 766 0 
-482 -886 -133 0 
-912 -945 -404 0 
-456 19 -659 0 
-827 -393 -252 0 
-565 951 -141 0 
218 691 456 0 
-998 727 482 0 
-137 -149 -773 0 
-730 318 -236 0 
176 493 107 0 
806 -703 -432 0 
528 64 7 0 
829 845 -790 0 
758 842 259 0 
6 204 -569 0 
-486 -705 280 0 
752 626 567 0 
-383 446 154 0 
-603 -179 -704 0 
-56 -9 -37 0 
262 215 -740 0 
-549 -296 336 0 
929 -672 -284 0 
-337 -929 -251 0 
253 736 547 0 
315 -674 551 0 
690 -979 962 0 
683 -578 201 0 
-726 573 -538 0 
-300 -522 359 0 
-928 -805 -168 0 
560 -877 991 0 
-645 526 418 0 
-314 -590 -947 0 
-253 961 -300 0 
-355 -649 -897 0 
758 -855 -64 0 
-84 -29 767 0 
-287 -483 517 0 
553 353 953 0 
475 734 146 0 
-176 -28 -608 0 
-983 -275 -963 0 
-418 999 -859 0 
551 668 219 0 
-887 279 -518 0 
46 647 752 0 
489 295 -371 0 
-55 -141 659 0 
-870 889 611 0 
-187 -235 -594 0 
570 -334 -93 0 
302 -519 -512 0 
-443 686 575 0 
882 -381 136 0 
-163 -980 251 0 
135 594 526 0 
208 93 810 0 
27 412 -377 0 
-152 -26 -920 0 
-833 971 -862 0 
439 239 663 0 
35 163 -14 0 
-468 637 623 0 
317 -139 -322 0 
342 182 -658 0 
541 32 -320 0 
-823 524 808 0 
653 202 821 0 
-396 652 919 0 
764 -237 268 0 
-230 -784 713 0 
-90 536 112 0 
-867 119 447 0 
-362 -467 -135 0 
658 281 184 0 
296 235 -517 0 
-68 842 -102 0 
983 537 496 0 
-283 64 509 0 
737 -981 739 0 
91 971 -807 0 
-407 946 461 0 
380 -646 612 0 
-712 -633 980 0 
390 479 -521 0 
-801 -711 -877 0 
189 -549 772 0 
-757 -241 951 0 
-447 774 625 0 
-689 912 -269 0 
-324 527 329 0 
738 158 290 0 
-157 205 150 0 
406 493 -538 0 
-964 68 -668 0 
876 211 -404 0 
-69 485 45 0 
197 504 -774 0 
983 79 -589 0 
86 -67 830 0 
-525 443 633 0 
-297 109 820 0 
351 -378 833 0 
-109 341 -511 0 
-574 376 -286 0 
272 -535 344 0 
935 -720 268 0 
841 544 948 0 
-666 99 772 0 
530 -467 22 0 
-94 -447 -423 0 
742 -546 991 0 
755 -220 267 0 
221 867 382 0 
940 462 -171 0 
299 219 830 0 
-177 -851 89 0 
535 -567 866 0 
-373 -851 695 0 
548 -353 866 0 
-261 -706 -909 0 
-934 -488 60 0 
466 400 180 0 
-777 -759 -128 0 
936 -264 450 0 
-441 -244 800 0 
-44 336 -875 0 
787 -208 391 0 
-609 600 431 0 
301 167 198 0 
393 159 -408 0 
294 50 757 0 
32 269 206 0 
-192 -721 16 0 
895 164 447 0 
-989 913 277 0 
-551 -391 -444 0 
318 803 -153 0 
250 963 570 0 
-587 -405 -289 0 
213 -592 -539 0 
980 449 586 0 
-339 629 -969 0 
125 -985 -719 0 
-203 -115 970 0 
-181 -972 -330 0 
664 151 -974 0 
-620 -234 968 0 
809 703 446 0 
334 -463 -707 0 
546 250 -560 0 
-103 471 771 0 
813 -627 -560 0 
-227 -689 1 0 
-445 980 316 0 
-331 55 -447 0 
745 746 -973 0 
269 789 785 0 
283 -498 -173 0 
382 -109 -528 0 
671 380 -297 0 
-467 -48 -873 0 
-106 680 869 0 
585 175 -21 0 
532 665 8 0 
895 507 -643 0 
902 -590 -695 0 
644 993 232 0 
-421 -718 -200 0 
-536 347 -716 0 
865 -773 838 0 
-635 539 777 0 
145 816 -509 0 
63 -526 -919 0 
-429 -382 -540 0 
850 307 289 0 
626 -147 -634 0 
-281 -140 629 0 
600 655 399 0 
80 451 235 0 
160 69 -127 0 
343 573 -296 0 
838 68 134 0 
-787 764 229 0 
478 810 55 0 
208 97 -942 0 
-664 346 -725 0 
-573 -478 128 0 
-401 646 -481 0 
65 951 -846 0 
-893 867 583 0 
229 -44 757 0 
-684 -159 -55 0 
-423 -650 -987 0 
-822 -114 -460 0 
-379 362 -746 0 
89 714 -247 0 
925 324 -370 0 
69 153 267 0 
-318 940 -804 0 
236 3 614 0 
55 -670 483 0 
252 -916 -927 0 
-954 -922 631 0 
