p cnf 1000 2200
821 -917 814 0 
-815 -27 -346 0 
658 389 -69 0 
-55 -519 -531 0 
475 718 814 0 
655 -356 184 0 
-169 373 -658 0 
-925 -780 -23 0 
-743 540 -914 0 
-804 797 -489 0 
489 671 549 0 
840 -317 -58 0 
813 -45 297 0 
-967 -896 264 0 
-134 -259 201 0 
-783 199 -523 0 
748 -434 385 0 
-569 -278 23 0 
-12 164 224 0 
666 228 885 0 
-385 877 -209 0 
978 132 891 0 
-832 -645 332 0 
366 -178 -862 0 
-417 164 580 0 
125 286 540 0 
533 -359 -462 0 
-810 -14 -930 0 
386 956 583 0 
889 309 -441 0 
554 -631 -861 0 
-187 -761 402 0 
112 278 864 0 
385 187 362 0 
-76 330 -729 0 
180 -687 -874 0 
-839 197 738 0 
-238 -548 78 0 
-137 230 895 0 
-869 419 471 0 
842 900 679 0 
-809 -988 857 0 
-907 -642 -573 0 
231 196 -432 0 
859 -488 132 0 
933 -195 -942 0 
529 -4 721 0 
-385 217 -212 0 
402 -294 -53 0 
-670 -910 982 0 
934 -406 -952 0 
-808 -11 538 0 
871 692 517 0 
-316 -291 646 0 
731 -770 582 0 
-64 -718 -434 0 
550 783 -141 0 
813 -48 -342 0 
-567 2 732 0 
-289 -70 -528 0 
923 -665 941 0 
-835 95 15 0 
34 -843 -882 0 
458 -333 425 0 
881 732 551 0 
464 209 -790 0 
-278 865 -481 0 
528 -80 -995 0 
-221 -483 335 0 
-387 -381 796 0 
-455 -498 -67 0 
578 -50 587 0 
596 -203 -27 0 
-552 812 -782 0 
648 -250 901 0 
-869 -312 -86 0 
968 664 -722 0 
823 526 875 0 
-422 -444 -628 0 
639 232 136 0 
-912 340 -414 0 
854 623 -346 0 
535 818 -840 0 
-484 -523 40 0 
809 340 902 0 
-348 -766 -956 0 
-425 533 -243 0 
-905 313 41 0 
754 -406 -678 0 
240 758 -824 0 
857 -677 -262 0 
924 -561 258 0 
267 -347 -66 0 
458 -476 79 0 
287 771 774 0 
595 362 248 0 
-588 -928 -505 0 
-394 296 -845 0 
674 -518 -203 0 
-650 791 97 0 
-959 864 614 0 
190 -988 -182 0 
398 56 998 0 
-822 873 -858 0 
572 431 -932 0 
-539 -979 -905 0 
-197 818 -479 0 
-807 978 208 0 
-349 644 -308 0 
682 -630 -362 0 
-573 -688 446 0 
420 -788 262 0 
948 230 281 0 
538 675 -859 0 
173 62 969 0 
717 416 -461 0 
335 -857 -692 0 
179 -137 795 0 
882 566 -208 0 
367 317 347 0 
-364 -225 -732 0 
693 253 -758 0 
602 879 -480 0 
477 -302 70 0 
794 894 875 0 
865 -495 -955 0 
-646 667 415 0 
423 397 -468 0 
833 -860 -828 0 
-539 -51 794 0 
290 -545 124 0 
-255 10 -346 0 
79 759 712 0 
802 420 795 0 
790 -936 712 0 
619 -856 -590 0 
251 -878 -259 0 
716 -138 -321 0 
-518 436 -232 0 
-495 -338 150 0 
325 177 107 0 
485 -753 -156 0 
592 817 -729 0 
513 -772 323 0 
-730 661 316 0 
-132 -347 740 0 
512 -676 -825 0 
-279 341 141 0 
-612 -9 -804 0 
-12 598 -744 0 
-546 765 -799 0 
24 452 473 0 
-832 538 660 0 
-368 227 867 0 
-658 -980 26 0 
811 216 680 0 
244 475 541 0 
-670 -443 338 0 
896 904 -902 0 
-594 46 706 0 
86 -109 -56 0 
-778 -10 -347 0 
840 -391 -162 0 
54 -296 770 0 
-424 967 -656 0 
882 976 -527 0 
-329 -718 279 0 
-629 456 -490 0 
-654 -193 -178 0 
-875 974 -255 0 
431 464 -79 0 
22 -865 -431 0 
-283 442 333 0 
-580 -109 979 0 
670 -988 -89 0 
331 250 427 0 
-644 346 237 0 
542 -290 844 0 
818 -425 -402 0 
-323 -9 -112 0 
-58 -836 -385 0 
197 -525 -188 0 
-649 -723 -884 0 
-721 309 84 0 
-726 436 324 0 
875 800 189 0 
25 -786 216 0 
-147 -432 483 0 
337 727 794 0 
-321 -620 -991 0 
-786 39 -122 0 
377 423 -493 0 
-405 380 620 0 
812 878 -260 0 
-90 -468 -115 0 
-544 768 -321 0 
-597 -185 -466 0 
499 -101 955 0 
-564 332 646 0 
57 168 -629 0 
-533 520 -335 0 
441 -626 -994 0 
370 -286 368 0 
525 -809 -898 0 
789 -517 669 0 
216 -690 -337 0 
-988 964 -266 0 
44 919 294 0 
172 446 755 0 
424 -997 -100 0 
378 -538 -821 0 
278 688 276 0 
1 872 -373 0 
-821 -571 996 0 
-633 -356 811 0 
498 125 -441 0 
145 346 -436 0 
-299 -345 -509 0 
76 238 48 0 
255 854 -4 0 
-627 551 656 0 
912 969 241 0 
-464 987 568 0 
923 -588 33 0 
-938 630 748 0 
-432 -189 -201 0 
-975 761 301 0 
481 -751 117 0 
-908 -164 -749 0 
-855 -111 -545 0 
-327 304 -335 0 
492 -601 -518 0 
24 -309 -483 0 
514 -125 -318 0 
-457 312 -494 0 
-971 -503 -237 0 
561 500 -445 0 
842 130 58 0 
802 94 117 0 
-37 442 842 0 
-809 782 -508 0 
793 -828 -133 0 
-258 123 -933 0 
-755 856 281 0 
-380 -361 131 0 
628 -758 898 0 
562 -55 -960 0 
952 -531 502 0 
-55 294 -68 0 
-502 210 -211 0 
-112 899 -960 0 
526 331 903 0 
-851 -995 584 0 
73 -40 195 0 
841 -285 346 0 
-833 217 -532 0 
-36 -773 959 0 
-741 -177 -600 0 
253 556 845 0 
916 -923 -725 0 
201 958 -881 0 
-745 953 382 0 
145 -977 95 0 
-664 858 145 0 
236 487 -819 0 
-745 -498 -939 0 
-725 600 -60 0 
-236 171 -486 0 
371 -910 -510 0 
-584 546 887 0 
530 281 758 0 
139 -743 370 0 
370 210 -824 0 
640 -975 -826 0 
-617 -496 -126 0 
5 -95 528 0 
66 190 767 0 
-714 -462 434 0 
973 416 473 0 
478 -629 639 0 
213 -489 -588 0 
-894 780 647 0 
-135 -890 120 0 
-12 766 33 0 
-136 430 880 0 
767 -279 -936 0 
-363 -617 -812 0 
-806 -417 76 0 
-63 -931 393 0 
965 32 790 0 
-558 17 616 0 
485 776 -617 0 
-213 872 -340 0 
70 -568 -424 0 
137 225 459 0 
770 -989 459 0 
793 430 -271 0 
-451 21 508 0 
-325 -828 29 0 
-139 128 -873 0 
-869 -492 556 0 
-286 956 -250 0 
767 574 -720 0 
549 -39 -643 0 
-131 -271 479 0 
947 227 112 0 
-802 -562 595 0 
-61 974 -745 0 
-371 -317 -180 0 
30 -411 -230 0 
441 185 -467 0 
331 -494 154 0 
-22 -680 -76 0 
588 239 -735 0 
129 -107 198 0 
-465 -299 -76 0 
657 -277 -754 0 
-370 -749 -676 0 
-520 748 -668 0 
994 772 396 0 
-653 -837 -409 0 
-167 268 -484 0 
284 -409 -348 0 
803 186 92 0 
811 -480 784 0 
865 -874 608 0 
-384 123 -290 0 
7 -146 68 0 
-247 73 962 0 
694 204 116 0 
693 -994 770 0 
-156 565 -34 0 
-543 425 657 0 
628 -88 -682 0 
346 -202 160 0 
950 748 -118 0 
-337 -446 -329 0 
-829 347 -276 0 
-77 -625 238 0 
740 571 -835 0 
-423 -275 -913 0 
596 946 91 0 
449 -848 -655 0 
-167 -555 -996 0 
-843 388 -946 0 
785 624 634 0 
436 404 393 0 
810 185 -701 0 
-1000 262 337 0 
549 692 400 0 
-640 544 -607 0 
454 905 898 0 
141 950 -508 0 
-688 -289 316 0 
462 795 315 0 
-81 289 -896 0 
665 799 -753 0 
373 -867 669 0 
-57 873 -505 0 
174 -969 300 0 
10 447 462 0 
557 -137 650 0 
281 -591 -236 0 
-843 -594 -876 0 
839 496 -319 0 
-763 200 -379 0 
152 168 397 0 
-593 6 478 0 
322 -690 -685 0 
673 -586 435 0 
726 -623 -692 0 
358 388 975 0 
541 -141 -916 0 
529 -689 19 0 
-113 -40 511 0 
20 518 -668 0 
-1000 277 -661 0 
-127 72 -923 0 
-738 529 395 0 
120 -818 -904 0 
-596 -650 928 0 
488 471 936 0 
752 322 -633 0 
248 818 -991 0 
344 750 76 0 
558 830 -716 0 
-708 629 -496 0 
353 885 -696 0 
379 156 -19 0 
848 400 -145 0 
13 379 -889 0 
-210 -758 793 0 
961 -705 -939 0 
-648 -348 943 0 
-337 -687 -791 0 
227 -20 420 0 
-116 -635 245 0 
-260 361 929 0 
20 925 880 0 
-608 32 -157 0 
-445 482 773 0 
-110 413 -200 0 
893 912 866 0 
-365 -358 748 0 
-261 683 331 0 
686 -255 725 0 
-460 284 -257 0 
180 317 -716 0 
996 -230 -750 0 
616 -887 112 0 
490 498 -358 0 
728 540 955 0 
-460 872 -836 0 
434 -954 -508 0 
950 841 588 0 
403 -150 342 0 
-945 627 -541 0 
-540 949 789 0 
203 22 561 0 
-789 -364 -863 0 
-97 942 -91 0 
248 477 -244 0 
-761 576 -111 0 
110 884 449 0 
-959 950 -86 0 
-435 795 -712 0 
-476 505 576 0 
-186 699 -772 0 
-81 -455 -700 0 
-224 -994 946 0 
-917 837 321 0 
-380 -88 97 0 
-610 -81 -410 0 
708 -911 -325 0 
742 -225 45 0 
-863 -375 755 0 
-728 -319 -172 0 
-138 -920 -234 0 
-538 762 -91 0 
-839 -25 621 0 
-651 -971 -482 0 
506 290 617 0 
773 -866 -930 0 
-830 4 -421 0 
-781 -761 573 0 
-817 990 -853 0 
789 299 218 0 
-582 -960 205 0 
-57 -745 -589 0 
784 121 -377 0 
636 914 934 0 
-70 37 -170 0 
740 -298 860 0 
-640 -741 965 0 
240 -795 -30 0 
-146 574 664 0 
271 -327 -14 0 
763 -204 -33 0 
666 128 351 0 
994 383 -433 0 
196 540 -892 0 
924 -465 -33 0 
212 829 536 0 
-711 503 782 0 
-814 -429 -62 0 
421 -59 -352 0 
-897 -782 -665 0 
-790 -527 47 0 
654 -9 822 0 
914 760 -393 0 
-131 74 402 0 
111 -701 278 0 
-200 -779 -742 0 
743 -116 569 0 
-180 -299 -253 0 
-232 -430 98 0 
-608 546 576 0 
-229 -55 464 0 
-564 -693 -412 0 
-862 922 263 0 
-232 535 -459 0 
666 -460 961 0 
-761 484 -452 0 
622 -73 454 0 
56 -222 -770 0 
-77 380 -396 0 
373 -891 582 0 
652 235 -129 0 
611 -749 194 0 
-235 -129 -76 0 
965 295 364 0 
545 -659 163 0 
-880 -282 449 0 
-29 -78 679 0 
111 -897 -859 0 
-824 112 167 0 
-125 -503 -285 0 
-892 -726 103 0 
351 434 213 0 
-747 -631 503 0 
-421 371 458 0 
993 364 -482 0 
-177 -775 -271 0 
829 383 -282 0 
-119 -421 159 0 
808 -723 -600 0 
-307 161 -177 0 
997 -836 381 0 
673 -870 668 0 
-199 -55 -909 0 
332 -759 -191 0 
-57 -927 -104 0 
-95 -186 -422 0 
-655 93 467 0 
-952 452 -494 0 
-44 -42 236 0 
-649 455 356 0 
378 -886 -176 0 
400 -379 -18 0 
-312 195 -661 0 
-354 -538 -361 0 
-715 -13 10 0 
947 -503 121 0 
119 -972 25 0 
-71 -818 47 0 
839 -642 914 0 
868 -709 505 0 
-911 275 116 0 
694 352 -244 0 
220 819 388 0 
14 986 26 0 
-641 -671 633 0 
-422 528 41 0 
971 646 52 0 
907 -244 -375 0 
244 -475 -929 0 
732 -405 -31 0 
-954 -452 -768 0 
-50 -142 -329 0 
-17 825 616 0 
-996 828 -88 0 
-726 -183 -99 0 
-104 234 668 0 
-105 -258 200 0 
721 -317 -39 0 
526 -548 48 0 
416 621 99 0 
-696 -304 -526 0 
58 -908 737 0 
30 -652 174 0 
784 -368 310 0 
568 305 870 0 
-589 -467 -478 0 
318 -807 -783 0 
437 958 -350 0 
662 -321 -373 0 
-506 -569 -696 0 
579 -794 -850 0 
-995 -896 801 0 
-944 -244 -689 0 
-803 -358 126 0 
-981 343 -757 0 
50 69 -745 0 
-822 783 12 0 
-496 548 791 0 
781 -474 -945 0 
695 304 -277 0 
843 -727 -48 0 
-620 790 611 0 
-660 898 504 0 
-619 455 207 0 
679 24 224 0 
-107 515 -48 0 
796 237 -695 0 
65 -864 -798 0 
-812 15 -321 0 
-414 -994 -106 0 
-753 -723 -894 0 
-738 -49 348 0 
875 992 -788 0 
-934 460 -664 0 
-216 97 -301 0 
786 597 -47 0 
-183 -415 -364 0 
357 -694 289 0 
349 -771 -632 0 
797 -968 823 0 
-864 -689 321 0 
-757 -845 194 0 
-782 600 348 0 
-906 -544 -886 0 
-126 -344 930 0 
-216 -495 -237 0 
-261 566 393 0 
309 -445 32 0 
-292 -55 714 0 
777 715 -859 0 
-280 -507 295 0 
385 13 913 0 
-508 -504 637 0 
132 -274 673 0 
998 -757 31 0 
483 147 -846 0 
-993 -806 -407 0 
-832 311 466 0 
-276 -853 800 0 
820 63 417 0 
241 759 -419 0 
716 469 -916 0 
-600 -674 547 0 
-709 887 -742 0 
257 656 -428 0 
-797 -102 71 0 
385 497 801 0 
-361 -665 -234 0 
-32 952 95 0 
804 -870 -933 0 
312 226 -475 0 
-878 -6 -652 0 
934 151 -573 0 
414 -1000 -714 0 
735 646 242 0 
32 -965 -284 0 
838 -812 -991 0 
818 945 -506 0 
-376 -623 -125 0 
831 -631 -239 0 
-88 859 -555 0 
461 63 498 0 
727 -634 -275 0 
-650 769 652 0 
-338 -486 -500 0 
-779 257 -632 0 
176 305 264 0 
198 549 240 0 
-336 -262 256 0 
518 139 233 0 
-572 183 -195 0 
-938 191 539 0 
-886 -4 -539 0 
627 -670 -109 0 
-334 -536 -449 0 
61 -107 -547 0 
-64 971 -850 0 
-171 -783 951 0 
191 699 -918 0 
-275 800 -314 0 
-88 786 355 0 
-360 14 -140 0 
-203 501 209 0 
670 -522 300 0 
-482 924 800 0 
996 401 -495 0 
783 825 21 0 
-565 166 -824 0 
-160 585 -4 0 
-793 -580 -645 0 
551 -40 -420 0 
978 752 -954 0 
88 445 -25 0 
443 110 987 0 
-224 465 -701 0 
580 324 -623 0 
356 -25 -959 0 
87 -166 821 0 
-175 -342 -260 0 
-397 427 717 0 
-406 -54 49 0 
-831 824 -433 0 
861 411 -233 0 
-166 -184 -621 0 
274 119 556 0 
162 -217 -497 0 
214 705 351 0 
-398 766 -145 0 
-557 -506 -677 0 
984 -815 -531 0 
204 -949 925 0 
116 806 -486 0 
-965 538 723 0 
-189 693 191 0 
-615 -620 183 0 
-598 956 -132 0 
-214 241 335 0 
479 431 -688 0 
189 -507 205 0 
-473 -838 -237 0 
-579 369 828 0 
-476 -18 -828 0 
30 -896 -756 0 
-213 -626 -690 0 
-544 135 -404 0 
844 -889 394 0 
427 -584 499 0 
-240 -663 -712 0 
460 -403 481 0 
-953 6 405 0 
-33 44 -969 0 
-887 106 -322 0 
366 -237 592 0 
-287 614 -278 0 
813 691 362 0 
784 -710 293 0 
-292 338 969 0 
-619 -301 -266 0 
386 526 -470 0 
739 -173 601 0 
-957 196 550 0 
23 231 -66 0 
-697 213 234 0 
773 -5 729 0 
-662 -675 831 0 
-298 -632 -715 0 
-486 -937 64 0 
513 930 -207 0 
479 88 -569 0 
404 563 -845 0 
-426 839 238 0 
-477 -671 -560 0 
725 -176 -385 0 
-985 -730 -973 0 
389 -321 -879 0 
771 -973 -81 0 
-717 766 281 0 
858 -418 804 0 
-404 -222 -256 0 
34 191 243 0 
908 -241 445 0 
166 387 774 0 
-152 721 604 0 
-693 607 748 0 
-574 760 308 0 
-897 344 978 0 
-387 652 657 0 
-104 42 676 0 
320 -680 424 0 
-298 542 245 0 
-485 -758 -777 0 
-265 -734 -823 0 
442 -52 96 0 
661 -327 339 0 
-667 -942 -149 0 
-837 -464 -479 0 
-849 494 -135 0 
-739 970 620 0 
714 -270 36 0 
-110 692 -432 0 
-981 -56 -119 0 
709 341 997 0 
466 977 90 0 
793 -802 -237 0 
-277 708 937 0 
-354 -462 571 0 
451 -319 -843 0 
-366 -431 -957 0 
-629 -887 26 0 
-788 906 -12 0 
395 688 -640 0 
-264 -698 -2 0 
83 645 358 0 
550 151 -342 0 
816 -980 752 0 
638 -204 -520 0 
-140 369 -422 0 
-749 995 846 0 
904 798 -535 0 
-313 -26 -765 0 
-149 -591 -35 0 
-530 331 61 0 
686 140 -33 0 
554 864 -987 0 
-426 -841 -419 0 
-615 -65 779 0 
221 -557 -472 0 
14 424 -151 0 
625 819 -872 0 
372 394 -539 0 
976 -932 262 0 
590 -208 729 0 
-360 -714 203 0 
-97 132 -422 0 
-695 -21 -35 0 
-953 -440 527 0 
693 -489 -457 0 
-761 -857 537 0 
-951 -413 9 0 
681 -390 -404 0 
-821 -566 293 0 
-213 -697 -579 0 
209 187 80 0 
-916 392 890 0 
114 -502 -131 0 
305 -158 -601 0 
459 -676 478 0 
-11 -853 -758 0 
473 -798 -465 0 
948 681 -495 0 
-833 -575 775 0 
-574 -846 -514 0 
-622 952 -842 0 
749 -107 -337 0 
319 -503 433 0 
-638 -404 680 0 
-493 233 768 0 
-908 293 -75 0 
-418 -696 -961 0 
896 326 356 0 
-319 511 693 0 
2 699 771 0 
-738 196 336 0 
119 -723 -309 0 
593 -390 701 0 
735 824 -460 0 
458 686 -636 0 
-964 609 -44 0 
557 220 160 0 
669 -465 366 0 
911 -966 28 0 
-428 613 252 0 
-747 889 -681 0 
746 52 -565 0 
205 -433 -941 0 
-591 -863 -84 0 
226 627 186 0 
-434 231 -474 0 
661 -155 214 0 
-616 974 96 0 
219 -37 -643 0 
-544 512 -340 0 
-698 264 -840 0 
-639 210 -465 0 
-95 277 8 0 
-122 -722 974 0 
-9 269 895 0 
664 -667 -58 0 
-857 -543 687 0 
850 -384 564 0 
-838 960 -245 0 
-866 1000 622 0 
123 340 822 0 
456 -266 -500 0 
55 905 132 0 
104 578 572 0 
984 777 -801 0 
116 -287 -804 0 
-28 274 961 0 
-708 875 -502 0 
-963 -210 -343 0 
-361 -67 -612 0 
948 945 -340 0 
517 -7 -209 0 
-17 -281 515 0 
-283 -228 959 0 
-698 -184 -837 0 
373 525 428 0 
689 73 937 0 
-216 63 -761 0 
-651 538 -294 0 
115 -79 150 0 
-998 -430 374 0 
-377 663 508 0 
493 110 481 0 
-425 -989 -440 0 
747 -21 688 0 
-191 -605 279 0 
-416 -329 -532 0 
-421 -49 -81 0 
421 -487 -789 0 
698 149 356 0 
-45 248 62 0 
205 -665 -324 0 
435 -303 783 0 
-328 451 -392 0 
-884 -42 -146 0 
-23 -901 195 0 
287 961 516 0 
-926 -283 94 0 
464 38 -607 0 
378 -881 -885 0 
209 -904 -314 0 
99 -186 -485 0 
-414 705 -218 0 
-244 -658 137 0 
662 -109 -929 0 
-980 481 524 0 
-363 59 -798 0 
-855 -170 -237 0 
-186 286 871 0 
-892 531 105 0 
-146 -77 -992 0 
565 -329 -979 0 
-155 170 515 0 
-286 181 750 0 
-179 -771 -518 0 
185 -118 -410 0 
-256 -810 972 0 
352 -280 -562 0 
798 775 1000 0 
871 156 261 0 
89 -576 -286 0 
219 355 -793 0 
-730 -888 976 0 
861 863 86 0 
49 -774 -420 0 
432 -514 -951 0 
-883 -969 -886 0 
-641 -775 566 0 
-278 847 579 0 
-406 369 -424 0 
-429 777 934 0 
-5 -579 -657 0 
773 498 -874 0 
133 -189 -36 0 
334 -817 581 0 
-541 76 -118 0 
588 861 646 0 
-65 862 953 0 
642 -991 34 0 
-520 -94 933 0 
410 719 974 0 
588 1 789 0 
-831 -182 -586 0 
-820 -816 82 0 
-343 -564 872 0 
628 606 764 0 
642 667 140 0 
-338 287 769 0 
866 858 882 0 
640 -765 962 0 
140 927 -173 0 
984 223 740 0 
43 118 551 0 
-683 695 207 0 
591 333 -266 0 
128 -960 697 0 
-844 940 -781 0 
-94 -385 -693 0 
424 -748 482 0 
245 -135 853 0 
-298 813 373 0 
29 -973 779 0 
-993 185 -656 0 
840 -422 -534 0 
-171 745 -25 0 
-410 -291 -731 0 
-709 -309 -447 0 
-862 -861 -7 0 
629 444 28 0 
782 -299 -252 0 
658 -21 74 0 
-943 991 651 0 
355 805 -399 0 
348 942 -991 0 
-352 304 484 0 
-872 -81 -569 0 
-593 -173 719 0 
-105 611 212 0 
713 832 -963 0 
527 726 -986 0 
193 -364 -754 0 
-129 739 727 0 
765 -2 209 0 
-965 78 759 0 
-183 959 152 0 
634 -923 -365 0 
704 890 -648 0 
997 -582 158 0 
615 -430 57 0 
-24 647 699 0 
961 470 41 0 
989 -153 727 0 
-337 920 747 0 
-52 200 487 0 
862 -47 -330 0 
971 -398 721 0 
-772 -776 -833 0 
-308 481 684 0 
-490 432 -877 0 
775 -721 663 0 
-648 24 -179 0 
99 -640 -256 0 
276 607 -724 0 
853 -560 460 0 
-309 857 44 0 
-858 -358 -84 0 
-442 684 -648 0 
-595 -28 304 0 
757 923 45 0 
92 -741 305 0 
478 681 117 0 
656 -100 -798 0 
449 -854 729 0 
-211 -786 -324 0 
-326 227 418 0 
-489 996 274 0 
-871 240 -965 0 
687 -290 198 0 
-227 221 -269 0 
-291 -105 -826 0 
-625 -175 -497 0 
356 574 -683 0 
265 -229 424 0 
-587 566 -260 0 
-801 -721 -518 0 
-861 6 -358 0 
-916 670 -791 0 
-251 -792 -489 0 
16 856 -799 0 
-753 116 -374 0 
-146 -642 -168 0 
-441 -547 -210 0 
129 -791 123 0 
-412 315 154 0 
-696 -929 -783 0 
801 865 -306 0 
-419 486 -643 0 
-180 301 -498 0 
583 -13 857 0 
507 -923 156 0 
574 -109 887 0 
-368 970 -457 0 
-428 -753 688 0 
176 109 -821 0 
845 -693 -904 0 
-346 -434 756 0 
-464 -283 958 0 
78 237 -220 0 
-106 963 -413 0 
236 -73 109 0 
-608 -67 -24 0 
209 322 -719 0 
941 463 -808 0 
729 145 -989 0 
-636 818 342 0 
35 813 760 0 
299 -929 251 0 
-855 303 -610 0 
931 812 -212 0 
-115 936 -607 0 
249 443 581 0 
-701 -489 -993 0 
254 134 -798 0 
-83 569 -76 0 
-314 961 156 0 
-875 -311 -5 0 
-249 -810 327 0 
-727 -532 501 0 
989 746 697 0 
-901 -192 -869 0 
414 -117 -159 0 
886 -601 779 0 
95 -423 992 0 
-25 641 315 0 
-769 -605 200 0 
-600 -269 693 0 
-63 453 801 0 
36 806 484 0 
-641 -639 152 0 
-925 -798 -11 0 
-248 -523 -823 0 
-618 -279 255 0 
138 343 755 0 
-457 -424 761 0 
552 28 465 0 
939 355 765 0 
200 -245 -772 0 
523 -747 530 0 
-199 -338 608 0 
-773 573 -16 0 
429 -711 176 0 
387 569 -829 0 
-953 -541 -765 0 
147 -123 -99 0 
-86 185 936 0 
194 -466 -14 0 
-961 -22 723 0 
487 -477 -119 0 
-382 -188 142 0 
-454 734 419 0 
970 41 269 0 
463 -12 -700 0 
-646 -88 721 0 
-483 -481 727 0 
970 -433 200 0 
150 827 334 0 
-602 328 593 0 
-636 -485 -394 0 
-125 648 -946 0 
468 632 87 0 
125 -738 -381 0 
-380 662 -285 0 
-543 -699 -483 0 
-481 724 -661 0 
-192 -662 355 0 
-779 19 696 0 
-267 -993 -584 0 
539 -390 -904 0 
390 -381 936 0 
274 -567 -526 0 
84 231 959 0 
300 732 24 0 
249 -434 106 0 
223 -412 -12 0 
-656 55 11 0 
-994 965 -55 0 
650 -493 -224 0 
417 -92 -912 0 
-897 -469 -176 0 
174 -47 -402 0 
7 -814 453 0 
803 999 747 0 
-757 894 -793 0 
-799 991 -369 0 
888 613 995 0 
-12 939 605 0 
-603 363 -985 0 
592 809 211 0 
-999 -546 708 0 
362 964 -885 0 
-405 724 -36 0 
746 603 -467 0 
-902 -891 62 0 
-504 -960 128 0 
629 -583 -442 0 
512 633 727 0 
-833 -909 -58 0 
-594 -510 -975 0 
-302 -549 -137 0 
329 623 -450 0 
-336 8 344 0 
764 572 324 0 
834 999 146 0 
-948 -887 618 0 
-705 -734 -376 0 
-101 881 -615 0 
-498 -678 500 0 
-786 -33 -212 0 
-684 142 697 0 
-609 993 205 0 
-460 -629 -15 0 
293 26 942 0 
-199 -567 -895 0 
194 169 -761 0 
-353 -732 -796 0 
-790 237 501 0 
-398 670 -121 0 
754 926 808 0 
-95 608 852 0 
896 -311 996 0 
138 843 962 0 
929 -776 701 0 
-410 -911 -462 0 
643 592 112 0 
-122 -636 980 0 
961 -887 -937 0 
-261 112 -487 0 
-585 -643 344 0 
-29 993 67 0 
729 -852 235 0 
-341 664 237 0 
-73 -701 -3 0 
709 804 -977 0 
982 255 -184 0 
-290 322 986 0 
-495 17 572 0 
668 799 -896 0 
542 646 357 0 
910 929 -217 0 
-161 -351 130 0 
721 -865 141 0 
867 519 -650 0 
-835 -843 247 0 
880 779 62 0 
-498 330 257 0 
821 707 588 0 
-419 121 -793 0 
153 -89 -923 0 
627 -586 -762 0 
503 -293 -684 0 
295 -547 292 0 
-320 -641 -953 0 
793 764 534 0 
350 -839 -464 0 
-829 24 736 0 
90 -823 976 0 
392 -785 662 0 
947 -399 534 0 
147 95 748 0 
-323 -284 531 0 
471 93 -886 0 
203 -891 -33 0 
-657 405 -226 0 
-6 18 -934 0 
947 -880 -316 0 
-799 -904 610 0 
549 543 -175 0 
-984 12 -949 0 
-572 698 -855 0 
57 -613 -494 0 
-631 53 -649 0 
-436 -519 895 0 
-941 -94 321 0 
683 -493 576 0 
968 -870 -601 0 
-488 860 962 0 
-41 120 -202 0 
458 851 736 0 
37 -269 -652 0 
-610 -346 37 0 
662 65 -754 0 
725 317 585 0 
538 -454 818 0 
-929 868 -223 0 
585 -264 -429 0 
-862 -357 566 0 
-386 31 -391 0 
-183 -569 -778 0 
576 -722 55 0 
383 5 935 0 
-653 9 839 0 
383 -420 -362 0 
-801 -561 -260 0 
-791 20 436 0 
-336 -206 80 0 
-889 657 -747 0 
491 -269 -689 0 
-360 731 -31 0 
-359 -352 -98 0 
747 848 -209 0 
-806 -547 -84 0 
136 -12 597 0 
121 -180 480 0 
827 823 961 0 
-271 -101 951 0 
902 59 -708 0 
259 741 383 0 
743 141 737 0 
425 -31 603 0 
194 841 745 0 
956 368 196 0 
581 -963 483 0 
395 925 347 0 
447 -2 86 0 
170 79 -758 0 
-665 -134 -297 0 
-698 691 737 0 
1000 562 -353 0 
-85 575 -371 0 
-577 622 -478 0 
-668 39 515 0 
-53 -710 935 0 
-701 191 -241 0 
249 98 -807 0 
-344 45 545 0 
-471 451 113 0 
772 167 -134 0 
-476 -303 -51 0 
892 -581 647 0 
137 -956 -304 0 
629 -498 799 0 
112 -288 -951 0 
-811 7 -190 0 
-908 732 496 0 
-631 -278 763 0 
518 758 -684 0 
-661 -263 -844 0 
-35 -804 -736 0 
873 918 -67 0 
260 914 724 0 
447 -954 -229 0 
-581 -57 728 0 
-194 -299 -770 0 
-42 -266 112 0 
484 -66 559 0 
134 -819 42 0 
-390 708 -648 0 
238 906 -391 0 
-545 262 -955 0 
-687 756 983 0 
472 439 -974 0 
651 70 83 0 
-132 -128 419 0 
-630 416 -902 0 
34 775 794 0 
-256 -399 -901 0 
-543 -176 215 0 
-528 -459 -651 0 
-721 -542 611 0 
936 -493 -600 0 
-34 -571 545 0 
149 -867 975 0 
-981 -172 -714 0 
553 -290 -335 0 
897 245 -921 0 
-132 -321 -656 0 
-965 -839 976 0 
75 824 -329 0 
505 -655 -9 0 
674 918 -541 0 
72 151 63 0 
250 -516 -331 0 
589 -981 938 0 
-244 -754 702 0 
529 511 81 0 
-607 -276 -991 0 
141 -589 719 0 
235 -4 788 0 
-49 57 -508 0 
991 -518 194 0 
423 -195 -370 0 
882 -870 259 0 
410 537 523 0 
224 129 -32 0 
303 -657 -599 0 
-51 -281 -844 0 
542 -279 121 0 
100 86 -29 0 
83 464 203 0 
-807 -278 334 0 
609 -22 975 0 
-270 -900 -514 0 
-370 256 -597 0 
486 -329 -681 0 
7 -161 257 0 
-847 -169 -820 0 
-472 227 101 0 
702 61 -788 0 
-862 481 13 0 
150 -657 837 0 
-112 -575 -173 0 
647 800 472 0 
-307 33 877 0 
559 -354 128 0 
292 -994 424 0 
938 510 -360 0 
541 239 -395 0 
-707 828 934 0 
976 -422 133 0 
571 -248 -16 0 
-1 467 228 0 
647 -600 176 0 
868 193 -247 0 
-315 -803 -193 0 
-584 142 -759 0 
825 -954 -238 0 
-77 -386 -181 0 
-555 -907 -506 0 
-691 49 621 0 
99 293 -305 0 
491 -235 -759 0 
710 -941 -602 0 
244 59 49 0 
736 -310 -563 0 
113 396 127 0 
-93 588 853 0 
-185 523 116 0 
46 -609 -962 0 
128 -500 739 0 
173 -470 759 0 
-331 -904 897 0 
580 838 -705 0 
-860 -862 -342 0 
316 975 323 0 
-601 687 -299 0 
464 -648 -284 0 
-78 -92 -807 0 
911 244 329 0 
16 -36 503 0 
235 96 746 0 
259 -1000 -825 0 
-330 -382 -94 0 
-268 543 26 0 
-799 -384 -126 0 
-377 -320 332 0 
430 -629 -97 0 
-417 490 -686 0 
471 800 -829 0 
862 573 725 0 
26 -279 -750 0 
390 -346 -144 0 
-271 977 232 0 
-3 -453 -556 0 
363 -52 -83 0 
-787 -119 230 0 
-627 925 -918 0 
-101 937 820 0 
515 -568 427 0 
746 470 -737 0 
114 -206 877 0 
-108 -567 -580 0 
900 -909 429 0 
420 -362 666 0 
21 781 -517 0 
862 -828 336 0 
-901 726 600 0 
-538 -936 -775 0 
-337 -382 -520 0 
433 223 -802 0 
112 -730 835 0 
-286 330 984 0 
-418 -105 -508 0 
575 -767 709 0 
-120 113 -669 0 
343 -52 -375 0 
-261 -832 -901 0 
-623 801 -579 0 
904 -88 -989 0 
-463 402 423 0 
824 -40 9 0 
463 -93 999 0 
300 -52 -347 0 
-474 -692 520 0 
-620 -945 128 0 
-637 -192 477 0 
272 269 -405 0 
-697 -404 -86 0 
851 -281 538 0 
170 -628 103 0 
215 -849 -806 0 
-38 -867 37 0 
-405 673 101 0 
-240 119 463 0 
-185 785 887 0 
310 776 799 0 
979 -307 223 0 
-588 953 78 0 
-398 187 539 0 
469 669 604 0 
-332 327 -91 0 
258 -437 225 0 
616 823 -876 0 
-897 -650 446 0 
-562 -552 445 0 
-643 338 -329 0 
-646 965 -648 0 
-149 -864 -77 0 
-891 -407 -685 0 
-348 617 918 0 
672 -694 -229 0 
-243 -538 -604 0 
-948 -474 176 0 
729 360 -398 0 
-212 -270 -670 0 
471 656 830 0 
117 -757 -388 0 
-188 -755 525 0 
-113 -206 -106 0 
-508 -453 -273 0 
629 -722 738 0 
-204 -575 -94 0 
-755 -476 -419 0 
901 540 475 0 
489 -363 -458 0 
488 -416 -81 0 
-18 -839 703 0 
835 440 284 0 
-680 657 -107 0 
-149 889 -490 0 
-629 403 624 0 
644 838 254 0 
-123 700 798 0 
284 -896 921 0 
353 445 406 0 
-143 978 -629 0 
785 904 -65 0 
-267 253 474 0 
245 -730 -698 0 
29 -747 -592 0 
-946 506 587 0 
-448 941 -710 0 
-5 935 318 0 
720 -24 -377 0 
987 -824 -601 0 
15 628 508 0 
895 669 138 0 
-895 -979 -899 0 
-895 -58 90 0 
-368 -782 -326 0 
409 876 51 0 
-837 513 742 0 
-150 754 920 0 
-717 -864 503 0 
-127 701 -397 0 
32 -815 -93 0 
-825 -763 929 0 
-742 156 -278 0 
-129 -107 44 0 
985 391 -508 0 
-422 553 395 0 
677 -559 -683 0 
-207 428 -195 0 
293 660 802 0 
789 122 -219 0 
-229 634 -929 0 
-553 521 674 0 
-584 855 -185 0 
-377 -463 -528 0 
-407 -412 -134 0 
763 -924 478 0 
107 708 390 0 
554 866 -134 0 
929 705 894 0 
47 199 -347 0 
880 -287 130 0 
538 328 -394 0 
932 332 578 0 
-115 -38 -893 0 
31 539 -720 0 
448 23 -896 0 
-960 -56 720 0 
-561 334 -250 0 
498 852 -14 0 
838 831 -44 0 
494 301 398 0 
-198 849 -449 0 
24 -67 -815 0 
-626 -784 842 0 
-599 -657 65 0 
347 528 719 0 
170 -805 -839 0 
473 -318 -643 0 
385 -619 924 0 
915 -156 892 0 
-815 -306 886 0 
785 -378 -662 0 
-346 579 859 0 
-116 601 -575 0 
310 30 637 0 
-338 506 16 0 
467 -536 -416 0 
-590 -665 -369 0 
-747 220 311 0 
-435 -717 201 0 
-15 -115 425 0 
857 -709 703 0 
249 815 67 0 
581 710 -301 0 
56 309 784 0 
826 -312 702 0 
-545 261 742 0 
-959 -378 229 0 
-760 -567 714 0 
927 -6 769 0 
723 761 787 0 
-53 519 -953 0 
930 -605 -424 0 
-47 688 816 0 
-335 -267 -624 0 
553 841 539 0 
-634 286 348 0 
-601 532 725 0 
623 -607 659 0 
990 -408 656 0 
-19 545 649 0 
-920 286 470 0 
670 133 -425 0 
-163 49 479 0 
-332 -107 -352 0 
736 996 -644 0 
-484 -38 561 0 
665 -187 872 0 
762 213 505 0 
-377 264 -934 0 
-634 797 -882 0 
-539 603 -30 0 
180 305 -751 0 
-824 305 843 0 
-713 400 -532 0 
-322 -799 -162 0 
758 94 -706 0 
368 168 -153 0 
630 701 399 0 
542 -362 -651 0 
-244 698 -918 0 
-345 859 -291 0 
-1000 -763 -878 0 
-463 -352 487 0 
-359 -355 -727 0 
333 624 278 0 
-582 979 494 0 
-431 621 541 0 
-745 927 -952 0 
-724 -820 612 0 
-213 499 746 0 
-832 996 -780 0 
471 -974 388 0 
-376 -167 270 0 
-157 -367 -492 0 
627 710 378 0 
531 -182 790 0 
159 951 -733 0 
-898 -770 42 0 
952 -49 518 0 
-509 60 613 0 
948 -222 -413 0 
-787 -243 967 0 
-838 -491 16 0 
-526 637 -603 0 
-520 -115 -762 0 
207 -883 -971 0 
-769 438 943 0 
-738 456 895 0 
205 -748 126 0 
-477 -153 -562 0 
71 -12 -181 0 
-787 503 -575 0 
-376 945 -727 0 
389 -101 -524 0 
193 -730 461 0 
-363 194 729 0 
553 81 -603 0 
-297 -499 -814 0 
791 -932 -589 0 
-514 719 260 0 
744 578 500 0 
768 -598 950 0 
964 207 309 0 
-5 -166 799 0 
35 -652 -743 0 
937 131 920 0 
423 -526 702 0 
-785 443 -164 0 
973 681 760 0 
479 -861 86 0 
916 -542 -437 0 
722 -999 -903 0 
237 -997 -256 0 
-304 -661 -789 0 
-889 -576 -498 0 
515 766 953 0 
952 -493 682 0 
873 -582 262 0 
-724 210 -135 0 
528 318 -722 0 
497 441 -42 0 
-647 52 -956 0 
198 -450 133 0 
673 -540 392 0 
-876 274 995 0 
-323 -500 659 0 
-279 -612 280 0 
-303 120 93 0 
-993 -604 -625 0 
-278 149 -253 0 
259 403 -35 0 
-104 672 898 0 
623 -651 134 0 
-207 -462 657 0 
-892 675 -328 0 
711 355 -42 0 
-35 -164 203 0 
-845 744 872 0 
-277 996 -479 0 
234 -749 72 0 
168 -990 353 0 
-292 -910 -671 0 
545 -913 -573 0 
754 992 29 0 
584 -150 371 0 
420 674 -284 0 
808 -237 54 0 
-962 -418 -474 0 
532 -398 888 0 
817 210 -137 0 
-86 -873 -497 0 
551 -633 618 0 
218 204 793 0 
9 917 875 0 
-384 -754 -463 0 
-104 -418 5 0 
-368 -565 515 0 
837 -291 980 0 
497 -236 477 0 
259 292 846 0 
282 630 741 0 
556 528 -167 0 
753 287 -292 0 
-615 -331 -877 0 
-409 -489 952 0 
-450 737 -942 0 
861 143 -417 0 
-634 76 -724 0 
-286 -334 -765 0 
697 394 469 0 
-149 -51 -958 0 
903 -356 -109 0 
-985 -59 5 0 
736 190 635 0 
774 607 6 0 
143 -466 -659 0 
492 -415 -180 0 
-194 754 913 0 
-811 -200 -932 0 
886 -588 -968 0 
147 972 168 0 
-608 -856 -802 0 
283 567 16 0 
-619 -169 -391 0 
-146 576 208 0 
-118 -720 -368 0 
462 110 -543 0 
-747 -461 335 0 
-584 699 -717 0 
812 -663 -716 0 
676 723 -481 0 
-282 554 972 0 
-158 -265 -264 0 
67 -382 575 0 
219 -262 -550 0 
770 301 794 0 
-700 12 313 0 
-376 -843 -416 0 
450 143 -807 0 
-394 -710 -315 0 
-175 -78 81 0 
-407 -899 -995 0 
549 -234 -444 0 
-514 -10 -170 0 
-405 646 164 0 
255 795 713 0 
638 -103 -59 0 
-519 689 750 0 
-166 73 156 0 
782 615 -681 0 
868 -456 404 0 
-958 802 661 0 
-832 -735 701 0 
-317 500 640 0 
-790 172 146 0 
-184 531 -23 0 
896 607 -476 0 
648 -629 220 0 
-362 -207 318 0 
921 -158 -55 0 
-572 -214 405 0 
411 -877 -573 0 
-631 -91 -304 0 
-529 -701 228 0 
335 -76 -952 0 
405 470 886 0 
-347 405 -416 0 
-897 764 568 0 
173 -812 125 0 
-372 109 -884 0 
-87 533 795 0 
-573 -563 747 0 
696 959 349 0 
-457 -156 -149 0 
113 307 636 0 
-676 -995 -101 0 
689 -64 376 0 
326 634 225 0 
722 365 85 0 
-299 -266 432 0 
856 808 -602 0 
389 81 -856 0 
193 -380 542 0 
238 272 -533 0 
-208 628 -103 0 
207 -427 105 0 
-421 668 -782 0 
-849 388 474 0 
-594 794 121 0 
677 -35 914 0 
239 922 859 0 
-158 -201 44 0 
-812 237 -691 0 
-410 431 -404 0 
-455 158 -106 0 
-115 806 -366 0 
-27 -972 424 0 
866 928 692 0 
-118 -569 713 0 
-972 103 916 0 
-686 -969 340 0 
990 924 358 0 
-462 -1000 -907 0 
-815 -476 -658 0 
229 -376 -247 0 
-886 106 -791 0 
809 396 -893 0 
-129 -183 -339 0 
-614 -211 -621 0 
-444 -722 251 0 
-421 -252 -961 0 
-271 650 366 0 
565 784 -687 0 
519 -896 -435 0 
-572 704 950 0 
-835 -515 363 0 
440 -331 -30 0 
-275 173 968 0 
-365 -304 918 0 
-709 256 -815 0 
-556 861 -890 0 
-942 606 -106 0 
-458 169 30 0 
777 -159 -697 0 
91 -842 533 0 
226 774 480 0 
-435 868 66 0 
-705 -182 -177 0 
-150 -163 833 0 
-55 -383 -95 0 
-258 -33 610 0 
-686 68 5 0 
-635 957 -994 0 
71 -890 -349 0 
-801 546 927 0 
777 10 -34 0 
761 310 472 0 
100 314 74 0 
-199 259 294 0 
-141 175 337 0 
-977 665 -141 0 
152 -38 630 0 
-458 2 336 0 
-974 966 -143 0 
447 855 -764 0 
-704 -931 -84 0 
630 413 -253 0 
-736 798 912 0 
591 -302 309 0 
18 -65 251 0 
360 -637 -373 0 
-665 -887 -298 0 
680 490 -293 0 
487 -375 -117 0 
972 376 -606 0 
222 621 237 0 
738 -596 774 0 
47 644 470 0 
778 -438 -589 0 
-941 -816 532 0 
-548 788 -706 0 
565 -316 -731 0 
-509 779 -166 0 
307 -823 228 0 
-882 -426 -730 0 
310 391 856 0 
813 983 -352 0 
-569 -546 54 0 
143 -274 -122 0 
-40 664 -261 0 
-242 545 -190 0 
315 517 -665 0 
628 429 684 0 
-187 -260 -427 0 
694 528 864 0 
649 335 -591 0 
-713 -205 -710 0 
-72 -545 266 0 
-485 515 -88 0 
114 -420 896 0 
508 625 -46 0 
276 -160 -425 0 
-37 812 -825 0 
410 -927 -405 0 
-406 -892 967 0 
-624 -198 -357 0 
174 -438 340 0 
-150 -749 -853 0 
566 414 -775 0 
913 -609 184 0 
80 -991 398 0 
-230 -767 490 0 
961 -405 327 0 
648 536 -216 0 
-897 -487 -508 0 
-992 -792 -322 0 
-552 519 377 0 
526 454 -460 0 
-470 85 -742 0 
48 -598 -218 0 
147 -613 776 0 
521 -817 -449 0 
849 64 646 0 
128 -814 41 0 
143 462 119 0 
-250 878 959 0 
213 173 -411 0 
-229 -269 310 0 
-844 879 -999 0 
-520 -330 621 0 
361 889 -471 0 
362 -604 -299 0 
594 -654 246 0 
28 -203 624 0 
-548 796 -455 0 
268 -510 -310 0 
845 -818 423 0 
-464 -819 380 0 
-590 527 -373 0 
926 644 358 0 
509 -821 -21 0 
397 -295 625 0 
-221 -850 250 0 
391 -284 605 0 
37 -343 236 0 
113 240 595 0 
736 457 -488 0 
120 -780 480 0 
-357 356 574 0 
115 -697 94 0 
543 -412 481 0 
-660 -361 967 0 
803 -578 747 0 
-917 -166 -989 0 
-406 394 393 0 
-1 923 959 0 
920 -129 524 0 
-383 -324 449 0 
456 -429 -226 0 
211 206 -424 0 
232 -64 -332 0 
743 253 -20 0 
-121 631 -345 0 
-75 -331 -165 0 
-256 -442 775 0 
135 -163 -201 0 
420 753 -770 0 
-965 348 279 0 
-292 956 -330 0 
525 -676 739 0 
-546 -972 415 0 
780 -671 288 0 
-748 -555 633 0 
-829 851 -396 0 
32 -248 -726 0 
339 556 984 0 
-369 -622 512 0 
209 -53 601 0 
-530 -334 -408 0 
831 -869 -186 0 
-429 414 -991 0 
835 -314 955 0 
983 -30 -200 0 
63 408 -395 0 
-69 -312 -299 0 
671 -458 -74 0 
-939 2 -482 0 
-212 -987 43 0 
667 450 -720 0 
-59 756 -398 0 
-120 616 59 0 
483 -253 142 0 
449 465 21 0 
895 170 476 0 
-533 923 395 0 
-540 662 61 0 
-665 153 -779 0 
400 546 980 0 
-739 119 203 0 
-981 482 -975 0 
786 -586 -710 0 
-802 -498 -141 0 
347 -50 38 0 
292 -354 -568 0 
-223 270 169 0 
444 131 769 0 
198 -734 -61 0 
-800 393 882 0 
979 700 -885 0 
-872 -415 -751 0 
32 908 629 0 
-176 201 6 0 
616 -48 852 0 
-559 553 -722 0 
-238 414 -869 0 
464 -829 -67 0 
11 -212 -578 0 
-442 -826 -758 0 
-87 864 353 0 
-28 -262 -49 0 
764 653 -239 0 
-416 766 156 0 
763 275 401 0 
-701 339 790 0 
984 -499 752 0 
860 -998 -825 0 
-590 -750 67 0 
608 723 -444 0 
668 -214 873 0 
-857 759 -127 0 
-532 640 637 0 
-154 -580 -527 0 
202 -993 556 0 
171 -694 -417 0 
825 -323 -508 0 
-851 -989 -333 0 
929 -786 133 0 
-800 -162 -304 0 
833 227 -787 0 
-75 -621 177 0 
-808 -490 379 0 
-667 86 343 0 
639 141 -768 0 
-974 -868 295 0 
-50 765 345 0 
646 309 -344 0 
-431 -282 -4 0 
448 136 117 0 
-817 193 223 0 
996 -134 -351 0 
858 -813 -282 0 
809 -674 -550 0 
304 -278 -894 0 
-912 -36 -570 0 
857 648 -991 0 
299 -147 125 0 
20 -866 -920 0 
713 -966 -672 0 
-808 876 810 0 
823 -829 678 0 
-4 -761 252 0 
-945 74 -331 0 
-382 -662 234 0 
-32 188 306 0 
988 503 -676 0 
91 -279 887 0 
851 347 156 0 
-484 -294 264 0 
29 415 -807 0 
-229 774 -379 0 
190 90 -802 0 
-86 -494 886 0 
465 -749 -208 0 
862 -3 201 0 
-504 -572 884 0 
813 -957 58 0 
300 199 598 0 
850 -283 -890 0 
-938 -158 -851 0 
212 798 -920 0 
577 -783 135 0 
-996 619 99 0 
140 -259 -185 0 
-308 -231 171 0 
545 -701 596 0 
800 -922 -92 0 
279 -298 575 0 
-940 768 -927 0 
782 558 93 0 
-95 578 -572 0 
-649 246 365 0 
-382 -374 -465 0 
-658 674 -751 0 
-553 940 -292 0 
-371 -284 -600 0 
163 -867 32 0 
-843 -868 -886 0 
-501 611 -810 0 
-626 -120 -802 0 
-755 545 394 0 
96 -116 -660 0 
220 197 -218 0 
455 -172 653 0 
270 -4 987 0 
800 -177 762 0 
-209 562 612 0 
168 161 -821 0 
215 -974 846 0 
-7 176 517 0 
394 166 174 0 
314 -119 -945 0 
840 957 -231 0 
648 191 488 0 
-733 219 -938 0 
364 -768 560 0 
-810 -848 145 0 
690 -201 -162 0 
-129 80 176 0 
-554 449 171 0 
-664 -770 558 0 
2 -549 483 0 
-904 -393 -394 0 
-616 -771 619 0 
-115 -41 -833 0 
379 -719 365 0 
-835 -13 -550 0 
486 -412 564 0 
-771 -41 630 0 
-173 -992 744 0 
512 360 -215 0 
860 383 -618 0 
-950 -815 234 0 
220 92 -727 0 
791 826 465 0 
-302 -314 -562 0 
788 819 -574 0 
2 -557 306 0 
363 -308 375 0 
787 -32 311 0 
488 637 -368 0 
-110 -788 359 0 
-27 -591 639 0 
838 -591 129 0 
-11 -246 -567 0 
-680 657 -397 0 
-600 872 -999 0 
-379 610 -444 0 
-612 -317 -331 0 
-646 -471 -702 0 
-210 -829 867 0 
267 -348 -370 0 
-246 68 175 0 
70 980 710 0 
762 -225 -185 0 
-308 -959 539 0 
-817 -899 776 0 
-1 255 -74 0 
-779 686 402 0 
-909 -886 857 0 
651 -805 670 0 
895 -12 -416 0 
535 651 56 0 
-21 -672 -108 0 
-688 16 -527 0 
-600 -92 39 0 
547 627 946 0 
54 -405 791 0 
-449 -272 472 0 
-591 483 777 0 
-827 -395 -921 0 
713 231 -595 0 
-291 406 -183 0 
-564 409 -132 0 
248 843 -49 0 
-38 -338 -446 0 
-209 -435 -61 0 
470 97 43 0 
-378 630 -258 0 
-8 653 126 0 
282 359 451 0 
-687 469 555 0 
-264 966 807 0 
618 445 -679 0 
953 -231 693 0 
495 524 881 0 
-275 -907 -414 0 
730 -473 -70 0 
714 225 -290 0 
-954 940 -240 0 
-755 331 -547 0 
-930 -575 500 0 
518 -485 810 0 
-627 811 737 0 
-37 329 91 0 
902 358 608 0 
-987 500 -122 0 
-717 748 -327 0 
-185 548 -775 0 
873 468 578 0 
-256 -105 -737 0 
-700 -125 390 0 
661 -838 332 0 
-571 45 741 0 
-715 211 382 0 
819 -365 -485 0 
-905 -781 600 0 
200 -29 398 0 
148 -154 293 0 
-523 755 -372 0 
544 -429 -123 0 
986 -81 120 0 
320 -224 44 0 
325 217 -208 0 
634 557 331 0 
8 566 934 0 
320 549 234 0 
-734 -974 -133 0 
-884 200 261 0 
269 -397 154 0 
910 -286 -875 0 
-536 -96 630 0 
726 949 -351 0 
986 -359 566 0 
-637 371 149 0 
428 -664 -601 0 
452 275 471 0 
23 -349 519 0 
743 -868 -326 0 
-317 -729 735 0 
808 1000 -852 0 
474 -828 333 0 
535 -332 649 0 
-857 751 507 0 
-880 294 199 0 
-583 -435 743 0 
147 -641 -639 0 
292 -787 4 0 
68 720 -373 0 
-805 944 263 0 
-22 461 -796 0 
174 -760 -390 0 
-298 -43 -754 0 
-79 -335 -94 0 
-992 -805 -810 0 
37 962 936 0 
597 710 288 0 
