p cnf 1000 2200
823 635 386 0 
151 862 -612 0 
-677 -21 200 0 
280 52 486 0 
-326 -740 640 0 
797 -475 902 0 
581 -966 -110 0 
-330 -307 876 0 
-210 -697 646 0 
-700 -544 655 0 
-769 212 88 0 
-288 -404 451 0 
545 -836 67 0 
-635 -969 -25 0 
-186 948 106 0 
31 -132 320 0 
922 -504 -810 0 
267 -773 -320 0 
-298 842 -308 0 
-17 -715 -446 0 
782 377 968 0 
-601 657 -921 0 
658 -111 -695 0 
667 -818 -789 0 
-216 -201 828 0 
465 -230 -505 0 
336 443 71 0 
869 278 -351 0 
613 -135 -350 0 
-202 -24 -468 0 
503 997 -745 0 
754 969 -448 0 
-557 -91 20 0 
-922 -671 -544 0 
538 -704 566 0 
824 -471 216 0 
595 354 -252 0 
71 193 119 0 
-296 845 501 0 
-77 -589 890 0 
-446 -598 537 0 
-61 -164 13 0 
-290 -747 -816 0 
-17 -843 946 0 
506 857 639 0 
670 714 427 0 
-779 608 -54 0 
-64 978 -587 0 
859 -335 37 0 
599 871 59 0 
663 351 -242 0 
-401 -980 -962 0 
344 713 -886 0 
534 -339 386 0 
-567 217 972 0 
-411 -241 -31 0 
284 326 -470 0 
395 733 -840 0 
-213 555 486 0 
205 -376 109 0 
698 873 -623 0 
-944 -429 910 0 
-674 727 -902 0 
-167 -633 719 0 
-184 -781 -177 0 
657 335 -610 0 
652 781 153 0 
633 76 306 0 
-639 879 -87 0 
-863 274 -540 0 
-965 465 -125 0 
157 806 -283 0 
-909 -506 339 0 
-366 -290 352 0 
68 617 -621 0 
-447 -225 446 0 
882 -911 -703 0 
-141 334 -976 0 
-835 378 75 0 
-752 564 -398 0 
-341 854 -615 0 
-336 -500 -47 0 
-341 -305 -1 0 
-444 183 -478 0 
758 -966 948 0 
-451 -346 -449 0 
565 806 478 0 
-76 -500 369 0 
870 392 -789 0 
-592 -807 -606 0 
-225 507 -582 0 
-429 -286 221 0 
740 -987 -235 0 
-546 327 -763 0 
114 -10 -613 0 
851 338 779 0 
-24 415 -173 0 
-506 118 -448 0 
540 -140 -927 0 
895 -410 -423 0 
-903 -214 -447 0 
958 -150 -602 0 
839 -359 113 0 
-398 641 -551 0 
-353 -307 636 0 
132 842 -705 0 
397 319 649 0 
-360 465 821 0 
436 48 -258 0 
-744 915 -365 0 
-94 966 -220 0 
280 231 918 0 
-625 741 -634 0 
288 178 -367 0 
-298 -535 -4 0 
-890 550 816 0 
-906 -15 -197 0 
635 -705 -966 0 
-567 -191 -601 0 
857 971 -347 0 
188 -230 453 0 
207 949 -210 0 
-701 101 -244 0 
-162 -428 -464 0 
-361 -698 561 0 
956 -347 -927 0 
-925 219 -364 0 
-332 6 195 0 
-86 675 -443 0 
-686 481 -763 0 
884 -153 -299 0 
93 714 528 0 
-684 -269 155 0 
319 -497 183 0 
583 -831 617 0 
-243 329 -129 0 
792 -712 940 0 
-108 616 182 0 
-287 -283 460 0 
-535 -306 519 0 
-212 816 774 0 
606 681 -548 0 
-538 882 -632 0 
901 -984 -155 0 
507 544 708 0 
-400 -167 286 0 
-560 605 -74 0 
-391 208 -639 0 
243 909 605 0 
-820 856 -328 0 
352 -689 176 0 
741 -446 -369 0 
-98 463 -735 0 
-76 60 -637 0 
-843 201 728 0 
79 -303 -486 0 
378 -469 716 0 
549 478 -270 0 
198 -385 683 0 
425 -399 -465 0 
141 -663 236 0 
-573 1 -364 0 
228 467 548 0 
573 329 -55 0 
765 99 871 0 
-819 983 -717 0 
19 976 527 0 
-139 944 610 0 
-241 117 322 0 
69 203 147 0 
579 -345 -62 0 
-768 -137 375 0 
77 336 198 0 
-432 -336 -111 0 
-300 257 -281 0 
537 -681 235 0 
-126 220 -320 0 
559 233 678 0 
641 290 24 0 
-969 596 528 0 
389 -413 -882 0 
-936 655 660 0 
898 222 -542 0 
-313 -715 674 0 
761 -504 -994 0 
-509 -573 -379 0 
-875 -752 -503 0 
919 18 -176 0 
-477 -653 -736 0 
-138 -430 806 0 
-62 382 998 0 
-690 207 672 0 
83 -517 776 0 
163 692 -744 0 
-793 291 243 0 
538 -781 595 0 
301 188 703 0 
359 774 405 0 
145 808 -707 0 
-485 948 -720 0 
-108 -14 -885 0 
-119 -657 -805 0 
198 657 -551 0 
-816 751 -293 0 
41 -756 171 0 
-824 518 -750 0 
-292 -798 -36 0 
-959 -249 -399 0 
630 -856 -958 0 
868 -689 -342 0 
342 203 250 0 
639 -177 -470 0 
-75 -654 -156 0 
51 -739 705 0 
914 679 -165 0 
166 751 814 0 
790 -558 -605 0 
-713 -574 -731 0 
409 372 -356 0 
-143 -970 125 0 
198 333 -172 0 
168 227 882 0 
-860 -588 -997 0 
-117 283 -432 0 
-114 985 -140 0 
799 65 403 0 
258 -943 770 0 
576 -567 -589 0 
-152 160 909 0 
-685 975 408 0 
520 970 161 0 
-544 -917 -418 0 
-552 -586 341 0 
54 -164 313 0 
676 -926 830 0 
601 700 -994 0 
-696 -553 -163 0 
-844 623 -925 0 
-991 -733 -761 0 
-624 917 625 0 
-630 -999 300 0 
-786 -126 454 0 
-298 50 304 0 
-457 961 -162 0 
277 -865 322 0 
-874 762 925 0 
8 189 -847 0 
-308 -785 -90 0 
990 -748 773 0 
823 -711 -939 0 
9 264 -61 0 
378 224 -386 0 
-979 -42 -947 0 
327 -725 -872 0 
789 -904 534 0 
839 469 353 0 
-561 -176 441 0 
587 330 -320 0 
688 627 -284 0 
941 109 14 0 
243 -151 -939 0 
-586 844 712 0 
-103 -390 -99 0 
141 687 483 0 
765 761 -307 0 
556 269 341 0 
632 639 958 0 
103 -586 187 0 
743 -720 -570 0 
-196 -519 210 0 
-105 -743 810 0 
-928 -296 780 0 
623 638 660 0 
-237 279 363 0 
-927 -756 -808 0 
175 -147 -203 0 
-754 126 188 0 
-912 -209 -832 0 
719 -169 -421 0 
-192 387 182 0 
843 -924 -100 0 
442 -880 -890 0 
691 380 -900 0 
-336 -982 243 0 
-892 -132 -669 0 
741 -552 1000 0 
-105 -499 778 0 
393 -617 -399 0 
77 -181 423 0 
-417 535 84 0 
280 206 504 0 
-468 -74 4 0 
-787 645 561 0 
-288 511 -733 0 
220 831 -583 0 
817 -619 502 0 
467 110 -822 0 
-932 -554 -351 0 
-794 -111 -223 0 
613 -774 196 0 
-929 447 -834 0 
858 74 277 0 
-120 309 734 0 
893 974 -722 0 
100 -518 663 0 
296 -714 414 0 
936 344 965 0 
110 -749 299 0 
-304 855 574 0 
648 -947 22 0 
-814 -699 466 0 
-7 268 475 0 
-243 -750 -762 0 
-688 -836 -921 0 
96 163 257 0 
142 -184 -870 0 
-77 -893 -500 0 
660 582 -493 0 
588 172 -855 0 
-375 -639 -827 0 
-140 -124 -82 0 
-743 49 124 0 
-919 934 823 0 
-938 498 234 0 
547 -334 -901 0 
-720 -458 396 0 
364 -776 891 0 
375 -196 -171 0 
-610 -525 670 0 
-327 -351 -591 0 
-521 112 -148 0 
-934 800 427 0 
244 668 -397 0 
43 555 97 0 
908 -941 350 0 
-849 12 -23 0 
457 945 432 0 
-62 -114 -661 0 
236 -370 -247 0 
5 -611 133 0 
372 -59 -765 0 
604 683 841 0 
-980 -381 19 0 
958 778 557 0 
-541 601 -857 0 
-698 691 -307 0 
-232 804 -218 0 
-61 898 -620 0 
-158 -586 -421 0 
741 -536 418 0 
-160 -281 -621 0 
-466 53 -148 0 
-23 -729 -29 0 
-430 -995 485 0 
-589 760 -963 0 
-773 201 -346 0 
942 588 -305 0 
-452 420 914 0 
-980 966 -559 0 
349 -283 -176 0 
98 -917 -195 0 
-749 -608 -151 0 
308 -747 339 0 
-869 204 -154 0 
-291 968 -969 0 
-424 998 761 0 
393 58 314 0 
-385 -754 -384 0 
303 -490 470 0 
638 -426 -715 0 
247 -551 -814 0 
565 276 -224 0 
994 -230 946 0 
-681 -397 488 0 
-548 -992 -477 0 
-197 454 653 0 
-719 -295 -281 0 
-686 -535 -945 0 
282 821 -634 0 
790 -585 792 0 
167 738 -689 0 
-480 749 428 0 
-502 -243 -843 0 
-773 -692 946 0 
587 -560 -500 0 
-711 623 -502 0 
-228 -697 268 0 
-618 603 -16 0 
-777 -929 -801 0 
-272 226 426 0 
-869 246 -317 0 
317 -650 -764 0 
-302 -425 -90 0 
-460 165 -467 0 
897 688 -838 0 
167 984 18 0 
836 -914 839 0 
198 -450 -832 0 
-913 598 862 0 
682 -920 456 0 
529 257 640 0 
-853 -581 -804 0 
-599 744 325 0 
-623 -26 -125 0 
120 908 -942 0 
-88 293 -162 0 
969 -76 276 0 
-974 341 -109 0 
-640 -216 -652 0 
411 -104 -982 0 
-231 674 -998 0 
459 -762 -254 0 
-8 -487 -119 0 
-540 -539 131 0 
956 -830 -981 0 
-754 -617 -887 0 
-361 -795 654 0 
618 736 288 0 
304 536 531 0 
-553 -420 -893 0 
-48 -9 454 0 
16 -690 -115 0 
-122 289 -449 0 
278 442 -344 0 
314 737 615 0 
-407 -275 -339 0 
-814 -860 316 0 
862 591 732 0 
-951 247 919 0 
-548 -597 974 0 
-937 497 717 0 
721 88 363 0 
328 523 231 0 
-320 -910 -340 0 
856 -207 -117 0 
989 887 394 0 
-133 -60 -658 0 
705 433 424 0 
-453 -956 -479 0 
450 -33 -64 0 
686 -768 -720 0 
-187 556 -206 0 
368 -31 -254 0 
-429 12 762 0 
462 767 -733 0 
719 106 -180 0 
703 -602 -556 0 
-742 -965 209 0 
-762 -188 33 0 
195 543 371 0 
-551 866 569 0 
969 -655 935 0 
-891 -595 -681 0 
325 -220 258 0 
-67 -814 16 0 
35 425 -195 0 
-792 -413 -275 0 
-278 638 647 0 
532 535 -168 0 
-284 -907 499 0 
448 342 653 0 
13 62 -159 0 
291 740 -545 0 
-428 -831 87 0 
778 363 -775 0 
-541 626 -242 0 
-400 -518 966 0 
742 -129 715 0 
-578 333 -294 0 
906 592 865 0 
482 378 -540 0 
-815 -720 -375 0 
-479 -559 162 0 
-233 461 -944 0 
140 440 -664 0 
-887 -957 -376 0 
-154 288 -717 0 
972 235 249 0 
76 201 -870 0 
-163 471 -885 0 
-780 585 -96 0 
-331 831 -667 0 
-871 97 -69 0 
-711 -702 -942 0 
-351 -822 -426 0 
192 -745 58 0 
159 -901 -404 0 
934 -425 -591 0 
236 617 940 0 
618 795 -197 0 
83 777 -649 0 
-2 -925 -167 0 
-900 500 941 0 
233 -474 -820 0 
573 496 -277 0 
238 -506 -459 0 
-156 767 550 0 
808 536 923 0 
50 547 499 0 
604 377 543 0 
-287 -558 940 0 
-384 -254 255 0 
-100 -407 274 0 
-342 747 -878 0 
-951 924 332 0 
-763 800 279 0 
-325 895 -893 0 
177 -301 -167 0 
-793 190 -899 0 
906 -264 -551 0 
-696 197 -204 0 
-9 -44 194 0 
640 -215 341 0 
-358 -684 -614 0 
-690 -504 -857 0 
-198 55 -168 0 
979 -748 77 0 
-767 506 -359 0 
-10 -308 70 0 
-854 -443 -777 0 
225 -741 205 0 
-961 842 -182 0 
-323 608 -430 0 
-644 -761 8 0 
69 185 -729 0 
945 853 -535 0 
195 285 45 0 
-523 -999 -309 0 
988 -311 783 0 
429 -229 -711 0 
-282 246 -390 0 
242 -742 670 0 
497 -146 747 0 
-350 379 816 0 
-887 1 -859 0 
659 585 -47 0 
-281 975 -274 0 
640 969 645 0 
-691 412 -34 0 
-86 699 -828 0 
503 471 -995 0 
-945 -22 729 0 
869 424 789 0 
-653 -81 510 0 
-655 -399 -574 0 
-78 -531 193 0 
-419 -970 445 0 
225 278 695 0 
153 501 82 0 
-33 541 -808 0 
-937 -160 -92 0 
948 642 323 0 
478 -886 -141 0 
861 850 -401 0 
334 955 328 0 
706 -487 935 0 
336 -740 -668 0 
319 9 -387 0 
-690 -335 109 0 
-683 -708 692 0 
-5 -853 -442 0 
-448 -669 1000 0 
-43 -838 66 0 
170 -519 716 0 
667 -628 376 0 
299 217 -113 0 
762 -97 -799 0 
-448 -892 -704 0 
-923 -851 846 0 
-198 -216 95 0 
-155 -351 -933 0 
875 136 -234 0 
-705 915 -801 0 
129 222 -205 0 
849 -324 708 0 
665 -769 664 0 
-72 374 100 0 
-589 792 942 0 
-681 517 -259 0 
-217 899 -24 0 
-172 803 -707 0 
-285 -338 -52 0 
-89 -86 -889 0 
-138 -996 762 0 
510 -293 -543 0 
319 160 591 0 
509 -783 8 0 
878 -838 -681 0 
-509 -912 960 0 
-301 515 -514 0 
871 186 494 0 
166 -835 147 0 
-164 -606 485 0 
181 -566 246 0 
235 -567 438 0 
-593 -675 736 0 
463 -280 208 0 
116 626 -161 0 
424 301 -372 0 
-746 -127 -228 0 
961 -439 438 0 
597 -837 684 0 
375 -572 952 0 
-177 -573 230 0 
216 683 -58 0 
-689 484 -915 0 
-66 653 748 0 
634 32 287 0 
61 -146 890 0 
821 -449 -210 0 
322 846 914 0 
618 -133 769 0 
-908 -541 272 0 
612 321 767 0 
-914 -410 694 0 
636 -379 -388 0 
982 998 480 0 
-372 707 248 0 
-51 -66 802 0 
-663 496 952 0 
-904 829 -251 0 
-160 634 -384 0 
343 -889 74 0 
-437 606 -178 0 
468 896 722 0 
311 957 -86 0 
683 -211 -356 0 
285 260 431 0 
492 -156 -918 0 
-175 -247 -930 0 
-143 -738 -841 0 
-910 -378 -885 0 
-370 -35 -643 0 
-943 812 197 0 
153 -448 373 0 
817 -443 -176 0 
-937 -427 584 0 
109 368 268 0 
-909 146 -180 0 
-329 -315 -824 0 
-550 106 883 0 
805 373 351 0 
-98 2 -852 0 
370 -48 -525 0 
908 994 -161 0 
-908 391 210 0 
25 -878 -431 0 
643 -984 -415 0 
629 48 -363 0 
444 56 -491 0 
644 478 319 0 
-483 -324 270 0 
-8 -152 605 0 
928 -84 -802 0 
367 403 240 0 
-123 -404 -776 0 
-76 -865 -955 0 
608 -623 -620 0 
797 -358 982 0 
530 762 899 0 
329 -774 -14 0 
-672 -892 -706 0 
-713 472 -851 0 
-224 -825 757 0 
-168 849 129 0 
-20 903 889 0 
-548 330 748 0 
-784 377 27 0 
-163 -567 -219 0 
342 -894 -75 0 
-456 368 707 0 
929 -639 725 0 
-988 -32 -822 0 
250 35 -946 0 
-692 765 -400 0 
-1 492 -490 0 
853 87 897 0 
146 708 991 0 
815 -556 280 0 
-577 621 -988 0 
739 531 554 0 
696 -341 -753 0 
340 272 45 0 
-916 -242 -278 0 
757 -472 684 0 
-651 9 -359 0 
40 35 933 0 
-594 736 -460 0 
385 -483 748 0 
-234 -520 222 0 
345 687 686 0 
-661 677 -308 0 
712 -914 911 0 
-854 -935 -283 0 
149 587 -542 0 
781 518 -74 0 
-942 -665 -905 0 
998 378 411 0 
100 800 -343 0 
-841 30 -940 0 
-412 -77 747 0 
-928 -640 632 0 
220 -966 673 0 
-909 952 -283 0 
678 -119 684 0 
-121 252 -789 0 
-700 532 682 0 
854 285 855 0 
944 180 -253 0 
-123 144 907 0 
-18 -544 572 0 
-442 143 -777 0 
-714 -59 -270 0 
447 -829 155 0 
-400 566 -754 0 
942 668 84 0 
28 -83 -441 0 
-989 250 446 0 
-297 -866 -395 0 
-891 -705 623 0 
-180 751 -769 0 
-491 617 -889 0 
555 44 23 0 
938 980 -518 0 
376 148 -139 0 
671 -223 298 0 
-219 75 -408 0 
343 547 -418 0 
-818 508 62 0 
291 732 -441 0 
642 -604 505 0 
83 -874 413 0 
408 319 -921 0 
153 -158 311 0 
859 214 -110 0 
50 509 -648 0 
668 843 74 0 
442 -604 -579 0 
-469 188 -12 0 
-181 -869 -345 0 
-554 -319 -965 0 
463 148 -979 0 
42 436 441 0 
-566 -39 24 0 
875 -100 818 0 
396 80 -886 0 
62 -223 -884 0 
-907 61 623 0 
-806 -858 304 0 
775 63 899 0 
-602 986 -278 0 
464 81 431 0 
179 877 174 0 
-409 595 -662 0 
-774 629 982 0 
-713 345 72 0 
100 -523 -419 0 
-211 406 295 0 
786 114 975 0 
-517 261 -690 0 
352 784 104 0 
-38 63 928 0 
398 -765 923 0 
-625 -29 -34 0 
956 606 839 0 
-336 -479 -337 0 
-386 980 869 0 
950 -54 121 0 
-350 17 -5 0 
-672 608 -28 0 
-984 608 -136 0 
651 272 369 0 
167 -651 -648 0 
646 186 637 0 
367 934 233 0 
944 203 689 0 
492 -890 358 0 
452 325 -808 0 
-677 227 -207 0 
-609 644 111 0 
484 687 549 0 
-887 -641 948 0 
464 677 101 0 
99 355 935 0 
306 422 630 0 
601 -81 -675 0 
-27 -875 467 0 
-549 -865 -134 0 
691 -349 -103 0 
544 -960 555 0 
-712 615 404 0 
-396 -5 -197 0 
-306 434 -689 0 
211 269 -758 0 
-691 860 612 0 
258 187 -694 0 
-674 -510 -541 0 
-143 650 -895 0 
-32 -473 -321 0 
-51 -791 -331 0 
666 -859 56 0 
492 15 -605 0 
-239 -265 560 0 
492 -649 -168 0 
9 137 -324 0 
-379 -870 -232 0 
748 -663 -117 0 
-684 147 774 0 
626 -606 -514 0 
405 -813 -656 0 
-159 428 449 0 
-559 -269 29 0 
-818 677 -348 0 
-988 -619 669 0 
943 -430 171 0 
347 -237 301 0 
-440 -510 382 0 
484 157 395 0 
-56 -811 711 0 
-911 301 -912 0 
789 -793 -492 0 
633 -903 800 0 
181 -862 -251 0 
-339 -506 297 0 
-886 -42 -665 0 
424 -347 121 0 
468 492 -997 0 
395 -87 -120 0 
731 728 672 0 
939 886 -411 0 
-547 -465 655 0 
669 468 -487 0 
-770 494 106 0 
688 -708 677 0 
-785 590 -815 0 
200 161 106 0 
-807 -629 593 0 
603 -61 269 0 
-988 -685 689 0 
408 -471 -719 0 
59 648 -200 0 
-154 629 -506 0 
-983 -107 200 0 
737 500 -261 0 
256 971 -49 0 
347 -30 500 0 
947 928 175 0 
453 -912 -55 0 
665 -941 -57 0 
483 -705 -383 0 
428 -708 746 0 
-380 647 18 0 
-458 588 58 0 
-486 358 -836 0 
-30 -814 -945 0 
-5 -384 907 0 
966 -975 285 0 
48 -766 694 0 
-280 984 37 0 
179 716 -992 0 
-799 -293 -697 0 
-986 304 -808 0 
243 31 -790 0 
-431 -60 -485 0 
214 382 913 0 
-54 713 530 0 
-882 -39 723 0 
-530 -252 -96 0 
586 207 843 0 
827 810 825 0 
-191 487 -908 0 
47 433 778 0 
581 -824 602 0 
-107 -196 -330 0 
-464 -876 -804 0 
-637 -354 590 0 
777 359 -312 0 
8 -777 792 0 
672 630 267 0 
-641 212 129 0 
-970 64 -76 0 
172 513 -653 0 
-454 822 -735 0 
-887 -334 -938 0 
-617 -748 -1 0 
-680 305 -973 0 
-367 -63 -593 0 
-57 17 276 0 
500 -645 967 0 
486 221 -863 0 
189 644 693 0 
-281 -464 282 0 
926 876 567 0 
487 -369 -452 0 
-331 -743 -927 0 
-339 -619 -80 0 
789 628 89 0 
755 358 148 0 
680 -993 -234 0 
509 788 -72 0 
304 421 628 0 
826 -53 -613 0 
-179 -730 253 0 
-532 462 -496 0 
854 611 163 0 
199 -645 -76 0 
870 552 236 0 
-706 -243 -41 0 
-350 -244 241 0 
694 826 -168 0 
-471 -808 144 0 
-941 557 -504 0 
-633 842 491 0 
-20 -599 531 0 
-146 -508 -232 0 
-890 392 -878 0 
-935 -676 503 0 
907 -754 921 0 
-292 151 -821 0 
-482 600 587 0 
970 -592 -945 0 
549 -797 -218 0 
-431 -473 -138 0 
-742 973 627 0 
27 188 29 0 
42 193 -566 0 
-940 15 -194 0 
-780 54 -891 0 
-886 672 -14 0 
-681 -693 -970 0 
449 857 -47 0 
-663 -65 165 0 
-764 778 226 0 
-861 193 -719 0 
-498 881 625 0 
66 -225 353 0 
911 259 -430 0 
480 -530 -801 0 
951 699 1000 0 
-513 528 259 0 
85 -394 462 0 
-197 -582 408 0 
112 -96 -780 0 
-46 -868 -371 0 
749 -793 -827 0 
515 400 662 0 
565 95 -526 0 
411 580 534 0 
-880 59 725 0 
974 -280 -731 0 
3 -418 603 0 
982 -684 -712 0 
-384 -798 743 0 
-645 -120 342 0 
-808 -892 -338 0 
-822 462 -677 0 
-688 -700 -990 0 
678 -214 -73 0 
544 560 -249 0 
-110 831 169 0 
372 88 768 0 
556 309 726 0 
318 310 408 0 
487 -183 689 0 
-359 -529 -600 0 
-315 -700 -317 0 
-901 -451 -958 0 
394 964 -444 0 
-949 -190 108 0 
934 893 302 0 
-346 -233 889 0 
-541 88 -523 0 
407 -30 398 0 
-737 -186 -593 0 
-402 -381 -454 0 
-450 -683 -115 0 
-883 38 420 0 
-428 -392 640 0 
681 652 -405 0 
-674 976 -424 0 
-629 -883 138 0 
695 -931 -442 0 
310 -968 -914 0 
183 -973 -670 0 
-875 229 349 0 
427 -370 609 0 
-3 946 -5 0 
-296 -378 -747 0 
-612 -513 -452 0 
-551 -94 -54 0 
218 56 75 0 
-671 -954 344 0 
-513 -941 -832 0 
-710 186 -541 0 
-650 477 -255 0 
86 -629 -38 0 
-863 -95 -704 0 
-396 -56 -796 0 
441 30 -998 0 
-396 303 587 0 
-801 423 -782 0 
365 6 -999 0 
-949 -804 561 0 
-898 338 802 0 
-173 -875 666 0 
406 858 377 0 
548 -702 -80 0 
719 196 -773 0 
-426 -517 291 0 
243 131 216 0 
-310 -841 -903 0 
44 -484 -332 0 
244 -454 99 0 
287 461 569 0 
-134 39 -336 0 
-454 422 -188 0 
-401 -858 -349 0 
869 -140 -656 0 
-433 -421 -526 0 
926 320 429 0 
630 93 -825 0 
651 -199 -218 0 
-113 858 -379 0 
-560 -819 882 0 
151 749 990 0 
-776 -834 -52 0 
338 -263 -980 0 
493 550 442 0 
39 -887 335 0 
-235 742 -736 0 
-531 -692 -281 0 
-95 645 -998 0 
871 411 861 0 
-905 -506 474 0 
713 998 -373 0 
-364 740 -371 0 
337 -322 -939 0 
-512 -967 -442 0 
998 -389 -113 0 
843 -319 797 0 
801 -960 -939 0 
-493 52 -157 0 
438 -253 -459 0 
833 -109 -211 0 
-714 -277 -65 0 
247 -18 588 0 
-10 369 -275 0 
667 -955 452 0 
630 -721 908 0 
302 132 950 0 
-271 -185 290 0 
-492 106 -259 0 
-798 524 464 0 
-747 -101 905 0 
-587 -961 329 0 
-386 -294 667 0 
-104 420 282 0 
-845 437 -879 0 
-930 -313 -123 0 
-937 -966 349 0 
-89 155 -169 0 
348 -428 200 0 
-396 444 955 0 
847 -45 820 0 
930 -879 -533 0 
-681 -584 271 0 
-683 -39 -585 0 
-804 144 -594 0 
649 -247 933 0 
370 -886 132 0 
752 212 -329 0 
-508 863 278 0 
275 518 507 0 
58 -566 581 0 
-486 170 -543 0 
-466 -138 -537 0 
-477 -84 -128 0 
701 330 369 0 
919 341 949 0 
-728 -442 378 0 
-96 58 81 0 
-188 320 -36 0 
671 -250 299 0 
784 22 123 0 
816 283 496 0 
-240 -896 -219 0 
-420 -730 -49 0 
64 680 136 0 
193 799 -502 0 
-919 351 427 0 
-563 -776 -699 0 
804 794 409 0 
393 -528 -353 0 
594 -423 993 0 
-180 -648 -199 0 
-145 -958 696 0 
713 -58 462 0 
-41 -202 -47 0 
600 -479 -217 0 
58 -910 309 0 
-900 -124 -107 0 
61 805 -622 0 
-452 -348 351 0 
185 9 -21 0 
-217 -388 374 0 
77 -665 882 0 
466 483 792 0 
-864 807 888 0 
-248 570 -384 0 
-889 -384 667 0 
174 -819 734 0 
138 805 -624 0 
-746 -546 903 0 
694 338 679 0 
-480 588 323 0 
737 -290 272 0 
-720 230 655 0 
-357 928 73 0 
-112 986 310 0 
774 -228 -294 0 
-420 -102 932 0 
893 -725 -120 0 
178 524 -544 0 
893 -961 -846 0 
623 682 -224 0 
171 -440 584 0 
158 -124 886 0 
-458 925 463 0 
-997 -157 531 0 
-530 815 -253 0 
-774 -613 369 0 
66 -565 -838 0 
621 546 885 0 
876 288 -613 0 
-962 817 -293 0 
-246 842 -507 0 
300 811 -140 0 
544 223 672 0 
755 607 551 0 
-986 66 -908 0 
-230 -356 -953 0 
188 -574 -733 0 
237 -563 868 0 
577 -21 -983 0 
-226 771 666 0 
-123 926 842 0 
-952 639 -172 0 
-307 -450 566 0 
-515 24 -228 0 
-98 536 379 0 
497 703 931 0 
937 858 926 0 
-350 927 236 0 
-18 -182 309 0 
578 623 -169 0 
-615 -943 930 0 
-218 129 -628 0 
664 99 442 0 
338 478 572 0 
-382 887 297 0 
145 -202 285 0 
-552 341 668 0 
-897 -725 -285 0 
225 810 537 0 
-208 -446 638 0 
267 660 728 0 
192 -764 -177 0 
-245 -927 339 0 
-887 86 917 0 
-735 -616 587 0 
253 -50 983 0 
327 201 -986 0 
-921 868 -164 0 
51 -159 -59 0 
279 -307 715 0 
567 951 724 0 
-560 109 613 0 
417 967 -529 0 
667 -277 -536 0 
-266 -469 608 0 
-27 -610 102 0 
63 460 331 0 
-914 495 -699 0 
-218 161 852 0 
676 664 30 0 
-837 -304 686 0 
-712 -832 625 0 
-217 749 404 0 
111 40 -413 0 
662 250 -347 0 
74 -136 487 0 
-797 773 -662 0 
-546 920 18 0 
-459 -743 175 0 
-299 84 735 0 
-902 124 -708 0 
-836 -149 -606 0 
679 617 782 0 
-905 -629 -583 0 
72 -945 867 0 
960 209 -263 0 
541 739 714 0 
321 -726 -71 0 
710 -139 -464 0 
489 711 288 0 
655 630 485 0 
-190 947 -46 0 
-21 -79 780 0 
-789 -101 -745 0 
927 264 -268 0 
-497 110 955 0 
-948 980 406 0 
-980 -168 -231 0 
-659 -573 67 0 
184 -244 -504 0 
439 691 -493 0 
864 583 -952 0 
10 -964 -246 0 
531 801 -789 0 
556 -232 268 0 
-70 747 991 0 
712 870 -238 0 
-151 201 290 0 
250 167 -867 0 
-196 -274 -641 0 
170 744 -479 0 
-367 274 891 0 
-466 -979 26 0 
-819 -675 473 0 
96 -72 953 0 
476 -840 -171 0 
-935 760 -383 0 
750 -446 -130 0 
-427 -281 283 0 
796 -899 927 0 
74 610 354 0 
117 425 176 0 
695 550 -397 0 
-948 -351 -340 0 
815 642 -71 0 
412 515 -934 0 
-760 332 176 0 
-649 306 926 0 
-659 587 -494 0 
-905 -945 -104 0 
-132 586 983 0 
962 827 313 0 
-416 -547 -208 0 
-721 -891 -688 0 
561 324 179 0 
202 147 -933 0 
661 -742 -494 0 
649 150 297 0 
162 551 834 0 
831 691 956 0 
-554 461 -275 0 
-923 -538 -720 0 
-275 816 -639 0 
-398 127 878 0 
-59 -395 698 0 
70 496 791 0 
-150 -506 -46 0 
962 -442 -80 0 
-854 -806 -74 0 
93 -731 578 0 
-470 -548 5 0 
320 642 -83 0 
-375 970 -963 0 
657 -675 -897 0 
811 668 -766 0 
-267 580 627 0 
462 -271 -909 0 
-267 -744 -538 0 
952 -318 -720 0 
-920 -763 -303 0 
614 -4 597 0 
628 808 66 0 
411 857 -154 0 
954 414 944 0 
-948 94 -244 0 
-657 226 -174 0 
-22 -920 -932 0 
-912 18 810 0 
-716 681 533 0 
15 -135 388 0 
628 459 -892 0 
-893 87 317 0 
762 -968 -912 0 
-438 -102 -448 0 
302 -237 433 0 
129 319 339 0 
-712 -266 821 0 
-341 832 508 0 
-760 -521 -366 0 
55 888 448 0 
376 577 118 0 
-371 571 891 0 
120 287 203 0 
-378 -349 589 0 
404 538 824 0 
-162 154 -32 0 
657 -143 -452 0 
979 -743 338 0 
775 377 -388 0 
-347 821 -43 0 
308 -436 -873 0 
-981 928 -248 0 
-75 795 -633 0 
-878 -652 887 0 
256 195 -965 0 
-378 802 -218 0 
186 373 767 0 
177 371 -204 0 
477 -568 432 0 
-139 2 -941 0 
831 593 -922 0 
895 355 386 0 
-376 343 -120 0 
74 -436 476 0 
-74 332 -994 0 
493 -993 -939 0 
-846 -734 999 0 
330 381 88 0 
-87 -732 -787 0 
483 31 -872 0 
-167 -195 -489 0 
180 -358 105 0 
726 995 499 0 
-13 -397 -37 0 
-298 306 -254 0 
-905 456 385 0 
-849 -719 -120 0 
-775 943 57 0 
495 403 45 0 
-130 -631 189 0 
-712 -463 -92 0 
-141 -634 -631 0 
-400 335 886 0 
-997 429 221 0 
-49 -883 235 0 
678 -540 -506 0 
154 120 901 0 
-218 916 -530 0 
-438 695 -716 0 
-632 849 425 0 
-786 231 53 0 
37 145 -816 0 
277 185 126 0 
-561 390 138 0 
759 686 826 0 
501 -640 -293 0 
-402 506 571 0 
930 485 -911 0 
-706 677 -228 0 
-239 158 -700 0 
-978 177 -414 0 
-663 -483 257 0 
-72 -445 -661 0 
833 -942 -649 0 
-313 -784 -984 0 
-5 -385 -664 0 
-922 -347 258 0 
-722 211 919 0 
820 -894 -588 0 
870 -964 -958 0 
-994 854 -452 0 
3 899 -579 0 
372 537 -307 0 
-420 -582 142 0 
-437 -114 -89 0 
145 600 452 0 
-932 480 457 0 
-106 112 783 0 
734 460 370 0 
68 -972 -795 0 
-678 661 -808 0 
-142 903 -732 0 
-582 -771 419 0 
183 -177 -723 0 
565 526 -290 0 
-926 -728 395 0 
-938 320 778 0 
436 858 499 0 
-537 -355 -939 0 
-852 -153 847 0 
469 -697 -610 0 
575 -57 201 0 
921 206 -174 0 
-97 863 920 0 
804 66 -748 0 
355 -873 -176 0 
431 618 -336 0 
-578 271 -250 0 
370 -425 600 0 
-214 -533 -663 0 
27 -591 -422 0 
753 -551 470 0 
644 379 -993 0 
775 279 971 0 
870 211 -885 0 
-945 -558 283 0 
-137 351 912 0 
-24 -949 -132 0 
-821 585 -273 0 
889 -78 -390 0 
-848 436 -549 0 
90 935 893 0 
17 -265 4 0 
352 -837 -201 0 
-461 587 -846 0 
349 541 903 0 
946 -451 -275 0 
36 340 486 0 
-300 -761 383 0 
-726 931 -508 0 
364 -599 435 0 
450 -801 -640 0 
420 -777 588 0 
-782 849 -435 0 
341 -275 -647 0 
-491 -798 769 0 
-148 -403 -253 0 
-43 -185 -391 0 
516 470 848 0 
750 437 -305 0 
-88 -973 136 0 
-535 -615 937 0 
-776 442 -675 0 
-183 -4 -588 0 
-428 -525 819 0 
-10 584 -717 0 
-500 812 -433 0 
-960 -817 210 0 
73 317 -548 0 
597 -426 991 0 
862 -599 -988 0 
-171 -127 -832 0 
-751 956 -69 0 
207 -137 605 0 
53 -644 -430 0 
-10 344 -871 0 
824 -103 -949 0 
-755 -377 154 0 
-604 525 -239 0 
202 940 844 0 
-716 -249 -975 0 
7 368 870 0 
693 -879 209 0 
-776 -99 629 0 
69 995 538 0 
556 -989 -306 0 
-500 890 210 0 
145 959 -186 0 
-526 -354 436 0 
-926 891 768 0 
495 -650 32 0 
-628 -706 241 0 
-425 330 205 0 
-822 946 -844 0 
-757 558 276 0 
-104 540 272 0 
407 684 -89 0 
661 -428 -188 0 
951 -192 -976 0 
-7 829 -970 0 
-905 448 -268 0 
-443 -119 -16 0 
739 -647 666 0 
480 201 27 0 
-848 962 -855 0 
-118 -580 474 0 
-457 -920 835 0 
375 844 -122 0 
-288 728 576 0 
-129 750 603 0 
-212 261 592 0 
-41 623 -576 0 
606 -599 -403 0 
-498 -434 997 0 
-330 916 -121 0 
-149 -2 501 0 
-94 993 -946 0 
-11 -279 315 0 
645 -506 -13 0 
-921 559 827 0 
7 -989 -300 0 
-979 -948 -923 0 
-916 -850 -680 0 
897 80 -92 0 
-36 716 141 0 
-757 -239 401 0 
-172 868 661 0 
962 -351 501 0 
-512 866 113 0 
786 -530 652 0 
272 824 -517 0 
629 -741 -798 0 
267 237 -948 0 
-682 583 -760 0 
353 -187 -700 0 
677 838 -885 0 
-605 617 -911 0 
515 -222 -33 0 
-271 617 -59 0 
602 -816 304 0 
-977 243 427 0 
-760 -551 942 0 
936 -187 -442 0 
265 -147 -831 0 
860 922 -354 0 
-745 275 -970 0 
700 8 -150 0 
528 -963 701 0 
-943 -307 233 0 
-211 931 -433 0 
-343 565 -373 0 
369 530 -108 0 
79 755 -932 0 
401 -71 414 0 
-627 724 820 0 
47 -584 265 0 
-286 -314 -589 0 
-12 98 -474 0 
500 969 775 0 
-674 184 -86 0 
433 728 -578 0 
-293 338 730 0 
565 -224 -664 0 
724 -654 519 0 
151 463 535 0 
612 -847 214 0 
509 225 -370 0 
372 200 -203 0 
-309 23 633 0 
454 -89 728 0 
515 -760 -964 0 
593 -294 80 0 
-995 605 -624 0 
-193 333 557 0 
-902 67 -325 0 
651 401 -6 0 
-35 799 572 0 
654 415 -523 0 
528 738 -244 0 
-546 501 509 0 
-582 -371 328 0 
-556 225 190 0 
727 345 332 0 
941 885 -280 0 
-625 846 -694 0 
-942 -242 -36 0 
-72 -837 -587 0 
347 -497 281 0 
367 695 -110 0 
434 56 -396 0 
-800 448 -961 0 
385 957 793 0 
-672 265 754 0 
-552 -996 58 0 
978 -96 -551 0 
-444 -991 -2 0 
654 190 -86 0 
913 890 397 0 
-3 -666 -740 0 
546 689 -225 0 
-960 977 234 0 
-277 920 -974 0 
34 -134 910 0 
327 -455 -579 0 
89 -779 -645 0 
-437 -336 -903 0 
-454 589 706 0 
789 181 37 0 
-704 759 636 0 
-663 960 441 0 
348 3 990 0 
866 383 507 0 
-38 197 -441 0 
847 -676 929 0 
-977 -24 753 0 
210 530 -978 0 
662 674 -937 0 
184 450 647 0 
634 744 501 0 
707 137 650 0 
-526 459 -31 0 
-76 36 -125 0 
598 990 -520 0 
638 947 734 0 
-926 433 -423 0 
-567 -503 599 0 
-66 -879 -245 0 
-152 818 852 0 
783 42 844 0 
604 -637 -366 0 
-324 293 525 0 
-617 -935 612 0 
495 518 500 0 
-182 885 -537 0 
782 821 147 0 
709 660 -426 0 
618 67 878 0 
499 -914 305 0 
448 -367 -259 0 
-766 609 -946 0 
-947 -153 -864 0 
203 -78 37 0 
-872 377 -657 0 
449 386 608 0 
758 -395 992 0 
921 125 540 0 
-213 401 397 0 
-340 899 251 0 
163 -342 376 0 
323 938 972 0 
752 -429 -169 0 
481 -684 384 0 
-945 -676 -668 0 
-230 -515 137 0 
49 714 760 0 
-357 -999 533 0 
15 206 -877 0 
873 199 -897 0 
928 -822 967 0 
-552 -323 385 0 
-220 -947 521 0 
-742 -443 202 0 
759 -873 210 0 
-32 638 -91 0 
760 205 -742 0 
858 58 -893 0 
-953 619 167 0 
-257 -591 -362 0 
714 565 -270 0 
-789 977 459 0 
923 962 -600 0 
843 -163 556 0 
-452 381 256 0 
344 -848 791 0 
322 -877 -670 0 
213 832 -361 0 
-327 437 905 0 
101 579 -445 0 
387 -91 702 0 
769 -94 -225 0 
-173 -709 555 0 
-967 50 462 0 
198 -982 743 0 
-706 341 -420 0 
192 -889 -656 0 
-765 -836 -705 0 
570 -257 473 0 
-576 946 920 0 
452 -214 -169 0 
-399 970 -460 0 
-365 34 -169 0 
-8 559 160 0 
471 148 -369 0 
-136 -882 -146 0 
-678 289 13 0 
487 199 883 0 
345 -291 -49 0 
424 193 -586 0 
760 611 -192 0 
964 428 948 0 
564 313 484 0 
-269 220 692 0 
-184 -847 869 0 
226 -313 497 0 
-314 -778 -945 0 
-320 795 117 0 
276 -814 864 0 
597 806 334 0 
593 557 -630 0 
-626 238 -85 0 
992 -788 823 0 
974 -245 23 0 
640 -697 -770 0 
764 -46 193 0 
-625 980 324 0 
753 -46 963 0 
-958 -827 180 0 
-9 -830 995 0 
-850 247 727 0 
884 -440 -495 0 
-26 -339 299 0 
469 874 599 0 
-578 -423 592 0 
566 410 -757 0 
258 441 -923 0 
577 -420 438 0 
957 -899 927 0 
378 274 -42 0 
523 393 -825 0 
457 562 -18 0 
-684 312 134 0 
-55 -308 -680 0 
-763 490 -316 0 
-264 297 -461 0 
-852 642 582 0 
245 32 -43 0 
969 -567 -580 0 
143 881 128 0 
747 -907 -566 0 
-689 -375 -178 0 
563 553 -933 0 
409 435 191 0 
-989 576 899 0 
577 -680 -840 0 
-547 -355 -250 0 
887 -663 522 0 
-419 -330 88 0 
788 -785 779 0 
674 233 -530 0 
-24 -178 -921 0 
-763 -171 -747 0 
-978 698 718 0 
-770 314 -28 0 
542 -364 910 0 
553 -90 -511 0 
65 574 914 0 
760 349 -386 0 
163 756 56 0 
-776 346 837 0 
-630 572 -558 0 
840 -368 -788 0 
199 -894 -956 0 
-932 97 136 0 
-685 -68 554 0 
782 355 -428 0 
-824 -944 973 0 
934 453 255 0 
-587 -286 287 0 
718 -80 481 0 
-626 120 905 0 
84 -818 17 0 
411 -131 594 0 
-631 -745 -132 0 
784 884 85 0 
680 160 101 0 
871 596 -746 0 
789 -356 -240 0 
-997 588 299 0 
772 409 -530 0 
-223 22 865 0 
-210 125 530 0 
762 154 -730 0 
35 -358 432 0 
400 -87 -715 0 
-761 838 -767 0 
-525 -400 352 0 
-807 -624 -989 0 
546 977 822 0 
918 3 -869 0 
784 636 -726 0 
108 -444 324 0 
5 -895 -941 0 
257 -580 -19 0 
-8 -315 -210 0 
662 211 159 0 
997 557 307 0 
-230 -505 -583 0 
-932 -965 -277 0 
167 -405 -809 0 
20 882 978 0 
-585 -319 423 0 
-874 -240 -611 0 
-488 279 650 0 
502 -466 -782 0 
-570 -576 849 0 
327 -919 -257 0 
-253 606 -320 0 
-258 962 -815 0 
58 -102 -365 0 
-214 871 -534 0 
-331 787 -498 0 
-855 -700 737 0 
886 -314 939 0 
-705 801 -330 0 
719 864 98 0 
-553 -630 -967 0 
-560 153 602 0 
575 -546 -922 0 
-563 -185 -758 0 
740 90 -397 0 
-864 -237 774 0 
230 633 912 0 
-723 -648 342 0 
-501 130 260 0 
300 68 876 0 
-893 832 997 0 
978 148 247 0 
-203 733 538 0 
488 618 809 0 
296 167 102 0 
478 -430 -624 0 
-867 991 -460 0 
67 254 549 0 
885 354 -684 0 
-386 549 -605 0 
319 308 948 0 
321 685 -751 0 
-730 813 -849 0 
736 -423 -42 0 
703 -350 -636 0 
825 784 686 0 
-540 997 -985 0 
-672 408 98 0 
985 -590 585 0 
-844 -801 -320 0 
509 -532 146 0 
-134 -850 935 0 
309 -949 929 0 
417 11 657 0 
775 -642 806 0 
-958 -428 -962 0 
702 552 -16 0 
-998 -144 609 0 
505 929 -446 0 
467 176 346 0 
-397 -659 -844 0 
784 -716 50 0 
-151 907 132 0 
145 581 -80 0 
-248 589 266 0 
4 -28 393 0 
461 -609 -933 0 
-812 292 -354 0 
922 -89 -401 0 
504 256 269 0 
974 159 44 0 
-12 -984 969 0 
-443 605 979 0 
-923 -589 -468 0 
-887 -141 44 0 
177 40 14 0 
-328 469 247 0 
41 -408 717 0 
337 -829 952 0 
-428 -422 222 0 
-388 -546 786 0 
778 -13 -892 0 
385 -217 -165 0 
946 359 -978 0 
-672 -88 -662 0 
-8 672 -308 0 
529 942 -874 0 
-994 -30 700 0 
41 410 -2 0 
375 402 160 0 
932 478 -29 0 
-273 -87 657 0 
-199 829 706 0 
284 -825 -207 0 
-936 459 576 0 
638 -707 -793 0 
593 -580 918 0 
-614 -63 843 0 
-610 904 -451 0 
-979 -402 153 0 
775 -663 29 0 
302 533 -907 0 
184 728 -247 0 
877 583 118 0 
944 -579 20 0 
-741 152 -380 0 
512 584 -690 0 
-723 -634 927 0 
712 884 -555 0 
17 -602 -7 0 
-64 564 68 0 
368 -157 -828 0 
646 -968 -148 0 
-214 -262 -768 0 
-994 901 -565 0 
-570 -865 -452 0 
926 -952 -517 0 
405 743 -193 0 
-347 852 -458 0 
-354 -385 -268 0 
-703 725 -298 0 
643 288 853 0 
264 -693 569 0 
297 -928 -412 0 
45 691 -339 0 
-848 642 -567 0 
554 335 280 0 
543 510 163 0 
211 762 -499 0 
-754 867 310 0 
577 -382 -703 0 
883 649 727 0 
-758 513 264 0 
-899 -37 -741 0 
235 -158 -517 0 
330 942 418 0 
319 -423 -33 0 
852 -931 -299 0 
932 -624 746 0 
-807 -735 905 0 
818 -392 620 0 
-385 -253 -323 0 
-33 890 -438 0 
102 -831 274 0 
826 -755 781 0 
309 324 -416 0 
996 -807 -743 0 
-783 -235 -305 0 
31 833 -509 0 
-724 -374 563 0 
774 207 488 0 
-249 -215 -941 0 
-149 651 507 0 
-836 490 529 0 
933 -177 757 0 
891 -921 -904 0 
-49 487 -499 0 
-447 -451 -431 0 
-564 -395 812 0 
-249 165 802 0 
238 852 -299 0 
289 -892 557 0 
169 278 -225 0 
-38 -469 866 0 
773 -710 -786 0 
277 441 -556 0 
306 634 334 0 
905 -339 201 0 
1 656 -292 0 
-841 873 664 0 
-115 -754 987 0 
255 926 626 0 
651 -675 983 0 
-617 -365 227 0 
-671 950 631 0 
493 -979 -552 0 
-468 2 847 0 
662 -942 -36 0 
-723 -479 -541 0 
588 215 -359 0 
-793 538 -898 0 
104 202 -511 0 
-874 616 -423 0 
94 499 928 0 
-512 937 354 0 
580 -482 471 0 
360 -762 936 0 
-609 -194 377 0 
310 -726 -427 0 
213 -778 8 0 
-713 -410 400 0 
409 -811 -304 0 
-340 98 743 0 
-754 -146 442 0 
61 914 -825 0 
-518 -887 97 0 
-492 975 -828 0 
-35 -183 348 0 
258 432 -651 0 
-151 -3 59 0 
-583 74 -309 0 
488 -98 127 0 
187 -984 -914 0 
785 984 257 0 
250 299 -370 0 
-994 -976 919 0 
119 729 -832 0 
88 -306 640 0 
572 -211 771 0 
784 596 694 0 
-56 532 -45 0 
815 804 98 0 
-857 -144 648 0 
665 402 -257 0 
-528 728 293 0 
314 -370 762 0 
-540 -328 479 0 
777 -185 652 0 
490 -849 -402 0 
-899 -153 -416 0 
-357 952 -42 0 
-995 -856 -417 0 
-317 -752 -202 0 
-123 88 -856 0 
-394 -43 721 0 
-939 553 -844 0 
-785 -907 223 0 
609 979 949 0 
-393 458 -213 0 
212 -968 603 0 
-529 389 169 0 
-664 517 -896 0 
540 -198 -121 0 
-754 72 -599 0 
-821 -251 -101 0 
107 587 992 0 
36 437 585 0 
-322 -437 111 0 
743 49 -211 0 
756 -977 -66 0 
-645 45 -11 0 
891 -235 200 0 
-929 -934 -255 0 
-471 96 321 0 
884 54 564 0 
461 650 -949 0 
702 -46 -671 0 
134 624 -24 0 
-990 -652 335 0 
126 490 -344 0 
-672 460 972 0 
-251 -178 110 0 
766 -468 363 0 
103 49 587 0 
406 -598 -838 0 
434 765 -332 0 
-16 -21 -642 0 
-372 685 -922 0 
-8 -455 -888 0 
738 -417 579 0 
735 -82 394 0 
-750 -330 889 0 
-779 -563 -920 0 
-434 -73 267 0 
688 -808 -28 0 
-835 17 -498 0 
-288 -967 -564 0 
-829 -225 967 0 
794 -949 15 0 
960 -261 -940 0 
-700 208 340 0 
500 240 811 0 
182 -231 -68 0 
684 894 69 0 
-501 607 -162 0 
8 54 512 0 
534 -943 757 0 
-810 -314 -940 0 
-592 917 241 0 
2 383 -756 0 
-755 711 208 0 
365 -767 -553 0 
-309 -706 948 0 
-16 -638 -157 0 
382 -360 -297 0 
219 602 3 0 
-316 141 487 0 
649 310 742 0 
613 -698 -40 0 
-420 832 423 0 
-669 21 -226 0 
-398 886 -463 0 
329 857 -522 0 
-117 267 -305 0 
-841 840 -442 0 
-884 -63 -18 0 
-430 -773 -561 0 
425 667 -64 0 
613 -641 728 0 
-405 687 -992 0 
44 436 913 0 
904 879 -458 0 
901 804 799 0 
-245 257 -613 0 
164 849 -426 0 
707 54 -992 0 
746 634 -570 0 
680 -957 -608 0 
-271 -775 96 0 
181 300 281 0 
866 -250 908 0 
-556 96 712 0 
642 -449 377 0 
850 -195 294 0 
-553 510 -574 0 
957 -865 -636 0 
-435 -506 -527 0 
801 896 -589 0 
958 254 -869 0 
666 -605 -249 0 
-253 764 -650 0 
691 -894 193 0 
-119 768 960 0 
786 741 -924 0 
-530 124 -199 0 
819 492 -696 0 
920 -782 -899 0 
578 -278 561 0 
295 235 -353 0 
543 6 -752 0 
414 -670 -422 0 
-726 27 -236 0 
222 870 9 0 
-281 -948 -667 0 
909 79 355 0 
644 -761 4 0 
-397 -947 675 0 
-559 -791 368 0 
-892 -919 424 0 
456 -799 -659 0 
481 923 -821 0 
-730 704 961 0 
-829 -474 183 0 
186 -407 -377 0 
398 -21 -298 0 
349 768 512 0 
-779 101 -840 0 
45 155 570 0 
36 -626 -92 0 
-962 320 664 0 
-997 355 821 0 
1 868 -558 0 
-854 531 846 0 
-435 -112 -867 0 
-606 413 644 0 
-168 -406 -18 0 
-179 -891 998 0 
624 -360 941 0 
-51 748 -794 0 
-132 409 -281 0 
-159 -360 -692 0 
835 -813 -774 0 
-559 351 -453 0 
92 -590 995 0 
701 -77 -908 0 
598 -435 -204 0 
965 966 -49 0 
-428 -51 -199 0 
766 61 28 0 
-371 -14 603 0 
-524 -739 218 0 
-871 510 161 0 
-12 985 -501 0 
-189 -282 -757 0 
-154 288 -79 0 
131 774 -386 0 
-459 -958 -696 0 
-688 -14 -888 0 
749 -486 796 0 
-187 182 9 0 
844 229 475 0 
-233 -506 284 0 
108 602 -823 0 
101 -716 -715 0 
-664 953 -57 0 
992 217 406 0 
-317 -247 -847 0 
-219 -118 -720 0 
-236 -485 -144 0 
-614 -256 617 0 
-569 -867 -221 0 
-437 -168 966 0 
-453 -59 -794 0 
866 229 -269 0 
421 -155 364 0 
71 -638 607 0 
903 457 917 0 
-340 256 -516 0 
228 -280 -941 0 
-171 -651 -668 0 
-285 836 -490 0 
-542 190 -912 0 
-663 -976 588 0 
-798 -965 -434 0 
154 -879 491 0 
-44 943 659 0 
664 94 215 0 
-952 -97 -367 0 
-168 -212 735 0 
772 -955 137 0 
740 109 -480 0 
25 -820 -590 0 
-347 -443 -451 0 
-759 456 679 0 
141 -603 284 0 
519 -699 165 0 
898 -637 697 0 
-446 -790 -575 0 
730 -786 -987 0 
182 -797 706 0 
41 299 -453 0 
-48 -781 -257 0 
-968 -44 511 0 
449 641 -607 0 
622 491 -882 0 
-344 -6 -343 0 
-448 -261 -556 0 
-684 -842 535 0 
-579 799 -861 0 
885 240 -760 0 
409 -71 -66 0 
-215 -91 353 0 
-401 885 -241 0 
706 317 -571 0 
864 246 126 0 
417 974 686 0 
-630 -188 275 0 
-182 -943 -135 0 
-765 980 -217 0 
480 -444 -483 0 
