p cnf 1000 2000
-838 -503 -238 0 
110 193 60 0 
-108 211 54 0 
-141 -236 -190 0 
595 -315 42 0 
407 -356 -11 0 
391 -769 248 0 
-164 -673 -215 0 
-666 -877 -330 0 
-200 -652 -84 0 
-628 -808 511 0 
-672 210 -750 0 
-634 549 235 0 
-554 778 -723 0 
-833 990 232 0 
813 441 -699 0 
-340 88 460 0 
-338 160 213 0 
3 932 -248 0 
-566 731 280 0 
-587 480 -857 0 
143 323 56 0 
40 143 -20 0 
-104 -14 7 0 
-646 -253 838 0 
57 -246 -315 0 
-686 711 -568 0 
778 938 91 0 
36 -37 -214 0 
253 895 815 0 
793 -391 -565 0 
-677 -791 632 0 
-623 -708 332 0 
434 -187 350 0 
242 119 -909 0 
-386 -523 49 0 
-246 202 287 0 
32 527 -528 0 
-479 -791 382 0 
176 -992 866 0 
-785 -930 -916 0 
-886 800 276 0 
-141 -686 30 0 
-828 -544 398 0 
-900 18 -84 0 
428 -615 234 0 
-18 -888 835 0 
958 735 -204 0 
520 -351 -731 0 
-293 404 469 0 
-725 -763 -610 0 
144 288 -586 0 
-343 215 802 0 
398 -411 -191 0 
345 788 -743 0 
-846 -123 -674 0 
620 -730 -846 0 
679 490 -827 0 
109 -723 302 0 
-487 -515 898 0 
456 242 463 0 
607 -819 -492 0 
-167 -164 17 0 
-918 -910 -881 0 
-380 -935 -7 0 
289 -63 433 0 
795 -976 -36 0 
-250 500 -679 0 
773 -277 -500 0 
-76 -125 -71 0 
-599 459 -887 0 
-731 562 27 0 
-603 -575 988 0 
-345 -143 -58 0 
-673 -442 86 0 
389 -745 -267 0 
780 24 79 0 
235 -782 466 0 
-203 -163 -435 0 
-688 404 -927 0 
773 572 436 0 
236 -64 -607 0 
-779 161 911 0 
-136 -341 -614 0 
560 77 -220 0 
-954 -761 -963 0 
787 789 664 0 
-529 -100 89 0 
38 893 433 0 
-105 -643 611 0 
250 622 321 0 
-774 -342 -56 0 
827 706 -349 0 
69 12 187 0 
-425 -272 -321 0 
-366 -325 -239 0 
908 644 815 0 
947 469 963 0 
282 729 950 0 
-337 485 830 0 
-253 -465 -766 0 
-493 317 877 0 
424 -809 -353 0 
514 185 -387 0 
202 -611 163 0 
287 -745 873 0 
-743 -487 152 0 
-377 -943 909 0 
734 -799 -659 0 
-203 864 -406 0 
465 712 994 0 
192 -254 -743 0 
952 698 -98 0 
650 -840 784 0 
-899 -850 -817 0 
-808 -972 -389 0 
812 718 433 0 
122 -961 957 0 
-959 714 630 0 
525 -606 93 0 
-959 171 -665 0 
-750 618 485 0 
962 186 -251 0 
-383 -917 -549 0 
-831 567 621 0 
-794 80 -606 0 
-268 -564 353 0 
-671 -880 -825 0 
2 97 -682 0 
-695 42 881 0 
904 -602 -473 0 
929 -518 -267 0 
295 -874 285 0 
947 420 659 0 
-353 -42 225 0 
950 -762 -159 0 
959 -116 -106 0 
-194 -225 -537 0 
904 394 -114 0 
-330 -404 -470 0 
334 770 81 0 
506 -851 57 0 
-530 587 28 0 
-231 483 -414 0 
-124 -877 -349 0 
-127 -12 -393 0 
271 -891 982 0 
686 -54 791 0 
687 -612 -981 0 
169 -987 -407 0 
-772 177 -584 0 
148 -667 75 0 
313 -97 -765 0 
312 909 -228 0 
-755 160 280 0 
-808 -355 -447 0 
-31 223 848 0 
-216 283 -858 0 
-811 -305 47 0 
-734 497 784 0 
-339 -306 -192 0 
-961 883 -929 0 
-558 -463 -213 0 
-556 588 934 0 
-209 -946 491 0 
266 -515 -635 0 
19 729 171 0 
14 -701 -539 0 
336 -415 -41 0 
-576 -968 649 0 
-843 141 -456 0 
244 225 121 0 
-591 482 887 0 
144 -926 946 0 
63 -593 -348 0 
-680 164 -434 0 
312 -932 35 0 
-43 -617 973 0 
-757 304 -840 0 
915 -24 -914 0 
869 812 -317 0 
520 105 870 0 
881 652 -319 0 
-327 699 239 0 
9 -895 972 0 
49 213 -128 0 
65 -443 865 0 
-277 418 -40 0 
337 -60 690 0 
-467 672 -271 0 
-754 961 416 0 
142 357 -57 0 
731 -641 370 0 
769 -229 884 0 
-467 -42 -557 0 
595 -980 -42 0 
-909 -901 849 0 
-31 470 -887 0 
898 -464 -539 0 
-925 598 499 0 
994 551 -548 0 
-76 426 -887 0 
-461 -740 -592 0 
-567 477 38 0 
-193 185 -753 0 
-904 145 983 0 
740 561 -792 0 
-120 665 810 0 
-656 994 -932 0 
-765 -322 310 0 
385 -975 909 0 
-146 -667 -665 0 
35 -189 832 0 
6 -276 893 0 
-19 -375 916 0 
451 408 344 0 
632 493 467 0 
-456 -313 -61 0 
103 -834 349 0 
539 674 -528 0 
455 -83 -63 0 
454 -390 575 0 
281 -865 327 0 
860 -173 -113 0 
-875 -87 -550 0 
-636 -365 -285 0 
-633 650 581 0 
55 -334 -943 0 
438 -570 -62 0 
301 304 -9 0 
-203 -178 -741 0 
-775 -311 -18 0 
170 -532 589 0 
956 50 -885 0 
938 792 446 0 
-733 729 -744 0 
527 -328 64 0 
-537 38 589 0 
315 -431 819 0 
-266 -497 -82 0 
-994 -853 -868 0 
-8 171 347 0 
-10 703 188 0 
620 -785 263 0 
792 -129 -706 0 
-81 -954 399 0 
-406 -202 -817 0 
-826 -406 124 0 
871 35 -918 0 
968 629 -889 0 
-735 160 350 0 
-58 843 615 0 
-935 872 599 0 
-16 195 -373 0 
798 -36 123 0 
764 59 -947 0 
-952 754 -637 0 
-547 704 569 0 
50 687 941 0 
-653 995 -512 0 
777 -578 -886 0 
858 -271 -872 0 
-831 284 -982 0 
282 -525 -723 0 
-79 604 2 0 
164 -101 924 0 
95 -999 -584 0 
-685 628 813 0 
331 355 -917 0 
-855 153 -1000 0 
768 423 389 0 
181 143 -215 0 
-660 -398 421 0 
-322 8 104 0 
-337 850 51 0 
-462 -424 863 0 
648 326 328 0 
-564 -75 831 0 
-416 473 475 0 
-70 -213 -633 0 
-300 -442 830 0 
-101 -746 -321 0 
738 899 422 0 
299 -529 -254 0 
-554 596 -748 0 
680 538 -418 0 
-531 112 -847 0 
-354 -727 -642 0 
446 541 459 0 
608 568 844 0 
-727 754 -849 0 
-269 -725 -450 0 
522 436 -473 0 
-264 -480 655 0 
271 936 461 0 
-840 1000 -524 0 
897 793 -423 0 
829 530 403 0 
-405 -35 -39 0 
374 -931 -38 0 
-559 -766 -595 0 
-344 574 704 0 
-561 984 846 0 
221 40 532 0 
655 -431 -857 0 
710 -871 -223 0 
418 858 608 0 
-407 706 656 0 
-647 -338 -954 0 
-560 -137 -786 0 
-242 25 -712 0 
-95 -244 -486 0 
-231 -709 -762 0 
71 262 219 0 
-633 286 464 0 
-715 120 533 0 
-759 757 46 0 
317 -353 -159 0 
-814 -470 727 0 
774 108 -156 0 
817 255 -414 0 
112 994 716 0 
-594 666 28 0 
534 261 -21 0 
-81 -64 430 0 
-767 593 -997 0 
-617 198 419 0 
-513 114 -856 0 
-428 740 2 0 
-810 -655 764 0 
402 -428 583 0 
819 -718 515 0 
-36 720 582 0 
442 -704 -41 0 
-95 -80 -22 0 
-117 606 -885 0 
-84 -780 90 0 
515 294 688 0 
-123 -647 -129 0 
516 993 -324 0 
-783 -741 -523 0 
-351 28 293 0 
-62 -21 260 0 
-854 823 -839 0 
-185 -161 699 0 
-301 -407 -588 0 
629 -148 -949 0 
146 -423 199 0 
-226 432 -82 0 
710 318 -551 0 
598 -917 808 0 
-54 562 -572 0 
-629 80 -580 0 
835 -551 -794 0 
597 -550 -168 0 
592 -79 -273 0 
16 285 43 0 
164 -860 -220 0 
-996 -741 -10 0 
-647 -468 -637 0 
297 566 52 0 
563 -691 -217 0 
174 28 218 0 
-484 964 153 0 
871 -326 417 0 
496 -677 -820 0 
783 800 893 0 
60 606 -818 0 
26 176 776 0 
-917 -982 -755 0 
396 147 -398 0 
-138 -238 -452 0 
160 80 176 0 
-442 -111 -378 0 
725 907 -632 0 
681 375 970 0 
-582 895 -684 0 
392 -17 366 0 
290 -820 87 0 
871 -360 979 0 
-682 558 -411 0 
-453 233 788 0 
-253 -989 457 0 
-850 -931 837 0 
287 903 191 0 
47 477 971 0 
579 575 -719 0 
-72 -807 125 0 
-574 101 -419 0 
-497 -276 439 0 
948 -844 -755 0 
-718 558 847 0 
253 320 -506 0 
367 -782 -388 0 
-960 12 -267 0 
-68 -274 15 0 
-757 982 -339 0 
469 517 835 0 
125 -526 -582 0 
313 -811 192 0 
301 -180 -673 0 
731 -486 -82 0 
926 -298 124 0 
913 103 -515 0 
347 44 -627 0 
653 -609 707 0 
-485 631 -704 0 
923 45 134 0 
-161 851 797 0 
-809 -38 -287 0 
-570 -789 -877 0 
-110 -698 -933 0 
60 -77 -282 0 
-68 -343 -153 0 
139 306 808 0 
-239 -510 -294 0 
-553 -1000 263 0 
-335 -818 -772 0 
-131 -779 109 0 
88 724 383 0 
-401 -732 -284 0 
-762 531 -148 0 
-948 -292 894 0 
-874 343 -221 0 
923 71 977 0 
163 796 -151 0 
85 145 389 0 
1000 -331 871 0 
40 603 -99 0 
643 -771 988 0 
-71 -368 -710 0 
134 -710 947 0 
387 202 83 0 
525 389 829 0 
-28 -929 -306 0 
261 -556 71 0 
488 -938 255 0 
-832 526 -749 0 
701 469 870 0 
-665 -657 143 0 
927 58 515 0 
-286 -621 -399 0 
-701 209 -842 0 
783 830 -808 0 
-16 -72 -127 0 
-739 -171 -854 0 
353 302 -312 0 
-363 -759 -207 0 
394 202 -25 0 
347 -937 -556 0 
-624 924 -835 0 
471 -284 -876 0 
-736 463 125 0 
-722 834 255 0 
230 505 -679 0 
-782 982 159 0 
-72 -75 -226 0 
-590 -61 -954 0 
207 531 429 0 
-861 268 540 0 
-919 -367 -970 0 
-344 878 -62 0 
-280 806 -336 0 
-743 892 321 0 
210 -473 927 0 
704 933 992 0 
19 999 -928 0 
-329 842 -230 0 
749 -270 -705 0 
-716 58 -658 0 
-460 -812 25 0 
-530 -953 -194 0 
-1000 -848 33 0 
-211 -593 -92 0 
58 -105 782 0 
-659 -754 674 0 
937 -718 827 0 
-552 425 -279 0 
48 -382 -950 0 
-591 -676 -360 0 
-9 -973 -282 0 
-418 61 900 0 
233 -639 -758 0 
337 -696 -30 0 
401 629 566 0 
-109 380 978 0 
180 -198 -793 0 
-26 -865 489 0 
122 208 730 0 
-847 -367 -700 0 
-558 -131 344 0 
9 682 772 0 
-652 848 -458 0 
5 -166 256 0 
-232 -251 -661 0 
243 -979 327 0 
659 -461 698 0 
-623 -457 7 0 
-983 -509 289 0 
554 795 287 0 
642 981 892 0 
497 -515 658 0 
-132 -894 599 0 
-463 972 683 0 
352 -944 -937 0 
644 -932 -589 0 
-353 275 -966 0 
504 -27 -191 0 
717 -406 671 0 
-507 -866 -326 0 
223 348 319 0 
-440 -239 373 0 
-739 189 53 0 
-1000 412 -847 0 
541 -128 -835 0 
893 827 -254 0 
-270 -726 87 0 
58 -149 -312 0 
407 -25 -75 0 
-906 659 -830 0 
324 -239 153 0 
-498 -473 -749 0 
981 -853 -734 0 
-358 370 127 0 
270 -45 -62 0 
-55 -770 -219 0 
870 -950 438 0 
-568 -823 -938 0 
837 904 -545 0 
-267 395 41 0 
-742 100 -534 0 
-904 105 -430 0 
-866 -525 -102 0 
-397 776 -939 0 
-185 323 814 0 
-502 510 -628 0 
-549 -27 513 0 
344 26 650 0 
890 681 -287 0 
672 186 462 0 
592 946 -634 0 
-922 190 285 0 
146 -766 256 0 
-236 -403 981 0 
-122 -253 -986 0 
713 -654 -267 0 
375 -542 192 0 
-253 802 -390 0 
-620 -552 187 0 
585 12 309 0 
873 -759 410 0 
995 759 -225 0 
-56 23 451 0 
-417 370 808 0 
982 331 -68 0 
-527 978 62 0 
-379 390 -368 0 
31 856 457 0 
-114 168 868 0 
-331 813 -15 0 
-281 -253 662 0 
-121 -33 -276 0 
426 681 546 0 
-395 450 -115 0 
-552 459 -983 0 
-895 -287 -324 0 
468 -176 -423 0 
131 522 691 0 
930 -203 870 0 
-159 -459 -326 0 
229 374 -595 0 
389 -411 -233 0 
513 105 617 0 
-300 -700 -346 0 
250 318 -327 0 
-872 353 963 0 
-306 -332 484 0 
-323 -487 -137 0 
-961 -339 532 0 
35 -527 693 0 
-918 726 946 0 
578 219 420 0 
-465 918 -798 0 
-39 572 -676 0 
51 -979 -344 0 
232 891 -660 0 
-324 600 531 0 
-541 -857 -787 0 
221 -691 -90 0 
-243 -802 260 0 
-76 -976 -824 0 
43 -555 -246 0 
-867 864 -142 0 
-813 740 -6 0 
545 48 -146 0 
837 527 -273 0 
961 996 980 0 
942 935 420 0 
-954 760 -959 0 
-980 -694 -168 0 
138 869 921 0 
-916 663 -685 0 
-866 -898 -119 0 
-701 -845 -260 0 
320 -72 -237 0 
-695 913 173 0 
843 -482 170 0 
849 -330 808 0 
612 -51 -374 0 
-363 943 -437 0 
-412 -510 -731 0 
57 191 -88 0 
-80 -958 747 0 
708 -119 -451 0 
-89 296 -523 0 
183 -27 -46 0 
-101 -164 663 0 
-859 93 317 0 
-66 881 -312 0 
-59 -695 204 0 
-915 -428 947 0 
664 -940 867 0 
-275 972 577 0 
-545 477 680 0 
-69 851 363 0 
-441 -912 -653 0 
-246 -148 487 0 
530 121 487 0 
-58 135 -836 0 
-664 480 593 0 
423 237 -911 0 
699 427 -742 0 
735 656 134 0 
-340 755 865 0 
-262 941 -939 0 
-960 -667 -58 0 
546 -598 -547 0 
792 -752 -107 0 
-635 582 497 0 
860 480 -273 0 
-553 -881 -77 0 
-911 890 -321 0 
-462 689 -745 0 
-489 -780 -888 0 
613 -981 195 0 
20 -191 -597 0 
130 -751 -568 0 
851 984 221 0 
-222 -479 369 0 
302 934 -835 0 
434 -786 -851 0 
-834 -332 100 0 
404 371 980 0 
-721 -805 -193 0 
46 195 416 0 
-57 893 696 0 
-870 738 -528 0 
-625 -433 199 0 
226 90 857 0 
166 -775 -49 0 
-13 918 838 0 
186 -183 134 0 
100 3 -403 0 
263 -245 -251 0 
452 788 -543 0 
-242 886 86 0 
654 66 817 0 
793 628 -41 0 
-372 -448 763 0 
619 442 -78 0 
400 260 -452 0 
3 -511 -624 0 
31 -636 914 0 
98 -974 -462 0 
-834 -530 948 0 
357 -452 246 0 
-789 -165 873 0 
41 775 -596 0 
-241 847 -594 0 
368 -787 -499 0 
-914 552 -659 0 
-292 610 372 0 
504 535 77 0 
469 55 -937 0 
-888 911 -422 0 
308 -443 -361 0 
778 -122 -946 0 
-463 -930 -630 0 
-168 -823 636 0 
992 312 779 0 
837 723 371 0 
748 630 739 0 
107 27 673 0 
753 -965 -503 0 
709 929 492 0 
-922 355 -81 0 
172 -280 716 0 
19 -702 246 0 
538 -893 829 0 
860 777 316 0 
63 818 183 0 
218 538 -150 0 
-221 711 -199 0 
109 590 -928 0 
-28 -152 192 0 
867 -252 -793 0 
111 -755 804 0 
-902 -153 -947 0 
345 644 199 0 
-290 1000 -195 0 
-161 -47 948 0 
98 921 -318 0 
-678 -601 713 0 
-695 896 489 0 
18 133 -975 0 
226 493 -73 0 
-988 226 736 0 
953 616 -646 0 
159 -955 -269 0 
-285 -30 -905 0 
667 -224 -742 0 
571 -542 -281 0 
117 93 359 0 
-332 248 -746 0 
601 202 -797 0 
197 950 367 0 
644 -248 -227 0 
946 815 323 0 
120 852 741 0 
911 37 -348 0 
714 -177 974 0 
199 689 128 0 
-270 -445 -650 0 
-181 -941 121 0 
-434 343 -397 0 
504 871 -100 0 
-214 418 -487 0 
-491 -724 -863 0 
80 91 -715 0 
-461 -132 673 0 
436 672 -528 0 
-643 -973 684 0 
802 922 836 0 
790 524 -257 0 
-85 -251 -291 0 
646 -952 924 0 
-265 18 986 0 
653 236 257 0 
988 555 469 0 
-929 -465 -934 0 
953 281 -338 0 
-833 933 -849 0 
-168 8 571 0 
878 -39 627 0 
-950 -976 -522 0 
-106 584 -279 0 
603 522 -93 0 
-731 502 695 0 
-677 -689 -270 0 
-389 290 161 0 
-125 698 884 0 
-331 -354 116 0 
-631 -818 785 0 
-4 -81 -156 0 
10 -23 -808 0 
-118 450 -464 0 
-686 595 683 0 
885 -181 484 0 
887 669 785 0 
-815 981 503 0 
-730 900 -808 0 
242 688 -309 0 
-317 423 -380 0 
769 890 265 0 
-209 48 -455 0 
418 749 640 0 
-96 -2 17 0 
-121 862 264 0 
373 -428 103 0 
330 -211 -436 0 
924 -798 -37 0 
475 -720 -243 0 
-553 -75 3 0 
-726 213 496 0 
-344 645 821 0 
-597 714 -659 0 
-483 663 -457 0 
24 -575 673 0 
-596 350 700 0 
-803 -301 -848 0 
176 862 38 0 
-329 454 -141 0 
-438 -223 -962 0 
542 714 -948 0 
-558 -822 742 0 
100 -856 -224 0 
776 203 -88 0 
569 -376 325 0 
598 741 259 0 
-288 307 963 0 
-63 426 288 0 
-857 -816 360 0 
410 191 -298 0 
106 -889 686 0 
-779 480 804 0 
902 -809 -385 0 
220 -550 -689 0 
-287 -635 369 0 
671 -229 885 0 
-570 -243 -32 0 
553 81 866 0 
628 -154 -613 0 
9 380 -235 0 
77 -608 -590 0 
-244 -318 307 0 
828 -993 -766 0 
-201 -923 355 0 
387 861 -18 0 
854 -78 -992 0 
947 63 -964 0 
191 -388 679 0 
793 -765 -474 0 
-651 -873 -240 0 
-890 -988 119 0 
370 -993 487 0 
-640 -761 999 0 
-965 -191 -389 0 
686 784 -423 0 
-217 -395 494 0 
-562 -141 -178 0 
41 188 469 0 
-363 670 984 0 
-266 -859 -548 0 
-481 724 -304 0 
-41 406 748 0 
-377 -84 166 0 
337 -464 -966 0 
831 -334 716 0 
-107 906 671 0 
-581 -217 590 0 
-223 157 220 0 
197 209 -137 0 
114 178 -171 0 
-582 541 -448 0 
-470 -360 897 0 
-531 -968 -501 0 
-25 -113 -698 0 
-550 632 -4 0 
31 -627 257 0 
-394 -185 -284 0 
-863 -223 618 0 
-634 804 -421 0 
120 -357 807 0 
-601 -138 236 0 
377 346 -464 0 
450 -289 959 0 
-77 307 -458 0 
821 -288 -476 0 
280 -531 933 0 
475 22 128 0 
22 -468 -869 0 
830 730 891 0 
554 354 -227 0 
657 -842 -544 0 
712 -797 -796 0 
-666 828 -964 0 
-242 381 -208 0 
445 360 62 0 
209 -237 674 0 
669 -148 -745 0 
-509 -476 324 0 
-54 817 -371 0 
-755 5 -301 0 
-966 485 12 0 
-553 -506 -330 0 
-116 187 631 0 
-337 965 -569 0 
769 -533 -274 0 
-680 438 241 0 
403 -465 218 0 
880 385 302 0 
150 243 59 0 
654 -670 -199 0 
-638 -718 865 0 
317 -567 346 0 
900 735 -808 0 
494 -226 -265 0 
521 22 -857 0 
879 101 -212 0 
503 -225 587 0 
660 -723 -192 0 
-411 -783 717 0 
-185 -31 -353 0 
-319 -858 107 0 
-391 59 807 0 
339 -897 -327 0 
-72 176 -996 0 
742 -496 433 0 
-552 -642 407 0 
-148 -113 -865 0 
763 -20 810 0 
-389 -187 684 0 
518 -873 261 0 
-606 -905 439 0 
94 -220 815 0 
264 820 -336 0 
-754 -195 920 0 
730 -161 970 0 
-396 188 982 0 
212 255 640 0 
326 608 -33 0 
634 220 -107 0 
841 -223 80 0 
296 381 63 0 
649 798 -938 0 
500 41 465 0 
-50 -504 -902 0 
-182 366 -691 0 
-583 86 37 0 
-365 -657 667 0 
931 181 683 0 
983 -902 -464 0 
-596 217 -769 0 
626 -265 282 0 
253 -794 -922 0 
-101 46 668 0 
-554 485 146 0 
-970 -777 -811 0 
-602 -149 179 0 
457 -589 -854 0 
-18 335 721 0 
383 -105 236 0 
-38 -768 -366 0 
-405 726 -715 0 
-621 443 -109 0 
-826 937 909 0 
-956 -198 -491 0 
357 -680 -591 0 
-279 444 -421 0 
13 243 571 0 
558 46 690 0 
-68 -762 -454 0 
-34 753 -554 0 
685 -408 -315 0 
-373 -364 914 0 
-729 707 968 0 
-850 -412 -699 0 
-297 382 465 0 
-211 876 -180 0 
-473 -278 799 0 
-256 140 -476 0 
-998 285 299 0 
698 -715 -793 0 
259 -838 -653 0 
600 462 -400 0 
183 -362 -668 0 
-378 -763 -326 0 
302 169 780 0 
128 356 753 0 
-379 -78 753 0 
-540 579 -890 0 
-157 327 329 0 
-311 776 314 0 
-166 -774 -271 0 
977 471 -572 0 
138 -422 -876 0 
148 647 795 0 
223 -346 -915 0 
-172 -327 169 0 
865 -441 -371 0 
-732 252 -373 0 
140 682 4 0 
-740 -459 743 0 
-522 347 -474 0 
-337 770 -800 0 
823 961 404 0 
-879 -167 328 0 
969 -750 636 0 
788 591 918 0 
307 -858 -357 0 
730 667 458 0 
21 921 -104 0 
-216 -238 -872 0 
783 -879 -422 0 
-790 999 -960 0 
-976 -894 -561 0 
35 72 796 0 
-563 112 -400 0 
-529 -692 325 0 
-855 -362 -602 0 
-971 -633 -55 0 
-289 -992 663 0 
101 585 353 0 
505 -856 377 0 
452 -548 857 0 
197 -927 857 0 
-212 493 185 0 
-826 -448 -189 0 
704 -629 763 0 
-472 -442 -859 0 
372 -429 -427 0 
-25 478 715 0 
-331 950 -693 0 
-618 -385 -344 0 
-38 871 444 0 
871 -720 436 0 
432 -131 603 0 
727 14 741 0 
65 -122 701 0 
-948 277 70 0 
-180 490 -955 0 
413 715 489 0 
981 399 363 0 
-2 8 643 0 
609 901 -684 0 
-631 -482 81 0 
754 -151 -852 0 
-441 46 943 0 
862 187 521 0 
-762 -226 146 0 
-412 -229 431 0 
-742 616 919 0 
510 -730 -544 0 
-1 -829 -955 0 
-289 98 -301 0 
551 788 599 0 
498 -368 -5 0 
339 881 546 0 
469 726 -654 0 
106 931 571 0 
-915 -647 323 0 
-132 -91 -121 0 
240 -612 966 0 
72 -541 683 0 
417 -687 -943 0 
98 -129 871 0 
343 824 357 0 
561 -845 542 0 
929 141 863 0 
-375 104 96 0 
985 -684 -571 0 
-850 342 -761 0 
-210 350 867 0 
-465 -30 -40 0 
886 580 776 0 
-257 668 -703 0 
152 -325 55 0 
-278 -794 -908 0 
-202 533 -837 0 
921 228 -446 0 
-840 819 -89 0 
-856 -340 439 0 
153 129 -383 0 
-65 -150 -799 0 
-574 -943 -650 0 
662 873 849 0 
148 714 -951 0 
-604 460 -353 0 
889 485 863 0 
520 969 -138 0 
-965 -341 -105 0 
300 396 -189 0 
947 856 293 0 
241 -438 -324 0 
-700 -437 -47 0 
439 842 531 0 
-711 -180 197 0 
750 93 574 0 
-609 -28 -142 0 
326 -519 653 0 
923 -730 243 0 
-123 -323 -400 0 
-522 -719 848 0 
111 -566 -232 0 
485 -370 -672 0 
-782 -213 377 0 
-535 569 -614 0 
514 254 71 0 
-109 194 506 0 
-660 404 -876 0 
-741 -586 230 0 
351 962 529 0 
811 -541 -407 0 
-70 180 600 0 
164 -770 680 0 
-939 49 -729 0 
-762 225 366 0 
-190 781 286 0 
-312 -459 442 0 
644 -219 -77 0 
-756 -636 419 0 
-661 364 -100 0 
-430 -152 841 0 
-340 -96 -489 0 
-283 -595 -493 0 
-129 350 326 0 
-739 -702 -429 0 
-3 690 272 0 
-956 499 -315 0 
16 111 -551 0 
-158 238 954 0 
-181 297 782 0 
535 -44 -290 0 
812 -771 823 0 
178 143 170 0 
788 -659 457 0 
-557 -581 999 0 
-468 -977 592 0 
-423 332 -204 0 
366 510 147 0 
-639 390 844 0 
197 -310 -454 0 
961 266 -340 0 
882 288 587 0 
688 770 533 0 
683 -437 -999 0 
-232 -694 859 0 
485 -204 -8 0 
612 -443 948 0 
-779 -578 -968 0 
685 20 -984 0 
36 -213 -48 0 
-403 -254 -171 0 
916 134 -502 0 
-445 -895 -319 0 
-994 606 11 0 
-87 61 -470 0 
-3 552 -615 0 
147 250 873 0 
-260 804 537 0 
-964 -540 -40 0 
512 322 -890 0 
994 515 -945 0 
-405 559 -12 0 
-479 -489 76 0 
337 -87 -42 0 
-736 227 816 0 
-49 188 -959 0 
-64 -762 -832 0 
-958 -995 800 0 
317 -488 542 0 
152 -284 -363 0 
-419 582 -897 0 
713 -360 -781 0 
1 455 902 0 
633 -565 493 0 
-866 -368 566 0 
785 -456 -861 0 
-463 380 -988 0 
79 -608 239 0 
-439 496 729 0 
735 -541 -534 0 
309 -443 637 0 
-496 929 748 0 
-978 863 -148 0 
-663 -23 289 0 
-119 163 -584 0 
926 110 -41 0 
-759 597 -953 0 
860 -1 934 0 
-332 89 -243 0 
757 -803 -465 0 
-412 -681 699 0 
-760 -645 -105 0 
-816 -861 731 0 
181 991 -71 0 
108 737 505 0 
-252 773 38 0 
-22 546 995 0 
-222 -536 267 0 
-10 -94 -807 0 
-392 685 5 0 
-637 -982 440 0 
-419 -783 -182 0 
-666 743 -300 0 
904 898 342 0 
-790 609 599 0 
-600 -252 488 0 
-715 997 -184 0 
620 -112 849 0 
488 -428 456 0 
482 362 -970 0 
-433 -302 -264 0 
-451 10 630 0 
333 -533 42 0 
734 -984 943 0 
604 -972 -743 0 
-554 854 262 0 
-715 -911 559 0 
745 -182 -989 0 
147 -633 712 0 
-45 267 767 0 
545 580 -377 0 
-972 -372 69 0 
-33 -63 524 0 
-668 977 -610 0 
785 260 142 0 
416 261 257 0 
195 765 -779 0 
-420 602 266 0 
241 -470 -396 0 
-473 -698 306 0 
93 730 -268 0 
954 -885 -943 0 
787 -116 7 0 
-157 -580 -847 0 
-961 423 29 0 
-965 129 103 0 
987 474 415 0 
-891 214 968 0 
977 386 521 0 
-237 805 -852 0 
-99 -699 -411 0 
-283 128 -722 0 
876 35 526 0 
958 720 -371 0 
839 -712 662 0 
459 572 -595 0 
759 98 -357 0 
939 375 -621 0 
80 -546 47 0 
-911 -273 -593 0 
-717 -460 -775 0 
-26 -640 823 0 
699 11 -851 0 
844 1000 709 0 
-372 -715 -922 0 
790 -415 181 0 
97 86 204 0 
473 -844 -894 0 
731 648 174 0 
48 205 -305 0 
658 773 657 0 
-322 -171 -379 0 
90 692 -370 0 
633 169 209 0 
-722 196 -184 0 
222 134 -733 0 
-350 -941 425 0 
-401 889 -901 0 
-102 -824 -653 0 
584 787 699 0 
400 -742 -10 0 
91 910 -825 0 
-452 816 -190 0 
298 895 58 0 
-996 -109 -995 0 
568 475 785 0 
-712 -948 369 0 
-351 -156 -109 0 
448 503 366 0 
270 58 314 0 
-640 235 188 0 
-760 764 942 0 
-386 -175 928 0 
-203 -196 -153 0 
-635 264 -939 0 
61 691 -62 0 
151 -185 562 0 
866 542 125 0 
-526 104 554 0 
-145 439 435 0 
-94 -54 -654 0 
-817 -781 -599 0 
702 -521 -838 0 
628 -850 -309 0 
-343 -807 970 0 
161 205 512 0 
-416 -617 743 0 
-891 673 707 0 
15 35 -390 0 
641 520 448 0 
-553 151 -240 0 
716 -373 31 0 
403 -600 892 0 
-281 317 -482 0 
350 145 49 0 
673 -984 740 0 
-849 732 766 0 
431 917 688 0 
-875 874 -301 0 
-57 -547 553 0 
811 194 -671 0 
717 -261 -533 0 
674 145 -302 0 
7 997 -80 0 
-207 -444 791 0 
-237 498 -965 0 
-847 595 741 0 
-298 -76 211 0 
530 -666 767 0 
340 816 -153 0 
697 902 -520 0 
-668 232 645 0 
941 222 695 0 
-398 688 878 0 
-418 754 738 0 
308 109 -324 0 
974 945 274 0 
-786 -559 -110 0 
221 385 441 0 
87 206 -937 0 
620 -205 -296 0 
-274 905 -986 0 
-363 211 988 0 
201 348 412 0 
-71 125 161 0 
960 -701 948 0 
-393 -310 916 0 
-851 -626 -244 0 
438 -789 -822 0 
471 171 -345 0 
-624 -86 -636 0 
-210 362 -269 0 
-503 -214 -642 0 
-617 -622 723 0 
577 -421 587 0 
-447 446 545 0 
-370 436 304 0 
179 -267 -448 0 
-345 -602 -621 0 
761 644 265 0 
150 -143 -364 0 
570 252 -873 0 
-85 959 846 0 
491 998 -839 0 
296 235 286 0 
957 774 -868 0 
-304 79 -20 0 
417 216 -790 0 
352 850 373 0 
-417 215 832 0 
-789 -644 -746 0 
807 679 813 0 
59 -811 -841 0 
15 366 -848 0 
-787 319 -588 0 
-712 874 229 0 
-56 -568 272 0 
877 -591 -197 0 
188 559 -548 0 
-63 688 32 0 
201 -278 -322 0 
50 -881 554 0 
600 -307 -49 0 
641 544 -56 0 
-521 465 -132 0 
169 -837 -411 0 
-28 -842 271 0 
-58 762 554 0 
-696 695 476 0 
-965 -651 763 0 
866 809 -987 0 
-813 -30 422 0 
421 -909 -763 0 
922 -569 857 0 
-441 -838 -491 0 
690 -267 -534 0 
438 -349 -816 0 
419 -857 -421 0 
-840 134 954 0 
603 -707 779 0 
405 397 209 0 
844 -465 72 0 
3 711 92 0 
-941 -124 703 0 
-447 -231 -411 0 
194 -90 109 0 
-973 -565 576 0 
-435 -947 -333 0 
354 -364 -455 0 
619 484 555 0 
-923 850 -191 0 
-467 -86 -237 0 
426 64 -456 0 
-524 -653 -308 0 
-330 -952 946 0 
436 -34 -413 0 
-12 -957 923 0 
-628 -635 -858 0 
528 -204 -634 0 
-592 515 482 0 
-623 983 439 0 
-651 -212 279 0 
-866 177 404 0 
842 -705 797 0 
-379 -169 -439 0 
396 433 -758 0 
744 -388 466 0 
323 229 -278 0 
-833 -276 -801 0 
-93 -411 -527 0 
191 -701 949 0 
-695 -803 -267 0 
686 315 -580 0 
954 -640 390 0 
288 914 353 0 
603 223 -242 0 
1000 -193 -297 0 
-970 947 -9 0 
-319 -87 74 0 
-563 105 420 0 
192 -961 888 0 
221 -326 181 0 
558 -735 -397 0 
-313 966 -823 0 
-833 -462 -240 0 
-674 39 -795 0 
-346 -311 -713 0 
452 -150 135 0 
383 415 -472 0 
634 804 -759 0 
117 -151 -228 0 
-598 460 45 0 
-562 943 -701 0 
-329 293 157 0 
-716 -597 710 0 
758 -756 55 0 
-208 347 993 0 
821 758 438 0 
257 528 -894 0 
322 721 455 0 
-1 16 -347 0 
646 -854 166 0 
780 -794 -48 0 
-372 -997 -951 0 
724 -553 -468 0 
-531 472 -359 0 
301 -652 -488 0 
-658 -370 646 0 
-760 657 600 0 
-614 104 45 0 
-262 -656 -538 0 
402 781 -840 0 
44 -683 412 0 
-539 683 -900 0 
143 -962 -932 0 
-540 -582 -440 0 
-832 840 954 0 
111 453 -470 0 
-198 407 -939 0 
400 158 200 0 
946 -858 40 0 
963 365 -606 0 
-746 269 115 0 
531 -524 -239 0 
-795 750 -22 0 
74 -160 -474 0 
-46 25 -775 0 
-517 829 -689 0 
402 -592 -942 0 
931 -798 336 0 
-762 386 993 0 
-76 18 380 0 
291 509 515 0 
-206 -705 866 0 
-562 349 -439 0 
-272 8 679 0 
519 650 689 0 
-968 -501 -774 0 
383 -970 -9 0 
842 382 -71 0 
859 306 -902 0 
133 -31 663 0 
280 -454 286 0 
126 -191 474 0 
525 110 -599 0 
-975 309 4 0 
-617 18 281 0 
794 -726 685 0 
-372 817 764 0 
-157 -431 600 0 
-253 -655 -613 0 
470 -191 -383 0 
961 -778 235 0 
-898 -530 -624 0 
-316 -554 -38 0 
-264 356 501 0 
-215 -296 484 0 
-328 -862 478 0 
-810 792 -377 0 
602 -985 -300 0 
-437 -657 -882 0 
-683 846 -807 0 
675 27 970 0 
537 -69 874 0 
-3 701 957 0 
-326 297 574 0 
508 -216 -688 0 
16 -634 -396 0 
-501 -47 -367 0 
-6 -352 -142 0 
836 685 219 0 
549 -826 -108 0 
659 733 167 0 
-832 -674 -581 0 
-908 854 129 0 
-530 412 519 0 
-544 -145 622 0 
677 390 -811 0 
-90 427 -820 0 
49 5 -891 0 
60 -450 356 0 
-675 -998 -938 0 
-864 -991 -10 0 
-340 -167 -890 0 
321 -756 389 0 
254 -957 -756 0 
-556 644 -539 0 
799 -878 -641 0 
915 465 254 0 
-595 -536 891 0 
-896 -107 212 0 
-727 -530 -941 0 
368 -86 804 0 
384 -371 -163 0 
-1000 934 -693 0 
-796 409 -306 0 
-9 787 -445 0 
-921 434 678 0 
-283 -471 317 0 
-561 -116 308 0 
930 230 277 0 
114 -356 751 0 
-124 372 912 0 
330 -484 -162 0 
-327 -767 -163 0 
-68 -571 610 0 
-551 195 106 0 
-266 -915 962 0 
-276 186 -822 0 
652 951 946 0 
476 -692 961 0 
-847 -558 -685 0 
-47 654 966 0 
773 -173 743 0 
794 -3 864 0 
147 95 543 0 
278 2 457 0 
561 768 698 0 
358 639 -218 0 
394 -516 500 0 
-441 370 -148 0 
-133 -557 -795 0 
743 -803 -471 0 
732 -670 271 0 
680 476 -885 0 
-25 853 803 0 
-35 999 699 0 
-958 -630 300 0 
490 -751 -200 0 
-478 756 -22 0 
784 334 591 0 
392 -363 744 0 
91 790 -493 0 
885 -658 -570 0 
102 587 557 0 
-532 -943 738 0 
638 844 -677 0 
-837 -839 720 0 
-505 -149 -419 0 
920 927 -782 0 
955 -226 -781 0 
402 -664 458 0 
-540 783 819 0 
263 -983 322 0 
562 -490 317 0 
-43 -32 790 0 
-410 -284 -965 0 
-230 -557 -885 0 
-115 468 -928 0 
487 -27 -713 0 
-510 -902 -262 0 
-761 199 975 0 
965 685 684 0 
-358 -233 -344 0 
719 884 -800 0 
874 513 -731 0 
-15 -295 -832 0 
-216 81 -499 0 
991 -843 978 0 
-433 -818 -198 0 
382 -129 113 0 
-269 -559 884 0 
571 749 764 0 
-100 590 444 0 
-973 -526 84 0 
810 495 926 0 
592 -685 388 0 
812 408 922 0 
-256 40 -431 0 
956 -582 64 0 
373 -444 699 0 
-478 -714 469 0 
-624 789 -385 0 
219 -361 169 0 
-514 -660 965 0 
284 -27 -828 0 
-897 571 50 0 
401 55 130 0 
861 80 -354 0 
616 -343 442 0 
-223 740 788 0 
-537 481 172 0 
-359 312 -769 0 
580 -510 652 0 
519 572 527 0 
746 168 -633 0 
157 525 779 0 
113 409 814 0 
-870 -417 695 0 
-592 301 -950 0 
625 500 343 0 
489 -142 126 0 
-617 -226 6 0 
-305 -772 -989 0 
449 534 -133 0 
-144 297 -571 0 
312 616 -304 0 
-322 -442 -648 0 
443 -451 -657 0 
541 542 476 0 
231 402 -799 0 
-950 -321 -550 0 
-181 771 -440 0 
482 715 -893 0 
-571 -595 -404 0 
504 382 598 0 
-343 383 151 0 
692 -128 -170 0 
783 -880 372 0 
194 -295 -847 0 
-816 939 122 0 
-160 791 306 0 
-460 81 -809 0 
-909 -287 -661 0 
840 -363 518 0 
-9 172 715 0 
-625 -680 719 0 
65 -196 67 0 
108 311 -978 0 
-944 -371 -567 0 
-113 -663 -377 0 
743 32 -617 0 
-524 169 248 0 
715 -346 682 0 
218 -669 -264 0 
285 454 423 0 
443 -416 -372 0 
309 202 656 0 
-806 346 805 0 
-526 -503 -59 0 
689 -494 328 0 
48 -117 -580 0 
205 801 -499 0 
976 614 715 0 
-905 92 619 0 
-936 429 -760 0 
672 -812 837 0 
-244 -336 -765 0 
-295 349 -391 0 
-280 625 -481 0 
-416 -212 -717 0 
-957 -800 -214 0 
-789 616 25 0 
480 -800 -516 0 
662 -648 936 0 
905 -91 -544 0 
-889 -697 -19 0 
202 -476 -80 0 
37 956 -404 0 
-322 -767 211 0 
652 -802 589 0 
-231 493 932 0 
977 544 6 0 
-155 -830 -26 0 
948 879 590 0 
-697 -64 876 0 
240 -313 616 0 
161 538 68 0 
992 785 472 0 
-748 -292 -668 0 
-523 557 488 0 
-390 -127 -369 0 
-453 329 246 0 
360 -805 203 0 
-109 -869 -346 0 
-393 -673 387 0 
279 -434 -491 0 
-144 -320 -265 0 
572 -193 943 0 
838 383 765 0 
-36 287 736 0 
-848 898 -118 0 
-369 51 390 0 
253 736 299 0 
-213 -304 137 0 
572 -733 775 0 
-311 -390 741 0 
237 599 -879 0 
74 931 -882 0 
-329 -220 986 0 
607 -466 672 0 
-594 145 147 0 
-65 858 474 0 
410 -35 290 0 
441 -500 -914 0 
300 260 65 0 
-802 780 -387 0 
-274 905 -703 0 
441 995 -238 0 
497 411 -957 0 
292 294 -956 0 
-928 -280 369 0 
-231 632 -815 0 
-266 794 178 0 
830 438 623 0 
-625 947 691 0 
299 305 -894 0 
324 -395 -402 0 
25 604 563 0 
-577 166 222 0 
746 758 -680 0 
-631 -524 641 0 
-217 -777 104 0 
-279 259 570 0 
212 419 -841 0 
-995 -844 -343 0 
832 -603 78 0 
347 -115 -71 0 
705 676 -719 0 
365 638 849 0 
619 877 950 0 
-446 659 3 0 
-827 292 270 0 
505 -275 -80 0 
787 519 254 0 
382 -189 677 0 
691 33 -736 0 
-538 -722 836 0 
-143 -656 -414 0 
924 926 598 0 
-840 -401 72 0 
-9 -701 504 0 
508 -213 -407 0 
611 350 818 0 
7 -316 -74 0 
877 946 16 0 
57 865 -855 0 
-391 393 -75 0 
-536 330 -535 0 
-614 506 -546 0 
70 760 -674 0 
843 -259 704 0 
-430 -214 499 0 
477 726 871 0 
-134 115 455 0 
681 -222 -789 0 
-690 -933 861 0 
555 215 541 0 
48 545 -432 0 
862 830 375 0 
-65 -276 -849 0 
190 214 165 0 
-481 -867 -746 0 
-940 679 -392 0 
-941 -936 -305 0 
-76 420 -882 0 
302 -473 440 0 
-3 -83 -807 0 
-571 792 6 0 
-729 -977 651 0 
-654 -815 -74 0 
948 504 -393 0 
-760 792 -51 0 
-837 511 818 0 
544 114 -314 0 
465 -634 -608 0 
916 46 86 0 
247 651 -889 0 
277 882 767 0 
11 71 387 0 
-594 -50 -262 0 
-252 -822 -998 0 
938 -419 -199 0 
229 638 296 0 
-998 -949 868 0 
857 -586 -99 0 
383 -826 -917 0 
394 -398 -676 0 
-558 518 112 0 
-512 -70 -606 0 
141 324 703 0 
-794 -363 887 0 
-688 -120 -12 0 
592 314 782 0 
-713 -878 -955 0 
-607 233 -468 0 
669 688 806 0 
-339 523 -347 0 
-249 -946 -269 0 
646 897 -233 0 
712 504 -735 0 
917 -631 706 0 
-116 -158 -907 0 
106 799 -578 0 
774 -704 -687 0 
-481 886 -826 0 
-552 -320 -968 0 
-935 175 359 0 
-514 -93 356 0 
728 -813 807 0 
-790 -839 -151 0 
677 329 -906 0 
-266 841 -998 0 
-175 547 372 0 
-460 496 -225 0 
453 769 402 0 
888 868 964 0 
33 589 938 0 
-631 -484 333 0 
-552 900 366 0 
-99 -561 423 0 
-55 75 121 0 
-62 788 -623 0 
450 512 -26 0 
74 -69 -595 0 
-375 -794 -972 0 
-944 -511 54 0 
90 -271 380 0 
487 -229 611 0 
-475 -60 -249 0 
-257 -481 -133 0 
-356 -634 799 0 
-802 30 -510 0 
173 -491 873 0 
953 -182 404 0 
562 234 -410 0 
-286 -485 943 0 
-728 784 342 0 
-373 -354 797 0 
420 293 -650 0 
538 -787 -999 0 
-903 709 900 0 
-505 716 207 0 
-308 -873 -544 0 
592 -701 1 0 
-234 -591 118 0 
380 447 613 0 
216 -213 -523 0 
79 -732 20 0 
-699 212 -326 0 
-987 -383 831 0 
731 -105 -804 0 
-929 630 249 0 
-836 -678 657 0 
-26 -974 -459 0 
531 579 269 0 
935 523 472 0 
-400 -310 -209 0 
738 -783 -503 0 
78 -757 93 0 
778 793 -769 0 
468 -623 141 0 
935 -354 966 0 
253 516 674 0 
431 327 -494 0 
571 168 512 0 
993 -275 222 0 
175 -765 560 0 
-169 193 758 0 
-273 -637 -446 0 
741 736 925 0 
-701 771 423 0 
-999 230 -209 0 
-543 -296 -719 0 
36 -690 164 0 
-896 -816 -145 0 
-4 -803 -530 0 
461 103 -596 0 
258 46 -244 0 
507 -879 -313 0 
-853 683 -800 0 
59 -169 333 0 
546 -652 703 0 
221 -907 779 0 
-940 939 -781 0 
-673 516 992 0 
-916 -118 -911 0 
-880 -591 -94 0 
-167 -664 -141 0 
-487 140 -578 0 
-789 338 402 0 
560 -599 99 0 
-569 -272 697 0 
-255 118 784 0 
-426 711 -414 0 
-592 -550 -274 0 
-582 -597 522 0 
548 771 452 0 
-185 601 797 0 
477 -416 220 0 
670 -112 -245 0 
314 -925 51 0 
483 -191 -74 0 
995 774 586 0 
-908 -784 305 0 
-869 -935 -903 0 
108 921 -404 0 
624 -634 -883 0 
-917 551 700 0 
-830 651 -61 0 
78 -686 -317 0 
-88 246 957 0 
-130 -953 -563 0 
888 549 -28 0 
-467 -412 754 0 
349 615 -292 0 
-866 -359 547 0 
-824 411 60 0 
-85 -369 803 0 
-227 -939 851 0 
-45 -343 816 0 
724 -580 -658 0 
754 -917 720 0 
-641 -737 -5 0 
930 371 -756 0 
199 680 -669 0 
879 -822 -878 0 
-71 801 -771 0 
-646 831 408 0 
59 669 682 0 
90 -142 528 0 
802 -64 194 0 
343 -7 859 0 
-942 -266 -672 0 
-395 -728 668 0 
502 -721 505 0 
236 361 110 0 
620 530 -472 0 
-468 533 -24 0 
174 516 792 0 
-856 773 609 0 
152 148 -706 0 
-59 700 691 0 
805 -922 -657 0 
-646 -782 -277 0 
856 387 875 0 
870 840 579 0 
-239 -317 -698 0 
-415 -219 888 0 
641 422 -224 0 
527 -793 786 0 
-370 632 553 0 
130 978 444 0 
773 504 859 0 
904 17 291 0 
-745 -798 433 0 
623 -657 216 0 
-62 -209 292 0 
405 -924 -366 0 
971 -222 -934 0 
268 288 102 0 
-988 -91 -688 0 
-698 961 934 0 
835 650 330 0 
-324 571 650 0 
850 97 -903 0 
780 -885 -830 0 
310 -577 704 0 
117 48 813 0 
-781 510 -634 0 
-521 -21 943 0 
123 911 643 0 
-631 -258 -561 0 
-95 379 323 0 
-724 331 -310 0 
901 -281 -956 0 
-541 355 -572 0 
-886 -945 645 0 
-737 -40 209 0 
64 -39 755 0 
-175 531 -925 0 
199 -120 231 0 
705 -26 -863 0 
959 107 609 0 
-471 705 -628 0 
658 502 726 0 
-629 -935 -383 0 
-968 -553 858 0 
881 87 748 0 
-753 -468 502 0 
512 -192 757 0 
-186 982 -656 0 
-18 -450 119 0 
-337 556 -972 0 
-734 -427 851 0 
-128 -765 -573 0 
-282 -418 -191 0 
296 14 274 0 
