p cnf 1000 1200
-231 -53 -649 0 
42 224 345 0 
711 72 -792 0 
418 -447 557 0 
807 -85 -996 0 
-995 -780 -848 0 
748 -900 -772 0 
-731 85 4 0 
124 -383 -187 0 
-336 -942 -728 0 
-437 194 655 0 
-251 400 519 0 
739 -940 407 0 
347 -538 -493 0 
795 667 675 0 
795 352 225 0 
765 957 -727 0 
-869 -28 -771 0 
102 -402 -244 0 
-614 -136 218 0 
447 142 409 0 
816 480 646 0 
-85 -739 -831 0 
32 -985 -316 0 
46 -785 160 0 
-642 -44 -404 0 
949 721 -964 0 
987 -223 260 0 
-80 -60 -759 0 
321 433 425 0 
-581 235 -846 0 
-232 -994 341 0 
-873 -791 -192 0 
-695 -308 923 0 
-615 -768 -662 0 
784 -548 803 0 
835 720 -966 0 
636 -690 -37 0 
-306 859 226 0 
-610 165 -743 0 
-19 -725 -922 0 
-985 563 -880 0 
-2 855 -484 0 
-817 -400 379 0 
-365 -169 172 0 
-251 -219 526 0 
52 -720 -163 0 
959 -174 135 0 
781 -488 -439 0 
642 231 605 0 
-712 618 -999 0 
116 706 -51 0 
800 -973 -632 0 
-529 341 -520 0 
981 -498 679 0 
511 1 900 0 
-554 448 -202 0 
184 154 751 0 
-711 -502 -831 0 
320 47 -85 0 
-389 880 590 0 
109 -315 -750 0 
372 405 431 0 
810 -476 -979 0 
747 616 437 0 
843 831 668 0 
984 109 -776 0 
127 74 603 0 
732 -713 -441 0 
217 275 -325 0 
149 584 391 0 
217 -302 -722 0 
-398 451 258 0 
-201 -769 596 0 
-569 -545 -938 0 
385 344 898 0 
-121 791 18 0 
303 -208 534 0 
186 423 -782 0 
417 668 717 0 
-30 -473 163 0 
-137 319 535 0 
378 -949 282 0 
555 470 960 0 
-607 -904 -613 0 
-443 -171 389 0 
-479 61 -921 0 
910 -933 227 0 
868 950 -311 0 
-309 658 -745 0 
-846 689 -38 0 
-451 -879 871 0 
22 -205 14 0 
143 482 648 0 
-773 748 807 0 
-916 -791 -617 0 
882 72 -834 0 
-249 954 854 0 
596 -172 871 0 
-174 444 994 0 
4 -136 -189 0 
658 117 -493 0 
-746 869 403 0 
546 -708 687 0 
490 -500 -622 0 
352 496 866 0 
408 -524 54 0 
-217 -62 654 0 
371 666 878 0 
762 954 -709 0 
522 794 278 0 
362 -744 -664 0 
-486 -946 917 0 
532 -69 -792 0 
-302 8 -897 0 
754 536 11 0 
-529 -844 -417 0 
-739 -297 -890 0 
-737 -920 189 0 
-604 85 -832 0 
-230 -38 -253 0 
394 427 -225 0 
-470 679 -741 0 
-736 228 -691 0 
-875 741 -393 0 
-419 660 -162 0 
-763 -117 -851 0 
134 777 28 0 
-869 877 356 0 
935 -54 661 0 
216 864 355 0 
-829 437 -290 0 
204 220 -360 0 
436 770 -297 0 
-149 -689 363 0 
769 -643 -717 0 
274 289 -824 0 
-183 431 555 0 
-626 715 -147 0 
234 313 85 0 
26 -913 -820 0 
181 940 849 0 
540 -819 -30 0 
-395 625 800 0 
-203 -7 358 0 
-859 -927 -395 0 
559 -688 -420 0 
954 -971 490 0 
127 321 643 0 
320 264 -903 0 
644 -371 435 0 
172 221 -379 0 
832 -564 -341 0 
-923 221 998 0 
-154 -621 -36 0 
-491 657 878 0 
802 594 160 0 
-234 782 319 0 
-856 304 502 0 
987 441 665 0 
105 178 68 0 
237 -256 42 0 
-817 -404 -874 0 
-982 -9 -431 0 
-834 125 746 0 
983 676 888 0 
-536 -608 343 0 
-312 460 -60 0 
-530 113 219 0 
-958 -960 55 0 
208 -763 258 0 
-275 -191 -96 0 
873 -322 858 0 
-105 928 606 0 
881 -292 674 0 
746 -796 -774 0 
430 389 -989 0 
-294 274 942 0 
319 549 -516 0 
847 40 375 0 
-822 -737 455 0 
-340 -451 471 0 
313 -197 -951 0 
-412 678 -349 0 
264 598 -326 0 
52 279 75 0 
-165 644 -444 0 
-246 -207 285 0 
5 464 899 0 
316 237 -49 0 
726 420 -118 0 
-959 -52 -39 0 
-64 240 226 0 
697 450 255 0 
-739 554 767 0 
954 387 -214 0 
-666 -167 767 0 
-206 402 -90 0 
925 471 -757 0 
174 -3 719 0 
521 -353 547 0 
279 464 740 0 
-481 437 -583 0 
848 368 127 0 
-188 -392 993 0 
560 -355 553 0 
-906 210 -516 0 
670 996 -896 0 
8 -151 -420 0 
-460 -315 -974 0 
-766 578 781 0 
-751 -371 -100 0 
-225 218 167 0 
-351 56 696 0 
-13 756 890 0 
368 757 58 0 
17 366 -868 0 
-748 -158 973 0 
747 -195 767 0 
-633 -877 -879 0 
-171 509 860 0 
-882 -738 170 0 
447 319 848 0 
415 -596 -835 0 
392 -255 44 0 
872 -173 160 0 
584 274 360 0 
963 926 -430 0 
-744 276 -996 0 
291 513 331 0 
834 -650 -390 0 
-321 -225 468 0 
-309 913 -443 0 
-616 666 103 0 
-385 -77 797 0 
-716 752 -427 0 
-63 -604 761 0 
27 718 -221 0 
186 -877 -657 0 
181 -201 -828 0 
-812 -655 119 0 
-128 -807 832 0 
-110 290 -144 0 
347 313 -361 0 
-266 -10 583 0 
819 190 273 0 
717 -346 293 0 
743 52 424 0 
7 997 817 0 
421 293 591 0 
-856 -607 -708 0 
-443 -427 61 0 
928 123 -470 0 
372 -485 501 0 
-553 -537 -39 0 
-153 941 -540 0 
277 -799 -247 0 
251 -60 -659 0 
712 -552 -5 0 
954 608 -660 0 
950 -291 460 0 
612 417 -996 0 
388 333 409 0 
181 -763 320 0 
-743 -556 -61 0 
710 793 713 0 
-986 8 23 0 
607 728 966 0 
-973 -936 -528 0 
767 -660 707 0 
-702 -418 -166 0 
742 -50 -665 0 
-566 938 370 0 
362 108 238 0 
669 422 411 0 
-21 761 563 0 
216 -589 194 0 
-195 -803 54 0 
343 -376 -605 0 
597 170 299 0 
432 899 977 0 
202 -850 -673 0 
657 27 -581 0 
-583 -209 573 0 
550 -732 878 0 
-548 -214 271 0 
-256 -683 -798 0 
705 -441 -633 0 
-793 561 762 0 
325 335 -958 0 
-269 392 -842 0 
-437 244 -272 0 
28 -919 714 0 
5 -792 -485 0 
-941 -301 709 0 
-434 -499 -572 0 
914 849 729 0 
-761 -86 91 0 
348 -999 89 0 
-901 231 -635 0 
-97 633 -68 0 
-424 232 -813 0 
-668 -648 541 0 
425 668 293 0 
200 1000 257 0 
-589 420 -665 0 
675 529 -956 0 
-805 629 -647 0 
-620 48 -359 0 
-258 827 999 0 
-294 -197 -791 0 
-48 545 -386 0 
380 -932 -903 0 
-727 -828 -371 0 
-629 754 -899 0 
-658 -162 33 0 
-880 978 702 0 
-209 483 -317 0 
-219 -1000 542 0 
-571 622 40 0 
-420 -912 464 0 
-616 377 -192 0 
33 -916 -129 0 
856 714 883 0 
-251 -739 -586 0 
-203 224 -263 0 
552 -880 -433 0 
-460 47 617 0 
-660 751 845 0 
396 660 397 0 
261 -353 -440 0 
-357 410 -546 0 
-198 97 -352 0 
39 -159 -128 0 
657 -185 132 0 
100 -177 -385 0 
-757 318 -734 0 
-242 -670 394 0 
-683 -222 -499 0 
132 -107 -353 0 
-255 -986 -292 0 
68 -987 -640 0 
45 -874 -806 0 
972 -573 609 0 
-634 686 238 0 
492 397 -402 0 
-953 -106 975 0 
-517 950 -253 0 
-691 -455 892 0 
-271 489 -491 0 
-724 -965 390 0 
504 -434 -507 0 
-234 944 -351 0 
-856 657 -681 0 
206 366 -86 0 
-679 390 552 0 
-731 -682 957 0 
-721 -333 902 0 
-387 52 -66 0 
729 260 171 0 
-462 940 -561 0 
366 -873 708 0 
885 -414 -57 0 
499 59 845 0 
341 201 328 0 
768 -235 277 0 
204 -47 750 0 
-665 -545 837 0 
-510 805 -143 0 
831 -9 159 0 
-52 132 286 0 
-102 -646 -836 0 
814 734 520 0 
-346 -849 840 0 
682 138 527 0 
557 213 904 0 
616 653 -276 0 
672 -27 688 0 
-97 112 175 0 
-649 -903 -742 0 
-282 -360 -920 0 
208 637 -668 0 
-55 -901 -741 0 
892 -37 -756 0 
649 -866 -519 0 
872 906 143 0 
977 901 262 0 
-744 -12 -513 0 
678 -192 142 0 
283 -416 439 0 
281 -392 666 0 
28 -744 -492 0 
145 241 -968 0 
153 353 650 0 
625 -724 -791 0 
-707 -394 -108 0 
561 846 -818 0 
-504 548 -150 0 
-844 576 -533 0 
478 670 -78 0 
260 -828 784 0 
-758 -585 911 0 
398 -606 644 0 
238 -592 880 0 
-828 37 235 0 
-511 116 965 0 
-292 168 150 0 
-429 157 -319 0 
491 238 400 0 
-443 -846 -521 0 
-413 122 -565 0 
-988 -585 257 0 
-205 -470 873 0 
945 914 -656 0 
538 996 -638 0 
698 -247 997 0 
-254 -261 104 0 
870 -528 -969 0 
-600 -33 124 0 
347 -627 -358 0 
944 -343 -632 0 
-230 983 289 0 
323 494 427 0 
73 579 -419 0 
102 -187 -569 0 
-840 846 -638 0 
-498 285 690 0 
-722 33 175 0 
329 -93 667 0 
-442 445 160 0 
171 -944 572 0 
717 -695 -668 0 
625 -705 -149 0 
315 -586 -391 0 
-581 771 277 0 
188 598 612 0 
-290 10 -224 0 
2 222 53 0 
363 221 -277 0 
-687 -72 -949 0 
135 517 927 0 
-57 617 112 0 
800 132 -115 0 
-651 -918 -607 0 
276 118 -348 0 
405 -204 817 0 
902 -616 -898 0 
164 -948 332 0 
201 74 274 0 
-44 868 859 0 
768 900 -906 0 
372 -9 -845 0 
-381 720 502 0 
-526 -980 922 0 
649 305 816 0 
-380 608 46 0 
-590 -844 340 0 
-649 249 -578 0 
-289 501 903 0 
-352 798 -966 0 
528 -196 -409 0 
915 117 846 0 
133 263 -310 0 
-150 986 -495 0 
-704 280 695 0 
-265 -70 -599 0 
943 -950 -579 0 
-253 -809 731 0 
651 -131 834 0 
-393 -341 -59 0 
-705 -398 -259 0 
446 -863 -585 0 
-708 -71 426 0 
285 -402 -446 0 
-189 -594 732 0 
988 -688 -696 0 
794 988 397 0 
-5 -824 -127 0 
844 935 -668 0 
-779 -975 98 0 
256 996 156 0 
-547 76 545 0 
327 -473 -833 0 
439 -615 841 0 
-206 -111 166 0 
402 30 -710 0 
-28 -756 44 0 
-972 233 -368 0 
-948 980 -763 0 
624 756 21 0 
-174 -99 -571 0 
-943 -214 -932 0 
422 250 563 0 
297 -258 654 0 
596 -427 563 0 
-964 510 571 0 
-264 571 -507 0 
440 -905 -833 0 
185 -49 723 0 
-330 -265 -117 0 
563 -75 225 0 
-905 -776 -29 0 
650 -108 -909 0 
540 -324 82 0 
-958 -807 -828 0 
683 286 933 0 
648 -887 -559 0 
925 -383 -751 0 
261 732 120 0 
954 -135 712 0 
146 -795 -944 0 
-833 917 -566 0 
911 -768 -202 0 
-555 -870 254 0 
182 -946 547 0 
-537 -263 724 0 
124 742 -446 0 
804 147 -65 0 
545 -273 -889 0 
501 751 -430 0 
101 -764 -450 0 
-136 -892 361 0 
899 -383 -467 0 
579 -423 -88 0 
-329 585 -26 0 
709 -786 -837 0 
-15 715 463 0 
306 -254 453 0 
397 433 -62 0 
867 -228 -183 0 
611 -685 -283 0 
52 239 -709 0 
887 -637 -858 0 
790 -931 -297 0 
104 -729 108 0 
892 305 -145 0 
-430 -529 570 0 
-600 556 -897 0 
-232 604 -571 0 
-800 -925 -420 0 
489 -272 -487 0 
-817 -165 -969 0 
371 525 269 0 
10 -730 -650 0 
145 331 -613 0 
-466 932 -351 0 
921 774 -133 0 
108 475 695 0 
-345 -61 34 0 
-883 -86 464 0 
-247 905 568 0 
926 -199 -861 0 
301 -891 -184 0 
506 -169 738 0 
-561 -856 232 0 
198 454 -655 0 
564 374 141 0 
166 -414 -767 0 
-959 105 690 0 
561 127 -783 0 
-354 -551 56 0 
-885 850 412 0 
449 465 -722 0 
-458 469 491 0 
-249 259 -506 0 
-749 -65 -962 0 
764 643 -15 0 
-400 653 -182 0 
-47 -111 665 0 
959 496 -864 0 
-908 893 -107 0 
-248 -372 -238 0 
-86 -673 -223 0 
190 -176 221 0 
304 575 -880 0 
291 775 593 0 
306 649 -793 0 
409 187 287 0 
256 53 304 0 
-484 -272 782 0 
-618 -128 -841 0 
-495 58 -80 0 
-689 -833 501 0 
778 -282 -559 0 
-763 -531 268 0 
-520 -953 -903 0 
-743 653 -705 0 
49 -934 561 0 
847 674 326 0 
-388 896 -853 0 
785 -665 115 0 
439 234 -50 0 
695 748 181 0 
-967 -81 85 0 
554 95 -117 0 
591 864 -515 0 
509 -1 184 0 
-31 -563 -330 0 
-437 470 798 0 
589 624 -255 0 
895 489 -345 0 
-445 -929 -218 0 
-217 -770 963 0 
-955 -677 -820 0 
694 473 356 0 
-621 547 -830 0 
195 -343 933 0 
-747 376 -631 0 
-119 -280 964 0 
581 181 779 0 
-797 903 -340 0 
-919 -94 279 0 
435 714 -850 0 
270 13 544 0 
-170 920 -347 0 
-283 -694 273 0 
-296 578 -406 0 
80 464 -64 0 
-706 -4 640 0 
126 -931 -415 0 
-490 218 -797 0 
220 -439 -901 0 
-129 -628 723 0 
997 155 883 0 
-387 -959 410 0 
730 -133 874 0 
-580 -396 -978 0 
876 628 -206 0 
10 284 -730 0 
175 -119 -34 0 
-503 764 477 0 
-969 -401 355 0 
956 -80 871 0 
913 92 530 0 
-395 -742 677 0 
423 212 318 0 
77 629 -887 0 
629 579 -143 0 
575 123 577 0 
-894 -932 -303 0 
-215 -39 303 0 
-711 -274 563 0 
-234 175 242 0 
-660 -416 946 0 
728 358 92 0 
-538 28 -708 0 
918 -707 782 0 
246 661 667 0 
-856 861 442 0 
-124 -326 -663 0 
-822 392 25 0 
456 180 -117 0 
989 -307 -455 0 
260 -909 408 0 
-111 -615 299 0 
-74 749 -370 0 
-704 406 -934 0 
-257 -840 921 0 
-890 -229 -874 0 
-446 -542 181 0 
-756 755 -675 0 
-554 21 -993 0 
-499 -238 -10 0 
-562 -973 793 0 
-255 -845 752 0 
398 644 -961 0 
-15 615 10 0 
-44 -348 -464 0 
-27 -861 -68 0 
854 229 -151 0 
474 -936 912 0 
226 734 553 0 
-541 -780 -160 0 
497 -109 -922 0 
-326 -500 714 0 
153 959 964 0 
914 760 140 0 
-745 -235 755 0 
147 -536 -132 0 
-449 -776 -466 0 
224 -750 672 0 
859 -257 577 0 
482 -435 601 0 
671 212 -683 0 
-916 -768 652 0 
-550 539 -699 0 
535 557 463 0 
230 409 628 0 
-538 -490 -472 0 
-217 -22 -418 0 
941 -966 974 0 
-414 -204 730 0 
1 -945 -244 0 
182 -612 40 0 
864 -219 -403 0 
-244 -797 176 0 
397 -209 -432 0 
-160 -339 58 0 
-745 -294 -599 0 
790 206 -5 0 
-726 389 -185 0 
-455 -391 -510 0 
-162 319 95 0 
63 660 478 0 
-787 -747 376 0 
200 920 -776 0 
415 926 357 0 
37 403 133 0 
-31 -744 109 0 
-434 -75 949 0 
-199 -758 392 0 
-629 -577 237 0 
58 -830 -463 0 
637 -948 815 0 
-98 -136 -342 0 
891 -323 490 0 
-79 838 150 0 
159 999 391 0 
-949 543 363 0 
218 -226 -198 0 
-557 210 394 0 
-204 119 -157 0 
-994 798 645 0 
317 136 -648 0 
-131 614 467 0 
990 -512 671 0 
322 364 546 0 
21 181 366 0 
879 928 -899 0 
873 321 -84 0 
-511 -134 688 0 
-810 -402 55 0 
-280 412 968 0 
-658 -957 685 0 
-220 -464 192 0 
57 -116 679 0 
9 129 314 0 
480 843 942 0 
-390 753 114 0 
518 -452 615 0 
-923 -346 -177 0 
-592 -12 686 0 
-295 -810 799 0 
95 365 595 0 
868 135 588 0 
-965 -628 -110 0 
972 -162 -49 0 
634 121 -977 0 
481 -2 191 0 
-333 -554 -787 0 
-688 -417 -802 0 
-310 -119 944 0 
295 774 946 0 
-331 525 -267 0 
-387 -462 -682 0 
748 -240 698 0 
-637 25 -811 0 
-554 -574 -897 0 
-111 -397 777 0 
517 721 -79 0 
-169 -261 696 0 
857 -703 -327 0 
-908 -555 494 0 
176 -668 188 0 
527 598 93 0 
184 8 -997 0 
-964 -838 587 0 
846 -18 840 0 
-713 659 -856 0 
-765 -705 44 0 
-49 644 -885 0 
-854 -468 -74 0 
1000 156 -970 0 
-993 63 -705 0 
-631 49 -811 0 
700 950 323 0 
-170 461 899 0 
296 -599 759 0 
227 -591 240 0 
940 -912 72 0 
17 -726 -596 0 
909 -698 47 0 
362 220 785 0 
180 -171 845 0 
-875 -734 835 0 
85 604 -355 0 
601 -782 -783 0 
-632 685 518 0 
98 -482 616 0 
871 883 -465 0 
-447 14 -802 0 
943 897 -447 0 
990 80 801 0 
-83 -917 248 0 
-574 758 -124 0 
352 766 -686 0 
-392 852 -474 0 
477 -901 796 0 
-894 734 -605 0 
-970 428 531 0 
-412 479 632 0 
482 22 898 0 
80 530 -998 0 
808 -727 326 0 
-345 -708 -296 0 
-12 -600 -221 0 
-243 116 -481 0 
-347 -444 671 0 
366 -175 -594 0 
-544 738 -97 0 
8 916 496 0 
-193 -720 -771 0 
937 -781 138 0 
241 449 -148 0 
785 -329 -67 0 
793 -305 -919 0 
-293 526 869 0 
-746 242 -513 0 
-778 543 615 0 
873 -604 -541 0 
330 -871 -249 0 
-690 519 261 0 
814 812 -652 0 
415 -192 -636 0 
320 -87 -698 0 
680 -37 412 0 
798 -552 -322 0 
111 364 -960 0 
-706 -315 447 0 
44 744 -784 0 
-876 -943 -207 0 
957 889 863 0 
-39 111 102 0 
766 -517 111 0 
987 219 -830 0 
-234 668 812 0 
-689 281 258 0 
179 -77 717 0 
-570 -117 -927 0 
-575 201 -84 0 
-150 -708 58 0 
-691 692 623 0 
-936 952 -769 0 
-292 261 -528 0 
944 -764 -297 0 
-786 130 325 0 
13 320 -108 0 
289 12 925 0 
237 366 15 0 
-394 -325 188 0 
661 -580 -35 0 
437 558 742 0 
-660 408 443 0 
407 -359 435 0 
-153 -440 899 0 
-168 -934 625 0 
302 -948 848 0 
19 -48 -726 0 
823 -53 -467 0 
-304 -302 -72 0 
-693 -286 -8 0 
-699 464 -928 0 
-102 -575 459 0 
-401 346 -619 0 
438 676 882 0 
-603 -825 995 0 
-708 -271 825 0 
367 -122 -476 0 
-79 -278 -750 0 
-902 -940 575 0 
-169 483 499 0 
523 -928 -243 0 
-446 814 640 0 
-491 -339 -102 0 
290 366 -390 0 
94 -223 513 0 
-291 -592 496 0 
-406 832 84 0 
554 -759 -41 0 
430 313 926 0 
894 -2 947 0 
579 701 -709 0 
955 -362 -107 0 
-2 656 -390 0 
218 -115 192 0 
409 553 -499 0 
327 713 -828 0 
709 -653 512 0 
-257 -33 957 0 
6 921 -308 0 
-845 476 -411 0 
-265 419 619 0 
923 -963 259 0 
-116 -752 872 0 
-7 169 498 0 
779 -587 -507 0 
583 -704 50 0 
524 -824 -189 0 
-890 -472 594 0 
313 785 960 0 
-737 -325 96 0 
-334 -773 -847 0 
-483 -352 -170 0 
40 704 -546 0 
-263 -420 -267 0 
-932 320 -138 0 
97 -568 -80 0 
-490 529 -997 0 
-680 257 -739 0 
114 347 744 0 
-664 968 -90 0 
-374 413 955 0 
-476 664 198 0 
-790 150 225 0 
-347 204 -82 0 
-569 -100 -344 0 
607 -525 -313 0 
237 -253 -530 0 
391 85 525 0 
-972 -663 -770 0 
-785 214 84 0 
176 -668 -648 0 
-114 481 496 0 
-161 -963 -848 0 
735 -822 89 0 
874 -573 -743 0 
-694 -639 140 0 
800 -802 -897 0 
430 780 101 0 
247 -982 591 0 
-55 -960 -418 0 
-976 561 184 0 
-993 884 703 0 
897 987 -158 0 
-785 -987 -20 0 
-48 -807 586 0 
507 -173 -930 0 
-577 474 -503 0 
396 -873 -617 0 
231 -189 895 0 
-811 -939 -690 0 
63 114 -158 0 
-633 807 -144 0 
-652 753 -411 0 
-766 262 -898 0 
-484 -954 -765 0 
791 -646 -334 0 
-361 -281 -300 0 
951 345 -980 0 
788 948 239 0 
-198 113 -989 0 
-48 -805 400 0 
-622 872 664 0 
-198 529 617 0 
-463 -219 650 0 
203 -317 64 0 
-856 390 -467 0 
59 717 -624 0 
-426 -135 -603 0 
168 -758 -197 0 
-495 270 923 0 
391 -381 756 0 
159 403 -222 0 
728 195 101 0 
375 183 29 0 
-376 -931 -497 0 
213 -428 696 0 
-626 -488 658 0 
-277 211 910 0 
298 -747 -564 0 
-647 -7 623 0 
434 -602 222 0 
-601 917 911 0 
581 -935 23 0 
683 606 391 0 
-284 -523 104 0 
343 -591 -523 0 
-718 970 -306 0 
-812 8 -294 0 
239 -535 -963 0 
-723 727 -883 0 
-405 946 83 0 
120 -304 600 0 
2 -431 274 0 
-315 32 -938 0 
573 255 -242 0 
-263 -113 -933 0 
-510 189 -157 0 
81 269 -532 0 
471 -372 437 0 
599 655 390 0 
-82 -14 -237 0 
-451 996 734 0 
-534 -838 949 0 
983 494 327 0 
451 902 338 0 
170 579 -781 0 
-572 -54 -898 0 
286 256 301 0 
899 463 -543 0 
620 -791 -195 0 
-392 364 -370 0 
787 -468 -161 0 
-684 -686 -757 0 
201 778 -70 0 
686 148 -382 0 
-477 171 37 0 
888 -811 -925 0 
-556 -658 -249 0 
67 -671 -828 0 
-273 -287 700 0 
792 -771 624 0 
247 -517 -941 0 
-551 482 -662 0 
271 228 978 0 
-595 -316 913 0 
260 -407 788 0 
958 -17 -56 0 
-668 620 19 0 
-670 -68 733 0 
511 -768 -970 0 
354 874 -110 0 
-117 667 930 0 
758 -926 912 0 
-473 228 -212 0 
245 -85 793 0 
904 176 -230 0 
404 618 -867 0 
281 651 -494 0 
308 -786 43 0 
-426 -998 -803 0 
723 -933 -608 0 
572 -467 420 0 
-403 390 419 0 
-425 -374 659 0 
-232 762 -755 0 
-638 341 879 0 
621 447 210 0 
-543 82 -434 0 
-598 466 610 0 
717 -311 987 0 
-647 577 -692 0 
-754 -55 523 0 
-826 844 -180 0 
88 -329 622 0 
-741 703 494 0 
-902 -749 -432 0 
457 -904 13 0 
852 -879 -801 0 
-301 372 -81 0 
-57 923 491 0 
637 -73 -482 0 
-355 897 66 0 
846 -820 -786 0 
-435 586 -269 0 
-822 -531 -817 0 
541 -47 539 0 
-836 -780 -702 0 
-846 -527 -381 0 
-736 439 -778 0 
486 801 -731 0 
-344 602 -422 0 
564 -107 400 0 
-694 -941 626 0 
135 -69 264 0 
-363 -297 -355 0 
766 733 984 0 
-173 -231 -370 0 
-670 372 -349 0 
936 -322 885 0 
219 376 345 0 
934 449 -829 0 
-616 -737 -933 0 
96 832 709 0 
-992 -965 -447 0 
-153 60 646 0 
163 -969 -85 0 
953 815 -467 0 
887 -590 -997 0 
-973 -625 -98 0 
806 -103 -808 0 
-677 -878 -831 0 
491 588 -369 0 
287 -341 722 0 
956 -594 440 0 
-355 356 -930 0 
-810 -656 754 0 
473 -47 -414 0 
-772 -388 -827 0 
-529 512 904 0 
-445 348 811 0 
-663 -434 -225 0 
-500 811 -213 0 
759 -416 -126 0 
-292 -950 -681 0 
-703 -225 -604 0 
75 316 -80 0 
320 -235 -779 0 
474 -626 -308 0 
-487 260 550 0 
100 711 892 0 
492 -55 -598 0 
349 956 -748 0 
-135 602 750 0 
-632 -422 95 0 
-556 -448 -832 0 
-146 -690 -402 0 
-696 -787 -405 0 
-923 582 432 0 
-50 750 76 0 
863 82 936 0 
245 -251 -321 0 
-167 -970 616 0 
-143 469 -831 0 
-819 -246 505 0 
-673 970 898 0 
745 681 -956 0 
890 946 265 0 
-458 914 48 0 
-625 376 -904 0 
436 -779 -255 0 
-183 446 -212 0 
-689 -459 -542 0 
-266 -195 -574 0 
-866 -3 -184 0 
126 334 -358 0 
-519 146 -724 0 
787 -896 530 0 
426 -282 -61 0 
-344 -402 443 0 
-764 399 -129 0 
773 273 494 0 
459 644 -872 0 
-965 491 -789 0 
189 338 198 0 
-988 -182 208 0 
-984 466 418 0 
100 -397 155 0 
-258 462 -759 0 
-955 -544 2 0 
427 -979 927 0 
-623 -322 335 0 
-614 662 -587 0 
508 -765 -400 0 
-736 2 -838 0 
-4 -489 770 0 
-682 -873 -192 0 
-421 169 -868 0 
2 -425 188 0 
898 866 -855 0 
-721 895 337 0 
394 -348 654 0 
-207 -211 973 0 
442 499 843 0 
900 703 488 0 
833 201 705 0 
663 315 551 0 
935 950 331 0 
568 307 -139 0 
-964 882 786 0 
-816 350 -727 0 
389 -249 412 0 
207 852 397 0 
574 -359 -859 0 
-250 533 96 0 
791 -16 710 0 
-66 -746 -899 0 
964 374 -148 0 
200 601 -80 0 
126 308 -188 0 
907 755 -129 0 
-786 -954 910 0 
-180 -572 891 0 
237 890 351 0 
-922 882 -86 0 
414 -841 369 0 
-415 -146 -696 0 
762 61 984 0 
70 896 267 0 
-931 232 27 0 
-661 855 -353 0 
647 944 -832 0 
498 720 503 0 
611 406 -975 0 
-559 569 355 0 
424 4 682 0 
-569 557 196 0 
-85 -680 -741 0 
270 838 -624 0 
63 -759 134 0 
-546 635 -8 0 
-321 -213 -676 0 
474 652 -720 0 
582 930 837 0 
-411 152 -855 0 
245 449 937 0 
-888 482 -286 0 
-447 -709 623 0 
718 -796 537 0 
501 571 -945 0 
