p cnf 1000 3600
98 450 1000 0 
333 312 460 0 
-496 -585 889 0 
-910 -982 -257 0 
-793 -549 -344 0 
488 -367 499 0 
-698 389 114 0 
418 -785 1000 0 
-526 -591 -750 0 
-141 675 609 0 
-51 -236 -853 0 
-404 -414 922 0 
742 533 566 0 
-431 -735 224 0 
863 913 -467 0 
-633 -465 873 0 
-674 238 -627 0 
890 -973 -800 0 
920 515 369 0 
-873 666 -271 0 
-962 -154 -83 0 
-108 902 -566 0 
-703 -205 878 0 
645 -346 -941 0 
55 -716 -866 0 
137 636 648 0 
-601 396 962 0 
253 -506 -692 0 
706 -294 -307 0 
726 942 69 0 
115 -473 -470 0 
-144 939 -400 0 
-156 -606 -399 0 
-919 212 757 0 
-373 221 -274 0 
-557 -581 509 0 
506 -425 -22 0 
-808 -573 670 0 
-836 132 -47 0 
-52 -256 -935 0 
-967 487 932 0 
-488 940 841 0 
648 -950 764 0 
903 -906 -102 0 
-671 563 736 0 
824 691 894 0 
395 403 -961 0 
970 583 -395 0 
-816 -576 -801 0 
-844 -173 -206 0 
-267 -233 788 0 
88 755 -453 0 
-465 123 57 0 
835 345 198 0 
787 -748 -563 0 
7 603 -395 0 
-234 885 -34 0 
-909 -462 -432 0 
-767 -845 -132 0 
167 15 383 0 
862 -517 702 0 
231 -187 -433 0 
385 -94 272 0 
956 -843 -356 0 
-679 228 15 0 
-277 903 -610 0 
-552 -612 642 0 
376 -425 797 0 
411 170 -891 0 
218 -534 394 0 
40 -762 554 0 
814 -92 -583 0 
-335 -694 484 0 
616 -68 -431 0 
362 -973 -598 0 
-492 -326 -5 0 
-617 -366 666 0 
629 -66 -228 0 
430 635 974 0 
-600 335 213 0 
-956 -14 966 0 
-780 960 165 0 
915 871 -397 0 
-863 -400 -145 0 
454 802 -767 0 
-196 93 134 0 
-797 -423 799 0 
662 28 -231 0 
-416 -605 -18 0 
831 908 -459 0 
626 717 -134 0 
33 536 403 0 
593 -398 -824 0 
865 -970 301 0 
-419 -915 182 0 
428 -222 904 0 
787 -232 332 0 
-380 -860 313 0 
447 -66 -106 0 
495 -452 -597 0 
-256 767 945 0 
-438 338 896 0 
464 789 -686 0 
-94 100 -356 0 
-300 -264 -450 0 
-581 -996 178 0 
123 189 966 0 
675 661 -833 0 
-53 -410 455 0 
351 754 -321 0 
-263 306 696 0 
199 -910 -324 0 
196 -171 57 0 
520 631 -299 0 
-284 16 -848 0 
497 398 -756 0 
106 327 -162 0 
-605 -571 552 0 
-823 44 -991 0 
-484 -29 -902 0 
869 -896 114 0 
362 78 361 0 
506 75 977 0 
270 230 646 0 
61 125 267 0 
143 716 -76 0 
19 -85 -950 0 
27 90 -255 0 
338 858 -290 0 
977 -148 857 0 
466 823 -850 0 
292 -5 26 0 
-933 -543 184 0 
-343 -130 424 0 
623 -929 -334 0 
547 830 602 0 
-579 48 362 0 
63 -236 -214 0 
669 -125 -620 0 
-317 -324 -124 0 
375 -943 922 0 
-378 -900 -739 0 
615 840 -557 0 
-160 -756 651 0 
-96 -451 -214 0 
716 -615 515 0 
-418 224 930 0 
-430 -817 -688 0 
-741 130 -692 0 
464 510 569 0 
-865 -277 -244 0 
239 32 799 0 
766 60 -718 0 
-316 258 148 0 
618 787 859 0 
476 -749 -323 0 
390 -229 290 0 
295 -498 -418 0 
-901 -699 990 0 
865 -507 873 0 
1 129 -704 0 
-237 -802 -786 0 
718 427 574 0 
-848 -781 225 0 
-484 1 315 0 
231 -19 -939 0 
239 299 6 0 
253 -586 -174 0 
-82 -629 243 0 
-129 16 -342 0 
-472 -447 -370 0 
-717 -925 -614 0 
-285 -809 856 0 
-953 137 734 0 
157 9 -456 0 
-896 -300 348 0 
786 263 333 0 
428 222 768 0 
-874 155 -128 0 
711 -30 219 0 
-213 449 219 0 
211 836 686 0 
-953 990 -316 0 
-415 901 -673 0 
764 -126 123 0 
-605 -906 -358 0 
-348 606 799 0 
517 916 475 0 
-385 387 -263 0 
86 -706 -46 0 
-971 474 -633 0 
673 -960 -918 0 
-111 -543 -267 0 
596 992 524 0 
578 -516 970 0 
-623 -367 773 0 
722 -126 -185 0 
17 -697 -261 0 
88 -766 53 0 
-432 -479 221 0 
87 615 911 0 
-54 -790 313 0 
-989 -954 793 0 
5 916 -547 0 
-963 -678 886 0 
-612 -73 -670 0 
110 -643 517 0 
679 149 489 0 
455 957 -878 0 
402 857 143 0 
492 73 714 0 
895 721 -303 0 
-343 -251 921 0 
-754 -878 -263 0 
624 890 -307 0 
730 799 -944 0 
623 -342 -743 0 
-575 514 -550 0 
874 -152 -695 0 
327 -137 -423 0 
-371 -905 -41 0 
-183 498 -943 0 
891 426 926 0 
-802 598 -844 0 
691 207 971 0 
467 862 90 0 
-139 136 -74 0 
537 667 511 0 
204 -246 -504 0 
267 -136 288 0 
305 909 -872 0 
-994 940 851 0 
-588 352 127 0 
309 357 -177 0 
-698 391 -443 0 
-198 113 -941 0 
-822 805 300 0 
-284 -474 -909 0 
-332 -509 -396 0 
-690 996 616 0 
648 235 441 0 
-672 -350 -169 0 
-845 917 -469 0 
969 859 -795 0 
-353 -658 413 0 
472 171 -308 0 
-594 924 804 0 
-264 243 77 0 
432 707 275 0 
-134 -329 581 0 
-542 -568 899 0 
89 618 -16 0 
-27 -967 812 0 
696 -133 729 0 
837 209 -267 0 
-192 -310 -864 0 
-987 -83 153 0 
128 242 291 0 
-818 265 -329 0 
-693 931 221 0 
-202 -152 674 0 
612 -259 544 0 
470 -499 370 0 
822 -372 563 0 
-853 772 323 0 
511 -265 -881 0 
-581 -832 -719 0 
246 410 406 0 
648 -822 -270 0 
40 -191 -829 0 
279 694 809 0 
-537 354 -58 0 
-584 -457 -112 0 
-659 -732 -942 0 
771 428 198 0 
-760 -87 8 0 
-558 835 -804 0 
810 197 45 0 
884 176 233 0 
-693 959 -469 0 
787 -512 -17 0 
-366 254 -294 0 
-170 -188 -457 0 
-342 442 -665 0 
832 683 983 0 
797 -747 -572 0 
-758 -108 -775 0 
-158 876 -591 0 
602 679 507 0 
-291 217 99 0 
-807 -620 -621 0 
875 707 -798 0 
211 807 -264 0 
318 -657 484 0 
163 310 881 0 
-86 915 453 0 
361 -953 104 0 
495 -599 244 0 
758 610 -729 0 
543 890 536 0 
70 407 179 0 
-638 -647 356 0 
-920 -647 525 0 
33 647 -810 0 
547 -213 -877 0 
255 282 -670 0 
-524 -124 773 0 
873 -219 866 0 
-956 -26 881 0 
103 881 36 0 
-295 299 -195 0 
103 -279 -531 0 
-979 -284 -31 0 
-343 -846 614 0 
-859 298 -305 0 
527 -696 718 0 
574 598 720 0 
507 -843 751 0 
527 841 897 0 
47 341 -569 0 
-46 970 -120 0 
643 755 212 0 
396 -645 384 0 
444 -111 340 0 
14 170 103 0 
-274 475 680 0 
700 540 -969 0 
-122 425 -850 0 
-691 432 -335 0 
-291 -404 348 0 
90 -262 196 0 
323 -113 -527 0 
-221 -755 575 0 
34 982 565 0 
544 -936 997 0 
616 -19 -911 0 
-434 671 839 0 
-517 -95 -374 0 
-207 720 -489 0 
952 -305 -835 0 
-704 -550 -636 0 
-742 -771 564 0 
970 -246 -803 0 
519 -329 835 0 
-702 113 726 0 
801 701 -972 0 
-137 136 171 0 
-732 -411 -348 0 
-2 258 404 0 
189 -985 -743 0 
-303 780 122 0 
-536 -481 -46 0 
-650 -182 478 0 
-270 -895 725 0 
-500 70 -231 0 
365 -909 -504 0 
378 -734 798 0 
-637 -458 -714 0 
-311 -790 -949 0 
518 -181 511 0 
51 -475 808 0 
-34 -1 -359 0 
-404 -600 -510 0 
185 -893 198 0 
339 -765 -646 0 
-437 -651 -671 0 
85 -835 673 0 
-17 987 72 0 
575 602 805 0 
512 409 815 0 
-856 277 202 0 
-93 -244 -76 0 
-310 679 -897 0 
219 -701 578 0 
263 -110 640 0 
851 418 541 0 
-457 916 342 0 
928 914 -250 0 
401 -361 -117 0 
899 412 -956 0 
-266 -36 -20 0 
910 -470 -475 0 
136 932 16 0 
-983 -484 -936 0 
288 696 165 0 
-891 -304 131 0 
856 966 -851 0 
-633 126 -140 0 
-756 -877 -493 0 
-805 311 -244 0 
541 526 283 0 
179 25 -46 0 
643 92 -242 0 
432 484 362 0 
-734 150 -857 0 
-175 162 613 0 
780 649 340 0 
-313 587 31 0 
839 707 -766 0 
757 -239 538 0 
594 619 698 0 
-953 -901 -685 0 
328 -325 452 0 
248 9 -484 0 
-101 -814 811 0 
-217 505 74 0 
-9 -467 -490 0 
166 -197 -167 0 
-685 -572 559 0 
776 519 -697 0 
43 -883 551 0 
-459 -263 721 0 
124 -324 844 0 
485 -218 -984 0 
440 -834 -40 0 
-792 -567 363 0 
-148 103 975 0 
-934 291 847 0 
-966 -728 -185 0 
-212 161 450 0 
20 550 311 0 
839 -485 570 0 
-872 626 713 0 
901 290 603 0 
-505 337 -795 0 
51 739 656 0 
470 927 -46 0 
-766 190 -608 0 
852 911 466 0 
-608 -526 360 0 
-961 -977 563 0 
-553 145 589 0 
-160 -25 -118 0 
-678 284 -358 0 
-616 851 331 0 
-598 298 -791 0 
-465 -838 -472 0 
-194 694 749 0 
162 -884 206 0 
-368 703 -345 0 
674 270 891 0 
25 718 900 0 
583 -297 859 0 
891 546 761 0 
892 -420 830 0 
-597 360 269 0 
351 350 342 0 
852 -604 -890 0 
-454 -628 241 0 
-606 930 -962 0 
-38 406 -871 0 
724 285 417 0 
629 -264 632 0 
-695 488 -901 0 
690 -70 851 0 
430 53 584 0 
-285 783 -643 0 
-722 451 -462 0 
298 -450 104 0 
-84 547 899 0 
-935 -442 -37 0 
-101 -65 -668 0 
-627 505 -278 0 
-770 76 467 0 
-260 7 290 0 
-140 896 -952 0 
-181 -775 758 0 
336 -233 -689 0 
-757 816 -512 0 
-121 -480 241 0 
960 -67 -450 0 
241 -704 874 0 
-725 195 -984 0 
-239 505 -541 0 
484 663 -177 0 
-677 837 763 0 
-909 -197 -951 0 
-522 -410 -128 0 
-726 -998 -214 0 
376 -511 64 0 
511 -786 -897 0 
-611 -668 131 0 
721 -382 -42 0 
387 -790 224 0 
391 -298 -829 0 
112 236 -132 0 
787 -200 322 0 
-83 198 271 0 
138 65 395 0 
295 -346 -15 0 
140 947 81 0 
-369 -1000 180 0 
-974 -746 -243 0 
-906 66 -779 0 
-187 -39 -282 0 
163 751 363 0 
-992 698 -447 0 
-608 -514 -444 0 
-801 -572 -141 0 
-278 608 995 0 
911 -866 -112 0 
888 356 87 0 
990 -726 -351 0 
-249 370 122 0 
-745 -110 -271 0 
10 -794 -612 0 
-323 570 -479 0 
-934 179 -812 0 
125 -953 -573 0 
261 -783 -867 0 
104 -423 -247 0 
390 -711 -597 0 
-32 712 -804 0 
18 -150 593 0 
46 361 -661 0 
-597 -189 -546 0 
558 144 -542 0 
-177 234 -569 0 
-60 -10 411 0 
-809 777 -454 0 
-649 -526 -851 0 
-41 972 16 0 
251 317 -722 0 
-786 -980 699 0 
923 -418 -843 0 
861 45 -998 0 
795 -922 -119 0 
-841 -209 -698 0 
802 582 712 0 
-952 -845 -769 0 
-248 -954 -914 0 
-528 -420 -791 0 
-771 -332 488 0 
-49 602 748 0 
828 443 -83 0 
97 380 596 0 
-410 13 285 0 
408 -51 -925 0 
881 -624 961 0 
173 -819 616 0 
-94 422 717 0 
205 -646 603 0 
-889 872 -736 0 
-231 14 37 0 
-483 -569 404 0 
301 -684 -253 0 
542 890 24 0 
-942 839 -684 0 
13 -50 641 0 
628 -830 -183 0 
-934 -111 -878 0 
-5 -10 -283 0 
-676 -470 230 0 
936 -447 -45 0 
-521 303 -509 0 
918 -148 275 0 
-780 724 732 0 
660 -465 247 0 
705 -459 -319 0 
688 -833 606 0 
550 -695 666 0 
521 -360 184 0 
-176 -951 -581 0 
-497 -577 -558 0 
-811 -945 358 0 
-989 549 11 0 
-234 -567 74 0 
-352 358 906 0 
-131 373 853 0 
669 355 -322 0 
-748 -41 -458 0 
571 440 -628 0 
-61 196 122 0 
-962 -323 742 0 
901 276 -741 0 
-184 94 19 0 
-417 -697 76 0 
-429 -654 392 0 
-834 245 -146 0 
346 -152 208 0 
308 748 245 0 
67 248 -383 0 
49 -187 -644 0 
-238 945 -420 0 
79 814 -16 0 
740 -699 -270 0 
-940 836 -860 0 
885 492 -600 0 
-329 -457 796 0 
529 123 757 0 
-305 -108 -453 0 
-613 -322 -359 0 
218 -730 -514 0 
-578 -391 -389 0 
-56 -383 -372 0 
-4 971 491 0 
274 94 483 0 
-738 -906 473 0 
-133 90 -920 0 
304 -57 -176 0 
-785 700 493 0 
536 -534 -408 0 
-930 -794 -609 0 
384 422 321 0 
716 550 -420 0 
838 866 917 0 
-273 -983 -622 0 
-992 422 -693 0 
887 867 318 0 
-670 -113 215 0 
692 857 -969 0 
-546 -600 64 0 
-396 462 377 0 
-321 189 847 0 
152 -790 -852 0 
501 765 692 0 
601 -751 938 0 
454 -382 -406 0 
-704 626 752 0 
-719 -194 -126 0 
-838 560 -383 0 
816 445 763 0 
-400 -540 990 0 
-801 -656 884 0 
-850 448 -280 0 
-352 -281 305 0 
998 448 -559 0 
-154 -578 -222 0 
38 -924 -97 0 
-433 672 311 0 
-516 448 -308 0 
823 -698 -348 0 
332 475 22 0 
889 692 -234 0 
441 -991 -76 0 
-118 -944 -324 0 
-270 -831 33 0 
477 52 752 0 
-819 -105 -765 0 
-618 -847 162 0 
-260 746 -763 0 
-622 -891 839 0 
851 -87 -336 0 
-344 -761 -588 0 
-862 -693 -519 0 
40 -195 752 0 
961 -846 50 0 
-721 387 211 0 
-544 -225 -488 0 
723 464 -853 0 
-315 -526 170 0 
-591 91 -775 0 
-78 644 -462 0 
-720 -706 -151 0 
550 -300 -310 0 
198 -495 850 0 
-917 -301 631 0 
186 -771 -519 0 
198 447 841 0 
-565 -264 556 0 
-316 396 -348 0 
179 755 200 0 
-300 478 -468 0 
-206 -701 846 0 
-535 -261 243 0 
-846 609 -516 0 
-831 -155 143 0 
648 -783 -571 0 
-128 709 -399 0 
-841 -706 600 0 
420 -849 -449 0 
478 -719 -61 0 
-567 576 -974 0 
857 -712 157 0 
873 -82 527 0 
980 -715 736 0 
886 -756 487 0 
922 206 709 0 
752 787 -609 0 
-235 -289 694 0 
-454 790 -345 0 
-383 658 776 0 
-334 -621 274 0 
687 24 404 0 
794 -399 -519 0 
931 -351 364 0 
451 -962 817 0 
-267 256 -880 0 
-792 185 -411 0 
-599 710 621 0 
-751 192 356 0 
914 -996 841 0 
-32 947 406 0 
-69 -841 842 0 
-293 231 -344 0 
-549 -909 -793 0 
75 89 -730 0 
295 -879 -115 0 
-997 -516 -129 0 
98 656 -776 0 
-365 674 524 0 
7 73 79 0 
451 514 393 0 
606 -889 996 0 
-358 217 -886 0 
-338 921 503 0 
-232 248 730 0 
-723 -90 -44 0 
-55 399 750 0 
-962 282 222 0 
-79 -55 -873 0 
-574 834 -475 0 
886 213 -837 0 
-183 444 -595 0 
-93 571 -651 0 
-791 -278 -534 0 
7 -226 -261 0 
60 -901 567 0 
289 -268 -678 0 
-263 -14 -212 0 
88 -755 -381 0 
348 43 159 0 
-991 958 -777 0 
62 503 722 0 
-491 -411 320 0 
-263 -361 659 0 
372 -204 -255 0 
403 -52 -437 0 
651 -497 -577 0 
-31 3 -911 0 
-720 649 -164 0 
343 379 -241 0 
574 475 233 0 
-858 -261 527 0 
462 -652 936 0 
964 546 -203 0 
358 450 -655 0 
685 27 -942 0 
400 -155 -353 0 
-774 -267 -396 0 
16 -300 -456 0 
-602 -7 -459 0 
-50 229 -793 0 
-965 -947 680 0 
927 -147 -581 0 
32 -462 -807 0 
-727 -371 -806 0 
443 771 405 0 
110 -960 432 0 
606 5 -204 0 
-712 861 -487 0 
739 594 314 0 
902 -455 231 0 
253 -979 -64 0 
453 -733 23 0 
545 -149 -787 0 
6 138 -248 0 
-583 370 378 0 
-84 925 910 0 
-809 -769 -211 0 
212 906 -815 0 
-416 312 -971 0 
629 -815 556 0 
-328 277 484 0 
314 422 -788 0 
24 523 955 0 
-48 -918 -58 0 
-41 -472 -603 0 
-662 742 14 0 
833 900 -265 0 
-535 864 -725 0 
6 -7 -284 0 
-785 -718 658 0 
-770 244 555 0 
-921 909 -666 0 
-161 171 -807 0 
751 -159 -773 0 
802 -717 -444 0 
-602 711 453 0 
683 521 34 0 
547 536 414 0 
-40 -553 344 0 
-524 -327 105 0 
-436 -565 959 0 
-135 206 626 0 
-179 -604 629 0 
-168 307 581 0 
-861 -519 -27 0 
394 -870 632 0 
101 -320 142 0 
-917 -970 862 0 
-789 44 912 0 
-99 -281 -607 0 
-706 539 367 0 
-309 -455 -253 0 
449 -4 395 0 
252 -73 -436 0 
873 761 420 0 
43 -938 -643 0 
-882 -680 972 0 
-596 -338 -63 0 
-705 -968 -156 0 
235 -263 497 0 
-707 -512 -135 0 
-278 384 -549 0 
-733 497 770 0 
394 -78 973 0 
714 631 -883 0 
111 134 -964 0 
-225 582 302 0 
25 186 -85 0 
-281 341 -220 0 
-983 -267 -29 0 
-443 -330 -555 0 
291 413 -234 0 
-67 480 711 0 
474 -813 220 0 
-139 -144 636 0 
369 -12 -468 0 
-86 -25 -462 0 
194 -256 411 0 
-13 279 -220 0 
-19 561 318 0 
719 -609 -410 0 
933 -850 557 0 
-479 15 -365 0 
423 830 867 0 
-745 -796 330 0 
-183 411 -558 0 
663 349 84 0 
-121 -69 787 0 
-936 -658 -343 0 
-696 720 -530 0 
922 -533 640 0 
308 -762 -856 0 
168 -826 -996 0 
-579 -716 -120 0 
29 319 886 0 
496 -509 835 0 
18 226 38 0 
848 449 -316 0 
-580 826 531 0 
29 -998 734 0 
-269 944 528 0 
822 -856 -564 0 
-327 -130 -391 0 
-868 -706 28 0 
-581 -393 777 0 
899 -239 101 0 
605 -194 676 0 
496 718 -36 0 
874 647 637 0 
587 708 -609 0 
641 399 468 0 
99 -657 -280 0 
135 -740 773 0 
-872 -835 645 0 
-752 -833 381 0 
725 -509 74 0 
-83 -257 199 0 
-320 656 -515 0 
494 361 -637 0 
644 349 184 0 
427 -501 -190 0 
408 -924 -995 0 
-274 -682 -159 0 
-599 -974 -39 0 
326 -294 -127 0 
308 575 807 0 
366 -117 -695 0 
100 -789 -865 0 
198 962 121 0 
768 969 -537 0 
-397 142 -855 0 
62 484 891 0 
-318 -324 806 0 
617 802 307 0 
386 -573 -695 0 
-603 -236 -36 0 
-346 -411 308 0 
-818 256 781 0 
611 -103 644 0 
-983 921 763 0 
-220 -831 -172 0 
525 889 85 0 
290 23 -995 0 
366 -551 471 0 
689 -719 577 0 
460 -873 416 0 
211 -862 -880 0 
-156 666 544 0 
29 287 -302 0 
-897 836 -203 0 
-35 -195 807 0 
-713 -436 -954 0 
-394 497 -35 0 
-909 -337 961 0 
368 -437 449 0 
-405 -334 -239 0 
561 632 -204 0 
538 -362 -872 0 
850 -834 817 0 
-388 657 -537 0 
301 85 -664 0 
-309 493 -299 0 
984 101 -451 0 
256 85 -131 0 
661 -737 -545 0 
717 759 574 0 
413 -457 -107 0 
880 -55 122 0 
448 -940 420 0 
171 19 -449 0 
434 -290 -309 0 
858 635 -77 0 
164 261 -975 0 
-369 832 346 0 
-372 898 212 0 
843 -947 -156 0 
815 178 80 0 
-5 146 561 0 
782 714 -958 0 
83 -76 -322 0 
-211 131 302 0 
-51 995 -417 0 
-115 692 -360 0 
-924 -956 -321 0 
631 -828 -167 0 
-346 -266 223 0 
272 -108 999 0 
893 738 -292 0 
233 707 -409 0 
429 620 718 0 
-12 -348 336 0 
877 720 -826 0 
765 -811 748 0 
556 -813 -96 0 
226 451 115 0 
-172 937 -489 0 
-852 -569 -185 0 
-584 -529 -910 0 
-600 -310 -589 0 
390 -876 848 0 
261 823 -72 0 
995 -268 -727 0 
-563 429 600 0 
-980 -842 977 0 
720 -631 -36 0 
-935 -849 429 0 
406 306 293 0 
804 -486 305 0 
-441 -333 773 0 
929 -788 -885 0 
-951 870 -932 0 
576 746 373 0 
44 -745 -153 0 
-608 -107 -276 0 
719 -295 269 0 
914 607 957 0 
-366 -400 -596 0 
-855 -955 108 0 
-363 459 -854 0 
508 -513 829 0 
15 282 848 0 
-626 57 -554 0 
131 -120 -608 0 
-773 946 304 0 
-582 980 -60 0 
811 261 -26 0 
230 318 -863 0 
-711 -624 -850 0 
-793 59 -584 0 
-263 -896 961 0 
622 374 4 0 
666 931 -355 0 
233 13 -793 0 
-146 773 440 0 
-557 -648 567 0 
-948 990 763 0 
31 -254 909 0 
225 -234 20 0 
-543 624 930 0 
-623 -742 550 0 
475 -294 -241 0 
-856 -403 -816 0 
609 -254 -580 0 
-856 -97 930 0 
-372 493 -716 0 
443 535 -559 0 
859 353 -715 0 
770 -856 34 0 
-953 727 -934 0 
157 892 -20 0 
-798 -950 -96 0 
192 143 -377 0 
451 -436 895 0 
-328 17 104 0 
600 478 -239 0 
435 -543 520 0 
580 882 -426 0 
-406 -441 25 0 
-648 -494 973 0 
-803 702 -454 0 
-798 -753 -829 0 
-465 23 540 0 
-834 961 233 0 
-875 -186 -824 0 
-868 256 770 0 
-280 67 348 0 
386 960 -135 0 
-102 -28 -598 0 
-761 -815 -566 0 
-238 566 -719 0 
-22 975 -395 0 
-953 -245 694 0 
633 448 985 0 
-187 -277 -764 0 
-849 808 484 0 
90 -606 -819 0 
-740 -1000 220 0 
784 113 169 0 
-466 -77 277 0 
483 -411 985 0 
-904 800 666 0 
-354 -48 122 0 
-785 -33 -241 0 
-31 -922 913 0 
-264 -646 -875 0 
-468 667 -440 0 
611 686 -606 0 
-424 89 -81 0 
704 404 -382 0 
-242 340 246 0 
240 -140 -476 0 
943 785 -466 0 
557 229 -676 0 
516 -718 195 0 
-488 -851 -663 0 
309 389 -954 0 
-163 911 510 0 
-745 213 -222 0 
-787 85 435 0 
-762 705 6 0 
-238 242 -253 0 
-636 -521 864 0 
266 598 -329 0 
-163 274 555 0 
-960 189 -860 0 
-647 982 752 0 
914 205 507 0 
960 974 -416 0 
-501 -810 912 0 
152 -187 619 0 
203 373 508 0 
399 749 -396 0 
-746 760 -539 0 
-410 542 -615 0 
132 -193 -405 0 
-101 659 -368 0 
-673 50 944 0 
250 873 -613 0 
-27 591 -337 0 
632 -893 -467 0 
-334 -702 77 0 
498 -926 953 0 
725 -773 686 0 
-743 681 -138 0 
-697 481 -329 0 
647 906 -208 0 
-761 -305 -749 0 
-268 188 -77 0 
240 409 -136 0 
353 992 -290 0 
450 691 989 0 
-844 -957 -937 0 
-203 180 348 0 
967 -277 472 0 
-852 867 164 0 
6 -183 -810 0 
-51 -533 26 0 
-113 -467 577 0 
809 -615 155 0 
939 -525 395 0 
573 759 906 0 
773 -350 -155 0 
890 -391 -772 0 
885 -414 25 0 
471 -207 548 0 
-546 -698 434 0 
-169 -867 -842 0 
287 324 -164 0 
-315 88 -105 0 
-506 492 449 0 
134 -793 64 0 
371 175 499 0 
48 -158 -447 0 
385 299 -537 0 
315 837 214 0 
-344 868 -168 0 
-375 -719 988 0 
751 644 -785 0 
799 889 790 0 
-936 -244 -809 0 
-154 -876 -686 0 
-132 878 727 0 
956 360 991 0 
-518 -127 854 0 
-880 -94 666 0 
-363 273 553 0 
-937 -904 828 0 
21 378 338 0 
196 -848 -117 0 
-531 -678 642 0 
-926 -357 -335 0 
-136 -557 87 0 
985 815 -670 0 
-722 -99 -193 0 
776 -630 793 0 
175 615 783 0 
-699 72 -251 0 
583 -993 -819 0 
515 -244 -261 0 
608 -909 596 0 
-717 -977 -759 0 
-376 9 -357 0 
796 805 -707 0 
60 -369 -705 0 
-881 228 909 0 
873 -490 -291 0 
-420 404 -25 0 
-703 -423 -181 0 
-744 -494 -574 0 
-569 -453 -886 0 
803 -449 -835 0 
601 27 905 0 
859 -811 -612 0 
512 833 558 0 
-335 -396 902 0 
-744 -964 -949 0 
559 723 -741 0 
-254 -627 647 0 
305 194 -307 0 
-556 -715 287 0 
-414 766 -493 0 
-505 -445 949 0 
-269 -538 -783 0 
561 702 -632 0 
-736 -797 -607 0 
-985 167 -380 0 
889 301 808 0 
522 963 798 0 
-219 -795 -722 0 
-154 -625 200 0 
76 -854 -921 0 
-387 159 52 0 
634 -892 673 0 
17 -698 -873 0 
420 818 -637 0 
528 -582 -804 0 
862 -569 287 0 
614 600 931 0 
510 -326 558 0 
-152 202 273 0 
311 -721 -716 0 
89 -579 -97 0 
123 760 49 0 
953 371 712 0 
526 -239 439 0 
-38 -30 401 0 
-339 -520 376 0 
864 454 -840 0 
-324 64 954 0 
-299 683 532 0 
79 -330 304 0 
534 -461 -975 0 
456 218 439 0 
-217 561 46 0 
634 403 -111 0 
-890 749 130 0 
689 -326 698 0 
-374 -827 390 0 
-294 337 -850 0 
311 856 -206 0 
798 -483 477 0 
832 -681 366 0 
-220 599 750 0 
389 -664 938 0 
367 527 706 0 
638 -239 715 0 
-664 650 696 0 
-733 -468 154 0 
318 231 -838 0 
-34 -821 -783 0 
-368 540 282 0 
-930 -106 -823 0 
215 179 727 0 
957 488 -579 0 
-633 -421 -69 0 
117 -727 -982 0 
246 391 981 0 
-774 688 -932 0 
-958 -247 -728 0 
917 -289 480 0 
121 -748 -837 0 
-614 -154 793 0 
-555 -599 757 0 
-884 -998 -923 0 
-774 -921 -184 0 
35 941 -346 0 
436 862 340 0 
412 909 770 0 
-611 168 159 0 
697 204 810 0 
400 204 -440 0 
-289 92 -386 0 
-603 -161 854 0 
608 503 961 0 
940 -492 162 0 
-276 745 748 0 
483 124 537 0 
54 902 -579 0 
221 524 684 0 
-214 -323 440 0 
-398 878 -181 0 
627 736 263 0 
25 767 -223 0 
944 704 -837 0 
545 -934 -429 0 
-133 217 -279 0 
-862 619 -737 0 
83 -485 41 0 
698 -623 -439 0 
602 -282 195 0 
396 236 746 0 
-801 -351 593 0 
-261 -975 -452 0 
82 -484 -804 0 
523 400 -844 0 
-431 -960 723 0 
214 -168 -846 0 
-904 505 -669 0 
-547 867 -565 0 
-188 149 -191 0 
483 509 -412 0 
-313 495 408 0 
-33 759 -620 0 
484 -535 -199 0 
265 -532 908 0 
353 852 470 0 
248 -68 -379 0 
-144 -696 774 0 
-388 473 441 0 
80 166 -833 0 
-102 -634 -353 0 
-10 104 329 0 
-763 -934 112 0 
60 268 -93 0 
369 -148 187 0 
658 794 904 0 
-898 216 -788 0 
428 -94 -492 0 
142 -741 -900 0 
-14 -547 261 0 
-597 591 885 0 
-418 79 -824 0 
-389 -373 489 0 
-171 26 684 0 
-579 -720 -450 0 
40 770 -676 0 
-904 -453 20 0 
112 -911 -99 0 
-475 301 964 0 
-529 232 -891 0 
-145 -456 -893 0 
819 -438 107 0 
-180 733 -499 0 
380 -402 147 0 
-55 990 679 0 
508 188 -526 0 
-727 378 -648 0 
455 618 981 0 
-355 532 394 0 
-760 -805 -815 0 
-393 178 -772 0 
154 964 491 0 
-936 -788 -546 0 
372 238 -250 0 
159 -556 -395 0 
-538 -373 184 0 
-978 -539 -389 0 
-270 -492 -910 0 
528 231 -178 0 
343 -828 38 0 
-950 -324 89 0 
438 -231 848 0 
-529 978 567 0 
-265 -648 997 0 
-703 -824 898 0 
38 10 780 0 
809 -689 -199 0 
-173 -64 563 0 
847 -288 635 0 
-398 218 -254 0 
-961 544 391 0 
909 763 826 0 
857 -330 -737 0 
-51 579 792 0 
-378 -695 -188 0 
-737 -122 -151 0 
-628 824 -588 0 
-287 -285 -520 0 
572 497 -327 0 
20 788 -583 0 
-616 -186 -749 0 
700 -567 -663 0 
604 -994 -234 0 
-368 -893 726 0 
163 853 772 0 
266 614 746 0 
-415 -156 629 0 
158 -339 655 0 
454 310 765 0 
-733 -45 97 0 
794 -277 417 0 
328 -913 -399 0 
-835 -52 -993 0 
-453 -707 532 0 
627 -384 844 0 
545 630 -604 0 
-319 549 -198 0 
748 496 -154 0 
-586 -433 -785 0 
-810 605 845 0 
271 -842 38 0 
-989 456 -413 0 
-204 -573 483 0 
883 -311 22 0 
641 35 -320 0 
-215 881 190 0 
-135 625 695 0 
577 117 587 0 
-518 -323 70 0 
-439 39 -380 0 
947 -454 -390 0 
440 528 903 0 
-92 -791 69 0 
-323 438 215 0 
-523 -802 -305 0 
-1000 364 -561 0 
-936 -43 -254 0 
533 -218 -335 0 
399 480 -807 0 
385 -936 -387 0 
-772 -506 107 0 
484 651 -96 0 
458 682 -903 0 
-795 164 -928 0 
-853 414 -647 0 
213 812 879 0 
-205 878 462 0 
43 655 359 0 
-339 -579 -246 0 
-723 -244 385 0 
310 -781 -760 0 
381 94 -898 0 
399 -704 -720 0 
761 -957 -180 0 
-249 -958 -752 0 
-451 -307 125 0 
-858 232 777 0 
94 -600 -374 0 
-122 -279 -367 0 
367 638 -602 0 
160 472 717 0 
-844 -279 -345 0 
605 113 -796 0 
-51 -277 928 0 
815 -339 580 0 
-922 432 -722 0 
-19 -47 507 0 
985 221 993 0 
545 -410 -268 0 
-217 785 -616 0 
374 -113 109 0 
952 716 -610 0 
-367 -243 -587 0 
-315 -546 -694 0 
316 285 505 0 
-503 67 -308 0 
429 196 421 0 
-518 285 413 0 
-536 731 737 0 
676 28 734 0 
558 -634 496 0 
-373 -222 -269 0 
683 -679 -112 0 
707 770 401 0 
121 -603 -974 0 
-290 -577 540 0 
660 155 -100 0 
553 575 583 0 
-770 -107 -292 0 
-353 267 641 0 
-318 -390 872 0 
-240 -62 -857 0 
-694 -90 -869 0 
-424 583 790 0 
474 17 545 0 
755 557 -10 0 
798 119 733 0 
672 -877 489 0 
-443 -599 359 0 
-174 223 14 0 
466 888 -894 0 
-438 90 -661 0 
366 131 429 0 
686 45 979 0 
-374 -855 -823 0 
671 -383 269 0 
909 -23 -48 0 
-606 -548 221 0 
-957 -659 679 0 
-116 419 130 0 
-927 -821 -294 0 
-797 380 278 0 
-682 379 -417 0 
-247 -354 -628 0 
696 -612 739 0 
-601 809 -872 0 
-500 -228 310 0 
940 -649 420 0 
528 -776 -285 0 
-930 -873 -644 0 
277 -817 498 0 
-244 -744 -817 0 
-454 535 -142 0 
385 948 -712 0 
-920 967 -971 0 
457 -629 -862 0 
481 -737 918 0 
15 719 -383 0 
-229 671 990 0 
651 192 962 0 
830 -990 -935 0 
104 -774 -904 0 
-504 -810 -256 0 
794 110 13 0 
-214 741 -570 0 
792 813 641 0 
-42 865 -287 0 
718 -629 -803 0 
-204 234 959 0 
467 -359 827 0 
-796 -419 997 0 
-763 -169 152 0 
-554 -457 -838 0 
-794 -836 -452 0 
-104 -176 597 0 
24 -345 -15 0 
629 -421 738 0 
-440 144 -992 0 
351 -102 437 0 
869 847 -169 0 
-164 -144 76 0 
244 -981 -607 0 
-808 18 -135 0 
914 -493 -625 0 
645 -357 -200 0 
414 331 -394 0 
558 478 856 0 
623 976 833 0 
163 888 -746 0 
-654 -488 368 0 
560 850 838 0 
-301 -209 77 0 
-75 -652 -337 0 
-830 782 119 0 
-545 496 -817 0 
-913 75 -481 0 
265 -838 -773 0 
-519 -352 -432 0 
485 89 766 0 
833 -992 -686 0 
-572 544 -951 0 
836 -556 347 0 
-497 697 854 0 
-683 125 576 0 
-897 789 949 0 
-798 -460 155 0 
-437 -734 -995 0 
-265 -124 696 0 
748 -265 502 0 
-760 402 -412 0 
-491 -753 56 0 
-967 -871 -780 0 
-456 -675 592 0 
-137 196 252 0 
-587 186 -894 0 
623 125 -345 0 
62 323 807 0 
-125 148 -498 0 
-643 642 -787 0 
-295 820 -841 0 
-380 676 -808 0 
223 380 922 0 
480 410 183 0 
-492 509 -137 0 
-498 -831 109 0 
503 568 497 0 
531 123 512 0 
-398 -640 -494 0 
-451 428 514 0 
893 -481 -166 0 
313 184 -981 0 
352 594 -680 0 
481 722 115 0 
795 -421 -607 0 
995 -749 774 0 
-249 364 -200 0 
-592 931 -131 0 
785 794 320 0 
-444 -163 969 0 
-713 500 -3 0 
249 -880 883 0 
-631 996 -28 0 
404 -474 -24 0 
-246 179 -783 0 
798 -426 -28 0 
459 -670 902 0 
571 597 38 0 
130 -101 -891 0 
222 974 626 0 
338 -644 -641 0 
124 475 -833 0 
647 -367 356 0 
-430 656 340 0 
-965 -56 568 0 
712 -919 831 0 
594 64 -983 0 
-824 229 483 0 
484 -583 620 0 
-201 327 917 0 
-323 -6 324 0 
858 56 914 0 
300 -297 -82 0 
-957 434 -757 0 
301 -278 230 0 
-66 -674 756 0 
-80 333 -709 0 
574 47 884 0 
-622 -504 918 0 
501 892 883 0 
-309 -867 20 0 
-71 651 184 0 
-862 168 -974 0 
770 -385 549 0 
-46 -445 -130 0 
-577 533 -592 0 
595 -863 -186 0 
-543 410 165 0 
-207 -844 857 0 
-357 -246 -558 0 
171 322 -367 0 
-3 -745 297 0 
626 -350 690 0 
-931 102 -849 0 
383 -7 177 0 
700 449 353 0 
887 358 -248 0 
-518 865 -535 0 
-254 -695 -197 0 
198 481 694 0 
749 -960 230 0 
-884 -76 803 0 
-464 863 951 0 
783 859 190 0 
-645 -805 -685 0 
799 -239 255 0 
507 -983 -788 0 
-324 334 747 0 
888 -873 -405 0 
-647 -55 398 0 
335 451 650 0 
717 779 370 0 
723 483 285 0 
124 293 -622 0 
128 -310 -444 0 
-820 412 713 0 
502 -835 -96 0 
889 -365 824 0 
983 428 -334 0 
275 -665 635 0 
168 535 765 0 
535 -120 -528 0 
-713 -737 800 0 
-625 -304 768 0 
-242 -582 -634 0 
773 443 -812 0 
636 305 986 0 
784 178 -329 0 
-529 -470 147 0 
10 -427 -982 0 
-659 -880 475 0 
977 -575 321 0 
-290 -246 587 0 
672 29 853 0 
437 376 242 0 
-437 675 485 0 
-54 685 -416 0 
-658 100 -726 0 
-465 577 202 0 
737 -782 -491 0 
808 -538 -544 0 
60 -680 986 0 
-870 -977 -997 0 
313 -684 937 0 
-339 820 393 0 
889 940 321 0 
-681 -301 743 0 
903 932 -661 0 
692 360 845 0 
-235 -941 -952 0 
-594 504 877 0 
-357 -699 -113 0 
562 345 -774 0 
-704 -454 -550 0 
141 266 712 0 
-361 397 -452 0 
-132 626 902 0 
784 -676 833 0 
128 7 204 0 
659 -466 66 0 
52 758 -719 0 
241 823 44 0 
615 799 501 0 
415 -965 -947 0 
589 -535 -396 0 
-394 -319 349 0 
-520 -865 -658 0 
-684 316 884 0 
802 346 441 0 
-673 73 -932 0 
397 48 -707 0 
464 -26 227 0 
-654 813 -88 0 
694 -480 -343 0 
-652 385 -601 0 
434 -668 228 0 
656 423 460 0 
-719 286 917 0 
199 -68 390 0 
516 359 -122 0 
415 -909 878 0 
-538 739 -272 0 
-124 497 -659 0 
-416 -421 850 0 
8 -244 665 0 
3 772 431 0 
639 -900 882 0 
-672 339 -932 0 
549 1 173 0 
291 -332 30 0 
70 -886 -460 0 
594 -560 -623 0 
836 -631 339 0 
-788 -694 97 0 
551 -655 210 0 
801 16 246 0 
-399 -551 632 0 
-622 -713 240 0 
-556 599 341 0 
215 -610 429 0 
30 -717 -363 0 
803 810 -534 0 
-297 -964 337 0 
735 926 -544 0 
153 116 53 0 
113 -252 154 0 
374 -353 494 0 
523 403 -607 0 
-319 795 387 0 
400 -789 893 0 
-70 234 586 0 
-757 846 -575 0 
480 563 33 0 
-732 558 -1000 0 
-87 -398 611 0 
-871 742 584 0 
613 -240 176 0 
-715 862 -482 0 
978 181 810 0 
868 58 -290 0 
-171 755 527 0 
-166 684 -61 0 
391 405 -439 0 
172 -541 622 0 
-724 -806 -441 0 
-716 64 -403 0 
-128 -450 -296 0 
-830 545 321 0 
-412 999 -963 0 
877 -671 354 0 
-330 997 -828 0 
333 -262 -966 0 
697 16 62 0 
202 389 -492 0 
-783 150 197 0 
751 84 -902 0 
955 -861 -188 0 
-507 -937 246 0 
-887 805 780 0 
898 -966 -496 0 
464 588 -506 0 
863 -482 -951 0 
-721 -597 212 0 
895 905 -381 0 
-343 792 53 0 
391 118 355 0 
801 -918 -183 0 
-151 927 760 0 
-694 -349 -319 0 
754 -404 523 0 
766 620 -390 0 
218 -998 532 0 
-902 163 -66 0 
-26 500 70 0 
927 715 -373 0 
369 534 -934 0 
-822 -42 870 0 
-163 -455 -614 0 
744 709 960 0 
-115 127 -68 0 
-131 -881 116 0 
-35 -659 374 0 
731 -941 858 0 
112 641 -64 0 
830 578 -129 0 
440 416 644 0 
-905 -811 253 0 
174 -122 721 0 
-94 542 -418 0 
559 196 419 0 
-891 516 -4 0 
148 -880 -484 0 
558 -104 -371 0 
-66 840 -864 0 
-253 -970 -500 0 
444 410 364 0 
720 103 -388 0 
-855 618 762 0 
382 -216 546 0 
-439 -270 -44 0 
183 -258 -595 0 
218 52 -768 0 
-320 -702 -74 0 
727 -753 -803 0 
974 -332 318 0 
-945 774 -87 0 
-11 -441 -220 0 
-875 -197 714 0 
-607 541 708 0 
365 -705 622 0 
-396 -884 967 0 
-219 714 -434 0 
-604 180 12 0 
720 341 -244 0 
437 930 686 0 
-179 -798 996 0 
98 870 -231 0 
449 -124 -543 0 
-394 -62 304 0 
738 -220 503 0 
-265 -271 807 0 
756 -88 -954 0 
120 -935 -22 0 
-699 402 924 0 
-695 873 -744 0 
677 529 -55 0 
797 492 972 0 
191 -146 -299 0 
-433 -951 -95 0 
-709 537 -276 0 
433 515 730 0 
-672 595 127 0 
-538 -13 -14 0 
-149 127 -335 0 
-861 196 171 0 
313 522 25 0 
349 -61 -34 0 
-802 -565 -873 0 
-694 773 716 0 
886 -503 -701 0 
-835 560 -18 0 
-612 967 -137 0 
-723 8 -348 0 
875 553 251 0 
51 -265 -559 0 
-15 642 -585 0 
290 11 396 0 
-847 -20 618 0 
-116 -113 741 0 
72 -230 380 0 
758 -943 698 0 
-204 -458 11 0 
-7 967 322 0 
544 185 578 0 
281 -888 -315 0 
63 586 -403 0 
732 204 -829 0 
206 448 -982 0 
-455 269 276 0 
-499 -596 -599 0 
-789 35 170 0 
-387 427 621 0 
-274 -848 -459 0 
313 326 -252 0 
835 -100 -604 0 
-576 -807 -406 0 
221 270 933 0 
-463 128 -608 0 
-358 247 -927 0 
-203 289 508 0 
604 377 -878 0 
-275 352 239 0 
-895 127 96 0 
-852 542 981 0 
-825 -933 944 0 
943 252 -278 0 
809 -346 -46 0 
-742 -750 434 0 
-954 -469 -874 0 
-629 -888 206 0 
637 -326 227 0 
520 137 -492 0 
-948 122 -638 0 
962 -108 206 0 
-550 -989 216 0 
-118 -86 685 0 
-996 170 -391 0 
-651 689 -6 0 
547 -428 533 0 
-77 128 -651 0 
-938 -948 639 0 
757 638 -96 0 
-953 991 19 0 
206 978 -951 0 
-821 -766 991 0 
-717 -887 155 0 
-829 -503 -320 0 
-408 -261 774 0 
-880 -658 255 0 
946 -88 -951 0 
-627 310 -385 0 
-816 -976 412 0 
110 -136 210 0 
829 841 617 0 
68 -839 -278 0 
121 -124 287 0 
-542 868 -821 0 
507 -148 -491 0 
495 120 -86 0 
-728 470 506 0 
-431 495 854 0 
-356 822 461 0 
-164 555 -698 0 
358 266 219 0 
-497 947 -564 0 
-88 969 135 0 
-518 -336 691 0 
-43 -855 177 0 
-920 500 -419 0 
-672 -960 56 0 
-875 951 -522 0 
-217 -885 503 0 
759 -355 418 0 
-488 815 -332 0 
-693 -233 784 0 
-167 120 535 0 
438 564 -666 0 
808 185 308 0 
963 -678 -118 0 
762 -315 877 0 
603 -362 495 0 
-586 -863 582 0 
690 -697 -425 0 
950 -7 -777 0 
402 -230 102 0 
223 241 449 0 
922 -434 -376 0 
728 36 -930 0 
577 -630 562 0 
-217 890 -895 0 
100 -144 138 0 
470 -890 -529 0 
420 629 -955 0 
277 699 679 0 
562 -424 -31 0 
871 -851 382 0 
708 -852 751 0 
-702 -803 -208 0 
298 741 -201 0 
510 922 680 0 
-948 -543 -87 0 
854 -105 -74 0 
272 882 119 0 
-51 -170 822 0 
431 79 863 0 
874 148 -433 0 
-432 517 419 0 
-57 -755 -519 0 
-372 -594 402 0 
832 -112 -448 0 
-432 332 180 0 
-818 -384 663 0 
888 -493 -42 0 
114 811 588 0 
515 -105 757 0 
-837 -582 60 0 
-677 884 203 0 
-612 369 -716 0 
-599 411 -650 0 
393 131 478 0 
-872 -115 -121 0 
-978 837 -392 0 
-995 734 178 0 
-114 649 374 0 
705 -571 344 0 
-210 -100 414 0 
-280 289 880 0 
665 -945 -142 0 
205 983 -896 0 
794 -796 -805 0 
439 -829 763 0 
968 552 905 0 
632 205 833 0 
619 545 370 0 
-478 -623 23 0 
-678 -518 286 0 
120 746 -762 0 
-567 32 -999 0 
-641 -944 512 0 
-49 -282 -612 0 
-964 -906 548 0 
503 -763 832 0 
231 -680 444 0 
777 -739 133 0 
213 890 303 0 
-479 917 -185 0 
906 852 76 0 
-368 377 -391 0 
-421 579 905 0 
-395 585 612 0 
-9 -529 -525 0 
-846 -956 820 0 
949 263 -327 0 
119 319 -382 0 
33 206 397 0 
264 -695 660 0 
-942 445 801 0 
955 -844 612 0 
-4 512 316 0 
636 -296 -8 0 
-237 -657 -732 0 
-942 -72 829 0 
389 -427 145 0 
-630 -48 -657 0 
-587 -838 222 0 
-543 -584 826 0 
-188 639 9 0 
-881 -982 946 0 
417 423 883 0 
-167 22 12 0 
-894 619 832 0 
22 -618 413 0 
697 -373 -934 0 
65 24 562 0 
287 -535 68 0 
947 570 327 0 
837 999 -116 0 
-467 931 -105 0 
-129 -203 578 0 
-259 357 -488 0 
-97 -591 186 0 
-688 -2 695 0 
288 480 -489 0 
-971 140 250 0 
53 -399 -73 0 
-645 72 -827 0 
716 622 382 0 
-223 -295 659 0 
-983 -694 526 0 
698 -25 -905 0 
-515 166 834 0 
-628 805 -206 0 
-401 -172 866 0 
-592 -733 796 0 
681 143 -784 0 
462 100 -243 0 
-577 -435 527 0 
284 164 33 0 
344 110 -498 0 
-882 -452 -944 0 
-663 -12 -406 0 
-906 235 376 0 
535 -107 -874 0 
-576 510 -776 0 
-357 -490 -19 0 
-601 -582 306 0 
124 -540 -817 0 
93 26 -130 0 
356 5 854 0 
-243 106 333 0 
234 -275 -488 0 
-214 -450 585 0 
314 846 -43 0 
-743 -641 658 0 
-591 939 902 0 
-734 589 250 0 
606 -598 117 0 
-183 627 -186 0 
682 224 -181 0 
-221 549 569 0 
-182 383 538 0 
246 -947 -981 0 
502 -267 205 0 
-71 -950 880 0 
236 -515 -83 0 
753 33 813 0 
-599 992 -449 0 
-147 309 -456 0 
509 -87 503 0 
300 974 -749 0 
565 -277 -737 0 
-21 -11 311 0 
-167 -966 260 0 
521 -714 371 0 
-764 -988 -467 0 
90 -811 -758 0 
340 525 -618 0 
-480 524 633 0 
210 -812 17 0 
665 -685 212 0 
478 -30 380 0 
752 -335 -623 0 
-9 488 -961 0 
-557 -229 473 0 
-406 274 -166 0 
-413 -430 -181 0 
-737 -885 -914 0 
353 -526 164 0 
573 -751 -1000 0 
134 -538 -542 0 
169 288 -222 0 
-9 -408 570 0 
-321 -849 -207 0 
-678 910 890 0 
-673 -900 935 0 
584 -884 -87 0 
953 129 351 0 
672 859 -365 0 
-135 -412 71 0 
373 416 932 0 
728 -487 852 0 
-756 -439 -12 0 
-324 270 -189 0 
59 -765 -601 0 
59 30 632 0 
717 -856 804 0 
-886 -216 249 0 
-346 -70 -379 0 
332 91 -446 0 
-400 -834 -412 0 
-344 227 978 0 
973 921 689 0 
-749 -465 -995 0 
-909 977 233 0 
703 -997 -764 0 
429 -631 -396 0 
27 703 108 0 
804 -662 444 0 
328 401 315 0 
-826 -542 464 0 
162 -70 -729 0 
-907 -767 776 0 
409 -565 -804 0 
693 -480 699 0 
693 -708 -515 0 
-267 445 -189 0 
-237 228 -335 0 
-88 -288 -576 0 
-234 582 923 0 
-878 496 -297 0 
850 -196 -499 0 
395 -496 473 0 
353 -24 599 0 
-333 858 -558 0 
-736 -663 22 0 
-407 -652 266 0 
-214 513 200 0 
951 943 488 0 
881 -400 157 0 
492 277 65 0 
-321 770 -777 0 
-305 987 -761 0 
736 -888 -894 0 
249 68 439 0 
204 150 694 0 
-85 -774 781 0 
-671 -199 -172 0 
-346 -219 433 0 
214 167 108 0 
227 40 -39 0 
672 99 -441 0 
-627 -962 456 0 
846 471 143 0 
-200 735 380 0 
117 960 164 0 
-331 -239 534 0 
-272 -753 -569 0 
589 622 391 0 
-862 -549 904 0 
-839 725 812 0 
-773 -982 -443 0 
278 193 -486 0 
848 -868 720 0 
141 803 372 0 
-270 384 -483 0 
-578 781 784 0 
73 -127 -16 0 
-627 943 484 0 
105 -722 -493 0 
130 -145 157 0 
979 247 992 0 
-720 -833 305 0 
-347 86 596 0 
75 218 759 0 
421 -883 -447 0 
-668 701 -671 0 
339 919 301 0 
253 982 144 0 
-653 -90 993 0 
467 78 -858 0 
125 827 -957 0 
594 -12 -101 0 
334 -163 -775 0 
-918 178 337 0 
990 180 -193 0 
662 -852 918 0 
-501 917 362 0 
-614 -427 908 0 
80 650 -62 0 
827 -15 -58 0 
-651 -503 540 0 
-216 -594 250 0 
985 528 664 0 
507 720 5 0 
-229 824 -866 0 
-1000 -834 -801 0 
244 778 609 0 
-37 481 -958 0 
-48 863 -926 0 
36 137 -859 0 
724 -435 -921 0 
646 -514 339 0 
-394 -527 985 0 
-648 -743 -229 0 
-124 -307 -157 0 
422 -880 -874 0 
410 230 432 0 
664 -17 517 0 
-198 669 921 0 
643 -57 -341 0 
370 -167 990 0 
491 -389 -855 0 
-177 805 -707 0 
675 -262 66 0 
-517 980 -599 0 
841 378 598 0 
65 -820 116 0 
642 930 585 0 
-333 -623 -595 0 
-591 -626 -156 0 
409 -436 -413 0 
51 109 99 0 
262 429 -866 0 
-753 -18 -141 0 
-70 -84 229 0 
-847 34 -865 0 
-607 -59 486 0 
469 623 -389 0 
-452 -477 776 0 
629 645 79 0 
774 914 864 0 
289 -681 -325 0 
963 123 217 0 
470 -954 -324 0 
-916 -376 -154 0 
234 -926 -68 0 
262 -961 -308 0 
-249 -373 437 0 
795 345 259 0 
-740 -2 942 0 
-261 -961 90 0 
-872 -480 -410 0 
788 -990 -732 0 
738 73 985 0 
216 -969 -992 0 
831 168 277 0 
-28 -500 371 0 
433 -818 -647 0 
-535 -138 174 0 
-586 -666 698 0 
-492 -192 -736 0 
-143 -267 606 0 
910 -787 -593 0 
571 346 756 0 
924 -271 124 0 
762 -735 -770 0 
-323 -384 -963 0 
-659 141 332 0 
326 -106 230 0 
-163 620 -904 0 
-1 341 -125 0 
-991 977 796 0 
139 219 -155 0 
-66 913 -948 0 
-48 651 251 0 
-716 -325 -60 0 
785 -145 460 0 
84 -43 796 0 
971 904 589 0 
-531 -692 467 0 
4 35 862 0 
-646 -720 697 0 
162 -164 -729 0 
-16 -673 -948 0 
141 147 948 0 
537 404 -347 0 
-968 -516 -911 0 
820 65 -317 0 
-915 648 -49 0 
-727 -936 294 0 
783 -275 -472 0 
-204 -115 -48 0 
-883 858 76 0 
-623 -550 -963 0 
147 30 649 0 
191 850 -628 0 
-874 564 -458 0 
-72 -897 -596 0 
479 -424 -606 0 
-216 647 -711 0 
224 -322 629 0 
930 223 669 0 
765 117 376 0 
-210 -855 391 0 
-460 82 -280 0 
361 283 877 0 
628 996 69 0 
266 898 359 0 
-226 442 -209 0 
-785 -945 -89 0 
-454 182 -379 0 
326 829 383 0 
-450 -806 -89 0 
832 105 -933 0 
-69 -665 -629 0 
-65 711 -957 0 
-857 -120 39 0 
271 684 -389 0 
814 474 142 0 
-665 620 263 0 
-445 -852 -626 0 
-151 935 773 0 
488 17 767 0 
173 560 -967 0 
752 -191 -631 0 
125 805 579 0 
-592 -386 -784 0 
-424 157 550 0 
158 757 465 0 
-730 165 -508 0 
-851 -80 52 0 
977 280 -751 0 
510 921 470 0 
881 -855 639 0 
763 157 888 0 
467 308 -451 0 
35 -712 199 0 
181 197 -126 0 
-508 -726 -456 0 
-337 -872 -841 0 
269 477 104 0 
198 583 -463 0 
-611 -965 922 0 
-178 -263 -84 0 
-348 -375 -394 0 
718 -804 -618 0 
848 76 691 0 
-762 323 -254 0 
175 -457 749 0 
-402 -265 -994 0 
-283 -520 68 0 
182 421 -287 0 
905 -164 -960 0 
-329 90 605 0 
8 -207 -771 0 
941 40 27 0 
364 -568 17 0 
-329 -237 478 0 
212 -991 -128 0 
-939 660 543 0 
-473 -188 961 0 
-304 -88 -560 0 
-918 -699 -910 0 
-789 -861 -808 0 
952 997 648 0 
890 521 -642 0 
462 827 -682 0 
878 785 65 0 
-214 626 -812 0 
-254 537 -687 0 
-353 982 526 0 
534 -683 -378 0 
-318 -888 -232 0 
802 863 496 0 
-28 -862 -310 0 
-182 433 -167 0 
-282 -44 746 0 
-386 -448 -99 0 
377 -41 756 0 
44 -806 21 0 
-315 403 -436 0 
463 -226 282 0 
-436 913 372 0 
493 -676 379 0 
-757 -486 687 0 
-182 157 71 0 
760 827 -465 0 
-46 -355 -958 0 
836 -819 -121 0 
-203 942 333 0 
878 -568 635 0 
734 505 975 0 
-478 -294 -729 0 
-655 46 918 0 
-576 -84 865 0 
-198 -809 -520 0 
868 74 271 0 
-770 467 460 0 
-51 24 -339 0 
966 253 -279 0 
655 -945 239 0 
94 -226 -755 0 
37 -749 5 0 
422 -109 662 0 
-886 -673 -418 0 
-83 535 -894 0 
667 325 -314 0 
-589 760 -515 0 
-688 -200 -639 0 
940 634 78 0 
926 552 -899 0 
-11 308 830 0 
-346 606 -420 0 
920 -997 -666 0 
143 -43 -233 0 
-459 -684 205 0 
811 455 -453 0 
109 -869 509 0 
300 737 -750 0 
-868 529 728 0 
-50 -953 -677 0 
-956 490 522 0 
894 -217 -76 0 
-431 251 -830 0 
617 -907 -517 0 
-340 727 33 0 
779 -977 980 0 
577 630 959 0 
-750 -119 197 0 
-571 -325 119 0 
131 418 472 0 
-146 421 739 0 
750 41 816 0 
563 -982 -620 0 
270 239 -47 0 
-982 310 760 0 
-578 7 263 0 
-342 -365 -704 0 
-844 797 363 0 
74 -383 -664 0 
-341 505 549 0 
-365 181 614 0 
-195 521 16 0 
-149 392 334 0 
-510 -553 451 0 
247 525 118 0 
-82 -81 454 0 
399 -683 -120 0 
-337 -572 762 0 
-571 -659 896 0 
-761 434 -256 0 
70 -824 -470 0 
-939 -538 -655 0 
-246 -733 562 0 
647 -103 -71 0 
339 -121 -290 0 
-846 -187 -237 0 
286 -65 220 0 
128 440 415 0 
-198 -235 -975 0 
-249 79 874 0 
498 901 -712 0 
-213 469 383 0 
-293 -886 531 0 
-454 763 570 0 
-48 237 140 0 
-829 -793 -537 0 
1000 180 -813 0 
704 -55 105 0 
803 173 155 0 
311 -190 789 0 
-82 610 576 0 
680 729 260 0 
31 -20 -825 0 
-437 -421 152 0 
-689 435 136 0 
583 921 578 0 
347 115 925 0 
106 385 -802 0 
65 -867 -913 0 
-433 -111 207 0 
-501 151 -216 0 
-486 516 648 0 
-836 -422 769 0 
-98 407 249 0 
855 -147 684 0 
608 253 358 0 
717 -445 704 0 
829 94 -548 0 
112 -582 608 0 
-8 -945 905 0 
-378 -173 586 0 
113 -739 91 0 
466 575 504 0 
717 856 -269 0 
-166 995 266 0 
-484 -753 69 0 
158 82 -581 0 
705 -30 -438 0 
889 -97 -41 0 
923 247 -559 0 
-808 -61 -909 0 
182 -340 213 0 
762 -234 -959 0 
903 200 -427 0 
-774 104 -162 0 
-317 -988 -622 0 
516 -606 -142 0 
194 -54 471 0 
603 -196 -906 0 
265 574 -704 0 
362 925 28 0 
903 318 79 0 
-457 -665 -525 0 
975 407 -165 0 
-903 803 957 0 
-773 329 650 0 
869 -344 26 0 
319 -901 -156 0 
14 588 -743 0 
-339 -330 869 0 
-35 737 530 0 
-545 -46 227 0 
999 -816 -163 0 
-257 -705 -592 0 
-600 -809 821 0 
690 525 -983 0 
-975 -573 653 0 
5 -99 -556 0 
918 -919 -7 0 
95 -992 -754 0 
-426 -919 557 0 
-540 -493 -959 0 
706 -485 -973 0 
315 30 416 0 
-756 -677 -712 0 
-427 634 -922 0 
935 177 816 0 
-788 735 287 0 
953 -190 679 0 
223 372 -934 0 
343 471 -82 0 
265 -271 -697 0 
-142 -151 877 0 
784 -794 -534 0 
-298 -214 824 0 
-783 -891 -496 0 
707 -985 629 0 
-358 727 809 0 
-735 679 725 0 
296 783 898 0 
-168 -369 -817 0 
761 -209 -59 0 
392 606 731 0 
-710 71 272 0 
-778 798 -106 0 
-95 182 -154 0 
326 415 -547 0 
872 -398 731 0 
-72 729 -986 0 
-515 -772 70 0 
193 -813 -845 0 
-707 -638 77 0 
388 -412 -159 0 
831 -690 312 0 
-224 -379 -470 0 
-654 -131 100 0 
341 -39 -435 0 
-12 697 -44 0 
-966 907 -589 0 
386 742 -373 0 
920 372 -326 0 
496 -530 -453 0 
792 761 -132 0 
-648 572 -184 0 
139 -564 -988 0 
-345 -790 528 0 
708 -995 103 0 
-349 85 -64 0 
163 -137 -969 0 
789 -165 951 0 
603 205 -717 0 
993 -918 -807 0 
858 569 627 0 
-775 -322 99 0 
611 282 -715 0 
-219 -162 741 0 
-112 -874 904 0 
-849 -175 -599 0 
-545 -135 303 0 
-743 167 -891 0 
164 638 -601 0 
279 509 -610 0 
-353 -533 -287 0 
-79 411 965 0 
499 -373 -330 0 
-130 -434 39 0 
-373 913 488 0 
-65 383 636 0 
497 212 44 0 
209 -698 -140 0 
-900 -894 358 0 
-831 -175 -675 0 
-370 695 -727 0 
-164 862 358 0 
329 888 -218 0 
27 -320 -864 0 
-41 52 -408 0 
975 -22 -107 0 
-434 -245 -40 0 
-698 -684 578 0 
856 -697 -210 0 
692 195 -485 0 
759 536 -685 0 
374 -902 528 0 
592 879 -518 0 
-904 -490 975 0 
-229 -467 910 0 
91 -63 -746 0 
-852 -490 531 0 
-886 929 636 0 
321 -910 -776 0 
-805 248 456 0 
-4 -42 -641 0 
-451 -653 712 0 
-866 574 -472 0 
-739 -982 -604 0 
-374 127 497 0 
608 73 -876 0 
419 542 255 0 
-394 847 103 0 
305 284 907 0 
-543 -763 -845 0 
653 -166 16 0 
-486 196 -258 0 
504 549 -546 0 
-325 -366 -8 0 
-415 287 -811 0 
650 -564 -930 0 
-836 -893 540 0 
-764 986 -540 0 
-108 -482 854 0 
-585 44 -401 0 
150 -186 -933 0 
-400 -812 310 0 
911 -513 -510 0 
920 -151 -631 0 
851 -988 -752 0 
454 -533 -663 0 
-174 801 528 0 
592 305 -531 0 
250 736 434 0 
-954 415 -161 0 
651 736 34 0 
326 529 -521 0 
603 940 235 0 
372 137 561 0 
-150 51 -818 0 
619 185 18 0 
766 441 -536 0 
950 158 -327 0 
-874 543 302 0 
-934 -952 781 0 
-650 -550 510 0 
-911 3 -643 0 
-958 923 -881 0 
844 117 493 0 
-196 316 -750 0 
398 994 -405 0 
-154 -940 902 0 
-131 498 -713 0 
257 657 454 0 
765 -390 130 0 
-585 -499 -731 0 
-90 -732 762 0 
-136 -825 526 0 
48 -934 -650 0 
-495 -772 842 0 
697 455 -987 0 
268 -309 552 0 
697 -525 -747 0 
66 -971 214 0 
-107 115 997 0 
-688 -78 -371 0 
-687 -155 959 0 
941 141 -482 0 
224 -315 -219 0 
198 362 513 0 
-413 -206 693 0 
-322 573 705 0 
-27 -7 -900 0 
168 -128 -390 0 
901 -747 -823 0 
-421 -10 389 0 
674 572 179 0 
896 -534 -279 0 
-72 343 910 0 
2 194 439 0 
-433 -661 -531 0 
-868 825 -741 0 
-490 863 385 0 
-864 738 -644 0 
-460 -388 861 0 
-851 -588 654 0 
100 -732 -202 0 
-965 -461 -982 0 
-567 181 -311 0 
-878 -251 -662 0 
-481 252 -267 0 
454 -920 -965 0 
-766 481 -1 0 
-1 -409 -579 0 
202 236 171 0 
929 -497 -185 0 
360 322 -732 0 
-806 297 -978 0 
-343 514 -462 0 
306 -538 -286 0 
204 -499 661 0 
-542 58 261 0 
-426 -923 424 0 
-162 261 -572 0 
-868 524 -884 0 
-297 -61 808 0 
842 -362 -63 0 
267 624 -694 0 
608 -371 271 0 
-627 264 -227 0 
-592 277 -341 0 
-838 -239 -770 0 
-711 -435 -212 0 
848 -484 313 0 
255 -761 -812 0 
750 432 230 0 
-677 932 -530 0 
-121 326 718 0 
219 518 -700 0 
61 479 -888 0 
463 560 538 0 
228 37 -95 0 
-48 -325 147 0 
415 -337 18 0 
-695 -942 -891 0 
-264 -416 -567 0 
-685 734 3 0 
991 97 -562 0 
224 253 -862 0 
-303 611 856 0 
-825 -601 -430 0 
-859 -626 -865 0 
-8 -202 -203 0 
149 627 431 0 
263 554 228 0 
26 285 674 0 
-12 471 34 0 
543 -6 -513 0 
-940 180 144 0 
-508 -655 816 0 
460 457 -420 0 
963 -576 -814 0 
-773 -7 941 0 
-469 696 -750 0 
132 102 38 0 
-46 532 742 0 
847 285 615 0 
696 -223 -966 0 
801 -431 -401 0 
-911 908 -686 0 
-649 -350 453 0 
-332 564 458 0 
326 -543 -769 0 
-606 -546 -101 0 
-425 273 -913 0 
269 568 -27 0 
298 -812 700 0 
-904 -100 -93 0 
-169 -450 923 0 
633 246 259 0 
359 -836 64 0 
-50 997 819 0 
-554 -23 -585 0 
-458 16 -715 0 
843 -377 -118 0 
773 399 -612 0 
997 -85 817 0 
-508 -138 -115 0 
-960 995 11 0 
-55 -978 -263 0 
347 -861 514 0 
-820 731 109 0 
-967 -105 -342 0 
-444 -422 -526 0 
265 -779 -810 0 
809 897 -328 0 
617 -778 -425 0 
180 -339 122 0 
-227 -420 28 0 
-142 -812 -978 0 
813 -956 -395 0 
919 -190 -46 0 
-938 -220 959 0 
3 -913 -95 0 
674 -974 157 0 
859 -449 -31 0 
208 884 18 0 
-862 -424 934 0 
-476 -900 -228 0 
-479 830 856 0 
920 115 -985 0 
459 -227 -658 0 
-646 112 787 0 
-9 -346 774 0 
848 -155 177 0 
-363 -828 -550 0 
406 -159 724 0 
-679 272 590 0 
319 -538 -672 0 
49 880 -213 0 
167 -993 678 0 
962 504 -545 0 
-971 692 715 0 
-940 -779 43 0 
-812 -794 314 0 
685 -128 236 0 
-85 60 -739 0 
-488 -884 352 0 
357 217 476 0 
734 325 475 0 
143 162 147 0 
739 430 -607 0 
-150 643 -663 0 
-936 813 -23 0 
418 972 444 0 
791 152 339 0 
-500 266 847 0 
-241 907 -50 0 
871 -357 489 0 
920 -144 -589 0 
306 -536 -842 0 
-479 -220 -979 0 
164 822 33 0 
-419 662 449 0 
160 -233 -363 0 
-418 -631 -406 0 
-607 -436 -915 0 
-576 -115 451 0 
760 -431 -510 0 
-389 523 -439 0 
9 146 -345 0 
521 -750 208 0 
-633 857 -992 0 
-732 508 -435 0 
-586 -262 -535 0 
-62 -82 223 0 
-788 -110 258 0 
-669 213 -395 0 
791 379 -617 0 
553 -927 -672 0 
801 -560 101 0 
-121 -753 -830 0 
814 287 255 0 
-55 -279 838 0 
-646 -564 -146 0 
-114 -320 -26 0 
-299 989 -136 0 
-205 -453 -272 0 
24 647 900 0 
-660 -225 -46 0 
-801 848 -29 0 
-565 175 -780 0 
-696 186 275 0 
-869 -561 190 0 
148 -887 216 0 
-857 400 -796 0 
-406 -437 -630 0 
474 588 -662 0 
147 481 470 0 
62 140 -352 0 
-965 -317 -302 0 
843 -314 -840 0 
210 -178 -403 0 
1000 919 -838 0 
-149 -342 58 0 
-209 -808 -894 0 
-846 389 -938 0 
-713 -928 868 0 
833 648 144 0 
429 526 129 0 
-9 893 792 0 
52 -510 650 0 
697 609 332 0 
60 994 -470 0 
872 526 80 0 
-651 782 345 0 
19 -167 -848 0 
425 -53 265 0 
-91 -269 -676 0 
-272 -759 999 0 
-632 -290 -637 0 
550 469 -880 0 
-635 -579 -492 0 
-434 116 -964 0 
-76 105 7 0 
442 978 571 0 
422 132 -147 0 
946 609 40 0 
619 -56 769 0 
120 -504 887 0 
-269 -916 811 0 
319 601 261 0 
-449 975 -460 0 
-752 -17 320 0 
267 690 323 0 
767 729 -328 0 
-444 -819 -469 0 
-900 533 -502 0 
-324 994 577 0 
286 -749 -225 0 
254 -901 -669 0 
202 536 542 0 
-669 -483 -875 0 
-191 -574 661 0 
-715 -60 3 0 
-48 466 778 0 
-828 411 -628 0 
15 679 -752 0 
-23 853 -995 0 
105 514 804 0 
-770 570 -745 0 
773 472 -337 0 
-389 -382 -64 0 
933 204 701 0 
975 517 859 0 
794 911 557 0 
-653 -236 -252 0 
741 751 -230 0 
6 -984 113 0 
-622 -150 -214 0 
591 590 -182 0 
651 -267 720 0 
-199 -823 -597 0 
-174 209 115 0 
578 -140 -233 0 
12 72 798 0 
-566 539 -816 0 
389 -524 14 0 
-312 -216 -114 0 
610 700 -706 0 
508 483 595 0 
-74 -193 328 0 
-751 -244 542 0 
-934 534 916 0 
748 -271 -947 0 
32 896 985 0 
323 -252 -210 0 
-651 741 794 0 
681 11 45 0 
-796 -993 -48 0 
-574 -539 242 0 
-191 373 748 0 
-772 -631 159 0 
886 -258 477 0 
-953 -962 -897 0 
-500 -990 125 0 
791 -661 714 0 
921 -608 146 0 
-490 -149 -963 0 
192 683 -468 0 
-400 512 -173 0 
-127 -626 141 0 
-597 229 175 0 
171 -481 111 0 
-347 366 766 0 
473 -658 -269 0 
-313 -52 -806 0 
575 -280 46 0 
-930 -190 -760 0 
-309 -748 591 0 
933 -399 488 0 
466 -646 749 0 
432 -606 -999 0 
-503 -781 50 0 
512 565 695 0 
53 -223 333 0 
-1 175 -751 0 
681 898 632 0 
864 513 174 0 
-697 -916 177 0 
742 -733 -809 0 
102 262 -386 0 
-55 -910 -380 0 
-655 350 453 0 
772 779 -23 0 
211 171 -352 0 
-232 -823 864 0 
-705 352 -674 0 
110 190 563 0 
533 -930 18 0 
-65 351 -380 0 
809 -166 -314 0 
-612 -330 353 0 
-168 -964 872 0 
-352 -185 247 0 
440 -533 -960 0 
941 713 719 0 
-890 800 408 0 
-651 -851 199 0 
771 189 -737 0 
-614 -400 155 0 
-826 915 -160 0 
75 290 -64 0 
-414 606 104 0 
-588 919 -581 0 
528 -540 313 0 
791 94 697 0 
558 -179 -205 0 
-616 976 -150 0 
-291 181 -612 0 
216 -583 -749 0 
-768 363 -233 0 
46 857 173 0 
-179 -918 886 0 
-907 580 888 0 
959 -268 758 0 
200 982 -234 0 
-152 -851 -610 0 
909 -44 492 0 
797 5 -38 0 
-81 299 -270 0 
-596 221 -201 0 
102 34 332 0 
278 603 188 0 
-100 -263 910 0 
332 664 855 0 
-379 714 994 0 
-493 -92 -490 0 
-569 804 776 0 
-107 -120 904 0 
-815 307 -886 0 
837 -144 -669 0 
838 18 365 0 
336 -325 525 0 
-199 -521 259 0 
795 104 -739 0 
-5 -841 -756 0 
184 316 565 0 
-324 600 -565 0 
-781 688 337 0 
-832 558 -142 0 
239 21 -788 0 
843 -784 -107 0 
386 753 -863 0 
-243 -145 -571 0 
-681 140 -886 0 
325 1000 -870 0 
-53 -502 -535 0 
-949 -667 -144 0 
-901 -241 240 0 
-735 252 -465 0 
-257 -80 627 0 
486 -214 -489 0 
-456 -604 -670 0 
-230 703 -196 0 
213 -892 -840 0 
638 839 575 0 
133 -981 350 0 
555 -890 75 0 
-865 682 -163 0 
-762 583 -243 0 
267 172 157 0 
-127 -173 -42 0 
334 469 630 0 
-107 6 -280 0 
-738 -788 836 0 
200 375 175 0 
-96 543 -617 0 
358 -983 843 0 
-232 96 -205 0 
92 65 666 0 
508 -335 -22 0 
-111 560 986 0 
744 -698 814 0 
-472 627 1 0 
857 769 -383 0 
231 -849 -878 0 
451 74 183 0 
-306 -733 499 0 
-270 515 -857 0 
-30 -626 164 0 
514 786 -40 0 
-83 -79 280 0 
653 -827 637 0 
-162 299 682 0 
-88 749 445 0 
488 -351 465 0 
984 517 -534 0 
492 282 -267 0 
-873 -684 827 0 
313 230 -272 0 
712 678 975 0 
-913 -567 951 0 
379 -216 191 0 
933 -313 869 0 
-906 -524 -783 0 
-549 -769 -296 0 
-16 364 273 0 
274 -787 -525 0 
102 -588 768 0 
258 -754 -341 0 
-683 239 257 0 
674 783 991 0 
-141 426 -45 0 
-676 -716 -617 0 
872 568 -322 0 
471 248 773 0 
-233 -867 4 0 
-50 692 753 0 
-460 -786 879 0 
340 -234 692 0 
935 -847 484 0 
-848 639 129 0 
202 -153 -795 0 
933 662 822 0 
-119 892 -643 0 
-296 72 788 0 
-221 -572 -257 0 
-611 -907 -486 0 
-171 -255 466 0 
923 -593 712 0 
204 243 -212 0 
822 -403 621 0 
192 -233 727 0 
-381 715 999 0 
228 8 -809 0 
47 911 265 0 
554 -347 608 0 
-764 -257 -691 0 
671 -271 -408 0 
516 -230 -257 0 
363 -477 934 0 
-707 -657 -958 0 
291 129 253 0 
-250 424 -174 0 
-460 995 -267 0 
8 441 323 0 
847 -109 -395 0 
214 110 915 0 
55 577 -72 0 
637 -968 -593 0 
542 -285 -469 0 
922 239 -561 0 
-382 70 -606 0 
488 -976 -459 0 
-645 964 -49 0 
959 892 -163 0 
-143 659 -63 0 
578 749 -19 0 
-131 217 169 0 
283 536 -505 0 
-438 -568 -248 0 
-323 -759 465 0 
519 -826 823 0 
239 -874 -970 0 
569 -60 992 0 
40 217 289 0 
-916 607 -465 0 
117 782 -57 0 
444 -139 -924 0 
29 -134 -192 0 
-351 -885 -434 0 
816 940 266 0 
229 -515 819 0 
-784 23 405 0 
223 63 984 0 
153 57 778 0 
771 6 -173 0 
-820 900 46 0 
-594 -783 627 0 
904 -653 -221 0 
-913 698 206 0 
978 -709 168 0 
-447 -656 -569 0 
-44 297 -164 0 
598 483 -493 0 
-330 489 -164 0 
-209 -653 908 0 
249 -756 476 0 
710 664 469 0 
902 -788 -929 0 
166 -107 -922 0 
833 -844 837 0 
983 -281 901 0 
94 -905 552 0 
478 -818 -303 0 
-312 725 19 0 
592 -694 -850 0 
-102 -832 70 0 
659 -69 487 0 
256 -812 -967 0 
-587 -868 -525 0 
-108 -470 445 0 
904 893 -566 0 
399 676 -582 0 
455 908 75 0 
271 -453 -535 0 
757 624 -680 0 
705 154 488 0 
-732 957 660 0 
-601 502 851 0 
934 -560 -591 0 
828 -243 13 0 
-673 -591 -448 0 
281 152 792 0 
-779 -360 889 0 
-983 504 53 0 
-600 845 638 0 
-657 616 -685 0 
-389 296 -927 0 
723 -473 256 0 
-922 -65 126 0 
974 1000 761 0 
496 495 529 0 
-896 789 -966 0 
-513 517 104 0 
-694 -319 -221 0 
99 372 -93 0 
-781 957 -49 0 
-877 605 384 0 
432 -175 619 0 
-668 601 -939 0 
220 -273 -189 0 
-675 564 419 0 
-737 -910 -869 0 
460 -729 702 0 
-923 -689 19 0 
728 -776 -314 0 
-238 -138 709 0 
-668 772 -528 0 
-902 346 834 0 
-227 195 947 0 
526 -391 230 0 
-510 62 707 0 
609 874 -410 0 
-609 38 102 0 
-701 -865 -862 0 
-834 -462 722 0 
57 977 -387 0 
-157 471 -644 0 
667 -223 -173 0 
366 -782 759 0 
772 396 796 0 
167 933 216 0 
815 -499 -510 0 
-317 866 -66 0 
225 -233 -752 0 
259 -797 636 0 
-941 637 202 0 
397 -414 -533 0 
885 964 -566 0 
777 -894 -290 0 
-547 319 943 0 
686 858 -446 0 
76 998 851 0 
-938 -124 136 0 
857 835 -163 0 
-974 -236 882 0 
897 -236 471 0 
933 140 -483 0 
923 -65 752 0 
-165 505 -841 0 
-47 -683 -312 0 
305 60 497 0 
-59 556 910 0 
-579 730 669 0 
196 -383 766 0 
-851 -587 778 0 
-753 -760 845 0 
669 -609 742 0 
204 -311 -814 0 
27 -303 -645 0 
-415 -543 191 0 
817 222 478 0 
310 761 752 0 
26 -277 237 0 
264 -591 -842 0 
399 -649 -619 0 
-556 466 -623 0 
122 -995 -986 0 
553 302 -539 0 
270 -422 -799 0 
705 -516 786 0 
-565 -940 545 0 
-987 824 -48 0 
265 -741 -395 0 
660 -732 -678 0 
-392 931 -174 0 
953 -703 50 0 
-16 254 560 0 
-361 -623 -73 0 
952 -720 441 0 
-933 -423 820 0 
-65 193 626 0 
-474 -816 -806 0 
560 -784 308 0 
-933 -637 945 0 
169 -656 926 0 
718 -709 63 0 
307 789 -491 0 
-403 455 -930 0 
580 610 654 0 
-443 401 908 0 
-200 -761 373 0 
613 -597 -857 0 
-800 516 853 0 
-719 539 382 0 
-740 170 -264 0 
529 -843 -158 0 
-707 334 -280 0 
590 52 196 0 
226 701 -132 0 
58 194 961 0 
490 -645 -431 0 
-712 -994 422 0 
-637 703 -168 0 
-675 515 907 0 
127 -428 310 0 
698 -691 -824 0 
974 -676 -213 0 
-321 94 424 0 
875 852 -927 0 
858 -974 -387 0 
40 789 -194 0 
-168 -339 828 0 
558 428 -758 0 
-69 -223 -495 0 
177 -466 862 0 
23 -770 -166 0 
340 -631 -653 0 
-976 -331 951 0 
601 703 -419 0 
-666 -613 -416 0 
-852 -196 -272 0 
60 -733 703 0 
908 -771 604 0 
313 -484 -180 0 
55 634 -753 0 
246 -574 299 0 
-116 -359 -240 0 
-210 783 -198 0 
-204 -33 688 0 
189 90 -4 0 
239 -312 912 0 
808 176 -339 0 
-566 601 590 0 
175 -96 -480 0 
813 -278 306 0 
21 751 631 0 
235 -529 476 0 
334 -875 -211 0 
516 276 -25 0 
798 -570 -34 0 
-26 826 -70 0 
944 -996 802 0 
-939 -968 -3 0 
408 951 -15 0 
964 933 306 0 
-855 -547 762 0 
-908 -75 987 0 
799 -348 -330 0 
-49 623 -784 0 
408 -650 -605 0 
543 -454 -954 0 
827 577 -911 0 
-411 60 748 0 
883 -120 -369 0 
313 -853 -599 0 
330 -944 -514 0 
974 -732 -292 0 
489 -466 -817 0 
-96 101 -548 0 
-929 692 541 0 
-200 -713 -719 0 
-548 -178 -151 0 
-389 168 329 0 
455 -747 -123 0 
394 -443 209 0 
-967 823 -33 0 
-152 -259 281 0 
481 -62 183 0 
-56 -968 790 0 
642 -108 -943 0 
-386 371 779 0 
-635 -816 -895 0 
-284 632 983 0 
-615 -431 909 0 
158 74 642 0 
-403 -449 30 0 
668 596 855 0 
-988 -607 48 0 
778 810 944 0 
898 -509 -282 0 
-498 181 994 0 
-221 -244 -707 0 
-194 652 -65 0 
-748 234 -444 0 
-231 606 -66 0 
411 -614 856 0 
341 846 588 0 
192 459 906 0 
534 -856 -215 0 
-974 -689 -651 0 
842 -469 446 0 
117 408 98 0 
558 858 -394 0 
136 75 525 0 
-414 -949 -934 0 
897 -580 651 0 
-558 811 131 0 
242 881 75 0 
818 572 -908 0 
71 891 261 0 
599 685 391 0 
790 441 606 0 
189 889 -123 0 
-46 414 849 0 
-465 -75 943 0 
-760 51 579 0 
799 -917 434 0 
151 556 -92 0 
142 9 760 0 
-800 -48 75 0 
263 -865 -97 0 
-360 -759 -935 0 
302 -641 456 0 
-697 -991 81 0 
-18 -770 511 0 
-961 97 -320 0 
-940 346 327 0 
-632 254 498 0 
-609 -868 -550 0 
581 -990 364 0 
545 -783 -933 0 
-827 127 -969 0 
-439 98 -939 0 
305 -552 -855 0 
958 99 -591 0 
252 -142 897 0 
304 491 328 0 
543 867 425 0 
989 875 -113 0 
-228 241 138 0 
470 178 -870 0 
-37 880 -9 0 
-422 -944 757 0 
98 531 -938 0 
-289 770 -339 0 
-352 -580 591 0 
-67 -551 -915 0 
467 -595 -418 0 
618 -591 -561 0 
-274 -614 -217 0 
-920 -60 -372 0 
532 -803 -918 0 
576 839 -614 0 
-878 -140 -323 0 
-373 -816 -403 0 
-933 409 -173 0 
979 1000 -789 0 
-334 664 -89 0 
857 -833 -444 0 
359 -824 -225 0 
-851 -106 -799 0 
767 66 428 0 
697 -814 140 0 
-973 128 -41 0 
-726 -985 236 0 
-406 -43 229 0 
-547 73 -184 0 
-822 951 834 0 
-713 -927 -415 0 
-23 -738 -220 0 
-189 963 -300 0 
-694 -407 634 0 
-457 216 917 0 
640 409 -744 0 
486 85 -597 0 
956 -434 -447 0 
202 185 -326 0 
470 330 -261 0 
9 133 -116 0 
415 -206 945 0 
736 -282 528 0 
726 -477 75 0 
-260 -278 508 0 
513 -308 402 0 
-48 152 -748 0 
986 730 305 0 
-841 -187 -911 0 
382 41 103 0 
744 -255 867 0 
589 946 -72 0 
-509 -177 93 0 
-744 -613 770 0 
413 -707 -414 0 
-764 -685 -38 0 
-498 951 499 0 
883 884 464 0 
-125 7 -707 0 
330 255 -383 0 
-921 901 -446 0 
159 678 17 0 
-375 484 816 0 
-740 633 932 0 
-836 403 831 0 
-103 -151 561 0 
819 -572 760 0 
880 376 -587 0 
152 -408 839 0 
38 844 -346 0 
-872 223 -198 0 
615 -621 -361 0 
-492 -133 -860 0 
-798 -896 -601 0 
994 -136 705 0 
116 554 -488 0 
706 990 -138 0 
365 -653 412 0 
-596 795 899 0 
-944 892 -337 0 
-396 -941 957 0 
-173 462 964 0 
570 -687 -964 0 
-66 -447 -858 0 
754 -712 -10 0 
-300 -3 -546 0 
-42 910 -818 0 
-226 -159 -190 0 
258 -344 -676 0 
808 -286 855 0 
-824 833 -993 0 
-359 -241 238 0 
-763 -999 -514 0 
-694 971 -835 0 
226 -779 -232 0 
-856 295 752 0 
-185 -616 856 0 
-242 -130 -16 0 
1000 -800 -690 0 
-91 -187 609 0 
846 -21 692 0 
238 787 -394 0 
794 -916 -694 0 
388 -916 -999 0 
5 -608 -300 0 
634 300 841 0 
-705 985 -112 0 
-706 -717 -42 0 
-695 -27 333 0 
-591 -956 -177 0 
-770 353 503 0 
22 -947 -227 0 
-4 65 -71 0 
-754 616 -898 0 
35 305 724 0 
75 387 -568 0 
-442 608 16 0 
130 -835 776 0 
-559 887 996 0 
-979 -843 593 0 
-151 -233 727 0 
384 905 716 0 
-510 858 -302 0 
769 808 -550 0 
-402 -489 -443 0 
37 174 736 0 
-526 -342 -533 0 
-859 -754 -17 0 
733 -637 882 0 
665 857 441 0 
-584 -476 877 0 
-477 713 -455 0 
-822 -171 -984 0 
968 151 -815 0 
-718 144 490 0 
-806 744 -74 0 
-532 -449 340 0 
-30 -941 194 0 
171 -101 -16 0 
366 -724 -444 0 
-76 51 762 0 
57 648 -884 0 
-523 -957 -547 0 
850 20 -192 0 
-426 -913 -152 0 
-686 -643 719 0 
844 -959 703 0 
-414 -850 312 0 
885 47 -340 0 
237 -893 454 0 
-515 227 762 0 
38 -626 28 0 
576 24 -479 0 
-961 412 370 0 
71 391 -315 0 
-138 687 -40 0 
719 -833 564 0 
-376 551 537 0 
732 340 -507 0 
506 566 119 0 
884 -674 -184 0 
296 38 -753 0 
-541 698 837 0 
-729 -406 -764 0 
-606 941 -955 0 
-716 34 46 0 
506 -189 12 0 
306 -734 705 0 
-58 451 838 0 
-411 -357 -821 0 
-533 -232 -478 0 
-139 -863 -610 0 
831 312 989 0 
-626 63 -931 0 
-455 -153 -56 0 
107 -298 134 0 
-718 -222 -689 0 
-690 -251 -372 0 
380 -871 -913 0 
858 624 841 0 
298 757 -713 0 
336 304 604 0 
-734 71 -870 0 
363 683 167 0 
-478 112 -476 0 
-940 -704 -296 0 
593 897 -20 0 
397 -884 327 0 
-860 755 -938 0 
-545 471 178 0 
117 -128 43 0 
-340 -343 -971 0 
321 -136 -957 0 
489 600 861 0 
-83 -725 -456 0 
-243 -771 -633 0 
998 344 -736 0 
-512 934 161 0 
-810 -438 922 0 
