p cnf 1000 2400
-262 -659 -964 0 
777 -334 -232 0 
-71 -642 154 0 
-484 -926 -804 0 
161 -953 620 0 
-372 -37 982 0 
-839 487 148 0 
309 700 236 0 
-651 -258 16 0 
-265 860 -721 0 
-692 26 -59 0 
-530 553 -472 0 
375 -522 -612 0 
-836 -447 759 0 
-903 -643 712 0 
-14 163 174 0 
-542 -492 -164 0 
-427 -508 -567 0 
758 -450 -610 0 
-307 -353 -291 0 
-773 -7 -437 0 
923 322 297 0 
-557 621 57 0 
847 286 977 0 
-531 808 -639 0 
-201 -567 -333 0 
-105 -27 -196 0 
441 -782 -93 0 
-515 -952 199 0 
44 137 -126 0 
560 231 217 0 
-58 886 -843 0 
-786 -966 516 0 
-445 -252 -254 0 
-196 -511 -649 0 
588 -148 308 0 
271 -62 83 0 
776 -969 -779 0 
785 -644 -701 0 
-360 -762 828 0 
-69 -810 14 0 
715 343 639 0 
809 -950 290 0 
-463 359 -725 0 
-678 546 460 0 
-467 895 980 0 
-699 270 629 0 
-730 -493 761 0 
-883 264 -110 0 
390 -922 798 0 
-160 409 -73 0 
725 826 -494 0 
863 -57 599 0 
547 -16 -522 0 
-430 -284 323 0 
376 330 -339 0 
431 -770 164 0 
-349 -549 860 0 
441 319 -964 0 
-360 783 418 0 
-691 699 894 0 
290 -401 120 0 
-813 198 565 0 
409 16 -288 0 
828 -548 -932 0 
248 -798 -438 0 
-345 700 333 0 
-89 733 -954 0 
117 -668 850 0 
-560 -780 844 0 
561 -531 -728 0 
-599 -485 807 0 
945 854 -332 0 
-224 -900 -313 0 
-62 452 -857 0 
613 747 -614 0 
29 -19 186 0 
-127 521 -500 0 
-346 -971 -633 0 
-436 -314 -767 0 
12 847 -795 0 
-246 -789 854 0 
974 739 917 0 
-368 203 520 0 
-560 468 618 0 
283 -740 847 0 
129 672 174 0 
-222 -243 -803 0 
20 -467 -370 0 
-257 -330 889 0 
-496 -980 -320 0 
-693 -132 478 0 
-627 -601 -236 0 
524 -373 -550 0 
432 -264 -708 0 
-276 142 -786 0 
658 -4 -991 0 
406 605 133 0 
-771 -184 -110 0 
-139 -248 594 0 
-253 -15 -820 0 
693 -561 846 0 
-793 108 174 0 
303 860 98 0 
-90 87 860 0 
-251 -545 701 0 
-674 -305 965 0 
-160 -118 578 0 
786 634 505 0 
-88 -959 -197 0 
-310 84 982 0 
130 720 -192 0 
-439 -27 923 0 
-78 229 188 0 
211 243 -375 0 
-421 -511 60 0 
-41 867 -77 0 
-50 262 -585 0 
557 -352 -280 0 
516 722 785 0 
-256 -969 652 0 
884 -811 223 0 
317 -218 128 0 
-846 560 -250 0 
841 532 -800 0 
-77 293 650 0 
-680 -511 63 0 
-374 -116 -704 0 
-540 -983 273 0 
-340 -297 605 0 
21 903 500 0 
-533 -19 933 0 
-513 -549 772 0 
202 -877 -888 0 
747 647 34 0 
-877 210 -671 0 
863 -325 -72 0 
32 -456 247 0 
203 649 412 0 
287 38 199 0 
236 311 -80 0 
-217 443 860 0 
-107 -508 59 0 
611 23 102 0 
-616 929 915 0 
-343 49 -520 0 
-519 327 -302 0 
-384 598 654 0 
72 744 -130 0 
-592 776 839 0 
336 -873 307 0 
-590 -118 -586 0 
947 -584 -591 0 
-235 418 -653 0 
-941 858 254 0 
-63 -31 32 0 
22 171 -271 0 
-607 419 724 0 
-996 437 619 0 
-705 -993 141 0 
975 314 630 0 
135 256 223 0 
325 -194 107 0 
-987 468 -562 0 
573 162 -74 0 
339 -145 843 0 
887 345 431 0 
210 322 527 0 
522 -77 -250 0 
-99 513 -612 0 
-851 264 -25 0 
-550 407 -658 0 
258 789 -710 0 
-578 -391 -71 0 
305 768 480 0 
-655 576 251 0 
194 243 538 0 
-962 -588 -107 0 
-973 287 -156 0 
-162 354 602 0 
188 -533 543 0 
531 90 -99 0 
397 -883 -464 0 
-435 -940 -230 0 
-176 -278 -940 0 
-329 -427 496 0 
800 -663 -561 0 
-423 -359 734 0 
287 770 921 0 
905 657 146 0 
8 540 -287 0 
-800 -528 -788 0 
715 396 -658 0 
622 -532 398 0 
-812 697 620 0 
888 326 136 0 
-908 -976 950 0 
-291 77 375 0 
-337 -251 -400 0 
111 875 -926 0 
899 697 -378 0 
-777 -641 705 0 
-34 -647 -201 0 
-912 -401 315 0 
954 -315 -716 0 
199 -963 592 0 
726 -112 -825 0 
970 -708 -901 0 
-282 -398 -31 0 
832 205 646 0 
441 -371 840 0 
162 141 -334 0 
-45 -757 -347 0 
826 -370 584 0 
680 532 561 0 
634 -374 346 0 
-351 994 -523 0 
-30 -349 -705 0 
616 613 -92 0 
141 494 -700 0 
-732 618 89 0 
111 671 -626 0 
725 929 -900 0 
447 681 912 0 
-169 102 -68 0 
199 -29 -812 0 
-31 408 873 0 
231 476 -213 0 
-180 -661 -860 0 
-789 363 504 0 
45 285 811 0 
120 -282 -526 0 
537 -408 -828 0 
-236 -333 387 0 
-113 655 441 0 
-384 92 732 0 
-898 -657 -27 0 
775 844 -791 0 
898 -552 874 0 
472 -327 -187 0 
-662 -225 705 0 
-9 845 276 0 
-252 236 -807 0 
546 953 -357 0 
66 138 649 0 
375 -428 -3 0 
-479 -790 -203 0 
222 -381 -580 0 
-174 196 -791 0 
615 -665 -595 0 
-794 669 -772 0 
-721 477 761 0 
453 -159 -264 0 
-179 710 219 0 
-564 382 -11 0 
323 351 164 0 
414 -970 987 0 
351 359 -164 0 
-749 -863 -432 0 
-403 265 509 0 
-104 -752 923 0 
-544 -820 -736 0 
979 -511 -97 0 
-274 -869 828 0 
521 -340 660 0 
-15 156 -22 0 
486 541 -413 0 
-831 220 -269 0 
991 -790 375 0 
28 -889 -431 0 
124 -218 -907 0 
611 99 159 0 
464 -935 869 0 
-313 -947 -529 0 
-366 385 623 0 
587 -867 -235 0 
-636 -194 -208 0 
-647 621 -527 0 
764 -515 19 0 
-662 -260 881 0 
-647 -191 268 0 
-531 875 -615 0 
-975 -299 -152 0 
-780 -408 -398 0 
-70 -732 676 0 
44 -227 -851 0 
329 70 187 0 
-118 -955 -875 0 
787 251 -584 0 
-148 509 894 0 
-29 -75 -440 0 
749 -501 -823 0 
582 -48 -696 0 
-933 980 -158 0 
571 783 -879 0 
-833 149 -424 0 
967 -211 -699 0 
-243 199 -782 0 
806 -760 411 0 
172 -131 21 0 
854 170 134 0 
-556 -792 204 0 
-568 -846 797 0 
-93 648 -125 0 
-524 -841 572 0 
-580 61 434 0 
288 -43 -663 0 
-464 311 -742 0 
-789 -206 165 0 
930 -176 872 0 
561 714 -142 0 
-18 76 -717 0 
-799 -784 979 0 
-814 918 973 0 
523 -110 -840 0 
-649 369 -189 0 
-36 548 -544 0 
493 -66 205 0 
-645 -876 995 0 
-42 -234 -895 0 
54 747 254 0 
736 170 -407 0 
671 897 -180 0 
-591 -619 883 0 
321 970 56 0 
627 -500 320 0 
-780 -539 -329 0 
161 -17 268 0 
185 26 -976 0 
682 -636 -213 0 
900 792 -866 0 
513 904 686 0 
1000 -419 977 0 
-181 360 554 0 
350 930 767 0 
-506 21 199 0 
720 -231 -998 0 
-613 -17 -877 0 
-984 -319 682 0 
-85 40 -340 0 
936 419 748 0 
-632 -786 270 0 
377 -469 -618 0 
-5 1 852 0 
777 -103 321 0 
-603 753 1 0 
-85 346 -344 0 
-586 373 -481 0 
-968 700 550 0 
-343 294 710 0 
-942 -677 613 0 
179 644 399 0 
-629 -229 740 0 
895 570 -323 0 
-111 -36 -777 0 
14 80 762 0 
429 31 951 0 
603 927 891 0 
-438 -163 -564 0 
912 585 976 0 
-847 833 456 0 
-238 461 -657 0 
543 -997 -761 0 
-979 -785 966 0 
659 -445 -883 0 
453 -923 -284 0 
806 -356 -646 0 
-193 851 -514 0 
-998 937 755 0 
243 -775 -710 0 
-341 553 -840 0 
432 705 951 0 
251 16 -330 0 
342 667 787 0 
45 906 -801 0 
-884 -804 873 0 
-841 230 266 0 
-688 -616 -349 0 
-550 836 940 0 
164 -740 177 0 
851 -235 -659 0 
840 -575 117 0 
-245 165 -443 0 
-89 560 -75 0 
490 599 123 0 
47 -229 164 0 
-814 -259 -282 0 
340 -618 -12 0 
-31 262 -782 0 
-649 73 -385 0 
-800 232 540 0 
360 -127 98 0 
-573 727 -606 0 
-845 944 -427 0 
97 -115 -592 0 
-363 436 -635 0 
-103 132 -134 0 
837 548 75 0 
-14 745 -450 0 
-152 482 313 0 
474 449 -242 0 
337 362 -740 0 
-671 273 -87 0 
-416 -823 -68 0 
813 -390 161 0 
474 -492 -131 0 
-611 558 -421 0 
-148 33 932 0 
157 974 -363 0 
195 704 785 0 
444 87 776 0 
-425 93 -863 0 
-375 -184 936 0 
490 226 782 0 
-557 838 505 0 
900 787 -485 0 
68 64 -207 0 
292 361 269 0 
493 -463 -335 0 
625 799 -386 0 
127 781 -509 0 
-195 -962 -166 0 
283 -861 -68 0 
-1000 696 807 0 
309 486 837 0 
600 -927 241 0 
473 -457 -837 0 
947 564 -473 0 
226 427 291 0 
-350 -178 -208 0 
459 217 -92 0 
850 -830 687 0 
88 672 -121 0 
777 590 -934 0 
435 -980 -264 0 
625 91 -633 0 
461 533 84 0 
-569 -573 961 0 
-637 346 189 0 
-636 -917 -344 0 
-199 -884 576 0 
-262 178 463 0 
192 -213 666 0 
344 -451 465 0 
953 -795 406 0 
764 -649 -639 0 
97 -169 454 0 
509 798 -55 0 
362 495 -738 0 
-612 -108 -280 0 
46 732 -933 0 
984 316 -776 0 
242 -158 376 0 
-644 773 -118 0 
-547 197 691 0 
254 -899 -300 0 
-782 192 -890 0 
-738 980 169 0 
-760 245 56 0 
-296 -946 76 0 
-541 160 695 0 
423 -633 25 0 
846 -583 8 0 
45 -422 -157 0 
468 -245 -387 0 
811 -411 -368 0 
696 644 -475 0 
-519 -760 -972 0 
390 -620 140 0 
-904 -29 526 0 
-24 657 14 0 
-88 -641 580 0 
886 714 793 0 
-855 35 -42 0 
206 554 303 0 
-695 726 -170 0 
-833 -678 -403 0 
443 870 -505 0 
-427 -394 248 0 
-673 874 148 0 
-550 533 395 0 
357 308 374 0 
-796 -326 -679 0 
-300 -135 767 0 
130 72 -576 0 
-9 -28 -873 0 
-213 102 -366 0 
-565 188 -953 0 
-81 14 -743 0 
-242 359 425 0 
98 189 277 0 
737 119 324 0 
100 -778 665 0 
367 -389 -388 0 
991 -235 737 0 
780 924 -900 0 
615 212 700 0 
645 -520 -265 0 
-456 -601 233 0 
-941 -926 -661 0 
440 971 426 0 
-413 -96 969 0 
-55 197 92 0 
827 146 977 0 
-426 -779 -482 0 
-728 987 -188 0 
590 -611 480 0 
430 -219 783 0 
114 647 387 0 
378 -364 -354 0 
94 -409 -310 0 
617 -942 -29 0 
850 -200 -963 0 
161 -92 -660 0 
823 -683 -703 0 
520 16 894 0 
757 219 890 0 
573 -141 750 0 
-538 753 214 0 
270 -487 -646 0 
-307 -549 87 0 
780 -696 733 0 
-864 830 -746 0 
220 -435 561 0 
-415 286 -782 0 
-479 -615 999 0 
-599 -801 -43 0 
582 220 -847 0 
120 -147 -828 0 
666 -408 479 0 
881 -605 850 0 
464 432 -890 0 
-607 -359 480 0 
-530 440 -795 0 
-64 -332 695 0 
-42 -209 -829 0 
-562 -59 344 0 
-556 -617 -331 0 
698 -46 658 0 
-706 -77 -501 0 
492 -118 680 0 
109 643 -589 0 
-708 -155 735 0 
-582 -74 -502 0 
645 378 -495 0 
-4 110 -286 0 
808 212 -104 0 
92 79 -361 0 
287 -941 -129 0 
136 -159 -175 0 
-972 -743 237 0 
-229 966 -783 0 
865 53 955 0 
-404 -123 -110 0 
-612 -622 -767 0 
-924 -373 -446 0 
-586 46 174 0 
-453 904 -784 0 
677 -187 14 0 
901 861 -490 0 
177 601 890 0 
-292 -512 -815 0 
-915 -216 -221 0 
-525 -19 -488 0 
-192 503 -923 0 
237 356 258 0 
285 -396 -641 0 
324 -172 -724 0 
-521 27 362 0 
-279 319 925 0 
209 244 884 0 
953 -367 -385 0 
458 216 -390 0 
153 107 91 0 
-530 -525 -233 0 
-719 533 641 0 
-577 971 534 0 
-270 979 358 0 
274 -545 -549 0 
-787 564 -743 0 
276 189 -694 0 
-696 -871 568 0 
-108 111 -687 0 
228 454 762 0 
-496 -980 206 0 
830 -509 -526 0 
307 667 254 0 
799 -878 526 0 
-712 998 -548 0 
732 -119 -811 0 
961 -629 625 0 
-955 -171 592 0 
794 -413 607 0 
925 691 320 0 
-422 850 -709 0 
-371 -889 539 0 
485 726 -294 0 
-514 73 -935 0 
-568 -670 725 0 
-91 463 -896 0 
-770 -692 -976 0 
-170 -981 -621 0 
858 -741 -366 0 
-977 -115 390 0 
60 -558 313 0 
47 -237 639 0 
251 63 -363 0 
113 433 124 0 
668 -40 -121 0 
-832 961 643 0 
-972 987 135 0 
90 -247 -651 0 
586 -759 -787 0 
-341 138 -321 0 
-296 -23 622 0 
-283 763 25 0 
972 551 -318 0 
-607 -789 -292 0 
461 42 -339 0 
-393 -148 196 0 
-909 -667 -381 0 
302 -372 -55 0 
616 -512 387 0 
-319 786 910 0 
-20 118 391 0 
-670 -114 404 0 
-240 -312 -256 0 
267 -835 273 0 
997 -557 303 0 
290 515 -872 0 
319 437 -170 0 
557 325 970 0 
-625 -820 -177 0 
-896 -32 -259 0 
113 -872 730 0 
45 380 764 0 
978 537 865 0 
931 81 -360 0 
916 102 -103 0 
-406 164 481 0 
145 -763 -343 0 
763 460 -976 0 
-534 -392 700 0 
-722 33 -377 0 
-2 -812 330 0 
-371 428 686 0 
907 969 -234 0 
240 -705 -642 0 
566 -719 822 0 
188 -840 -619 0 
623 -427 -691 0 
-153 387 469 0 
-982 709 328 0 
367 -116 -262 0 
687 -771 321 0 
391 607 -39 0 
492 -731 -868 0 
700 -844 643 0 
787 -9 990 0 
192 -437 597 0 
370 -360 -159 0 
438 -774 807 0 
-186 939 366 0 
-252 -934 -539 0 
-542 -83 -793 0 
915 174 -778 0 
-928 275 409 0 
326 -249 224 0 
122 33 470 0 
-49 -239 -261 0 
900 930 -770 0 
513 359 -658 0 
275 -241 617 0 
-308 244 273 0 
-229 -358 139 0 
-927 513 -21 0 
-590 -268 258 0 
-243 -558 290 0 
-961 -203 824 0 
934 -328 850 0 
275 444 -202 0 
-651 -875 789 0 
2 -685 555 0 
-88 100 -522 0 
-816 502 233 0 
-151 -203 -230 0 
-467 -3 -184 0 
188 571 211 0 
-204 696 797 0 
-882 -745 -847 0 
-515 -685 340 0 
-555 311 -619 0 
-293 941 109 0 
-766 -740 -887 0 
842 -900 -149 0 
520 997 -981 0 
21 -318 -578 0 
-132 -818 -53 0 
842 -82 -382 0 
737 154 -120 0 
26 -633 -892 0 
-119 -283 -519 0 
217 -229 -927 0 
634 935 304 0 
589 -104 -893 0 
321 -565 2 0 
288 -38 590 0 
-909 -501 468 0 
-420 671 -854 0 
-996 684 198 0 
417 -2 -809 0 
-856 582 -954 0 
887 -347 -146 0 
-785 -544 762 0 
-259 -808 838 0 
-335 -808 -68 0 
-978 -885 126 0 
738 81 385 0 
851 -960 33 0 
-816 -687 626 0 
-484 -744 354 0 
997 -740 -261 0 
-757 37 564 0 
190 -163 130 0 
526 178 201 0 
406 -67 -891 0 
-528 -615 373 0 
-854 -261 181 0 
-735 166 -54 0 
-510 -648 -411 0 
-224 -326 -271 0 
584 80 214 0 
523 -40 -422 0 
-916 -476 -120 0 
917 35 -694 0 
951 926 -799 0 
353 -291 801 0 
-638 70 674 0 
-821 775 -887 0 
509 -268 734 0 
395 -889 -299 0 
-184 -537 480 0 
951 389 -802 0 
-944 -64 -177 0 
-304 240 -104 0 
2 270 -647 0 
975 -524 68 0 
254 -58 -606 0 
-340 184 405 0 
348 -769 597 0 
124 747 -24 0 
-436 369 879 0 
66 -530 71 0 
286 -296 -634 0 
-842 636 54 0 
115 -527 -392 0 
-597 -476 -427 0 
-930 -977 109 0 
181 -202 -874 0 
765 -488 631 0 
848 -921 118 0 
886 -395 934 0 
-62 387 720 0 
-947 -309 723 0 
-764 408 743 0 
-203 992 -378 0 
-325 259 -133 0 
-537 -660 -799 0 
-978 177 -542 0 
-772 -878 -527 0 
-721 535 903 0 
264 -865 694 0 
-254 809 938 0 
-667 437 531 0 
-473 167 -316 0 
-557 283 -81 0 
624 378 -868 0 
585 -322 399 0 
-503 -656 25 0 
784 -909 -50 0 
-751 -647 424 0 
531 984 -749 0 
334 -811 -726 0 
156 -368 936 0 
522 -634 688 0 
-412 67 -574 0 
232 419 -591 0 
-523 398 330 0 
809 919 -522 0 
-2 291 -447 0 
-608 709 -444 0 
-912 327 422 0 
458 516 -335 0 
115 -88 391 0 
-357 -916 49 0 
103 715 -290 0 
-412 -588 -602 0 
-192 -733 -630 0 
-583 155 673 0 
427 -346 81 0 
519 353 -161 0 
-316 911 153 0 
-671 -444 744 0 
609 -374 -859 0 
917 -375 -684 0 
-163 -681 352 0 
698 145 -964 0 
-463 -158 -513 0 
-813 -65 238 0 
130 -412 231 0 
979 458 -635 0 
-294 929 -88 0 
-124 -297 -73 0 
550 -462 716 0 
300 -469 -450 0 
560 228 -122 0 
-916 754 -433 0 
-631 661 776 0 
960 549 -823 0 
-513 184 133 0 
-451 -16 -608 0 
58 -918 -958 0 
-701 914 -235 0 
416 -115 35 0 
-217 -801 677 0 
708 -388 610 0 
910 957 620 0 
-101 511 313 0 
188 473 588 0 
336 259 677 0 
304 261 269 0 
-268 -726 96 0 
-160 811 -746 0 
-330 775 250 0 
195 -415 789 0 
272 688 37 0 
-273 205 -645 0 
-462 673 21 0 
373 -37 -852 0 
-121 238 894 0 
-425 959 523 0 
-211 586 -426 0 
-92 999 987 0 
-838 -821 -995 0 
-471 554 360 0 
-857 819 933 0 
7 -372 -877 0 
-584 719 -626 0 
974 506 -588 0 
-506 -603 669 0 
-780 659 394 0 
-602 -580 -880 0 
757 663 -960 0 
71 246 -161 0 
-245 -902 864 0 
407 -393 843 0 
-607 -151 -753 0 
168 -113 912 0 
-617 291 -520 0 
-555 -473 812 0 
-399 849 -761 0 
-32 -641 -195 0 
-36 549 -912 0 
-679 803 469 0 
135 -591 641 0 
968 -925 100 0 
-710 58 350 0 
291 -548 601 0 
-519 -783 -814 0 
-212 417 -337 0 
6 -992 194 0 
-227 -637 -742 0 
-449 58 -185 0 
-591 -719 873 0 
-380 547 102 0 
608 -467 341 0 
-765 -293 -567 0 
-811 -519 -858 0 
702 728 72 0 
-863 980 -801 0 
650 -221 379 0 
-422 -30 -167 0 
592 587 272 0 
-681 -749 602 0 
471 133 -425 0 
-871 623 615 0 
-519 -434 463 0 
-302 -971 -688 0 
428 382 239 0 
-566 -473 -989 0 
-152 657 -209 0 
-688 272 -348 0 
-879 624 -129 0 
38 671 -120 0 
435 718 695 0 
-326 80 124 0 
417 -626 -629 0 
566 -146 440 0 
-366 -93 510 0 
-628 795 57 0 
150 259 -583 0 
155 -229 -710 0 
-627 811 298 0 
963 251 -808 0 
974 -303 -28 0 
-764 -924 657 0 
157 6 80 0 
461 -232 -914 0 
-389 -917 351 0 
-708 -415 -857 0 
-593 -297 -456 0 
-182 -658 553 0 
-842 -87 -889 0 
-973 -222 -170 0 
-356 490 430 0 
-835 -615 142 0 
381 -742 -923 0 
-45 -44 907 0 
91 -382 857 0 
-969 957 -588 0 
-494 -351 -735 0 
-46 -793 -822 0 
-942 652 879 0 
-864 340 392 0 
-507 -808 553 0 
727 -413 -533 0 
34 741 616 0 
991 -832 -229 0 
681 -837 639 0 
-478 -739 341 0 
397 -994 241 0 
215 -435 -703 0 
652 -875 -996 0 
661 -46 -117 0 
-490 -894 -124 0 
180 240 116 0 
-119 -800 -202 0 
-584 -455 -812 0 
-301 -570 326 0 
-908 548 185 0 
-105 -202 -577 0 
413 799 -721 0 
371 540 -501 0 
-388 -394 -483 0 
502 -627 250 0 
622 207 -621 0 
698 725 346 0 
-780 -965 614 0 
53 565 -129 0 
206 391 -289 0 
406 166 -410 0 
-671 -61 -784 0 
553 403 -763 0 
101 90 -845 0 
285 859 917 0 
553 567 908 0 
771 -560 -854 0 
-397 389 -770 0 
803 -631 -183 0 
-446 -122 -5 0 
-301 -556 679 0 
-837 -96 714 0 
523 446 -611 0 
-758 335 32 0 
-457 862 -219 0 
-752 -729 -9 0 
-443 -100 -715 0 
-744 -156 -558 0 
870 -872 742 0 
-220 573 624 0 
255 -131 489 0 
61 -730 -945 0 
100 478 -621 0 
-853 657 -582 0 
342 -774 -973 0 
510 -984 -639 0 
859 272 386 0 
973 510 -447 0 
91 -59 -380 0 
664 796 -74 0 
-328 910 -687 0 
478 460 416 0 
-951 -724 -491 0 
-299 -320 -739 0 
784 -60 848 0 
944 -285 -12 0 
669 21 885 0 
-480 31 216 0 
-607 274 -574 0 
-291 -119 223 0 
446 -138 -649 0 
739 -984 -496 0 
-783 -343 120 0 
-652 64 911 0 
115 -275 -796 0 
969 -338 -313 0 
-149 335 491 0 
685 851 467 0 
508 831 124 0 
625 149 -749 0 
-88 -671 426 0 
485 -619 -76 0 
-170 -829 -773 0 
-499 226 806 0 
87 645 -440 0 
268 -251 851 0 
691 -753 -638 0 
-818 -644 717 0 
606 -722 764 0 
-928 -880 649 0 
412 874 -575 0 
-594 -226 462 0 
-213 275 401 0 
672 -270 477 0 
-994 361 -97 0 
-583 223 -722 0 
846 234 470 0 
65 -444 309 0 
733 60 10 0 
-320 -569 -360 0 
319 -296 278 0 
-17 501 -80 0 
848 -971 977 0 
730 810 -70 0 
3 -493 -30 0 
-311 -325 -463 0 
-266 652 -605 0 
-903 583 86 0 
-989 986 -283 0 
-463 -167 -767 0 
-830 -206 -439 0 
547 -82 -229 0 
828 -165 162 0 
17 -428 -312 0 
-549 -378 12 0 
-284 691 712 0 
687 -435 -465 0 
476 721 -81 0 
-555 790 223 0 
401 309 849 0 
75 -550 -545 0 
-747 273 -181 0 
703 126 860 0 
526 -878 573 0 
96 289 909 0 
-234 -282 383 0 
606 -43 409 0 
32 408 -739 0 
423 434 682 0 
651 247 97 0 
670 553 27 0 
-865 -482 -712 0 
879 718 -408 0 
696 259 514 0 
-695 -130 46 0 
-240 731 515 0 
-842 529 441 0 
-85 934 972 0 
985 -673 167 0 
502 305 961 0 
852 -235 194 0 
54 -813 -431 0 
358 -303 -441 0 
380 742 -698 0 
496 614 -636 0 
646 -22 572 0 
-491 -448 -285 0 
295 -635 -613 0 
-525 136 -154 0 
908 -177 -428 0 
652 575 205 0 
776 -191 465 0 
-996 919 814 0 
453 -571 -917 0 
-188 714 -611 0 
131 -824 -223 0 
342 -18 68 0 
325 194 -913 0 
-302 775 -936 0 
757 -354 3 0 
634 307 -439 0 
317 -940 754 0 
-116 -225 -354 0 
-463 -479 669 0 
-652 670 -591 0 
329 971 -175 0 
942 4 -10 0 
-973 547 -752 0 
-622 170 -128 0 
747 -271 -550 0 
451 -815 147 0 
-894 -484 891 0 
-686 -448 397 0 
499 56 -410 0 
396 56 714 0 
-255 818 742 0 
193 -424 -820 0 
-163 343 75 0 
853 347 -115 0 
-107 185 -285 0 
799 711 300 0 
684 -292 396 0 
519 314 -460 0 
157 980 -859 0 
920 569 -568 0 
952 -517 -504 0 
681 -88 409 0 
561 127 886 0 
223 -293 -738 0 
321 -3 -590 0 
395 -57 827 0 
-353 -488 -483 0 
603 571 252 0 
721 23 -104 0 
-519 -306 -369 0 
-456 587 -813 0 
98 -716 960 0 
-474 -142 -791 0 
-4 -998 -96 0 
926 -491 711 0 
-483 151 555 0 
362 -347 184 0 
91 -74 -836 0 
-854 -687 -742 0 
-904 450 487 0 
50 -126 -699 0 
-744 766 405 0 
-961 742 -409 0 
-63 254 696 0 
-237 290 -406 0 
-882 -276 332 0 
337 -902 -625 0 
815 904 -293 0 
587 963 645 0 
-106 -54 -748 0 
906 -748 425 0 
-823 437 478 0 
-725 -558 396 0 
833 252 903 0 
210 -92 170 0 
726 543 -243 0 
415 612 -626 0 
-249 625 225 0 
911 -197 -301 0 
142 -792 -566 0 
192 359 287 0 
633 65 876 0 
-115 -861 -295 0 
432 -377 -247 0 
792 -438 -223 0 
-127 339 245 0 
-215 -799 660 0 
22 602 777 0 
229 -161 -155 0 
-122 -765 75 0 
-519 -431 260 0 
169 710 826 0 
-31 -624 240 0 
193 442 -72 0 
357 303 537 0 
205 708 318 0 
228 623 136 0 
-772 724 16 0 
-668 128 980 0 
-491 -849 -835 0 
-215 -573 -748 0 
-487 -406 -896 0 
-379 750 -516 0 
48 188 -313 0 
-413 -754 647 0 
452 -304 -731 0 
709 -35 198 0 
-626 381 -647 0 
495 789 -460 0 
653 -595 -157 0 
-997 -196 511 0 
598 620 951 0 
844 -198 -237 0 
943 -533 -221 0 
-601 476 -552 0 
281 180 -426 0 
865 410 -360 0 
914 -615 316 0 
-401 -900 424 0 
-62 266 -645 0 
631 599 750 0 
-902 -243 744 0 
763 -213 374 0 
596 731 601 0 
7 -103 -233 0 
-969 -548 -233 0 
716 870 -347 0 
899 -168 -75 0 
538 -415 -395 0 
-815 -981 -891 0 
790 -514 -334 0 
-813 940 997 0 
666 -935 997 0 
435 -201 -503 0 
776 723 -777 0 
700 496 319 0 
-536 499 390 0 
-136 720 -610 0 
747 -523 804 0 
592 413 -444 0 
198 -112 290 0 
147 240 -623 0 
-904 -293 -1 0 
-264 -857 806 0 
-91 379 -480 0 
-936 -136 -829 0 
-426 250 -234 0 
18 -691 -8 0 
601 89 -843 0 
532 412 -584 0 
-759 -13 -708 0 
782 907 286 0 
-897 -232 682 0 
-444 -303 -632 0 
11 193 -776 0 
-405 935 -187 0 
733 -639 147 0 
-311 818 199 0 
-975 145 60 0 
901 796 875 0 
-19 470 295 0 
95 -683 -107 0 
-607 -950 -469 0 
-888 -25 -960 0 
561 358 -166 0 
-100 -198 996 0 
627 -245 -368 0 
-150 984 736 0 
202 244 -651 0 
-900 101 -769 0 
273 448 753 0 
525 602 -294 0 
-16 920 -245 0 
-872 336 279 0 
-808 -912 -18 0 
555 -166 -242 0 
100 656 246 0 
194 900 -60 0 
446 911 -409 0 
272 -888 -876 0 
-410 391 149 0 
347 217 226 0 
-538 -543 -438 0 
-912 -241 -150 0 
578 104 -748 0 
980 95 -694 0 
-876 -331 815 0 
-936 551 -780 0 
-170 -756 919 0 
-562 913 -544 0 
-57 -888 422 0 
-411 827 131 0 
146 333 -241 0 
773 -371 -924 0 
179 168 27 0 
753 880 367 0 
-665 763 -6 0 
-859 -78 -432 0 
771 -886 -197 0 
484 49 -645 0 
120 -606 669 0 
456 -354 -977 0 
-702 667 -335 0 
148 -718 626 0 
673 501 73 0 
948 846 -157 0 
486 -512 -755 0 
15 560 861 0 
331 921 927 0 
38 600 -548 0 
161 -530 -321 0 
592 646 987 0 
-985 -605 273 0 
-700 -88 -334 0 
962 363 823 0 
223 -988 -214 0 
998 -584 -723 0 
-799 -512 769 0 
-408 -862 -315 0 
563 391 -676 0 
964 994 -222 0 
-819 527 -595 0 
967 -828 -640 0 
-824 520 680 0 
-962 -275 204 0 
169 -48 -285 0 
-352 664 267 0 
-565 -877 -921 0 
-142 -74 -944 0 
442 -230 -437 0 
-525 710 -618 0 
-513 598 -252 0 
409 459 -988 0 
-821 -42 302 0 
459 540 952 0 
792 -615 265 0 
390 582 521 0 
122 -515 -664 0 
905 -269 626 0 
-508 632 -217 0 
327 -839 -574 0 
162 -795 -374 0 
-813 -118 -141 0 
733 742 551 0 
140 -513 -98 0 
-901 -133 500 0 
-584 185 -653 0 
492 433 984 0 
-219 -407 175 0 
-181 475 808 0 
156 -929 649 0 
279 239 -837 0 
258 -773 -30 0 
222 489 467 0 
864 95 599 0 
492 -170 173 0 
990 90 170 0 
198 -648 -910 0 
-36 417 -923 0 
-778 19 -890 0 
-486 -102 145 0 
733 997 -22 0 
-712 -39 -831 0 
-242 525 -213 0 
-850 610 -613 0 
-233 680 -175 0 
217 683 -229 0 
-604 -205 -757 0 
-820 -690 329 0 
-718 232 813 0 
-448 323 -767 0 
-829 318 -772 0 
304 149 22 0 
452 -269 378 0 
186 -214 99 0 
104 155 -151 0 
524 -622 -440 0 
-754 64 -842 0 
-109 957 -536 0 
369 376 643 0 
-38 870 -535 0 
-899 253 531 0 
103 266 -879 0 
20 689 633 0 
543 552 738 0 
285 991 -506 0 
-892 442 134 0 
684 -661 -883 0 
-990 932 -116 0 
191 -803 -472 0 
282 -878 -974 0 
-996 -454 -480 0 
-786 -2 530 0 
-338 -510 -266 0 
888 -631 475 0 
196 -710 925 0 
712 -79 -594 0 
272 495 79 0 
463 -304 271 0 
720 -279 -889 0 
379 312 108 0 
233 -648 377 0 
-585 -113 713 0 
-147 554 787 0 
285 -433 -3 0 
-476 341 278 0 
-818 -500 230 0 
295 -842 -434 0 
-813 -488 -264 0 
840 -439 -409 0 
-913 -893 -263 0 
233 -869 315 0 
638 -235 653 0 
576 176 798 0 
530 247 -186 0 
663 608 961 0 
362 114 866 0 
-321 258 -496 0 
-939 -952 -257 0 
-473 -662 442 0 
-706 -335 -545 0 
-794 746 555 0 
740 -439 34 0 
-907 318 803 0 
-498 123 -415 0 
111 -273 975 0 
-605 -626 369 0 
722 120 -719 0 
-386 -751 561 0 
-926 787 -554 0 
-826 387 -882 0 
-421 942 449 0 
-662 -503 159 0 
-353 710 452 0 
-460 -366 740 0 
432 803 -340 0 
-566 579 251 0 
270 -424 -775 0 
731 325 861 0 
-605 -478 -341 0 
-69 -954 238 0 
-897 940 903 0 
971 -173 -367 0 
-731 -834 872 0 
-590 -871 -611 0 
-97 263 411 0 
906 -742 971 0 
108 -186 664 0 
-516 -319 -761 0 
-106 -897 -297 0 
645 252 531 0 
-561 93 307 0 
-740 758 380 0 
848 754 -627 0 
-884 894 498 0 
110 -294 756 0 
-451 -768 9 0 
-510 -892 321 0 
-467 865 55 0 
-291 395 -874 0 
286 900 562 0 
236 -913 100 0 
-312 -994 -620 0 
-26 758 477 0 
-271 -635 175 0 
459 137 13 0 
-97 -961 -553 0 
132 88 888 0 
-505 718 -451 0 
524 -551 -963 0 
501 -573 731 0 
-721 944 -826 0 
-442 577 257 0 
206 -973 -434 0 
90 118 567 0 
-927 -960 40 0 
288 703 -426 0 
85 737 288 0 
-943 485 -740 0 
-873 -487 227 0 
-298 988 754 0 
-157 -22 -6 0 
-99 -542 361 0 
459 762 -617 0 
-665 498 674 0 
-702 252 -707 0 
87 886 -394 0 
282 566 -831 0 
514 -524 -14 0 
662 225 991 0 
-635 676 596 0 
-447 862 12 0 
798 -18 -685 0 
-511 595 -971 0 
-605 226 -497 0 
-184 704 -722 0 
57 773 558 0 
62 698 625 0 
414 -143 -545 0 
4 -281 -792 0 
11 430 759 0 
-221 -575 -628 0 
-646 62 891 0 
350 -39 504 0 
-334 475 -398 0 
250 -178 48 0 
707 -385 -903 0 
993 282 499 0 
-61 -285 86 0 
283 -115 -317 0 
350 639 -492 0 
-678 694 -375 0 
714 343 -60 0 
811 -800 620 0 
-681 45 -636 0 
460 289 185 0 
332 -662 -854 0 
793 -491 -622 0 
-820 -814 -199 0 
-518 -927 566 0 
-360 -108 -314 0 
-224 436 -937 0 
449 -584 808 0 
-296 -678 -723 0 
61 -331 380 0 
-462 -735 950 0 
603 457 337 0 
326 942 806 0 
-886 108 569 0 
958 -972 -294 0 
-980 419 686 0 
151 533 777 0 
27 976 928 0 
-141 690 -260 0 
-641 233 669 0 
-821 -917 -675 0 
-673 -611 700 0 
640 650 592 0 
523 746 755 0 
-266 321 412 0 
244 59 924 0 
323 205 -391 0 
416 -197 850 0 
-719 993 615 0 
-412 258 -492 0 
-275 988 -28 0 
-138 838 396 0 
-229 749 697 0 
391 282 -555 0 
-601 747 -471 0 
715 -707 808 0 
-866 -660 -201 0 
361 242 612 0 
890 361 -981 0 
-975 639 165 0 
-961 261 -303 0 
-801 -920 321 0 
-818 -271 971 0 
991 361 502 0 
-896 -98 450 0 
-333 473 756 0 
416 -582 281 0 
759 -1000 -874 0 
12 -396 -623 0 
927 -898 301 0 
-462 -864 -202 0 
-596 -708 -166 0 
825 74 322 0 
722 598 -690 0 
250 -457 -900 0 
-427 -512 -441 0 
781 -579 662 0 
341 368 974 0 
-233 434 95 0 
684 769 504 0 
-985 -729 890 0 
191 -317 -457 0 
-708 -602 -227 0 
-638 -398 -37 0 
-202 27 792 0 
-776 -631 -681 0 
513 595 -88 0 
-547 -799 -654 0 
-700 69 -995 0 
-278 405 759 0 
484 -585 923 0 
-69 729 139 0 
203 227 -827 0 
-940 -356 -83 0 
-341 451 255 0 
762 -467 -871 0 
-140 -473 -983 0 
-519 -515 -533 0 
-85 627 -839 0 
-536 -973 -147 0 
-739 889 506 0 
-647 759 616 0 
-180 -683 27 0 
-899 193 -928 0 
85 -289 231 0 
295 591 -490 0 
-839 -648 -336 0 
899 -845 469 0 
449 791 976 0 
-713 -870 -246 0 
621 -960 280 0 
724 -316 641 0 
-871 545 94 0 
-533 360 -934 0 
40 -718 589 0 
874 -614 -292 0 
770 -707 -104 0 
-748 699 -298 0 
576 -233 -774 0 
882 931 -330 0 
574 133 -114 0 
-345 -693 317 0 
-345 -926 468 0 
851 -215 -209 0 
915 13 846 0 
-478 -463 -235 0 
-697 -416 -555 0 
674 465 -1 0 
705 -223 -866 0 
321 -565 172 0 
944 -964 661 0 
-321 -285 -568 0 
-232 278 683 0 
552 -164 317 0 
656 302 -542 0 
443 -95 265 0 
-384 -198 6 0 
145 -109 -660 0 
-513 -821 -330 0 
237 912 580 0 
932 -520 -220 0 
-594 416 745 0 
-144 830 772 0 
-690 498 -348 0 
-258 972 410 0 
860 118 -254 0 
460 638 830 0 
-274 -108 -394 0 
972 -596 -213 0 
830 114 -91 0 
893 -496 194 0 
-855 428 385 0 
-434 -58 -932 0 
675 -634 476 0 
728 -9 -238 0 
352 433 255 0 
-76 135 -485 0 
640 -441 801 0 
-115 825 688 0 
239 -350 -285 0 
-861 451 409 0 
-552 117 -632 0 
80 -821 -622 0 
43 56 82 0 
-762 -131 -349 0 
-716 -236 -105 0 
73 37 -434 0 
-20 -159 252 0 
-397 -610 855 0 
-941 -24 292 0 
-832 -589 -653 0 
-11 684 -173 0 
-196 373 -228 0 
927 523 -514 0 
448 911 684 0 
-97 580 -257 0 
688 187 -47 0 
-590 24 515 0 
709 -335 395 0 
-811 176 595 0 
-815 720 -94 0 
-488 42 482 0 
-681 -569 642 0 
-891 -836 -45 0 
-987 -941 -668 0 
770 -292 -772 0 
-798 904 221 0 
-996 479 -721 0 
457 769 869 0 
559 -468 -494 0 
33 -999 361 0 
558 363 -935 0 
-337 -305 -691 0 
-457 -782 -157 0 
720 -332 707 0 
106 647 -701 0 
-182 -174 -98 0 
-851 -269 -591 0 
113 369 -204 0 
608 -835 581 0 
-973 -224 572 0 
495 173 -855 0 
774 -791 289 0 
-156 -947 168 0 
-110 -411 580 0 
-121 584 -907 0 
295 -797 629 0 
-577 -560 -5 0 
715 929 844 0 
-204 192 840 0 
-131 215 364 0 
600 -73 -487 0 
-328 -415 574 0 
-456 539 -810 0 
757 -930 686 0 
-668 442 900 0 
480 -153 422 0 
-683 -766 659 0 
-360 -173 165 0 
735 944 824 0 
441 -950 -721 0 
-203 -629 377 0 
645 -746 -798 0 
27 -948 -913 0 
-845 -572 997 0 
845 -319 -519 0 
-565 -976 411 0 
791 -893 605 0 
488 -676 -623 0 
18 598 -369 0 
445 631 -471 0 
-406 -319 -947 0 
443 55 436 0 
685 -432 -701 0 
777 891 713 0 
-390 207 985 0 
885 687 762 0 
-897 -778 -105 0 
795 -852 -893 0 
-175 -673 455 0 
190 485 371 0 
493 938 315 0 
-175 270 -529 0 
683 -219 -427 0 
918 799 68 0 
-837 -696 976 0 
393 497 92 0 
389 565 -236 0 
111 855 -632 0 
-490 -713 -903 0 
275 -842 -921 0 
-723 -361 360 0 
-58 996 -506 0 
-271 -727 712 0 
-200 -694 -156 0 
-4 178 -988 0 
-950 842 335 0 
930 -628 762 0 
188 508 55 0 
-108 661 159 0 
633 -168 973 0 
-419 -914 719 0 
-385 995 -729 0 
-138 -825 715 0 
-757 -817 -35 0 
-769 -348 -561 0 
-826 59 398 0 
-323 328 -245 0 
-76 621 -544 0 
429 262 -113 0 
-981 -120 -965 0 
-450 -108 471 0 
-501 988 522 0 
-505 158 498 0 
804 667 701 0 
-622 -149 259 0 
644 402 761 0 
-270 -864 -266 0 
-513 -119 792 0 
-750 -181 -435 0 
-87 511 257 0 
294 -285 131 0 
46 -44 845 0 
-665 222 -636 0 
-955 36 -4 0 
-824 -188 827 0 
-82 663 -10 0 
951 294 817 0 
-573 -200 -911 0 
-110 -21 217 0 
-76 725 399 0 
-175 -663 123 0 
-571 427 -60 0 
-575 -176 -511 0 
-979 -315 483 0 
44 207 597 0 
-626 633 70 0 
287 -721 306 0 
427 -594 -673 0 
-511 287 -667 0 
-211 -301 771 0 
352 247 806 0 
675 744 -885 0 
-560 -939 275 0 
-665 -510 923 0 
-857 939 -944 0 
998 986 -252 0 
957 -758 401 0 
360 -193 -104 0 
893 -481 789 0 
-165 -905 669 0 
-497 857 36 0 
387 379 624 0 
-701 -865 151 0 
-974 -306 -226 0 
-528 -339 288 0 
596 -635 154 0 
-222 -147 422 0 
-869 -565 343 0 
46 161 -763 0 
-478 848 -777 0 
281 -510 650 0 
255 -288 210 0 
-557 861 81 0 
-774 -340 -821 0 
631 -578 493 0 
-142 -2 -544 0 
-396 -713 741 0 
859 13 -692 0 
30 455 -238 0 
-899 476 87 0 
100 379 -276 0 
-20 635 -129 0 
-638 -138 896 0 
904 -613 -72 0 
-366 -137 -425 0 
-562 -757 408 0 
567 393 100 0 
-672 -153 200 0 
-929 716 97 0 
-815 458 -733 0 
740 -113 -74 0 
-27 134 -405 0 
-965 -990 666 0 
-272 -862 328 0 
-587 759 366 0 
865 985 256 0 
814 -167 896 0 
-393 362 -877 0 
-777 -686 -75 0 
766 -149 -390 0 
-392 -781 -418 0 
-804 220 909 0 
-589 974 -434 0 
778 -582 -403 0 
533 -592 735 0 
871 52 -959 0 
-702 773 260 0 
-119 -596 617 0 
-192 788 150 0 
-907 976 -689 0 
34 601 199 0 
630 689 397 0 
-973 -195 368 0 
197 808 -208 0 
250 670 877 0 
641 652 123 0 
-472 -941 -513 0 
35 -812 638 0 
518 -575 181 0 
-836 -696 -390 0 
-452 -999 -698 0 
-874 -52 -728 0 
-249 -97 465 0 
881 160 409 0 
-217 -506 226 0 
357 -278 -738 0 
927 -457 -53 0 
905 261 824 0 
806 -709 -628 0 
116 -218 -736 0 
-834 -486 649 0 
-431 -700 723 0 
503 -277 129 0 
210 -450 467 0 
770 339 -880 0 
713 -659 837 0 
-150 -796 951 0 
-847 -622 -689 0 
-41 -854 -183 0 
942 434 272 0 
-279 106 90 0 
831 -128 -492 0 
-105 -829 -273 0 
-344 1 181 0 
-504 931 -722 0 
60 -612 457 0 
-781 -737 859 0 
-966 -124 -807 0 
-600 -669 766 0 
756 -386 903 0 
800 460 -409 0 
-649 -533 -838 0 
-939 -700 684 0 
531 -497 167 0 
-876 -838 949 0 
762 -321 -867 0 
141 532 -143 0 
155 829 -433 0 
-297 854 481 0 
-50 -233 87 0 
-126 457 -283 0 
216 -296 287 0 
-922 -359 -583 0 
265 938 -121 0 
805 339 984 0 
662 22 -978 0 
-103 955 -21 0 
114 -69 -943 0 
858 -860 -256 0 
853 -483 -36 0 
752 412 -248 0 
-487 859 -798 0 
-768 271 -897 0 
537 -847 -43 0 
960 220 -822 0 
368 -121 284 0 
753 224 928 0 
-983 -153 869 0 
401 325 -797 0 
422 -948 -160 0 
27 -694 -321 0 
797 -200 -642 0 
210 455 748 0 
94 675 -807 0 
-707 -970 733 0 
60 -396 -789 0 
428 -688 163 0 
-312 65 132 0 
880 53 -448 0 
-819 77 331 0 
274 310 -817 0 
122 -25 536 0 
206 -689 918 0 
249 -939 -241 0 
-423 627 -380 0 
530 -232 -385 0 
979 945 849 0 
-302 942 521 0 
932 979 -429 0 
659 293 -280 0 
-125 996 190 0 
-166 -588 407 0 
-572 -206 816 0 
87 -475 -646 0 
-119 -102 -223 0 
843 838 -370 0 
964 541 -457 0 
641 -353 334 0 
842 -242 -954 0 
-472 509 745 0 
-662 -71 789 0 
450 181 -209 0 
-557 503 12 0 
-387 961 699 0 
107 -512 -639 0 
211 -509 793 0 
-781 40 -208 0 
552 534 922 0 
-224 -836 -644 0 
-616 -78 794 0 
-705 171 335 0 
404 882 119 0 
-96 -696 939 0 
909 -101 684 0 
-788 -519 -242 0 
-1 686 -389 0 
-20 -13 212 0 
840 -935 220 0 
784 -549 -685 0 
456 -633 -461 0 
-129 103 -660 0 
-597 -425 -429 0 
752 794 31 0 
-663 654 250 0 
-542 386 -227 0 
-98 80 -747 0 
-146 49 2 0 
-968 -318 468 0 
99 241 -310 0 
-605 794 -962 0 
-648 -862 834 0 
495 -452 531 0 
-551 -668 -235 0 
612 -722 -90 0 
-676 -715 50 0 
851 -291 -94 0 
-23 714 -536 0 
870 -304 -517 0 
-508 282 -542 0 
359 790 88 0 
-527 873 -846 0 
-486 -669 195 0 
-916 60 -771 0 
27 633 -376 0 
407 -879 843 0 
700 654 294 0 
-681 953 591 0 
836 -668 466 0 
-193 -87 -966 0 
867 292 63 0 
-926 -270 737 0 
23 999 -75 0 
450 317 -237 0 
-656 -79 99 0 
-279 -866 658 0 
957 -99 378 0 
-414 -399 758 0 
192 -95 446 0 
888 629 -943 0 
772 274 -241 0 
194 29 -871 0 
282 -593 -433 0 
482 231 -32 0 
-749 838 -401 0 
-932 -927 825 0 
-580 -246 -266 0 
-22 -905 546 0 
275 -206 -287 0 
-254 297 463 0 
-409 690 335 0 
-369 -156 906 0 
-307 -28 -206 0 
450 660 -182 0 
-762 -714 -640 0 
-44 -484 -640 0 
310 -425 6 0 
914 -699 51 0 
230 935 -311 0 
129 -411 572 0 
992 -859 612 0 
-798 -277 935 0 
-662 432 54 0 
-324 893 -26 0 
212 951 545 0 
428 220 150 0 
-143 -880 -309 0 
-777 -482 687 0 
-500 -72 589 0 
567 34 902 0 
-422 -728 543 0 
-668 -550 -978 0 
-53 -237 708 0 
-223 255 -384 0 
768 308 571 0 
-977 816 266 0 
-271 -929 -78 0 
-491 215 -271 0 
-587 113 -576 0 
862 817 -301 0 
-127 958 -982 0 
-81 788 89 0 
440 -865 -739 0 
-477 245 534 0 
-924 -475 893 0 
229 -511 -118 0 
487 287 -521 0 
-581 498 -109 0 
-746 379 846 0 
784 824 636 0 
-192 214 905 0 
558 -326 666 0 
-769 321 -570 0 
268 280 -721 0 
809 -340 -670 0 
557 689 -156 0 
936 -109 691 0 
-119 680 -520 0 
-893 -764 739 0 
-4 -23 -911 0 
968 904 -411 0 
-549 -328 -820 0 
-283 12 -442 0 
-689 -974 864 0 
341 -632 935 0 
-89 -982 458 0 
353 -620 -160 0 
733 1 -706 0 
829 -885 930 0 
-63 914 825 0 
366 897 -93 0 
940 699 -190 0 
2 830 20 0 
612 -330 549 0 
-948 973 581 0 
-391 53 266 0 
164 -833 49 0 
-731 280 -976 0 
-571 -63 384 0 
-567 -71 -860 0 
-657 -180 -194 0 
80 -697 210 0 
-246 84 590 0 
-526 -728 -213 0 
744 -913 -271 0 
-467 762 -376 0 
104 545 330 0 
-949 725 309 0 
226 -404 130 0 
-719 66 733 0 
-369 -297 536 0 
-360 334 804 0 
813 -555 -739 0 
-204 918 831 0 
92 697 -356 0 
26 969 -269 0 
-75 -456 -170 0 
-322 -257 813 0 
393 -762 -563 0 
-870 -297 27 0 
81 -277 210 0 
-366 480 681 0 
579 992 -905 0 
-690 -183 -399 0 
899 953 -325 0 
-547 -274 -105 0 
159 639 -637 0 
-241 -908 -767 0 
815 -688 -984 0 
756 -147 755 0 
-426 155 -852 0 
882 277 674 0 
-241 891 302 0 
-369 -249 787 0 
-159 420 -691 0 
-989 25 -872 0 
-88 376 -296 0 
-83 -801 -261 0 
-528 514 -83 0 
604 533 -355 0 
-650 771 234 0 
-286 755 564 0 
-913 147 -996 0 
89 932 862 0 
-611 -556 859 0 
-185 -594 -612 0 
140 809 -758 0 
445 -413 -623 0 
614 -935 451 0 
740 -197 261 0 
51 -207 275 0 
275 944 -805 0 
400 -424 -176 0 
-638 -468 -10 0 
-574 518 -741 0 
505 410 -94 0 
575 292 149 0 
263 -904 -710 0 
-208 158 766 0 
-459 822 -646 0 
645 79 337 0 
842 965 987 0 
512 220 -410 0 
479 -271 -510 0 
410 849 -122 0 
117 955 333 0 
795 358 -401 0 
425 225 -327 0 
-939 427 -484 0 
549 -389 477 0 
506 508 339 0 
-519 -348 -648 0 
395 64 796 0 
881 -166 -714 0 
-439 -942 461 0 
605 -928 -97 0 
-86 -984 242 0 
-957 950 420 0 
363 258 519 0 
-943 -254 391 0 
120 -50 -809 0 
-126 382 -724 0 
-827 -982 736 0 
305 -785 50 0 
-69 -218 883 0 
650 533 -27 0 
-820 41 -891 0 
-918 448 501 0 
299 736 79 0 
651 -621 767 0 
318 511 691 0 
-694 -346 -611 0 
49 -588 -995 0 
-106 935 -37 0 
-794 956 -279 0 
259 663 -591 0 
730 431 -650 0 
-764 573 -37 0 
-339 988 861 0 
354 -600 83 0 
-725 -455 -445 0 
-707 -762 -337 0 
661 -654 -226 0 
-849 167 287 0 
856 644 -839 0 
-902 656 -634 0 
601 -152 494 0 
-479 785 -244 0 
681 639 -433 0 
227 132 -34 0 
694 -102 962 0 
-969 870 -449 0 
13 -586 894 0 
-203 864 -740 0 
414 -824 -489 0 
-939 -489 261 0 
173 328 -774 0 
785 -702 788 0 
-673 -703 -104 0 
-41 -291 462 0 
-811 -604 606 0 
359 -715 938 0 
278 428 -448 0 
-334 856 514 0 
485 -790 785 0 
-295 639 -419 0 
-204 -168 -43 0 
555 41 -749 0 
-9 442 519 0 
94 -333 451 0 
-683 285 -106 0 
-399 230 24 0 
-896 776 116 0 
612 348 330 0 
862 183 436 0 
553 624 203 0 
-176 -607 -678 0 
781 439 -370 0 
-733 -683 -342 0 
-309 -965 68 0 
169 650 534 0 
-834 -434 -15 0 
490 307 -655 0 
-776 -992 592 0 
816 -117 -534 0 
-735 -680 -264 0 
142 -265 -474 0 
-567 603 -857 0 
747 -546 905 0 
68 692 -973 0 
-995 -83 -554 0 
-985 -705 -850 0 
-245 -208 -884 0 
-137 407 344 0 
320 -544 784 0 
29 -68 897 0 
-639 -412 11 0 
-535 203 207 0 
-977 852 788 0 
-580 257 428 0 
302 -47 -461 0 
590 -483 -939 0 
563 103 -12 0 
-631 903 838 0 
781 161 -260 0 
-299 -756 972 0 
-391 -201 904 0 
-122 151 385 0 
-630 142 -55 0 
-440 -932 -462 0 
-713 -196 559 0 
-655 284 -722 0 
971 -255 -253 0 
-506 -89 719 0 
402 975 543 0 
-59 -525 298 0 
698 362 841 0 
893 -876 -752 0 
70 218 -822 0 
749 -607 -119 0 
781 97 260 0 
-588 6 863 0 
-189 -747 -852 0 
772 -487 -76 0 
-633 933 811 0 
414 -406 109 0 
-748 -333 -826 0 
-914 323 720 0 
-667 939 -299 0 
-92 131 -696 0 
318 224 788 0 
-351 -570 841 0 
-42 -60 -558 0 
265 219 -521 0 
-357 -494 -265 0 
705 445 312 0 
185 730 -739 0 
366 -979 -116 0 
41 -120 523 0 
580 -740 410 0 
-462 -266 706 0 
115 -441 671 0 
566 -581 -580 0 
556 -258 -229 0 
-224 177 822 0 
-245 -544 987 0 
707 -818 -953 0 
-502 409 918 0 
-231 531 -301 0 
613 108 715 0 
-746 533 -862 0 
-673 -428 470 0 
-225 308 -878 0 
301 326 -337 0 
294 869 203 0 
-37 -479 -431 0 
-947 788 994 0 
836 617 -839 0 
-611 546 485 0 
-962 11 -848 0 
-964 -173 301 0 
-262 505 582 0 
-772 -617 886 0 
387 376 -21 0 
905 567 -884 0 
-898 486 594 0 
75 754 305 0 
201 -755 879 0 
322 165 -136 0 
-189 426 -73 0 
467 -323 723 0 
685 -252 331 0 
-463 211 837 0 
-628 -297 -308 0 
-356 -442 -769 0 
-160 601 -506 0 
-544 -109 911 0 
-633 -761 -780 0 
-63 -535 -948 0 
364 -805 800 0 
-10 833 80 0 
-115 758 877 0 
-67 -175 951 0 
-196 475 602 0 
917 302 -763 0 
453 415 -801 0 
640 -905 114 0 
-192 460 540 0 
-905 -625 -310 0 
982 657 33 0 
-579 546 216 0 
272 66 70 0 
907 551 -241 0 
570 206 -813 0 
-191 749 659 0 
3 -250 454 0 
-186 712 372 0 
2 502 671 0 
903 728 252 0 
-14 -50 -337 0 
-495 59 817 0 
-945 -287 514 0 
863 -345 348 0 
-29 -890 758 0 
-179 -618 -342 0 
-598 882 -999 0 
202 -842 -184 0 
-470 -539 424 0 
37 -69 -736 0 
228 343 276 0 
-972 427 575 0 
6 -62 -823 0 
-890 -293 -880 0 
334 -161 -940 0 
614 345 330 0 
-867 -717 598 0 
811 745 483 0 
774 -500 268 0 
927 465 1000 0 
36 -843 -955 0 
-287 -506 -458 0 
-180 206 -616 0 
-185 -672 834 0 
-549 -951 890 0 
279 -988 -184 0 
-136 75 -287 0 
992 -600 502 0 
-409 -92 -389 0 
-690 190 -691 0 
-908 456 -709 0 
-783 -93 -848 0 
-711 128 932 0 
305 911 193 0 
-469 -143 535 0 
371 -876 494 0 
397 146 243 0 
438 243 8 0 
785 -913 292 0 
-429 -48 -479 0 
713 -458 -286 0 
-45 -591 549 0 
-234 -574 278 0 
638 374 -667 0 
-843 471 -524 0 
-460 -218 -575 0 
-316 843 396 0 
404 -148 666 0 
52 -666 -950 0 
631 -110 -401 0 
-431 419 -674 0 
604 888 -943 0 
-990 968 -840 0 
681 184 -335 0 
-408 -87 -486 0 
447 -413 -718 0 
521 832 140 0 
82 -940 819 0 
-284 227 -512 0 
-322 676 49 0 
924 -305 -817 0 
667 -152 -978 0 
785 472 -672 0 
-710 -888 817 0 
-257 -67 351 0 
-764 -423 -220 0 
-288 374 -162 0 
898 313 -216 0 
-170 -518 30 0 
611 788 -476 0 
559 -727 -290 0 
-612 786 -567 0 
-522 120 443 0 
-357 569 41 0 
508 464 -489 0 
-300 -366 -115 0 
-312 473 -162 0 
-153 -879 514 0 
-455 836 44 0 
457 750 415 0 
-585 -556 436 0 
