p cnf 1000 3600
285 220 -584 0 
-255 500 954 0 
684 730 754 0 
286 94 220 0 
133 -879 -9 0 
-848 280 934 0 
-718 259 -14 0 
-3 -230 -53 0 
-340 -406 335 0 
-806 -634 351 0 
377 -943 -862 0 
973 325 749 0 
-554 551 735 0 
944 972 388 0 
372 224 582 0 
-15 971 419 0 
721 979 513 0 
372 344 -111 0 
-438 -690 285 0 
-133 -630 -438 0 
902 966 -693 0 
-583 -233 213 0 
970 -694 982 0 
44 -517 826 0 
182 158 962 0 
-961 15 77 0 
226 -882 -681 0 
468 784 218 0 
366 32 -11 0 
-108 604 -187 0 
672 300 957 0 
892 534 777 0 
-55 -337 637 0 
-523 -270 336 0 
-461 904 -435 0 
-731 173 -225 0 
-323 -879 -745 0 
566 992 -734 0 
-207 -760 681 0 
-567 487 -691 0 
207 -832 13 0 
-765 600 757 0 
-370 283 -583 0 
-795 -64 -187 0 
585 -644 888 0 
-302 757 -964 0 
246 -660 364 0 
-542 558 423 0 
-16 -134 -286 0 
554 596 -933 0 
94 -87 74 0 
-159 461 -406 0 
-882 -790 -460 0 
-101 -348 -134 0 
-358 -155 -789 0 
444 777 -12 0 
665 -192 -115 0 
-452 800 355 0 
-878 -962 833 0 
-276 -762 -473 0 
-220 425 -299 0 
-644 -218 -288 0 
-190 6 -234 0 
959 651 -427 0 
-53 990 946 0 
-638 -312 -393 0 
184 970 -789 0 
-940 787 -45 0 
121 628 -618 0 
391 23 895 0 
-362 -933 498 0 
-884 77 530 0 
771 90 -976 0 
397 633 -197 0 
-906 75 -589 0 
687 -163 315 0 
-204 876 859 0 
455 502 -639 0 
846 -897 1000 0 
766 -877 80 0 
-698 -786 271 0 
-894 534 -892 0 
-473 861 -11 0 
105 487 603 0 
306 -405 101 0 
179 -143 -817 0 
-884 -660 662 0 
799 -129 883 0 
614 -537 -525 0 
-747 -909 774 0 
271 70 -929 0 
-288 -504 -11 0 
-733 -916 -502 0 
-954 -947 214 0 
534 -948 245 0 
-861 -721 -718 0 
-819 968 -87 0 
-96 -276 760 0 
-344 -598 307 0 
870 -647 -36 0 
-286 699 -241 0 
466 -20 485 0 
737 -931 832 0 
-1000 -740 -117 0 
-447 -237 21 0 
-769 659 -643 0 
163 960 869 0 
-360 -993 -596 0 
-226 461 -971 0 
242 -311 797 0 
-790 815 258 0 
-696 -967 -403 0 
334 946 996 0 
-876 987 -314 0 
906 576 -614 0 
-622 515 -1 0 
799 -125 -610 0 
-244 -28 465 0 
-907 -583 -797 0 
-826 686 -748 0 
-537 421 326 0 
-167 740 920 0 
466 -628 458 0 
-328 -805 -941 0 
313 18 83 0 
386 -455 191 0 
124 182 -344 0 
-92 -498 183 0 
-902 270 -926 0 
102 -17 57 0 
-663 -870 -812 0 
216 576 287 0 
381 69 773 0 
-270 672 -484 0 
88 -590 -783 0 
-13 985 60 0 
816 -859 956 0 
676 -177 -339 0 
619 -41 -236 0 
767 560 -653 0 
316 434 263 0 
-183 -129 -602 0 
-81 -162 73 0 
858 -339 760 0 
764 386 264 0 
783 -788 -135 0 
-750 -246 -184 0 
700 -350 938 0 
-145 784 -874 0 
-702 -280 -408 0 
741 -417 179 0 
22 -303 -931 0 
300 -539 -581 0 
-1000 -948 -643 0 
-838 768 177 0 
899 495 322 0 
-867 408 -727 0 
-249 -535 -781 0 
-727 -285 -91 0 
714 -922 -860 0 
860 -496 -630 0 
413 829 -391 0 
973 -269 -880 0 
-936 -193 288 0 
511 -804 -590 0 
652 879 453 0 
437 -987 70 0 
-515 479 -743 0 
-163 -911 -918 0 
788 -349 706 0 
895 -683 355 0 
984 411 607 0 
210 -667 535 0 
669 785 531 0 
-83 -341 -156 0 
912 805 71 0 
946 -917 -230 0 
864 -369 -267 0 
660 -39 961 0 
-319 784 462 0 
611 922 -583 0 
-787 -1 -186 0 
-419 989 840 0 
33 -501 -308 0 
-790 74 -412 0 
-971 101 555 0 
728 918 36 0 
-931 528 308 0 
962 817 -511 0 
-144 -631 26 0 
23 893 882 0 
-662 460 906 0 
347 -724 -330 0 
-351 -795 951 0 
-801 23 356 0 
961 555 430 0 
227 -690 -469 0 
-89 810 -63 0 
585 -615 -704 0 
-927 -156 368 0 
-783 -667 843 0 
-135 -602 -393 0 
991 893 882 0 
499 -34 -596 0 
213 -276 -928 0 
-915 914 706 0 
-799 277 -613 0 
-507 352 420 0 
-696 -700 -313 0 
463 611 -329 0 
-436 -49 -144 0 
-566 -832 -174 0 
-849 386 -558 0 
518 675 454 0 
-390 -809 -894 0 
-491 448 763 0 
209 286 18 0 
-356 226 -768 0 
-295 328 787 0 
659 391 -844 0 
-776 -531 955 0 
-414 396 -215 0 
-418 263 -680 0 
495 -791 946 0 
-614 -406 590 0 
119 -913 -265 0 
504 197 -631 0 
238 824 617 0 
296 -809 -497 0 
-278 920 -543 0 
-104 374 485 0 
-327 -916 843 0 
-676 523 -337 0 
-192 861 -295 0 
-719 14 -715 0 
-542 -959 -255 0 
515 -243 -253 0 
513 159 724 0 
-128 -218 -54 0 
-804 -587 514 0 
-676 -241 825 0 
51 832 692 0 
-967 -460 -777 0 
-329 -564 -896 0 
-291 769 656 0 
48 -525 539 0 
504 -592 106 0 
-468 154 -336 0 
465 -786 -502 0 
928 422 -759 0 
-109 -663 -625 0 
-355 -609 850 0 
719 -129 15 0 
-943 -608 542 0 
118 931 951 0 
-230 -688 867 0 
-503 -777 -892 0 
-624 536 840 0 
275 -524 984 0 
594 95 -302 0 
326 545 -772 0 
425 -389 48 0 
711 588 -617 0 
-375 280 450 0 
828 782 -579 0 
853 -963 283 0 
383 907 217 0 
640 656 -758 0 
-519 -74 -90 0 
436 133 7 0 
258 -161 926 0 
-402 88 546 0 
487 661 -414 0 
258 -955 828 0 
-663 -87 -727 0 
-622 438 -877 0 
-788 781 -416 0 
737 -528 892 0 
-899 -191 406 0 
-69 722 536 0 
-529 -753 -797 0 
820 267 -656 0 
-389 15 416 0 
895 -226 -621 0 
-432 -911 -592 0 
96 282 -647 0 
433 567 89 0 
942 -20 23 0 
681 509 563 0 
605 -857 260 0 
-67 -232 789 0 
-212 355 -510 0 
-426 -590 777 0 
-842 -928 361 0 
970 -806 535 0 
182 -768 577 0 
-451 862 -546 0 
-696 116 -677 0 
949 -410 648 0 
-798 -766 -497 0 
-132 -247 319 0 
107 -842 -615 0 
-711 781 215 0 
873 674 955 0 
963 -964 532 0 
-869 -520 -889 0 
129 -82 -565 0 
-492 82 886 0 
566 -793 993 0 
102 -932 -329 0 
-177 875 201 0 
-104 -619 -641 0 
576 -51 141 0 
440 811 137 0 
860 -170 786 0 
13 -563 -44 0 
993 323 -170 0 
-562 -988 65 0 
-25 -127 -558 0 
-584 -332 -499 0 
-163 -249 498 0 
602 413 -386 0 
-620 -447 719 0 
795 111 -499 0 
-521 519 563 0 
737 295 669 0 
-286 -937 -110 0 
236 263 -601 0 
-933 520 -405 0 
11 -964 -853 0 
-852 674 780 0 
310 -301 -478 0 
-480 -608 998 0 
-689 -869 521 0 
-891 565 596 0 
748 511 -68 0 
362 -378 5 0 
-184 725 -388 0 
-559 -274 611 0 
-941 114 -388 0 
757 -662 -266 0 
444 -273 589 0 
-522 -203 79 0 
150 -504 932 0 
-809 -486 658 0 
738 575 -14 0 
-528 -713 -450 0 
-677 -732 325 0 
-77 158 667 0 
256 -845 597 0 
-767 350 372 0 
-848 929 -627 0 
-364 91 -496 0 
-625 -226 886 0 
442 930 -470 0 
177 -854 -955 0 
840 574 15 0 
-725 769 -826 0 
-335 555 -828 0 
-428 24 397 0 
-235 803 735 0 
-55 -842 936 0 
480 -881 808 0 
-242 -966 594 0 
-463 433 -237 0 
-850 -305 -980 0 
871 549 252 0 
-798 679 -855 0 
-303 167 -437 0 
-748 -551 216 0 
-315 -22 572 0 
-845 984 -889 0 
-393 -856 345 0 
-737 533 366 0 
175 -92 -954 0 
734 -464 -663 0 
360 126 726 0 
43 -984 524 0 
291 113 91 0 
-883 354 -15 0 
631 225 -884 0 
-920 622 -459 0 
-532 -653 -574 0 
-746 -253 -257 0 
157 -982 358 0 
974 -654 -9 0 
637 -394 597 0 
-547 964 -899 0 
-898 785 956 0 
768 314 -967 0 
-152 -520 748 0 
321 47 891 0 
164 582 901 0 
891 728 496 0 
-58 715 -97 0 
-898 234 146 0 
463 572 -362 0 
-868 679 802 0 
782 -259 674 0 
962 994 -292 0 
-955 982 95 0 
582 -657 639 0 
-622 397 884 0 
332 -13 90 0 
662 208 -325 0 
-905 -437 659 0 
724 -784 -509 0 
991 -482 -112 0 
158 -771 -10 0 
440 -356 -60 0 
396 -2 -300 0 
-48 256 -898 0 
572 80 -296 0 
-549 -933 -720 0 
-297 -564 924 0 
-513 565 946 0 
760 286 758 0 
404 -413 -976 0 
100 -903 897 0 
-702 366 -688 0 
-553 20 -284 0 
575 -396 320 0 
-781 185 -191 0 
653 172 946 0 
-428 481 969 0 
251 586 -446 0 
100 -311 -71 0 
-113 518 -974 0 
407 -32 231 0 
-305 795 -813 0 
549 -451 -492 0 
-508 -425 961 0 
-347 937 -422 0 
-987 106 405 0 
-976 23 -946 0 
167 -889 123 0 
-142 -226 64 0 
-849 923 -70 0 
-602 613 831 0 
631 592 -266 0 
310 429 -240 0 
-801 463 97 0 
-165 717 392 0 
-844 126 99 0 
384 304 38 0 
-182 503 -554 0 
883 826 964 0 
326 318 170 0 
455 -61 -74 0 
-267 -20 -735 0 
968 -388 735 0 
690 670 778 0 
92 497 -890 0 
-7 339 202 0 
-828 -544 -75 0 
100 866 -796 0 
-511 -10 -11 0 
868 87 -225 0 
-565 20 -659 0 
-196 731 -117 0 
351 -335 228 0 
822 551 231 0 
-621 -779 680 0 
356 -936 141 0 
-803 552 -612 0 
147 -596 389 0 
-501 -203 -198 0 
92 707 636 0 
420 -11 377 0 
703 466 -538 0 
-466 -945 527 0 
924 -118 -497 0 
-455 -576 538 0 
358 -320 711 0 
330 970 -788 0 
-569 -278 -815 0 
487 419 287 0 
896 -505 587 0 
-1 -206 -17 0 
-212 211 415 0 
232 -734 579 0 
413 1000 -291 0 
-272 -186 -880 0 
-399 34 -842 0 
-736 -735 -325 0 
-899 -381 246 0 
398 -561 -932 0 
-259 -543 773 0 
61 -351 607 0 
494 792 958 0 
-354 -280 784 0 
202 -993 37 0 
-148 179 338 0 
-290 -501 -109 0 
221 -786 -795 0 
-573 82 -341 0 
179 119 -20 0 
-9 -235 24 0 
-154 -749 -393 0 
-43 -852 749 0 
419 903 -323 0 
659 456 66 0 
406 123 -869 0 
-613 726 953 0 
-162 -11 -88 0 
85 -307 646 0 
994 -568 -393 0 
619 502 -992 0 
-224 569 -525 0 
-494 -567 -413 0 
-751 541 283 0 
978 971 -149 0 
885 -579 -743 0 
-129 -900 133 0 
303 -143 -974 0 
-239 -383 670 0 
-293 -21 -684 0 
-2 130 -531 0 
655 -975 -536 0 
455 900 356 0 
-525 949 -126 0 
331 -892 -357 0 
-869 -563 -714 0 
673 279 -889 0 
356 85 558 0 
106 571 -533 0 
-784 11 654 0 
-726 -730 -409 0 
347 -775 287 0 
333 503 149 0 
435 -382 -418 0 
259 -800 382 0 
-810 -364 -269 0 
-465 -342 -674 0 
409 -413 -428 0 
941 99 -807 0 
813 754 105 0 
991 -212 788 0 
92 123 337 0 
964 183 -79 0 
-51 -785 -556 0 
164 -673 -342 0 
486 -696 596 0 
-828 406 261 0 
-611 -968 -840 0 
654 -668 -904 0 
636 14 917 0 
7 -337 525 0 
-430 615 -135 0 
197 -327 -57 0 
48 -582 -841 0 
-271 -125 -726 0 
938 319 -649 0 
616 989 -529 0 
-174 -558 870 0 
-987 535 562 0 
427 497 -348 0 
-653 -983 -836 0 
-43 -164 -345 0 
793 903 -517 0 
159 -125 225 0 
-394 178 574 0 
-582 141 647 0 
-798 789 341 0 
996 805 -222 0 
810 -580 898 0 
570 887 -358 0 
142 118 533 0 
-806 -593 246 0 
-985 -261 796 0 
-34 -471 -379 0 
390 -751 400 0 
883 -241 836 0 
620 -927 -478 0 
298 440 416 0 
91 -178 -17 0 
889 -490 -588 0 
709 529 892 0 
-40 -823 -15 0 
-231 -854 387 0 
-97 508 -157 0 
-741 330 -653 0 
863 -113 71 0 
-583 848 -71 0 
-611 -656 -547 0 
141 28 763 0 
-14 481 650 0 
-926 -398 153 0 
-250 672 347 0 
910 770 699 0 
552 -262 -617 0 
-124 927 943 0 
-145 -325 312 0 
-328 819 639 0 
-196 -659 674 0 
310 383 939 0 
-620 -507 -123 0 
45 236 353 0 
-550 -971 -450 0 
543 -561 443 0 
-124 743 -228 0 
-407 108 -494 0 
-508 738 -553 0 
535 -135 271 0 
-230 -764 938 0 
823 179 -907 0 
-394 67 277 0 
-639 -389 65 0 
329 660 -673 0 
-570 -376 -70 0 
281 589 -465 0 
847 190 -488 0 
351 574 11 0 
-624 -954 183 0 
-895 -425 -412 0 
-421 -223 230 0 
193 495 -123 0 
-843 -765 385 0 
976 -645 -836 0 
929 25 -334 0 
793 386 770 0 
-953 -609 -535 0 
-819 194 759 0 
-436 -969 -27 0 
-357 52 779 0 
875 817 -244 0 
-379 527 -399 0 
-52 676 286 0 
376 -426 -261 0 
567 -442 -160 0 
-602 343 -284 0 
557 96 -522 0 
853 -714 -406 0 
-844 44 -435 0 
-341 -23 -863 0 
814 915 704 0 
-385 990 -342 0 
-122 -559 403 0 
124 762 -154 0 
571 -44 262 0 
713 502 418 0 
556 692 828 0 
937 494 -201 0 
-96 -259 914 0 
705 645 895 0 
685 -499 332 0 
-712 421 584 0 
191 -990 -725 0 
92 -864 158 0 
703 491 -297 0 
704 -655 -171 0 
-256 -288 540 0 
-673 -873 -108 0 
-507 561 774 0 
-383 592 16 0 
-391 697 35 0 
861 -402 -579 0 
-510 -460 253 0 
-127 -926 64 0 
-830 -574 -337 0 
941 -829 -294 0 
432 -397 -625 0 
-491 -341 262 0 
-16 543 -362 0 
-641 -927 226 0 
-351 166 952 0 
-296 -169 624 0 
-451 -430 744 0 
-492 -504 808 0 
-554 -965 994 0 
-488 -327 203 0 
835 -190 369 0 
307 870 778 0 
592 905 987 0 
-407 -317 979 0 
8 -441 518 0 
-561 400 -917 0 
124 999 -235 0 
312 848 576 0 
-1000 -336 934 0 
-16 -842 574 0 
368 -781 -101 0 
-849 464 12 0 
248 141 -379 0 
827 171 564 0 
-22 -91 -910 0 
-40 147 -725 0 
-173 32 859 0 
42 -941 704 0 
382 697 208 0 
861 -85 -386 0 
-683 548 719 0 
-534 -418 179 0 
-963 -614 -866 0 
183 548 157 0 
613 308 -351 0 
281 -359 -69 0 
-599 -534 -208 0 
-233 -876 -662 0 
897 808 806 0 
406 660 388 0 
-171 -785 -441 0 
393 -59 -672 0 
-624 217 -544 0 
656 -69 192 0 
200 -382 -725 0 
-222 -121 -62 0 
988 -523 239 0 
44 -193 356 0 
-732 690 295 0 
706 -141 -327 0 
173 164 -896 0 
415 357 -354 0 
52 -331 -856 0 
-447 -558 529 0 
787 -934 -111 0 
816 -586 -146 0 
926 581 -536 0 
213 -8 -119 0 
-261 463 634 0 
-291 55 167 0 
700 -610 -962 0 
-123 -250 817 0 
252 -526 887 0 
717 34 871 0 
-839 571 740 0 
711 -196 586 0 
-666 474 -857 0 
981 69 -229 0 
51 117 -438 0 
-876 637 144 0 
-280 -720 -373 0 
374 -129 -697 0 
-136 -660 -322 0 
-856 -706 -562 0 
244 -328 233 0 
432 -238 -629 0 
-414 -395 -287 0 
-937 468 -55 0 
995 360 223 0 
660 -573 991 0 
-289 -643 820 0 
644 934 -906 0 
-746 -671 -148 0 
949 -100 884 0 
450 -662 -23 0 
891 746 487 0 
-491 -334 -398 0 
-728 374 -334 0 
-711 -710 -965 0 
-996 -563 -857 0 
-852 -4 260 0 
109 -573 347 0 
-42 -705 -326 0 
345 605 -68 0 
874 120 -124 0 
-42 1000 28 0 
-516 -646 -701 0 
-886 -341 309 0 
-614 608 -217 0 
-138 705 550 0 
708 575 -243 0 
-833 460 334 0 
67 -846 468 0 
-426 350 268 0 
848 -314 -876 0 
-49 -157 -392 0 
924 609 -821 0 
366 -977 554 0 
-716 -556 -715 0 
-156 -70 33 0 
428 902 384 0 
722 -862 543 0 
660 658 437 0 
-775 938 -434 0 
767 -718 -596 0 
-456 180 796 0 
148 -823 -116 0 
-65 96 -43 0 
-228 -170 274 0 
-384 -366 720 0 
-281 157 584 0 
422 -350 129 0 
-809 -533 -86 0 
-929 -908 424 0 
-795 -503 -352 0 
255 229 789 0 
776 -522 729 0 
-497 -975 254 0 
612 -174 584 0 
455 4 -93 0 
263 596 886 0 
-369 537 -624 0 
-280 357 995 0 
959 -411 -640 0 
649 -289 -29 0 
-944 -94 -297 0 
167 255 -378 0 
-470 262 540 0 
-245 969 -269 0 
-715 -457 403 0 
-184 -88 -819 0 
-697 -383 -142 0 
719 412 586 0 
-593 527 -489 0 
-701 -691 -158 0 
790 -184 -664 0 
210 446 -972 0 
-258 -697 607 0 
68 313 -383 0 
242 -247 729 0 
-92 -457 -797 0 
676 626 510 0 
-840 -919 876 0 
413 219 804 0 
-794 -271 103 0 
-681 543 503 0 
549 88 -44 0 
-651 789 -799 0 
384 -508 -952 0 
812 -358 585 0 
-102 302 48 0 
796 662 536 0 
609 649 -829 0 
-975 894 347 0 
150 774 33 0 
670 173 -821 0 
17 418 -376 0 
269 104 702 0 
347 -507 -165 0 
-336 -378 -481 0 
856 989 403 0 
222 566 87 0 
578 -641 442 0 
11 -824 -418 0 
-325 549 912 0 
602 871 827 0 
316 149 205 0 
-118 706 816 0 
-247 -101 -672 0 
775 -919 -430 0 
-848 -423 -133 0 
-684 304 -940 0 
705 -489 -129 0 
383 -329 -577 0 
541 -161 -41 0 
668 -354 -321 0 
-933 -135 -597 0 
-368 -676 168 0 
-554 161 216 0 
-247 705 -330 0 
-60 673 -455 0 
-893 125 62 0 
-53 -755 -197 0 
77 -541 318 0 
-519 -756 -665 0 
360 635 -655 0 
-673 -408 281 0 
-496 930 564 0 
182 39 813 0 
-393 -636 127 0 
772 -821 -203 0 
-861 -438 420 0 
-778 752 -217 0 
837 972 -81 0 
17 848 425 0 
840 -672 145 0 
540 161 136 0 
-1000 737 614 0 
811 -954 638 0 
167 994 -490 0 
86 6 -84 0 
-868 -28 889 0 
78 -561 -192 0 
520 -831 -560 0 
167 -559 -281 0 
-956 -426 497 0 
354 582 443 0 
78 -289 449 0 
-19 866 -873 0 
-749 -537 654 0 
-249 -744 943 0 
-311 623 -322 0 
135 -828 -99 0 
-419 -768 -855 0 
934 632 935 0 
492 -663 287 0 
238 -457 -33 0 
406 583 -965 0 
289 -372 198 0 
79 -903 254 0 
-140 -71 -76 0 
554 647 -674 0 
-747 50 -280 0 
197 -264 355 0 
-548 487 451 0 
689 571 440 0 
818 842 -975 0 
337 -709 963 0 
944 978 450 0 
-833 236 483 0 
-372 -358 886 0 
-491 -177 249 0 
-978 -175 329 0 
619 -317 846 0 
613 578 520 0 
99 751 460 0 
249 494 924 0 
894 203 863 0 
-407 -258 131 0 
-430 -401 -216 0 
-851 -404 -318 0 
-512 -578 16 0 
-675 -124 133 0 
-706 -75 598 0 
479 -110 332 0 
-204 975 -210 0 
-813 545 -230 0 
-987 267 -442 0 
-208 -299 -514 0 
893 -110 -675 0 
556 788 -701 0 
877 992 -434 0 
342 56 -513 0 
-349 992 238 0 
-438 820 586 0 
-493 4 318 0 
-291 575 630 0 
500 -81 -507 0 
593 -726 -860 0 
-914 46 646 0 
-573 660 -49 0 
347 366 963 0 
347 121 747 0 
974 -807 623 0 
317 -359 -978 0 
321 656 -255 0 
-277 -697 544 0 
-485 81 184 0 
-654 687 865 0 
-886 -575 533 0 
245 -967 8 0 
-491 459 -946 0 
-698 368 291 0 
421 401 640 0 
500 -868 -912 0 
-320 867 307 0 
-662 -500 2 0 
-906 60 -602 0 
-972 -87 802 0 
478 -725 -939 0 
777 -852 -132 0 
-495 784 110 0 
-338 -723 294 0 
-460 307 -856 0 
-868 933 -631 0 
249 -272 859 0 
767 -110 271 0 
-3 348 746 0 
-846 993 259 0 
-80 64 27 0 
-235 13 170 0 
297 313 -818 0 
931 -655 -511 0 
-543 130 -91 0 
192 142 -788 0 
-700 -399 -508 0 
-627 138 -781 0 
966 943 253 0 
-91 670 -390 0 
40 936 709 0 
733 710 332 0 
-605 -975 -813 0 
962 208 632 0 
823 821 -48 0 
773 -881 250 0 
173 -255 -741 0 
-46 850 -741 0 
281 -508 -602 0 
-56 707 -580 0 
765 300 -148 0 
271 471 560 0 
-469 159 -63 0 
861 432 30 0 
-457 -671 42 0 
217 306 -276 0 
-99 -142 -244 0 
803 -189 685 0 
509 -642 -710 0 
405 -376 623 0 
-318 970 954 0 
744 946 -541 0 
-839 -961 -198 0 
573 906 432 0 
202 615 -13 0 
-914 -223 546 0 
230 719 -443 0 
-175 -836 -470 0 
-153 1 -814 0 
-457 431 69 0 
-463 641 -609 0 
-85 -84 -559 0 
-363 -584 -722 0 
832 528 214 0 
677 -957 951 0 
-911 -991 161 0 
-323 -481 -714 0 
524 -501 385 0 
-165 717 471 0 
-501 -92 319 0 
498 -765 522 0 
-821 -49 -817 0 
-320 194 12 0 
771 294 159 0 
-270 397 498 0 
-404 -371 -720 0 
-358 -876 716 0 
630 -400 -943 0 
-135 -248 -150 0 
781 -212 -650 0 
45 -22 432 0 
-684 -109 -367 0 
155 -103 119 0 
-986 636 -742 0 
-608 209 -273 0 
-100 -973 -261 0 
593 135 -468 0 
575 -413 959 0 
450 697 717 0 
361 -335 -534 0 
-337 451 -467 0 
623 -475 796 0 
783 -638 -115 0 
486 -970 -82 0 
-368 62 -287 0 
-253 -47 -647 0 
-664 -575 -195 0 
-84 599 -357 0 
-830 -502 -808 0 
764 32 -22 0 
-1000 -983 805 0 
-616 393 -201 0 
262 -404 -603 0 
470 673 -720 0 
-785 -727 -5 0 
715 130 -291 0 
990 90 -690 0 
122 -758 734 0 
668 249 -352 0 
654 -232 548 0 
-724 -482 -790 0 
-134 -658 740 0 
-360 -990 -544 0 
894 -925 326 0 
47 -679 -20 0 
-965 -133 -739 0 
163 -537 590 0 
132 816 -570 0 
902 875 706 0 
362 601 258 0 
-28 -112 -823 0 
794 421 -888 0 
-907 -331 139 0 
100 45 62 0 
205 245 520 0 
-591 -289 -291 0 
-458 -381 -288 0 
560 -235 -920 0 
-604 473 -695 0 
320 759 546 0 
462 -219 18 0 
-509 -418 42 0 
-562 830 -738 0 
441 583 163 0 
477 171 -225 0 
-755 489 -429 0 
222 604 -943 0 
-894 -327 -432 0 
-62 42 337 0 
985 102 314 0 
284 -520 769 0 
-268 83 -66 0 
496 770 308 0 
638 -43 -752 0 
-803 706 -685 0 
271 -592 -496 0 
-559 46 417 0 
376 709 995 0 
-893 -71 430 0 
-304 -44 -371 0 
98 -894 -122 0 
-889 14 -854 0 
-772 36 983 0 
-770 669 654 0 
338 765 -120 0 
-36 -625 148 0 
272 -806 -277 0 
-702 67 -422 0 
702 324 178 0 
-57 995 886 0 
602 -108 493 0 
177 35 347 0 
-150 510 -830 0 
713 -493 -357 0 
820 289 -13 0 
691 477 893 0 
58 -760 -429 0 
669 99 996 0 
-53 942 -887 0 
430 277 459 0 
-13 301 -294 0 
542 -979 84 0 
353 -24 -397 0 
390 -168 -464 0 
-748 -913 87 0 
316 -604 520 0 
-202 -35 508 0 
497 -317 -2 0 
650 852 -983 0 
57 603 -225 0 
-599 441 493 0 
-432 -746 -296 0 
525 874 -589 0 
799 -83 -227 0 
-419 780 616 0 
802 -459 381 0 
579 -580 805 0 
679 -184 -263 0 
888 118 -825 0 
-506 881 -170 0 
851 -133 214 0 
463 -837 918 0 
368 -208 320 0 
395 988 -977 0 
598 165 -602 0 
-538 -412 -708 0 
-978 704 -599 0 
-100 -596 -962 0 
667 -159 -621 0 
932 -993 -277 0 
672 227 955 0 
675 525 734 0 
-945 -717 996 0 
-936 -2 635 0 
-95 978 -851 0 
100 -369 -736 0 
-343 82 -65 0 
880 40 -26 0 
668 -114 -812 0 
-300 -330 -973 0 
-658 -369 -899 0 
-561 -416 477 0 
-912 -876 734 0 
637 -449 50 0 
839 -65 999 0 
125 829 190 0 
-595 903 -571 0 
-284 -120 672 0 
544 331 -194 0 
-740 -418 -806 0 
-246 -780 -899 0 
682 -582 -894 0 
475 717 495 0 
-680 481 639 0 
-16 -844 400 0 
87 -567 635 0 
-799 -771 441 0 
739 -670 -248 0 
544 647 726 0 
847 218 447 0 
400 550 37 0 
686 -775 -8 0 
-507 -7 -815 0 
-708 548 38 0 
500 -753 973 0 
-611 -642 -922 0 
473 282 965 0 
654 702 931 0 
351 -312 -801 0 
714 450 -344 0 
-756 89 944 0 
-942 437 -516 0 
-410 634 133 0 
-461 595 484 0 
298 344 236 0 
-362 -186 301 0 
67 -798 695 0 
-84 364 -524 0 
-192 902 35 0 
555 31 -908 0 
-754 539 612 0 
-471 719 827 0 
334 -914 -124 0 
208 -837 909 0 
-49 -318 583 0 
830 485 -393 0 
-264 -207 966 0 
344 523 -201 0 
668 519 -198 0 
-251 647 696 0 
78 679 -191 0 
-577 -326 213 0 
836 956 766 0 
-781 -628 872 0 
737 -241 -427 0 
-363 887 283 0 
-610 746 -826 0 
334 -692 828 0 
670 -308 98 0 
-684 -492 -473 0 
-65 379 920 0 
744 502 133 0 
714 -216 -283 0 
686 826 -581 0 
-196 880 123 0 
226 -201 -776 0 
-138 -920 -160 0 
-808 -593 189 0 
-716 -72 914 0 
-138 -307 284 0 
548 -225 -917 0 
-512 939 529 0 
837 -259 848 0 
-358 680 -1000 0 
-152 -885 -961 0 
-93 575 750 0 
47 798 358 0 
-776 972 729 0 
74 -16 -270 0 
244 -890 -522 0 
962 363 121 0 
125 -556 -549 0 
196 -295 -194 0 
354 23 -210 0 
-117 -374 674 0 
612 693 366 0 
-146 481 -294 0 
-682 209 566 0 
779 570 -937 0 
-323 -134 -788 0 
-281 166 -896 0 
-198 882 -982 0 
246 -423 989 0 
605 -454 -974 0 
277 759 559 0 
-180 650 -745 0 
164 -738 59 0 
-559 533 -733 0 
2 -631 955 0 
-668 -899 513 0 
992 399 -434 0 
-201 -914 -722 0 
-347 -888 60 0 
-870 -871 566 0 
-47 109 552 0 
196 259 203 0 
296 -353 723 0 
683 737 -598 0 
853 777 55 0 
-770 -181 573 0 
-826 333 17 0 
-573 824 55 0 
-878 986 -11 0 
-380 382 92 0 
-402 -822 420 0 
724 -877 221 0 
456 -251 416 0 
451 -578 -904 0 
-253 203 -676 0 
-753 -192 65 0 
-885 -458 779 0 
827 752 425 0 
814 692 200 0 
-843 -433 830 0 
-223 732 -897 0 
252 -999 -470 0 
-161 -44 536 0 
-220 25 799 0 
-21 389 797 0 
470 -660 577 0 
789 207 -562 0 
-519 805 230 0 
350 -559 418 0 
551 -213 708 0 
-578 912 892 0 
7 -645 -543 0 
-297 987 370 0 
274 725 -345 0 
-113 939 -286 0 
-701 -983 395 0 
384 174 974 0 
-113 601 470 0 
-776 -662 -702 0 
-192 -172 735 0 
-367 990 -53 0 
796 -901 -586 0 
732 655 953 0 
-907 479 -10 0 
-838 311 -966 0 
735 820 -585 0 
515 -691 773 0 
490 202 553 0 
-974 547 166 0 
-623 7 -414 0 
569 -809 -823 0 
346 -203 209 0 
-526 357 -111 0 
-199 -681 -166 0 
964 -408 456 0 
159 708 -190 0 
-164 401 -911 0 
848 -399 -917 0 
-611 908 -324 0 
-761 -54 4 0 
408 -397 140 0 
990 225 716 0 
643 -219 412 0 
734 -606 185 0 
-757 -52 -903 0 
25 -822 969 0 
255 636 -540 0 
519 -415 -257 0 
-901 -766 -576 0 
-727 -301 797 0 
290 -436 -459 0 
586 47 -974 0 
814 103 46 0 
-157 -808 -794 0 
883 465 455 0 
914 279 -269 0 
-338 52 -412 0 
489 -500 -966 0 
604 582 -59 0 
-489 20 410 0 
399 970 -624 0 
776 141 -899 0 
-890 583 -687 0 
-362 -434 480 0 
-681 -864 350 0 
-86 855 -71 0 
-502 621 170 0 
393 930 694 0 
-859 -329 -517 0 
-708 -940 412 0 
26 -182 -489 0 
10 303 649 0 
476 -311 -670 0 
13 -919 -649 0 
-189 113 529 0 
27 -832 648 0 
-198 811 -677 0 
738 660 457 0 
981 619 -202 0 
-209 -754 708 0 
178 -977 -649 0 
-477 -20 334 0 
302 -975 -656 0 
-973 271 -712 0 
-988 884 -622 0 
-684 -148 980 0 
-519 278 748 0 
728 -29 -149 0 
819 -10 -699 0 
905 -244 -806 0 
673 -832 -141 0 
223 41 -527 0 
-367 -833 778 0 
-122 -941 690 0 
806 -325 -911 0 
-7 476 627 0 
931 -593 223 0 
-413 954 833 0 
185 814 351 0 
-716 7 -293 0 
788 284 800 0 
372 841 -592 0 
-370 -533 176 0 
-156 684 428 0 
-976 -270 -520 0 
214 -710 865 0 
-235 505 239 0 
55 -449 -529 0 
-124 916 -845 0 
169 4 -588 0 
-352 -945 -315 0 
573 771 213 0 
-222 169 907 0 
569 -997 572 0 
947 405 303 0 
-513 945 -214 0 
-22 875 -803 0 
-676 -287 117 0 
792 -108 -741 0 
-892 -12 -329 0 
-935 -558 194 0 
-641 714 708 0 
521 -910 -213 0 
-709 341 781 0 
636 149 880 0 
239 630 -289 0 
-886 -452 -272 0 
38 -368 -728 0 
-805 546 -908 0 
467 -529 -246 0 
-672 -729 -46 0 
-731 170 -812 0 
-229 -742 99 0 
496 -617 -221 0 
550 -614 -387 0 
631 -481 -526 0 
-912 253 -103 0 
497 349 -19 0 
113 920 325 0 
-476 -146 -808 0 
-792 -677 484 0 
-913 -2 -491 0 
204 80 41 0 
-935 157 -645 0 
54 893 -312 0 
-505 -184 -742 0 
322 118 270 0 
866 -770 -610 0 
-834 -175 -979 0 
-958 353 -414 0 
-576 -457 333 0 
-737 891 548 0 
159 94 -364 0 
250 590 -955 0 
459 431 -305 0 
-939 605 111 0 
734 -428 550 0 
-734 813 -227 0 
242 828 -946 0 
100 -513 -967 0 
-358 -532 592 0 
-773 963 -235 0 
-736 171 -932 0 
496 -683 160 0 
-558 232 278 0 
-71 964 307 0 
-623 938 -93 0 
286 -524 -59 0 
-799 -596 656 0 
230 124 -686 0 
-701 8 948 0 
740 620 -769 0 
-229 -81 6 0 
848 -455 663 0 
100 -934 -952 0 
-917 317 -466 0 
-7 -248 -601 0 
-683 696 50 0 
-148 -44 -350 0 
67 -300 -353 0 
-671 418 900 0 
-218 -651 -584 0 
-729 -328 -955 0 
549 93 853 0 
-315 -480 885 0 
271 754 116 0 
997 -794 -536 0 
-577 -821 556 0 
763 758 22 0 
-38 -603 920 0 
367 999 -449 0 
28 792 911 0 
358 86 -955 0 
-780 -255 -435 0 
-581 723 -872 0 
832 818 884 0 
-894 -484 286 0 
-872 569 -209 0 
-686 -33 281 0 
920 -650 105 0 
277 529 265 0 
400 259 125 0 
-522 104 -861 0 
-157 -992 839 0 
-299 -96 528 0 
-211 -235 709 0 
-100 966 859 0 
195 -159 640 0 
-197 -281 -194 0 
358 -398 116 0 
462 -543 -593 0 
-617 -910 -10 0 
-621 465 920 0 
-646 302 840 0 
-81 657 -721 0 
324 410 -112 0 
739 78 -621 0 
-868 383 -379 0 
5 -640 669 0 
-445 120 37 0 
973 746 876 0 
900 49 -712 0 
-903 -479 -2 0 
-126 602 665 0 
-930 -332 -582 0 
754 648 902 0 
488 -540 -942 0 
-898 114 877 0 
388 -1000 696 0 
69 -798 -708 0 
567 -465 830 0 
-451 -754 743 0 
184 845 705 0 
665 298 -807 0 
-117 -440 14 0 
53 -535 -552 0 
-902 511 -293 0 
59 -349 -818 0 
459 -354 986 0 
-327 -658 698 0 
316 413 -519 0 
-633 -494 453 0 
524 -144 -476 0 
-744 -877 79 0 
-404 888 -574 0 
653 -233 830 0 
983 652 -121 0 
-525 112 -619 0 
-751 -804 -25 0 
-730 679 767 0 
844 -142 658 0 
471 -196 -566 0 
425 -394 140 0 
-566 406 -802 0 
786 -177 197 0 
-278 358 794 0 
176 518 -848 0 
590 -139 508 0 
1000 -915 -327 0 
880 691 -125 0 
833 114 145 0 
644 452 97 0 
-46 -448 -740 0 
-862 360 30 0 
-912 -531 247 0 
-388 -657 282 0 
612 -130 -291 0 
348 -416 -114 0 
-405 -894 298 0 
-464 608 967 0 
198 -622 182 0 
-281 74 303 0 
285 410 148 0 
852 225 744 0 
884 -21 -733 0 
-355 409 879 0 
936 98 914 0 
-283 540 -328 0 
836 -647 -380 0 
288 -282 -354 0 
-634 289 -45 0 
432 998 -624 0 
184 -403 -277 0 
-7 84 224 0 
543 98 -195 0 
-789 664 -188 0 
941 508 -399 0 
547 32 -204 0 
896 26 -773 0 
-857 -730 -648 0 
29 -21 681 0 
838 338 -638 0 
-999 -460 -701 0 
604 -899 -890 0 
315 813 -646 0 
-137 -476 192 0 
120 -373 -190 0 
367 825 229 0 
869 45 -501 0 
-117 369 534 0 
1 -128 654 0 
372 676 703 0 
-279 -617 -591 0 
-707 -533 115 0 
264 -475 170 0 
-97 -833 311 0 
111 857 -872 0 
606 -960 788 0 
658 -938 209 0 
39 -377 862 0 
-610 159 27 0 
81 143 797 0 
329 805 698 0 
345 894 -609 0 
81 -664 689 0 
-192 306 190 0 
872 -954 925 0 
-716 240 -399 0 
-103 -307 -991 0 
648 -219 -352 0 
-772 392 662 0 
-106 363 -47 0 
655 808 312 0 
-466 988 49 0 
-697 694 -495 0 
697 -48 808 0 
-355 701 29 0 
915 267 769 0 
747 817 129 0 
193 197 -335 0 
-582 -207 -891 0 
-885 731 -823 0 
-882 223 -859 0 
679 572 515 0 
-458 -871 -62 0 
-695 -725 547 0 
-778 119 -239 0 
410 549 -797 0 
-802 335 713 0 
-795 893 -239 0 
604 -528 -986 0 
249 883 314 0 
985 632 409 0 
-204 488 388 0 
-792 -688 -756 0 
-597 -939 500 0 
-952 737 290 0 
888 -91 -929 0 
-255 -569 -314 0 
177 148 841 0 
625 -186 -970 0 
554 -29 -661 0 
267 -759 833 0 
765 -468 70 0 
67 -700 -523 0 
-164 770 701 0 
-174 -735 90 0 
-307 -547 398 0 
740 706 827 0 
995 193 -954 0 
-617 623 -295 0 
-594 792 230 0 
32 -921 -704 0 
714 -955 -275 0 
103 165 -957 0 
193 -259 -899 0 
-752 -800 -457 0 
-34 -274 107 0 
-662 317 -784 0 
212 960 803 0 
252 842 828 0 
125 -433 959 0 
-291 -249 -735 0 
-309 -123 -600 0 
-223 170 805 0 
559 -162 -226 0 
943 -225 368 0 
-493 969 -871 0 
-11 -247 -591 0 
-353 37 -645 0 
248 -906 -27 0 
-190 -258 897 0 
639 -332 496 0 
327 -554 200 0 
-974 -78 813 0 
-358 -99 425 0 
-475 338 -729 0 
-195 856 654 0 
588 -900 -453 0 
-146 -646 -380 0 
-3 -364 -514 0 
-933 -932 883 0 
783 -834 606 0 
-968 504 -557 0 
266 96 755 0 
436 -624 -820 0 
922 350 214 0 
-546 819 -277 0 
-503 660 -217 0 
438 -24 881 0 
-230 -857 127 0 
762 -646 648 0 
12 -301 959 0 
-599 676 -23 0 
-598 137 -170 0 
-204 -733 762 0 
-411 327 -652 0 
-14 665 621 0 
-377 -763 -31 0 
54 676 -691 0 
-115 183 850 0 
626 -252 -4 0 
729 265 -606 0 
-301 714 504 0 
107 534 241 0 
767 686 572 0 
-612 -215 801 0 
200 -844 -637 0 
465 -295 256 0 
345 791 -207 0 
295 -81 28 0 
244 656 109 0 
309 -731 228 0 
-309 -933 111 0 
546 173 840 0 
251 -377 -137 0 
864 643 -36 0 
233 642 835 0 
893 -891 451 0 
377 -430 679 0 
-266 251 829 0 
619 482 -693 0 
558 -168 641 0 
111 -198 287 0 
-777 -979 106 0 
947 -955 141 0 
-373 -314 -213 0 
-684 -93 -943 0 
-267 -784 -347 0 
820 578 -105 0 
-472 -927 62 0 
711 -808 439 0 
281 -732 -323 0 
353 -962 846 0 
-235 405 -222 0 
218 619 -597 0 
-584 141 -482 0 
278 -58 -811 0 
556 -480 58 0 
202 -807 -501 0 
-932 -956 -31 0 
227 777 47 0 
797 -97 -540 0 
696 226 198 0 
-395 -3 768 0 
-583 -146 140 0 
503 -280 681 0 
-684 469 139 0 
-413 -265 983 0 
662 -707 -612 0 
-844 -52 -580 0 
-924 486 -553 0 
549 -33 706 0 
31 812 -633 0 
734 412 -396 0 
758 340 -736 0 
692 569 883 0 
304 -52 580 0 
254 -411 336 0 
-133 -700 -223 0 
36 625 461 0 
186 386 -990 0 
-384 -293 -320 0 
466 314 559 0 
-451 -447 -214 0 
-279 -44 597 0 
818 -592 383 0 
-902 162 -948 0 
-609 -528 164 0 
119 114 318 0 
-853 288 -405 0 
-718 901 -471 0 
-102 -578 -385 0 
-494 -837 -930 0 
615 689 466 0 
-201 -437 -285 0 
127 -355 532 0 
-578 -389 -567 0 
-228 -797 990 0 
-914 -877 -28 0 
-107 -356 -518 0 
-537 -653 -967 0 
-167 -291 880 0 
-835 447 -330 0 
-972 -434 -321 0 
95 170 -823 0 
793 -87 -321 0 
-970 -333 -91 0 
-812 -584 -176 0 
-182 494 -120 0 
-938 702 -819 0 
839 -987 15 0 
-38 279 17 0 
-493 -190 745 0 
995 855 -907 0 
-458 -913 -510 0 
-314 92 134 0 
125 -669 621 0 
633 326 -512 0 
-355 -201 757 0 
686 461 271 0 
-920 -271 492 0 
464 -493 788 0 
-836 860 -645 0 
849 836 -538 0 
-249 965 693 0 
738 935 -342 0 
-91 -976 -925 0 
-894 834 540 0 
488 674 -862 0 
155 600 559 0 
-674 365 -324 0 
-55 353 767 0 
-374 944 -402 0 
577 -367 785 0 
728 -958 799 0 
-580 90 524 0 
616 542 711 0 
990 186 73 0 
790 923 586 0 
668 -445 -626 0 
-4 -101 -599 0 
182 470 -531 0 
206 -483 954 0 
-514 -900 -541 0 
-119 471 198 0 
362 -848 43 0 
556 186 -144 0 
828 163 886 0 
425 -263 -144 0 
256 898 -286 0 
-856 201 -632 0 
-611 220 -574 0 
-293 458 852 0 
-587 534 -910 0 
360 -663 -311 0 
-206 766 -688 0 
502 81 952 0 
-617 921 -427 0 
-957 926 819 0 
420 -688 602 0 
49 948 -314 0 
-146 -530 -922 0 
-460 621 424 0 
61 -920 557 0 
-361 309 947 0 
-809 -11 983 0 
894 255 -619 0 
-681 -984 809 0 
-555 -897 683 0 
-557 -880 996 0 
-88 607 -410 0 
410 -90 828 0 
-111 49 590 0 
-914 -840 -726 0 
117 585 -33 0 
848 531 399 0 
-326 -861 510 0 
-957 -779 250 0 
-41 908 824 0 
550 832 -662 0 
356 799 714 0 
157 -358 -397 0 
939 -214 70 0 
800 173 -537 0 
215 580 73 0 
-490 918 -194 0 
-725 -463 -606 0 
219 955 959 0 
479 702 -795 0 
-587 634 -79 0 
240 330 -42 0 
-800 752 28 0 
206 -834 873 0 
292 -710 119 0 
-888 -703 137 0 
659 -241 -423 0 
-985 809 -949 0 
246 888 874 0 
-162 -638 -896 0 
-940 342 -936 0 
420 329 -321 0 
-819 117 -767 0 
107 -339 725 0 
393 624 -201 0 
970 -304 -219 0 
-702 -70 -90 0 
-654 232 -271 0 
-832 -3 -244 0 
362 908 779 0 
-317 441 -3 0 
598 289 526 0 
-325 339 -960 0 
809 -439 497 0 
-464 -691 830 0 
71 -527 -958 0 
-853 -140 -183 0 
869 -11 641 0 
-933 -478 -995 0 
824 945 736 0 
848 -197 -395 0 
-460 343 751 0 
622 -94 805 0 
132 -409 50 0 
-641 178 147 0 
556 -662 761 0 
866 -322 408 0 
562 490 -964 0 
-145 306 565 0 
671 402 -400 0 
-480 286 704 0 
229 -711 800 0 
-363 -824 654 0 
-797 -859 337 0 
811 830 -416 0 
532 -88 -97 0 
-279 406 204 0 
990 -836 -532 0 
859 49 551 0 
625 960 236 0 
-839 759 -879 0 
-121 795 472 0 
-215 262 575 0 
540 -863 -673 0 
288 561 -675 0 
-26 -70 359 0 
-321 362 592 0 
222 -843 -698 0 
264 235 -803 0 
391 182 761 0 
328 732 -31 0 
-368 -741 -560 0 
613 836 847 0 
-932 -403 605 0 
696 115 40 0 
-248 760 -733 0 
-171 -240 705 0 
166 -657 46 0 
850 -491 -789 0 
-148 -821 -615 0 
-780 -459 -388 0 
991 -357 441 0 
-204 -782 -606 0 
-62 46 -465 0 
73 -195 -699 0 
-822 -983 116 0 
-802 937 -186 0 
-433 -607 -663 0 
-562 652 729 0 
-718 61 -84 0 
260 -254 -500 0 
-688 -164 433 0 
-738 -23 417 0 
-597 945 827 0 
782 -751 -120 0 
-64 -54 -541 0 
242 -540 -791 0 
-934 412 941 0 
298 -158 105 0 
822 147 998 0 
-298 893 -153 0 
260 912 985 0 
-527 -199 -128 0 
854 886 -766 0 
-691 -522 -138 0 
-475 -538 -876 0 
-779 -327 -958 0 
99 -173 650 0 
-119 -935 340 0 
-217 -295 978 0 
185 -788 -891 0 
369 385 -628 0 
-584 -157 -389 0 
312 586 -628 0 
678 -925 -146 0 
89 98 423 0 
-867 -599 943 0 
212 607 -242 0 
-221 994 24 0 
-610 -328 705 0 
347 171 819 0 
-760 -580 -417 0 
170 -829 141 0 
677 -108 642 0 
311 -148 366 0 
630 -40 919 0 
-693 931 -859 0 
524 -33 -582 0 
-867 815 -32 0 
906 930 -826 0 
379 -221 -741 0 
642 -98 700 0 
700 -652 228 0 
-358 -739 -682 0 
-37 711 -481 0 
378 587 67 0 
328 449 -27 0 
-330 274 -500 0 
-480 -436 296 0 
835 -546 -409 0 
506 133 488 0 
-970 186 -441 0 
791 247 137 0 
-735 -815 845 0 
77 -715 -385 0 
-784 176 907 0 
959 19 -138 0 
-420 -64 923 0 
-290 -568 910 0 
258 643 -595 0 
-756 -860 798 0 
-8 -803 614 0 
-508 -655 184 0 
219 446 -24 0 
-97 799 -789 0 
-138 449 121 0 
-25 725 -731 0 
333 -718 -566 0 
244 164 -509 0 
-724 -691 -380 0 
147 699 -710 0 
-407 -100 -509 0 
-787 469 -477 0 
105 616 324 0 
-826 -919 -670 0 
-624 -800 520 0 
782 -844 -291 0 
169 -28 31 0 
53 -630 713 0 
794 960 -556 0 
-741 -120 930 0 
-36 468 51 0 
349 262 -876 0 
-263 211 -175 0 
797 -662 551 0 
803 -703 357 0 
419 -144 -869 0 
538 331 964 0 
58 -786 -985 0 
580 452 897 0 
-839 343 930 0 
842 673 -144 0 
424 861 338 0 
-807 891 -191 0 
-127 -206 -109 0 
-487 829 190 0 
124 -273 -926 0 
-546 -934 227 0 
839 -282 -163 0 
302 70 -868 0 
110 -175 83 0 
641 -270 810 0 
-556 638 -456 0 
-31 662 882 0 
-5 198 718 0 
17 -16 -417 0 
-18 916 -103 0 
-577 -844 675 0 
845 -834 708 0 
-860 -467 -505 0 
753 -834 -992 0 
813 -101 693 0 
302 319 -108 0 
-842 545 -605 0 
727 -528 -826 0 
71 -738 579 0 
322 753 283 0 
787 152 737 0 
383 286 -947 0 
133 -504 -965 0 
-202 -178 -442 0 
690 842 -879 0 
778 -480 -403 0 
-701 754 811 0 
-855 605 -361 0 
-513 -846 565 0 
-749 -883 -587 0 
751 837 347 0 
426 587 -521 0 
600 498 -904 0 
-31 477 -951 0 
774 -370 -89 0 
455 2 -199 0 
451 332 -353 0 
411 757 427 0 
-931 372 971 0 
904 -565 216 0 
-467 -737 -860 0 
996 -65 -139 0 
705 236 -349 0 
-577 71 567 0 
-552 -704 -263 0 
717 850 -606 0 
376 -7 817 0 
807 -304 -164 0 
-809 -383 -264 0 
668 5 -176 0 
179 -982 -944 0 
33 570 -204 0 
516 -35 -6 0 
-164 452 645 0 
-93 533 -466 0 
444 751 500 0 
738 -592 -551 0 
404 309 -226 0 
356 -82 915 0 
-115 915 -298 0 
-166 25 -36 0 
-611 -239 -257 0 
-309 -820 159 0 
192 717 -251 0 
516 227 -482 0 
-761 803 631 0 
-811 59 731 0 
89 -134 196 0 
-229 -795 -486 0 
398 551 572 0 
371 361 -414 0 
-465 -764 368 0 
293 522 355 0 
-785 132 -31 0 
-922 812 -680 0 
131 -3 -246 0 
-152 287 822 0 
-2 -256 -697 0 
-22 -404 990 0 
-539 -239 863 0 
647 452 -345 0 
976 826 238 0 
-273 744 136 0 
936 -789 -701 0 
-190 994 -880 0 
-638 -342 30 0 
-28 846 462 0 
605 897 -46 0 
-588 434 56 0 
668 -197 -228 0 
258 321 -580 0 
921 -952 342 0 
-176 -884 167 0 
118 -735 -947 0 
-617 -993 -40 0 
-415 -736 965 0 
81 -264 -503 0 
8 -868 511 0 
663 -11 661 0 
183 803 829 0 
-461 -487 -411 0 
449 477 -595 0 
901 -900 -313 0 
178 -4 382 0 
-897 554 -902 0 
997 714 989 0 
-236 -738 -67 0 
277 603 -235 0 
51 -347 659 0 
-207 341 612 0 
208 629 -922 0 
-596 -499 741 0 
862 913 -262 0 
-76 384 -141 0 
975 895 235 0 
-415 844 -248 0 
-883 -72 575 0 
-648 200 -888 0 
-337 -829 -364 0 
779 -699 775 0 
123 856 -609 0 
-821 779 -899 0 
-393 -622 -375 0 
106 542 5 0 
694 -501 58 0 
-994 -720 -678 0 
-59 328 408 0 
-180 957 259 0 
304 -192 374 0 
-867 793 -584 0 
492 -775 569 0 
-953 810 252 0 
-170 -661 -59 0 
598 393 410 0 
-221 -285 -902 0 
25 -887 978 0 
-496 -186 254 0 
113 -599 -983 0 
-276 993 -269 0 
-747 -96 -92 0 
388 -280 -838 0 
949 -829 -564 0 
-138 287 -112 0 
783 158 -290 0 
-560 263 -29 0 
243 -851 534 0 
432 -466 -170 0 
-384 775 671 0 
-610 389 869 0 
796 -856 750 0 
-399 -779 880 0 
659 -488 820 0 
-764 -954 71 0 
404 449 651 0 
444 327 597 0 
680 -270 -975 0 
28 -618 430 0 
11 -741 925 0 
-214 -528 38 0 
-126 224 962 0 
492 -696 478 0 
-436 -117 -206 0 
-333 -199 -370 0 
-639 -130 -725 0 
376 285 -2 0 
633 100 -327 0 
236 496 -541 0 
75 -630 -448 0 
-335 544 -738 0 
326 20 -937 0 
798 -870 945 0 
-268 769 884 0 
-509 -381 846 0 
418 663 -101 0 
-298 702 -699 0 
-199 613 922 0 
-192 -450 85 0 
-741 -322 294 0 
65 -428 229 0 
19 -53 -895 0 
507 -22 -440 0 
848 -525 -235 0 
742 -802 -19 0 
-153 167 938 0 
170 -975 -798 0 
-546 -592 936 0 
408 -563 -651 0 
480 187 674 0 
-740 663 94 0 
69 425 267 0 
905 881 714 0 
-608 -133 496 0 
-309 846 491 0 
-546 -932 -411 0 
26 201 624 0 
-171 -966 756 0 
914 486 -655 0 
-197 64 4 0 
194 -61 359 0 
-631 -165 -73 0 
-899 -960 -491 0 
414 202 26 0 
-111 653 -391 0 
838 823 877 0 
327 -450 -609 0 
876 870 -524 0 
-596 916 -338 0 
-68 711 52 0 
-331 -323 -987 0 
-505 -366 -988 0 
-562 311 875 0 
666 -540 865 0 
684 -887 -596 0 
-790 -662 708 0 
702 716 599 0 
-518 420 429 0 
-16 643 868 0 
-378 456 -750 0 
-348 674 -43 0 
267 -373 -314 0 
893 257 -544 0 
-985 -39 836 0 
887 919 334 0 
-788 107 -901 0 
554 941 -639 0 
122 552 -161 0 
547 -834 -725 0 
49 -318 -343 0 
728 17 275 0 
811 -287 -614 0 
-708 770 693 0 
-274 192 -908 0 
913 -367 -41 0 
-661 21 334 0 
820 -293 -777 0 
717 -815 106 0 
739 476 -627 0 
464 -717 -166 0 
-493 328 -167 0 
-928 -541 -935 0 
844 45 -362 0 
503 -171 542 0 
481 -967 650 0 
188 59 -870 0 
-4 -397 608 0 
-175 -576 -712 0 
-544 -936 -237 0 
430 323 100 0 
-668 989 590 0 
326 -666 -923 0 
963 533 256 0 
209 -738 -818 0 
761 -892 439 0 
-382 -281 -90 0 
158 -631 246 0 
-137 -799 -896 0 
-928 -867 -459 0 
-129 214 110 0 
241 491 -440 0 
196 487 58 0 
-683 621 917 0 
464 190 766 0 
786 -144 493 0 
56 752 -881 0 
596 -173 -910 0 
595 -298 92 0 
-730 743 60 0 
247 -619 -242 0 
-41 -515 3 0 
-359 701 244 0 
408 272 81 0 
466 80 -544 0 
820 299 -728 0 
-941 -774 -661 0 
951 -998 -784 0 
484 -928 412 0 
-537 -825 -241 0 
777 253 -112 0 
-137 390 287 0 
-639 641 -939 0 
748 -899 96 0 
177 -372 252 0 
-414 690 896 0 
-47 -630 -258 0 
-679 155 976 0 
840 780 519 0 
-564 968 -898 0 
-787 40 -456 0 
-804 123 279 0 
478 -980 833 0 
336 -829 -346 0 
-414 300 -489 0 
171 508 -933 0 
492 -924 -267 0 
785 -535 512 0 
639 424 804 0 
246 60 -514 0 
-1000 -377 -452 0 
385 656 -240 0 
-57 -501 630 0 
-894 -176 433 0 
-842 -149 979 0 
-302 977 -620 0 
157 -390 -817 0 
-275 830 317 0 
435 371 -962 0 
714 76 -298 0 
136 243 -528 0 
-462 545 25 0 
172 -376 59 0 
313 388 -292 0 
-621 516 242 0 
-133 779 42 0 
-168 -457 -669 0 
103 200 266 0 
-98 -60 75 0 
-267 -232 -959 0 
-366 -745 -988 0 
-807 -524 -555 0 
27 -253 -590 0 
-702 593 30 0 
48 -566 781 0 
137 639 -271 0 
-871 -413 -886 0 
-288 -21 978 0 
-295 596 576 0 
-901 -399 758 0 
-394 -626 -367 0 
-992 -700 -190 0 
872 304 19 0 
-230 -143 -306 0 
652 347 801 0 
-322 747 -37 0 
319 -6 -754 0 
316 246 -147 0 
432 642 -859 0 
-348 324 698 0 
99 714 -637 0 
-202 305 92 0 
576 837 524 0 
102 123 -552 0 
-390 453 44 0 
302 764 920 0 
-466 -546 -767 0 
313 -899 -998 0 
591 702 358 0 
720 -834 -324 0 
968 -889 -110 0 
-766 776 -519 0 
685 -74 -483 0 
969 -590 808 0 
-184 -304 919 0 
-782 342 -154 0 
-516 809 166 0 
434 -520 -403 0 
-893 -443 747 0 
566 802 -418 0 
-52 -880 720 0 
692 -275 485 0 
-320 -567 619 0 
-524 750 972 0 
615 -630 -77 0 
68 -624 -126 0 
-783 -387 -954 0 
-159 -816 -353 0 
-279 781 -553 0 
-485 -556 -697 0 
277 -398 -522 0 
-662 20 333 0 
656 -388 -563 0 
100 769 -561 0 
-41 95 832 0 
-637 544 667 0 
382 138 903 0 
239 464 -714 0 
515 952 -505 0 
938 820 -878 0 
760 -495 547 0 
255 380 -600 0 
-647 727 -840 0 
-657 469 466 0 
565 -253 -872 0 
-913 -726 -983 0 
100 319 240 0 
-99 20 14 0 
885 639 -47 0 
264 -858 705 0 
-577 -759 758 0 
702 -247 -1 0 
124 -131 -765 0 
884 758 912 0 
924 848 391 0 
-595 373 572 0 
326 996 991 0 
277 607 38 0 
85 -895 934 0 
804 -234 -72 0 
245 -72 -965 0 
318 96 902 0 
-612 -97 -742 0 
-662 -441 709 0 
-280 -758 -649 0 
-193 -328 355 0 
60 -104 -378 0 
238 -450 -733 0 
238 814 -813 0 
-466 826 -492 0 
922 -717 -816 0 
-166 486 747 0 
-947 -948 632 0 
429 -967 383 0 
-258 404 991 0 
-509 -840 843 0 
494 -964 454 0 
-497 -949 -529 0 
884 -385 -195 0 
238 237 -10 0 
-639 108 998 0 
671 -21 544 0 
-808 237 -381 0 
-569 -583 -804 0 
348 -423 -125 0 
-76 575 -944 0 
-610 861 824 0 
-269 -69 -240 0 
740 905 336 0 
335 683 -551 0 
942 272 -43 0 
801 -767 -777 0 
576 -120 -265 0 
663 933 -92 0 
-60 404 577 0 
-159 164 348 0 
-976 -19 173 0 
58 -162 2 0 
416 814 -253 0 
-424 -310 -798 0 
-366 -995 591 0 
29 398 187 0 
-157 496 735 0 
-844 346 182 0 
561 800 937 0 
-575 749 389 0 
477 -430 809 0 
-644 789 -736 0 
-37 605 461 0 
-757 472 -218 0 
961 -482 506 0 
-111 418 -957 0 
-985 -905 -183 0 
891 449 37 0 
-578 181 766 0 
84 784 317 0 
-767 485 622 0 
-109 -37 395 0 
814 566 -55 0 
419 -974 -921 0 
-393 -982 459 0 
821 772 690 0 
-99 921 418 0 
-901 -745 735 0 
-375 -254 -999 0 
-537 102 424 0 
566 -51 640 0 
-895 -880 982 0 
-537 -566 575 0 
-334 296 -5 0 
-949 -284 542 0 
-442 115 418 0 
978 -991 -174 0 
188 -269 -122 0 
-944 811 -635 0 
412 663 821 0 
703 -195 -721 0 
-902 148 -186 0 
161 181 -553 0 
995 -476 323 0 
-551 -263 -166 0 
-756 376 -61 0 
520 928 174 0 
357 -865 -160 0 
678 -557 -965 0 
180 489 -642 0 
328 -376 -170 0 
891 -325 -296 0 
356 434 494 0 
360 828 -623 0 
512 -581 -302 0 
-764 676 -372 0 
854 492 -377 0 
-158 -385 -266 0 
614 -733 -300 0 
359 -940 925 0 
40 -829 -630 0 
-940 -560 781 0 
172 552 70 0 
301 -985 -282 0 
985 -665 698 0 
-815 375 -231 0 
-76 -904 510 0 
396 146 173 0 
-988 367 983 0 
745 -998 -687 0 
-683 958 224 0 
972 758 330 0 
-761 -724 897 0 
157 -84 -180 0 
383 -293 -371 0 
-836 849 599 0 
286 896 -948 0 
976 379 747 0 
203 554 -949 0 
-206 -832 619 0 
818 600 103 0 
194 340 591 0 
902 -588 -336 0 
-986 894 -38 0 
-433 967 -689 0 
-217 -679 -748 0 
699 857 -265 0 
271 -309 -793 0 
552 -283 623 0 
-253 -430 686 0 
412 184 -546 0 
-283 -930 787 0 
340 378 224 0 
240 68 960 0 
678 405 -529 0 
879 818 -301 0 
-48 -194 -607 0 
828 -528 -378 0 
708 933 120 0 
580 -21 -63 0 
-323 -687 914 0 
-320 -99 500 0 
799 -69 270 0 
958 -288 -292 0 
72 466 -333 0 
548 420 -490 0 
-401 -90 -78 0 
389 -820 -55 0 
-337 -205 -232 0 
-112 -46 -655 0 
-179 134 772 0 
196 485 384 0 
-166 -915 471 0 
677 -684 -354 0 
-775 778 -179 0 
330 673 155 0 
-259 -7 306 0 
-800 958 -318 0 
497 394 -688 0 
-717 536 922 0 
-655 -535 745 0 
-404 -645 -914 0 
-614 881 -738 0 
463 -375 -433 0 
-155 -439 -703 0 
510 988 150 0 
-62 -218 -273 0 
-690 -715 -84 0 
-317 194 265 0 
-455 -415 822 0 
993 -952 -835 0 
-7 401 157 0 
257 -188 -475 0 
-695 -316 -508 0 
974 379 -745 0 
617 431 773 0 
-274 112 339 0 
-465 46 401 0 
-975 320 782 0 
-282 -321 847 0 
-936 -612 132 0 
-105 358 531 0 
178 854 943 0 
-544 -355 790 0 
802 62 -473 0 
-437 499 477 0 
-914 -828 -365 0 
-383 -130 -725 0 
292 -406 657 0 
-947 -515 -955 0 
13 32 137 0 
937 836 -503 0 
-440 -317 -879 0 
-61 201 -303 0 
-303 -714 415 0 
-498 19 570 0 
573 -718 835 0 
61 947 -489 0 
499 879 915 0 
389 -346 -644 0 
626 -267 559 0 
881 -29 264 0 
-627 -898 165 0 
-618 -524 -313 0 
-733 959 -442 0 
987 864 -501 0 
60 242 -908 0 
789 -369 -81 0 
901 -497 802 0 
-849 943 994 0 
-740 174 872 0 
-811 929 -470 0 
268 -594 635 0 
-472 752 534 0 
-700 -447 658 0 
-781 -186 -832 0 
756 460 -986 0 
193 838 590 0 
74 292 744 0 
-602 -148 -74 0 
-407 916 -34 0 
-617 -180 734 0 
-334 689 -111 0 
78 -486 612 0 
220 316 314 0 
493 159 -465 0 
-503 -743 -389 0 
660 -709 -949 0 
-703 -399 99 0 
-846 822 -484 0 
782 -192 473 0 
-977 113 -444 0 
827 797 -739 0 
-98 -969 -324 0 
189 -567 658 0 
-682 -445 952 0 
371 -338 290 0 
933 915 282 0 
208 277 634 0 
503 821 -662 0 
-185 -73 710 0 
-104 -671 400 0 
784 -754 -776 0 
-510 -516 172 0 
617 -175 831 0 
-483 568 -840 0 
-740 -822 246 0 
748 -572 -851 0 
859 -944 -271 0 
-613 -922 399 0 
-875 -322 -205 0 
-908 863 -902 0 
68 -675 -135 0 
-530 26 680 0 
142 898 537 0 
198 537 289 0 
-870 252 -559 0 
-457 -549 -832 0 
644 -616 -438 0 
-454 246 907 0 
401 404 -634 0 
666 861 -531 0 
-143 677 758 0 
-979 -46 715 0 
-115 -801 -98 0 
-145 819 718 0 
-642 176 961 0 
-195 -770 642 0 
-953 -363 655 0 
52 -724 542 0 
79 991 -401 0 
646 732 -920 0 
459 9 303 0 
-555 -630 639 0 
26 -706 312 0 
-781 583 -385 0 
587 -984 -808 0 
-347 216 317 0 
-806 -27 235 0 
-937 256 381 0 
954 -156 720 0 
983 243 -959 0 
517 -596 884 0 
-300 79 -896 0 
-157 204 990 0 
588 290 -861 0 
791 707 -436 0 
-350 747 -983 0 
603 -215 -785 0 
70 -313 329 0 
-537 134 -729 0 
-589 136 698 0 
261 -601 954 0 
-535 -46 -609 0 
840 903 -998 0 
733 352 -424 0 
-190 -537 751 0 
-983 113 875 0 
-152 793 -718 0 
329 540 463 0 
-354 425 -468 0 
-628 -261 -581 0 
976 704 178 0 
12 293 -125 0 
92 331 581 0 
-353 -919 617 0 
197 -138 -485 0 
722 -443 646 0 
22 920 574 0 
-3 -168 472 0 
986 316 -724 0 
-784 526 898 0 
992 507 -990 0 
495 918 -279 0 
-33 644 -581 0 
-13 142 -439 0 
-207 952 41 0 
955 -574 258 0 
801 -743 -239 0 
-625 777 -233 0 
950 -980 -366 0 
-860 621 533 0 
-409 -588 689 0 
-847 -480 915 0 
-440 -659 877 0 
240 -467 -393 0 
409 732 -628 0 
495 578 666 0 
495 -679 -700 0 
-353 -967 99 0 
-604 129 -834 0 
-343 497 552 0 
521 -839 -192 0 
172 -877 -348 0 
-272 -341 -662 0 
740 -908 -664 0 
-931 872 -682 0 
-185 -14 259 0 
444 20 -8 0 
547 483 991 0 
-650 -426 373 0 
-202 983 -6 0 
-162 449 -463 0 
605 -246 -144 0 
-686 -92 938 0 
-88 27 202 0 
531 -456 228 0 
738 423 100 0 
-832 -730 52 0 
-209 200 -750 0 
852 275 -369 0 
382 -125 899 0 
499 -699 388 0 
-851 -126 610 0 
159 911 939 0 
-580 9 -488 0 
834 -279 -603 0 
403 869 191 0 
90 -286 -840 0 
-456 -596 857 0 
-732 -476 -236 0 
758 299 745 0 
-541 746 494 0 
176 -496 222 0 
478 740 -150 0 
418 516 -534 0 
771 -106 597 0 
595 27 102 0 
-128 -924 657 0 
-137 -245 421 0 
361 -994 -602 0 
880 -863 -808 0 
405 -490 714 0 
-113 963 -319 0 
-137 561 867 0 
-643 -681 -273 0 
-359 -27 906 0 
634 759 -68 0 
-909 106 587 0 
278 417 990 0 
321 312 -730 0 
-544 219 -896 0 
-435 -404 -911 0 
754 911 -986 0 
-402 -575 586 0 
-266 165 -735 0 
-5 -254 -846 0 
60 94 -379 0 
-581 -70 -757 0 
408 -139 -809 0 
457 -414 23 0 
967 524 -140 0 
-615 663 833 0 
657 -644 948 0 
-93 -399 -776 0 
-539 763 -955 0 
-572 -11 267 0 
-957 -968 322 0 
-979 -933 815 0 
5 984 852 0 
316 288 270 0 
881 -971 -18 0 
-481 759 -465 0 
-733 791 -434 0 
-252 244 -55 0 
-673 -208 -594 0 
-277 278 -10 0 
622 241 501 0 
573 630 865 0 
-852 -68 281 0 
-771 -515 967 0 
-896 377 -513 0 
527 -878 -286 0 
-643 -664 395 0 
800 319 -172 0 
904 -817 -211 0 
-641 -918 -172 0 
-151 25 -338 0 
708 822 594 0 
321 -800 75 0 
351 -796 631 0 
-313 459 -333 0 
-490 644 -959 0 
511 49 -451 0 
-644 26 -591 0 
-214 -388 339 0 
-129 880 -826 0 
-272 -981 -207 0 
71 -710 847 0 
570 773 -946 0 
79 339 -403 0 
-485 496 187 0 
527 -803 -811 0 
192 -507 -580 0 
984 -39 -278 0 
-59 655 954 0 
113 416 -523 0 
-54 -218 -166 0 
15 988 243 0 
-740 200 47 0 
906 -571 173 0 
813 -634 -650 0 
-655 237 -606 0 
166 574 784 0 
-349 -430 466 0 
491 209 505 0 
362 514 -707 0 
-657 493 -321 0 
-849 210 -673 0 
-177 508 568 0 
-793 435 648 0 
-804 -936 61 0 
50 -498 -85 0 
983 -675 495 0 
175 174 -291 0 
323 -839 394 0 
982 778 -666 0 
669 998 -175 0 
287 445 561 0 
317 775 -462 0 
481 -490 370 0 
855 889 879 0 
-160 37 540 0 
-358 768 -40 0 
-315 938 -322 0 
-99 -119 -158 0 
-220 -957 448 0 
-987 82 260 0 
475 -606 -955 0 
-108 996 701 0 
649 -346 -851 0 
431 -559 -743 0 
-884 -34 -513 0 
-696 -387 18 0 
-49 -889 -365 0 
194 253 -649 0 
606 -738 633 0 
-876 -366 686 0 
775 442 -252 0 
324 209 489 0 
718 -228 619 0 
619 -323 195 0 
868 -962 -833 0 
200 128 834 0 
-522 829 84 0 
-472 -419 918 0 
-675 295 -229 0 
-363 -242 624 0 
322 -658 942 0 
-594 -373 -822 0 
-314 53 -313 0 
544 907 698 0 
89 -850 -856 0 
-637 -909 -13 0 
999 -245 -125 0 
241 454 735 0 
-265 -167 198 0 
363 265 833 0 
986 -831 719 0 
692 -921 843 0 
-801 172 283 0 
45 -262 801 0 
-979 -563 -942 0 
-2 -771 790 0 
422 412 999 0 
-835 -970 16 0 
40 77 227 0 
516 -191 904 0 
-253 -91 -344 0 
-923 -99 629 0 
-641 -429 316 0 
43 -903 128 0 
-24 503 843 0 
113 -937 263 0 
-271 978 386 0 
-239 577 158 0 
-745 -645 -366 0 
57 -718 -61 0 
-446 -293 529 0 
542 -410 -441 0 
-456 -26 294 0 
-975 27 223 0 
684 939 -540 0 
-966 815 -572 0 
-892 -397 800 0 
373 937 -900 0 
-358 973 -121 0 
155 -637 785 0 
885 320 -826 0 
-902 -498 -434 0 
-10 -124 -696 0 
764 464 911 0 
241 -268 -840 0 
520 -573 272 0 
673 -324 -696 0 
-193 -270 422 0 
290 805 -728 0 
-347 -742 -68 0 
-817 44 933 0 
8 943 618 0 
-936 -482 397 0 
-622 677 877 0 
-285 278 439 0 
-330 27 294 0 
-256 955 -586 0 
-428 -765 379 0 
487 631 -310 0 
-695 581 -57 0 
-636 460 70 0 
-529 771 15 0 
769 -137 220 0 
-966 -185 93 0 
-345 941 -947 0 
-657 -89 841 0 
-983 -484 -722 0 
406 -716 18 0 
268 -605 -193 0 
363 -736 197 0 
-555 -126 -862 0 
889 -443 -686 0 
-790 -490 1000 0 
-522 -250 -11 0 
403 -268 203 0 
-331 -799 -490 0 
611 -331 -134 0 
278 130 -653 0 
88 912 -833 0 
-815 -759 162 0 
-212 -892 -272 0 
572 235 -519 0 
985 490 -427 0 
417 314 -304 0 
842 -368 194 0 
889 -535 370 0 
-929 243 -109 0 
153 -736 -452 0 
-700 -232 762 0 
803 881 -322 0 
-551 512 907 0 
-215 913 465 0 
542 354 -718 0 
-417 -440 380 0 
275 -111 473 0 
105 -351 207 0 
543 824 -894 0 
643 -466 -944 0 
-454 -259 -504 0 
871 536 827 0 
-82 -510 -77 0 
584 -746 120 0 
-145 234 41 0 
-127 692 6 0 
-381 -881 664 0 
-709 -434 996 0 
-199 421 -72 0 
343 -532 -674 0 
-373 170 626 0 
-476 -821 -937 0 
299 92 -887 0 
756 -146 -205 0 
167 -866 640 0 
445 -446 -285 0 
-248 3 681 0 
891 918 -841 0 
899 476 -958 0 
562 690 222 0 
54 -789 605 0 
437 372 685 0 
-256 -691 785 0 
278 -676 -85 0 
347 130 162 0 
-467 765 -392 0 
532 264 -831 0 
387 -541 967 0 
-927 -756 770 0 
429 -71 -670 0 
-392 253 6 0 
147 876 220 0 
782 -791 -432 0 
-749 -566 -994 0 
-498 857 78 0 
-636 -602 -206 0 
-610 738 -287 0 
-266 -779 571 0 
-876 -422 -996 0 
642 230 366 0 
-731 871 -503 0 
-726 -699 -197 0 
771 -705 -238 0 
188 598 -473 0 
343 616 66 0 
41 773 -372 0 
-478 880 574 0 
301 -901 -750 0 
840 -630 268 0 
185 -88 238 0 
-918 763 636 0 
96 -545 -653 0 
887 -15 -353 0 
574 266 -940 0 
938 305 359 0 
-180 -697 -244 0 
185 -481 714 0 
232 -488 551 0 
793 -383 29 0 
987 -674 -191 0 
518 -853 439 0 
-666 -213 949 0 
-569 730 -539 0 
-912 864 -77 0 
10 5 -588 0 
-22 -995 -479 0 
427 214 -510 0 
451 979 -65 0 
860 993 -554 0 
237 812 820 0 
592 453 274 0 
530 153 -392 0 
-666 -446 566 0 
466 -347 2 0 
990 -828 -124 0 
-846 -793 -223 0 
-811 -338 -921 0 
341 196 -290 0 
400 732 -927 0 
-976 953 9 0 
460 355 189 0 
136 -998 875 0 
329 355 500 0 
205 196 445 0 
-752 702 511 0 
-96 -125 -328 0 
-58 976 820 0 
547 -464 86 0 
-165 531 -867 0 
243 312 352 0 
853 94 -445 0 
-560 715 513 0 
-953 -863 463 0 
746 -964 -465 0 
946 -78 -908 0 
-566 -83 863 0 
-679 692 -877 0 
-48 603 27 0 
250 77 -886 0 
-522 243 -904 0 
993 652 -907 0 
30 16 131 0 
-381 -96 908 0 
551 -670 -214 0 
-215 -991 -872 0 
817 -800 -349 0 
799 601 840 0 
-86 702 607 0 
236 98 614 0 
-387 -76 -466 0 
-329 -573 -373 0 
-948 -45 735 0 
279 237 -138 0 
302 152 -266 0 
731 349 517 0 
277 -730 975 0 
-462 551 217 0 
291 703 -828 0 
-872 -409 -357 0 
-998 270 733 0 
584 -332 846 0 
-698 681 508 0 
828 -876 -334 0 
-673 157 183 0 
-111 599 578 0 
-869 -730 -861 0 
835 -780 754 0 
468 -296 697 0 
937 -827 906 0 
-84 779 -136 0 
-367 587 490 0 
-457 719 521 0 
381 -71 -197 0 
-625 -634 687 0 
866 733 161 0 
-609 1000 -442 0 
868 36 -640 0 
-37 274 864 0 
598 -410 628 0 
-498 745 -106 0 
176 -897 657 0 
736 -286 210 0 
-900 12 -506 0 
846 -455 -681 0 
986 -254 -630 0 
133 -611 375 0 
576 -830 -691 0 
-135 -797 481 0 
-467 902 256 0 
-6 -888 190 0 
157 -931 30 0 
-158 938 -480 0 
-546 -437 -622 0 
-15 -504 -530 0 
663 -421 977 0 
614 101 117 0 
214 915 -440 0 
971 350 364 0 
468 305 -481 0 
392 248 -36 0 
717 -39 -692 0 
183 958 -124 0 
342 -205 -488 0 
-311 -216 -987 0 
958 325 -199 0 
100 978 291 0 
957 -555 -369 0 
-492 -532 657 0 
576 613 -215 0 
-414 93 -304 0 
113 -556 -625 0 
-374 647 738 0 
425 -706 581 0 
-382 306 -468 0 
-679 805 732 0 
-674 -932 717 0 
-702 -1000 -210 0 
423 -677 -37 0 
-214 577 423 0 
-3 295 -441 0 
396 361 -341 0 
308 59 -579 0 
837 834 624 0 
543 1 582 0 
940 941 -907 0 
-210 216 -377 0 
974 786 698 0 
864 527 482 0 
633 153 -60 0 
971 572 -708 0 
139 -900 -832 0 
-684 -833 870 0 
-411 -661 670 0 
-780 -468 691 0 
26 50 65 0 
502 765 -297 0 
164 -135 -393 0 
718 -646 270 0 
-609 812 706 0 
184 -866 -984 0 
848 -604 -914 0 
-318 217 -551 0 
-332 773 -847 0 
-521 -246 424 0 
-319 422 -841 0 
-951 31 549 0 
547 634 201 0 
690 306 -485 0 
-235 -536 -170 0 
-967 -600 345 0 
461 584 219 0 
-578 206 -962 0 
978 770 700 0 
-332 792 -336 0 
585 339 -847 0 
-393 -661 939 0 
636 710 994 0 
-749 580 -194 0 
881 -165 -158 0 
732 -587 190 0 
-601 -976 227 0 
955 -789 197 0 
-835 590 345 0 
164 818 -395 0 
-405 120 953 0 
877 -568 697 0 
-204 839 910 0 
-104 -688 225 0 
555 212 -236 0 
601 -132 812 0 
-617 467 507 0 
506 -486 630 0 
-181 -734 309 0 
-546 -18 -579 0 
-94 444 819 0 
-922 -104 474 0 
-773 128 241 0 
-165 -81 698 0 
800 409 638 0 
34 -721 -986 0 
-357 562 2 0 
90 963 -831 0 
55 -887 -256 0 
-819 35 910 0 
814 613 -203 0 
-752 -114 -39 0 
54 880 -658 0 
994 924 59 0 
-210 940 -88 0 
-632 -93 -393 0 
-91 65 133 0 
-322 -408 -713 0 
-992 -652 -597 0 
-309 727 -430 0 
158 -329 737 0 
28 455 -671 0 
330 -384 -212 0 
-329 827 43 0 
592 19 -258 0 
1000 -78 -718 0 
-897 317 -137 0 
-216 -416 -853 0 
-301 636 -8 0 
-719 -486 137 0 
-630 -383 914 0 
558 -398 4 0 
563 218 -44 0 
-930 617 724 0 
-500 46 -797 0 
356 -827 -676 0 
-528 69 -376 0 
775 489 748 0 
985 968 -234 0 
795 960 -120 0 
243 -104 850 0 
-329 -364 -336 0 
625 -737 111 0 
969 -903 920 0 
-758 -240 -586 0 
-897 -240 179 0 
-926 385 -692 0 
-439 677 -440 0 
-306 102 266 0 
-103 -662 -165 0 
683 -972 -355 0 
-239 -259 -170 0 
-366 880 627 0 
-174 863 -738 0 
-418 -818 721 0 
38 612 537 0 
-57 870 -408 0 
176 330 336 0 
908 -957 16 0 
209 -520 969 0 
-906 -405 -235 0 
439 821 913 0 
-613 65 582 0 
-388 99 -895 0 
386 -362 -574 0 
761 -892 -277 0 
57 137 810 0 
818 894 -375 0 
-136 -5 613 0 
-400 576 -828 0 
175 -142 964 0 
-450 -750 892 0 
-658 995 -596 0 
268 -765 362 0 
-800 302 -357 0 
798 -920 -230 0 
923 -115 -95 0 
-378 -184 -374 0 
475 221 652 0 
-670 344 -692 0 
314 -834 200 0 
-781 -206 -51 0 
962 357 775 0 
608 -928 -218 0 
725 -588 274 0 
461 -217 -112 0 
404 -946 -282 0 
-850 733 -406 0 
-965 -664 457 0 
-627 468 -164 0 
944 -412 -364 0 
933 936 761 0 
264 666 861 0 
-526 160 -923 0 
8 632 -370 0 
-992 -199 789 0 
-996 -910 929 0 
-780 -699 -292 0 
-732 9 973 0 
-123 847 -832 0 
-927 -525 360 0 
-971 791 892 0 
520 220 -477 0 
181 -761 -662 0 
852 -547 -968 0 
876 591 -65 0 
-679 450 -726 0 
208 515 -133 0 
-2 -938 206 0 
252 -521 880 0 
-490 676 665 0 
487 -30 298 0 
752 -498 362 0 
553 860 -136 0 
397 475 -616 0 
-919 -309 -263 0 
570 -553 807 0 
767 824 -979 0 
-31 75 332 0 
277 917 949 0 
-258 255 -569 0 
24 -411 -40 0 
599 116 -127 0 
-692 -213 -91 0 
347 -416 -787 0 
826 110 -650 0 
-137 653 465 0 
599 -670 162 0 
725 312 -85 0 
746 736 -877 0 
-439 -642 -638 0 
-971 812 -709 0 
170 -697 -41 0 
-213 -756 -60 0 
-253 355 954 0 
821 -95 -385 0 
888 348 870 0 
-480 471 -533 0 
879 -231 -459 0 
-500 613 -139 0 
97 -824 -352 0 
-861 -116 297 0 
236 -785 -948 0 
-270 16 119 0 
-801 107 -712 0 
-902 85 222 0 
-217 -199 208 0 
135 -369 -750 0 
-112 702 618 0 
-385 -546 -723 0 
887 515 -899 0 
351 979 -990 0 
-780 193 218 0 
-536 -152 370 0 
493 767 381 0 
-786 69 913 0 
351 -208 -241 0 
343 563 -221 0 
952 690 314 0 
-791 874 302 0 
-568 -417 -933 0 
-325 576 -635 0 
-889 -719 -93 0 
722 -83 -950 0 
969 827 544 0 
-150 187 -639 0 
-200 658 -379 0 
320 -733 -322 0 
145 48 128 0 
852 -641 -230 0 
-433 540 -832 0 
101 -287 118 0 
-627 -395 6 0 
467 -668 647 0 
972 -66 967 0 
-428 799 542 0 
889 633 811 0 
-443 947 457 0 
525 -537 555 0 
-593 116 -8 0 
-71 -72 -231 0 
889 438 -265 0 
-690 86 -114 0 
-165 790 -415 0 
-90 373 943 0 
27 207 364 0 
143 -434 -28 0 
883 618 -324 0 
511 248 393 0 
-309 360 -338 0 
66 615 360 0 
673 -658 942 0 
917 147 505 0 
875 426 906 0 
847 -51 834 0 
-664 -965 971 0 
12 766 715 0 
-141 820 211 0 
-790 613 54 0 
979 -185 -404 0 
145 -255 55 0 
-278 -47 -817 0 
-147 -238 -451 0 
962 -184 -38 0 
-353 -64 -181 0 
-209 -862 924 0 
501 422 -332 0 
-945 637 -335 0 
-263 -628 409 0 
136 319 555 0 
768 -711 -425 0 
-258 202 -482 0 
-416 408 857 0 
976 -316 -251 0 
-21 -141 887 0 
-60 903 947 0 
92 529 -770 0 
-772 -503 207 0 
273 738 -845 0 
354 -53 -708 0 
-512 -176 809 0 
-58 -940 -803 0 
-601 313 178 0 
-507 749 764 0 
449 470 168 0 
896 -305 -451 0 
167 -160 433 0 
785 150 250 0 
943 -931 -368 0 
-862 -863 -227 0 
281 342 893 0 
944 -757 -349 0 
-407 642 -290 0 
-724 36 207 0 
387 -799 -284 0 
-985 453 80 0 
565 142 278 0 
554 -941 12 0 
762 -349 -42 0 
269 78 -394 0 
380 97 458 0 
983 836 -643 0 
998 607 280 0 
-500 -524 613 0 
-773 -512 432 0 
311 -130 828 0 
-949 -283 -717 0 
-740 -921 302 0 
-380 -897 -617 0 
770 -806 -329 0 
-908 677 -135 0 
-877 743 -589 0 
-958 423 200 0 
699 -41 -691 0 
914 117 142 0 
90 674 745 0 
387 838 927 0 
-358 810 -608 0 
684 -373 -838 0 
823 26 329 0 
-33 -572 -165 0 
89 842 -586 0 
349 670 462 0 
766 -66 -827 0 
-822 5 -51 0 
-678 -973 -357 0 
155 -460 -695 0 
455 -599 -924 0 
611 -149 920 0 
-469 360 -731 0 
-478 70 -756 0 
-573 -401 215 0 
39 -377 -64 0 
-301 168 691 0 
-126 615 158 0 
-1 140 -820 0 
186 -529 375 0 
-729 203 -150 0 
407 332 907 0 
952 938 -137 0 
284 193 -712 0 
-936 103 -158 0 
747 724 -247 0 
-296 595 -367 0 
-654 629 998 0 
-327 212 320 0 
-489 -101 -27 0 
-100 557 -402 0 
-876 243 -169 0 
704 758 794 0 
-935 180 -81 0 
767 26 -148 0 
-18 725 466 0 
715 -596 667 0 
522 -23 -25 0 
193 235 -98 0 
809 -266 283 0 
-455 47 -307 0 
606 149 100 0 
308 950 170 0 
-890 332 393 0 
490 -218 276 0 
874 -549 733 0 
-897 77 -670 0 
81 -744 -661 0 
491 576 -180 0 
229 592 -482 0 
-166 -112 716 0 
471 950 623 0 
-765 -777 956 0 
-77 191 585 0 
559 -307 -65 0 
933 842 966 0 
-255 -271 649 0 
-340 59 -877 0 
738 393 -311 0 
651 -51 719 0 
42 750 920 0 
209 65 -866 0 
670 456 -418 0 
-895 846 -259 0 
703 -442 -750 0 
-386 674 433 0 
5 642 -696 0 
547 -625 400 0 
153 998 -858 0 
508 881 984 0 
-762 895 899 0 
445 75 914 0 
300 -746 -987 0 
-446 -442 -847 0 
-369 -675 -420 0 
-971 21 580 0 
-922 -79 -45 0 
187 -697 71 0 
704 -702 -705 0 
453 831 647 0 
-226 300 247 0 
80 -674 99 0 
63 345 476 0 
-496 855 -317 0 
-618 -986 -465 0 
-753 734 -772 0 
-584 908 -258 0 
961 410 -676 0 
-716 168 -644 0 
-232 -495 -466 0 
977 806 -337 0 
-719 -551 -607 0 
506 -154 630 0 
905 -686 972 0 
-973 -70 706 0 
-492 650 -723 0 
975 -636 147 0 
678 707 32 0 
793 -369 -705 0 
