p cnf 1000 3800
-757 -461 51 0 
-505 349 -915 0 
405 704 326 0 
458 -332 435 0 
192 37 995 0 
-557 457 -424 0 
-761 479 633 0 
317 -341 -499 0 
-27 970 -380 0 
200 -533 -476 0 
971 924 -4 0 
-168 767 540 0 
648 -49 829 0 
-818 502 917 0 
-986 -900 -942 0 
-407 695 553 0 
841 874 -807 0 
68 73 39 0 
510 -938 778 0 
472 -1000 -187 0 
-994 946 9 0 
873 -865 -967 0 
-75 642 768 0 
158 362 841 0 
-940 27 -275 0 
-700 392 766 0 
-138 -948 -157 0 
-431 477 -182 0 
-91 -364 -475 0 
33 321 -415 0 
96 738 469 0 
69 -779 689 0 
-235 60 553 0 
-79 -334 -324 0 
78 587 817 0 
-325 696 -749 0 
-339 882 -689 0 
52 155 217 0 
896 -863 -648 0 
709 884 306 0 
101 -131 296 0 
-764 -987 564 0 
513 593 557 0 
-395 73 -383 0 
-812 391 -600 0 
198 -939 -529 0 
783 -616 461 0 
-59 801 -999 0 
473 470 899 0 
-986 -428 329 0 
-350 -262 31 0 
459 -849 -662 0 
955 957 427 0 
324 -650 -362 0 
-608 -528 -526 0 
7 -492 -253 0 
-641 -70 657 0 
-733 346 296 0 
318 500 -243 0 
-9 -191 658 0 
144 -120 -91 0 
-31 -433 -791 0 
-624 -668 518 0 
-411 -839 878 0 
393 -118 -19 0 
746 -71 484 0 
-347 59 -597 0 
626 -705 974 0 
-593 -687 -875 0 
323 -465 -18 0 
863 526 -627 0 
-779 896 -839 0 
365 83 474 0 
666 -192 652 0 
-822 952 -460 0 
-79 -668 -793 0 
-935 -580 513 0 
-552 -868 -901 0 
669 108 -159 0 
177 60 -148 0 
648 239 305 0 
212 585 7 0 
-742 571 630 0 
883 -341 -61 0 
185 -336 -144 0 
485 -927 282 0 
761 658 444 0 
190 737 -563 0 
-297 -96 616 0 
840 469 -550 0 
-4 161 48 0 
705 -694 329 0 
-919 209 -726 0 
-350 476 352 0 
-669 174 -821 0 
978 -934 -793 0 
-519 600 322 0 
129 128 -92 0 
546 -997 586 0 
914 808 -763 0 
-304 235 956 0 
827 220 53 0 
-747 911 282 0 
-957 740 211 0 
-321 617 -242 0 
831 -606 583 0 
-771 -231 -382 0 
-427 -143 -133 0 
179 833 -631 0 
81 -626 -327 0 
671 102 755 0 
723 356 -543 0 
-653 -614 -378 0 
-684 355 -674 0 
-504 -284 -560 0 
960 665 -670 0 
-930 -394 376 0 
692 -949 -957 0 
658 -347 209 0 
218 -25 229 0 
478 551 548 0 
305 -47 -571 0 
-560 687 -779 0 
332 -311 574 0 
-214 590 -618 0 
-286 872 99 0 
-780 340 -798 0 
522 -973 -613 0 
622 -483 -652 0 
89 -16 716 0 
-641 -284 609 0 
122 889 -490 0 
159 637 420 0 
-55 -549 -632 0 
-184 -885 -849 0 
247 -269 362 0 
-89 330 -500 0 
750 402 515 0 
-522 -269 958 0 
-743 -196 899 0 
-876 833 892 0 
-501 131 996 0 
-236 -631 69 0 
-859 -385 -117 0 
-879 390 -592 0 
-218 -133 -509 0 
839 441 805 0 
-265 471 298 0 
211 540 904 0 
-714 -243 -975 0 
329 -793 740 0 
378 2 765 0 
889 -209 -776 0 
586 -626 149 0 
122 -146 315 0 
-193 -572 -151 0 
112 -667 402 0 
-481 -675 289 0 
-179 556 -941 0 
535 978 674 0 
908 -439 -824 0 
573 190 752 0 
-451 360 345 0 
-153 842 643 0 
763 -684 830 0 
38 268 184 0 
156 114 -750 0 
320 145 -760 0 
345 -41 -207 0 
642 -96 -389 0 
-505 186 170 0 
606 -263 -266 0 
2 -742 64 0 
690 -634 61 0 
-66 374 -12 0 
26 -296 -570 0 
653 156 670 0 
-887 605 367 0 
-95 -46 442 0 
62 36 -768 0 
-329 99 -610 0 
-675 -248 53 0 
-96 224 -625 0 
-156 33 -983 0 
-370 435 -210 0 
551 483 -728 0 
818 335 198 0 
-500 -997 -265 0 
-558 21 -939 0 
-919 -889 -413 0 
-875 241 -932 0 
12 960 948 0 
732 -816 -131 0 
103 -465 556 0 
-825 367 -776 0 
794 -965 891 0 
-604 555 -162 0 
101 555 673 0 
-365 80 -962 0 
590 -203 -301 0 
376 240 503 0 
-563 82 -614 0 
884 961 -262 0 
402 -482 169 0 
-71 642 -745 0 
-133 -586 494 0 
-152 459 594 0 
-798 224 -967 0 
-453 -998 -348 0 
-903 45 445 0 
-255 987 279 0 
837 234 476 0 
-198 -959 -242 0 
348 -541 -770 0 
-438 -654 622 0 
-868 -932 175 0 
-997 46 -376 0 
480 234 1 0 
871 571 -426 0 
340 26 -537 0 
267 281 -706 0 
-534 440 -643 0 
775 -986 -813 0 
-2 503 887 0 
-702 -184 513 0 
461 -367 -285 0 
-669 -835 -649 0 
-585 -922 -162 0 
4 -965 345 0 
-606 -451 128 0 
-523 647 337 0 
-521 -384 682 0 
313 823 319 0 
786 -496 -669 0 
841 441 71 0 
-300 270 635 0 
-191 572 -149 0 
-578 -822 14 0 
976 484 -219 0 
-469 -861 270 0 
-177 311 -862 0 
-911 98 -939 0 
326 -43 553 0 
35 -544 58 0 
227 -128 -493 0 
572 -328 -121 0 
-766 22 -129 0 
642 215 38 0 
-716 -291 388 0 
-841 -986 -648 0 
108 -966 -532 0 
-943 42 -228 0 
869 -219 -3 0 
-900 -52 706 0 
-924 -575 815 0 
756 -25 913 0 
-425 -17 -297 0 
192 601 906 0 
961 595 909 0 
-763 -478 -224 0 
-677 -771 -948 0 
486 864 -324 0 
-364 -578 -338 0 
-138 -236 908 0 
-324 -315 689 0 
-469 -879 208 0 
55 687 -215 0 
-515 112 655 0 
-824 -242 612 0 
-334 495 -692 0 
941 202 -140 0 
-420 -838 680 0 
-906 -722 730 0 
313 -528 421 0 
-408 -372 897 0 
-60 142 658 0 
889 -470 -343 0 
202 -558 -675 0 
714 62 -884 0 
64 755 444 0 
-207 571 -476 0 
-632 -482 -935 0 
-343 -238 -161 0 
481 -207 -447 0 
-39 -399 341 0 
669 -561 -805 0 
-677 105 -470 0 
-315 615 -807 0 
-967 485 -638 0 
825 602 38 0 
-685 94 -902 0 
-767 -671 -539 0 
-936 -155 -775 0 
-172 236 770 0 
925 -648 958 0 
-463 -26 -947 0 
-285 195 -14 0 
957 543 322 0 
627 196 964 0 
-722 -75 227 0 
199 -404 -894 0 
-97 -746 101 0 
-693 634 -960 0 
-907 -92 -808 0 
67 -365 374 0 
357 -81 -991 0 
-580 788 888 0 
-913 406 -923 0 
-137 -448 -811 0 
-459 -710 263 0 
888 956 917 0 
-667 -759 -681 0 
199 -392 -460 0 
-468 -169 240 0 
-894 76 25 0 
25 586 -8 0 
-976 -70 78 0 
-655 -422 273 0 
527 -357 -209 0 
-444 57 -774 0 
-84 877 815 0 
746 203 -268 0 
237 -454 -520 0 
894 667 597 0 
612 856 -908 0 
-626 -689 913 0 
-510 -541 367 0 
928 -128 990 0 
-244 -11 -378 0 
515 24 119 0 
-182 -832 -831 0 
245 -56 350 0 
392 -917 -757 0 
-795 -191 -477 0 
384 -690 733 0 
156 -593 514 0 
-609 731 -80 0 
510 -503 401 0 
211 -418 231 0 
-779 270 -146 0 
-538 121 -711 0 
326 463 732 0 
-883 -139 305 0 
-320 348 140 0 
-942 -87 443 0 
-610 -935 559 0 
526 750 231 0 
-187 689 -650 0 
90 -203 -411 0 
-60 856 -27 0 
-823 -289 -634 0 
-684 -285 -402 0 
323 546 -333 0 
-382 -673 135 0 
544 -920 150 0 
-924 258 342 0 
-551 -651 -798 0 
911 569 -891 0 
982 800 507 0 
-113 85 545 0 
-265 860 -810 0 
927 -296 395 0 
-426 167 -880 0 
530 -683 -574 0 
996 73 364 0 
882 -513 372 0 
-549 -266 -913 0 
252 147 848 0 
-213 653 -333 0 
574 -203 444 0 
836 858 -89 0 
702 887 -418 0 
-391 -876 -675 0 
244 -771 135 0 
-885 446 -79 0 
-23 -680 1000 0 
348 -735 567 0 
-856 -716 450 0 
-259 633 785 0 
45 -565 -754 0 
-676 313 -199 0 
-997 513 -872 0 
-89 -377 -493 0 
-705 892 -751 0 
-675 -23 -520 0 
476 -684 490 0 
-371 -702 -831 0 
-766 -841 -129 0 
191 -682 510 0 
-716 -210 204 0 
672 172 314 0 
-778 -610 -285 0 
-393 -580 -494 0 
-790 -498 131 0 
-333 -705 685 0 
570 -801 -21 0 
-181 -166 -918 0 
-614 -73 -535 0 
-710 -641 722 0 
-134 538 569 0 
-105 -222 925 0 
97 -235 949 0 
886 -274 529 0 
-857 -1000 -104 0 
430 -26 566 0 
409 414 85 0 
-342 -214 96 0 
-336 484 -185 0 
-53 -783 -268 0 
665 -62 374 0 
-908 900 821 0 
263 -894 854 0 
346 653 -283 0 
729 -245 534 0 
-365 422 -59 0 
-625 515 754 0 
303 329 354 0 
664 -781 146 0 
423 600 -91 0 
477 -631 203 0 
-167 -491 -561 0 
124 983 -998 0 
-558 -52 -325 0 
597 -746 -485 0 
-603 -301 -552 0 
-178 -798 -691 0 
-173 229 850 0 
-790 892 189 0 
-450 -497 369 0 
294 -277 -402 0 
-284 -297 664 0 
-827 416 858 0 
-173 382 889 0 
528 258 -291 0 
-863 520 -722 0 
836 -689 271 0 
-131 -662 -563 0 
-817 -437 933 0 
900 -133 979 0 
322 795 212 0 
392 928 -164 0 
-852 134 973 0 
986 -275 478 0 
-175 87 725 0 
856 -580 673 0 
-770 -698 -996 0 
504 456 303 0 
-962 110 -632 0 
-314 560 -277 0 
-987 -481 220 0 
238 779 655 0 
420 770 -285 0 
-586 -179 -338 0 
255 848 819 0 
162 -856 -386 0 
-110 -818 854 0 
735 -435 -719 0 
-37 -240 33 0 
-868 531 -328 0 
165 260 -861 0 
-596 -35 163 0 
243 -142 50 0 
-235 601 -854 0 
513 795 658 0 
-126 -818 508 0 
765 251 674 0 
392 -743 -219 0 
-817 -55 -995 0 
396 649 513 0 
590 -518 329 0 
-555 -82 912 0 
-931 -525 -720 0 
833 -422 603 0 
477 24 435 0 
-25 -431 215 0 
-934 -675 -735 0 
574 781 927 0 
-424 896 -195 0 
-513 486 943 0 
109 22 269 0 
-913 75 -743 0 
959 221 -736 0 
307 -970 278 0 
671 -197 -881 0 
-264 947 -752 0 
-784 -897 -394 0 
-330 -584 -504 0 
55 -551 90 0 
-557 492 -221 0 
183 731 224 0 
-674 159 654 0 
-687 120 160 0 
-838 -552 -637 0 
-728 -693 173 0 
658 67 796 0 
-288 691 -970 0 
668 -522 343 0 
-508 -30 797 0 
-815 136 75 0 
-168 -752 774 0 
-531 910 133 0 
-774 -601 -3 0 
271 -843 388 0 
-40 166 -776 0 
-602 -450 -291 0 
-689 -804 967 0 
-615 731 314 0 
630 616 -667 0 
-209 708 332 0 
-33 508 -292 0 
-266 264 760 0 
719 -156 -251 0 
-744 -618 50 0 
-685 -784 153 0 
-768 -930 -478 0 
-684 623 -741 0 
449 892 427 0 
-748 -12 625 0 
-885 397 -128 0 
-101 903 -133 0 
-135 -864 -492 0 
474 -489 58 0 
-885 342 941 0 
-754 -622 42 0 
-303 -353 -409 0 
191 -490 632 0 
-813 -638 -459 0 
-100 65 755 0 
144 -942 140 0 
-461 -751 581 0 
79 -308 847 0 
-635 436 505 0 
399 821 -13 0 
-52 619 -35 0 
-505 837 145 0 
-598 958 -436 0 
-868 345 925 0 
674 -264 -256 0 
752 -253 468 0 
-941 785 -199 0 
548 1 313 0 
399 585 965 0 
-254 10 -497 0 
61 845 544 0 
204 -240 -134 0 
-180 -953 881 0 
144 -619 -147 0 
485 539 -192 0 
414 88 682 0 
-358 -688 -727 0 
547 532 -401 0 
645 -553 535 0 
-396 160 886 0 
-948 -369 -920 0 
325 -675 -607 0 
-606 -796 -46 0 
-736 -356 930 0 
943 -612 480 0 
10 -729 784 0 
781 320 -693 0 
289 15 679 0 
-545 -326 -692 0 
-777 613 -422 0 
-46 350 -888 0 
776 412 -114 0 
991 665 -54 0 
421 -61 772 0 
-226 705 -506 0 
-604 -319 -329 0 
417 183 -252 0 
-705 -115 -556 0 
-809 -662 491 0 
-466 -601 352 0 
386 -271 452 0 
-522 -304 763 0 
-408 374 -850 0 
-107 295 841 0 
-395 263 869 0 
12 801 35 0 
274 -508 356 0 
600 -510 538 0 
-464 -345 160 0 
288 -779 246 0 
838 391 603 0 
-371 659 763 0 
-975 825 -792 0 
604 766 -509 0 
-118 623 14 0 
-413 876 -554 0 
-21 240 -811 0 
577 -598 911 0 
352 983 967 0 
62 -308 650 0 
-308 611 -121 0 
-972 -799 132 0 
-87 729 937 0 
-143 950 789 0 
256 -641 552 0 
-185 308 24 0 
-99 511 -100 0 
420 -440 565 0 
510 -950 436 0 
12 -956 3 0 
740 -214 448 0 
-858 59 -751 0 
290 -69 262 0 
447 413 501 0 
-961 -223 -426 0 
-384 -81 709 0 
-434 -606 74 0 
972 848 720 0 
804 -204 -909 0 
-719 -966 289 0 
737 176 -634 0 
969 739 -539 0 
729 -392 -749 0 
168 -863 -214 0 
542 491 -325 0 
-211 101 -6 0 
-26 -556 -105 0 
285 -161 -934 0 
-251 15 -556 0 
-930 -125 77 0 
509 -646 -780 0 
-10 724 757 0 
206 -119 861 0 
85 313 327 0 
651 484 339 0 
-908 -731 -920 0 
-273 -949 644 0 
606 -435 -601 0 
-893 128 502 0 
-932 219 -821 0 
193 451 950 0 
832 -325 652 0 
-108 443 706 0 
-71 -56 -182 0 
-408 431 683 0 
-88 708 -730 0 
606 -155 483 0 
-788 66 402 0 
997 -217 -463 0 
-201 861 44 0 
-764 587 -194 0 
-35 870 817 0 
894 872 -312 0 
1 673 347 0 
-229 -546 -754 0 
-446 -694 -751 0 
465 -876 -338 0 
248 404 948 0 
401 -413 -764 0 
24 573 -766 0 
-896 299 809 0 
919 -804 -765 0 
-545 -735 -899 0 
-526 785 990 0 
778 619 -177 0 
194 -782 322 0 
307 526 -35 0 
-180 -774 531 0 
246 711 520 0 
178 -489 -125 0 
-499 -96 353 0 
-835 -455 206 0 
-133 -169 905 0 
-250 -995 134 0 
-524 395 -297 0 
-278 -508 972 0 
-879 -306 -498 0 
-20 53 -722 0 
-502 -555 -949 0 
-614 -113 -662 0 
-634 451 150 0 
-847 288 -219 0 
797 -1 429 0 
-369 195 723 0 
942 161 325 0 
626 957 202 0 
837 -626 -598 0 
628 -174 191 0 
226 -174 -354 0 
-678 -236 -709 0 
-693 113 -521 0 
368 -330 -582 0 
822 -538 -764 0 
-345 652 -344 0 
-683 324 461 0 
-957 -984 -661 0 
92 -468 865 0 
-175 551 125 0 
-775 472 -370 0 
205 -392 368 0 
-845 470 -804 0 
524 -124 -355 0 
-84 933 -916 0 
297 -124 81 0 
252 -6 -958 0 
-119 -903 -893 0 
802 -493 -313 0 
3 819 660 0 
957 -908 -54 0 
-400 -371 470 0 
-40 1000 338 0 
188 -894 257 0 
-952 716 433 0 
-66 -233 799 0 
-453 666 329 0 
632 412 -398 0 
218 672 578 0 
-512 -645 116 0 
492 -218 96 0 
-298 670 363 0 
698 -715 -172 0 
-174 -122 -868 0 
796 -166 -5 0 
-452 -704 -463 0 
-96 -517 607 0 
-774 -292 -988 0 
176 -89 -311 0 
-535 -701 -904 0 
-700 790 -963 0 
-156 197 -706 0 
210 908 599 0 
-745 544 190 0 
613 424 122 0 
941 -412 -629 0 
603 -531 774 0 
584 104 530 0 
-859 851 616 0 
850 952 239 0 
-910 263 -872 0 
-967 -36 -699 0 
-224 -401 -585 0 
-258 -691 559 0 
-545 67 357 0 
223 -324 643 0 
-609 -378 -930 0 
646 86 -804 0 
-198 -90 295 0 
221 -53 -870 0 
483 34 155 0 
215 633 -916 0 
179 476 -192 0 
306 508 -206 0 
365 -76 -443 0 
909 215 -293 0 
907 869 794 0 
-929 202 696 0 
361 -532 -195 0 
723 -35 517 0 
-128 -24 223 0 
828 869 -814 0 
-355 905 -421 0 
517 731 -306 0 
187 397 -426 0 
129 -979 351 0 
473 255 -249 0 
-284 -669 521 0 
270 -193 -285 0 
557 532 20 0 
571 -262 -473 0 
314 -577 709 0 
692 -862 -709 0 
830 811 -995 0 
839 -957 -642 0 
-379 393 321 0 
727 175 -918 0 
240 -90 667 0 
510 -119 -525 0 
-59 -662 -152 0 
221 660 916 0 
715 -122 -993 0 
-235 -46 -489 0 
600 -490 677 0 
-508 -806 97 0 
-977 496 -566 0 
160 296 -786 0 
-252 -210 -314 0 
-91 -5 -834 0 
708 339 480 0 
877 933 227 0 
-830 -240 -839 0 
-236 905 -321 0 
-696 -388 -779 0 
-731 685 457 0 
-598 -852 -747 0 
-563 838 -823 0 
612 -128 -83 0 
750 874 -104 0 
824 -264 -893 0 
-528 -635 -391 0 
877 646 -790 0 
258 973 -523 0 
402 359 189 0 
-536 221 123 0 
30 -541 -629 0 
-777 435 377 0 
157 766 -426 0 
384 -752 -286 0 
-229 170 944 0 
-598 379 902 0 
402 316 774 0 
75 769 753 0 
-214 -293 465 0 
279 -221 -487 0 
-5 -653 -531 0 
-655 -191 -358 0 
-38 684 256 0 
303 419 998 0 
-91 981 627 0 
464 523 12 0 
771 -667 505 0 
-590 217 871 0 
943 722 -994 0 
-189 -491 -162 0 
-137 -526 -13 0 
221 453 -299 0 
-278 -510 -641 0 
364 -256 810 0 
-433 -46 -21 0 
-941 648 665 0 
309 -435 -778 0 
852 -826 -683 0 
542 -243 -879 0 
-128 -909 -83 0 
-695 -289 413 0 
-171 -344 -953 0 
-917 606 695 0 
-313 -213 365 0 
807 -876 121 0 
-196 -865 756 0 
463 -525 -116 0 
449 -720 892 0 
313 609 515 0 
306 -642 737 0 
-600 -379 294 0 
117 -907 430 0 
653 659 212 0 
-572 126 -495 0 
-399 -556 138 0 
-766 -724 -912 0 
-756 -277 341 0 
875 217 -9 0 
1000 991 337 0 
-453 827 -729 0 
245 -53 -680 0 
292 100 955 0 
-597 -456 -662 0 
-214 289 493 0 
-97 555 -749 0 
647 -638 -108 0 
-480 -312 -262 0 
-607 612 139 0 
-162 739 554 0 
264 -30 -281 0 
251 540 -130 0 
-231 -219 -349 0 
709 -98 826 0 
-444 -767 -503 0 
1 -215 326 0 
-49 760 357 0 
-631 -253 -549 0 
-30 -837 -95 0 
-921 152 -675 0 
-130 28 -367 0 
-759 755 -35 0 
-881 552 318 0 
-206 -941 929 0 
-103 -105 -328 0 
-649 -827 -289 0 
676 765 -611 0 
-59 715 -187 0 
-913 -308 -654 0 
-633 -438 727 0 
-924 -978 -44 0 
935 150 -562 0 
949 264 835 0 
447 127 813 0 
-106 120 364 0 
631 -23 -848 0 
-294 413 723 0 
-523 989 -323 0 
-460 -430 55 0 
-538 386 -913 0 
-767 893 759 0 
464 589 49 0 
-239 604 -104 0 
566 434 -734 0 
-38 -922 -990 0 
-988 915 -804 0 
201 269 653 0 
481 -633 -275 0 
554 368 188 0 
172 985 214 0 
-873 -148 -797 0 
-513 -428 -559 0 
213 837 -824 0 
291 -13 -16 0 
781 -586 -179 0 
999 544 38 0 
911 528 -741 0 
-102 -691 660 0 
420 572 510 0 
698 -833 -551 0 
996 847 35 0 
-600 -258 207 0 
-233 243 -565 0 
-31 -977 581 0 
-230 -68 211 0 
-950 791 -976 0 
-349 -802 870 0 
-440 -248 -576 0 
-141 -377 612 0 
-297 718 919 0 
574 360 -886 0 
472 883 569 0 
136 -96 668 0 
-2 194 356 0 
-211 499 -737 0 
625 -294 661 0 
876 -171 463 0 
706 161 -829 0 
378 -249 -137 0 
-652 723 -154 0 
798 16 605 0 
-446 -517 136 0 
835 -708 314 0 
-539 67 -366 0 
523 699 591 0 
783 889 866 0 
-772 -786 42 0 
916 -405 953 0 
434 430 281 0 
178 -197 336 0 
-365 -721 184 0 
-866 122 936 0 
604 655 369 0 
-772 -603 238 0 
355 -543 -501 0 
-116 810 302 0 
-932 -114 -729 0 
90 -218 724 0 
-569 339 537 0 
126 872 -960 0 
412 429 -121 0 
625 -982 -861 0 
-566 468 277 0 
380 626 -513 0 
329 561 188 0 
-991 600 192 0 
843 62 393 0 
-574 204 -674 0 
206 -397 -383 0 
408 -546 -717 0 
54 322 297 0 
-992 791 -318 0 
-851 -933 271 0 
-713 35 -150 0 
188 20 856 0 
111 -838 839 0 
412 563 -436 0 
-818 -320 -297 0 
-107 -17 396 0 
-87 -374 715 0 
68 541 -513 0 
-538 -588 -114 0 
638 -52 -863 0 
593 -151 661 0 
-583 15 -521 0 
-455 648 -884 0 
-459 -912 91 0 
324 108 200 0 
-762 807 -482 0 
594 -486 -91 0 
66 -235 -296 0 
-911 582 -11 0 
-93 -250 -956 0 
-972 332 -103 0 
327 -566 675 0 
416 -734 -956 0 
924 -608 842 0 
796 -967 572 0 
-6 -598 430 0 
-166 -90 -633 0 
429 -302 809 0 
206 -791 286 0 
-556 818 -593 0 
432 859 -886 0 
944 526 48 0 
815 72 -890 0 
-553 -759 -929 0 
665 392 358 0 
-47 646 174 0 
201 -654 -139 0 
621 292 -8 0 
-60 992 615 0 
-629 -476 910 0 
32 798 75 0 
10 183 -248 0 
-494 -960 -420 0 
-85 98 57 0 
347 -183 -364 0 
532 -216 -689 0 
-836 -635 -204 0 
-823 152 616 0 
-391 376 622 0 
292 -219 852 0 
-221 -755 949 0 
519 -847 -62 0 
345 835 873 0 
-36 -475 767 0 
-253 -920 274 0 
-598 512 -406 0 
200 18 743 0 
-750 -491 -410 0 
-503 -248 -415 0 
276 -352 -941 0 
-120 194 -799 0 
-688 -581 -817 0 
934 715 -923 0 
-238 547 799 0 
-544 -198 -942 0 
276 270 -555 0 
584 -797 -658 0 
112 -993 442 0 
-831 203 -544 0 
936 -196 -764 0 
668 598 -420 0 
761 -266 -941 0 
959 781 497 0 
-877 304 -675 0 
-287 158 971 0 
-126 -360 303 0 
-513 705 804 0 
871 164 821 0 
-603 747 435 0 
-742 -275 -91 0 
-503 -203 -416 0 
-437 -616 -348 0 
690 809 638 0 
-420 492 -69 0 
458 62 -491 0 
-794 556 -3 0 
-698 -83 613 0 
-362 -132 695 0 
575 547 -846 0 
429 814 -408 0 
841 -540 61 0 
-570 -548 -726 0 
954 -437 -489 0 
-70 -335 721 0 
423 358 861 0 
992 552 208 0 
-951 603 -634 0 
-530 -368 -163 0 
564 889 -718 0 
288 653 155 0 
-321 223 -903 0 
636 -938 382 0 
-99 -738 320 0 
483 582 326 0 
-515 803 347 0 
637 884 -398 0 
465 124 -583 0 
-782 -232 137 0 
752 106 -688 0 
391 -135 831 0 
448 361 513 0 
-27 759 186 0 
606 131 119 0 
875 922 -700 0 
176 -531 -542 0 
522 -245 976 0 
-722 -389 -775 0 
-499 -86 -543 0 
-984 -788 -296 0 
498 871 490 0 
401 -184 692 0 
948 511 -675 0 
-56 -276 -690 0 
824 350 -791 0 
643 -9 -596 0 
-708 478 -205 0 
-317 197 -690 0 
990 -717 -328 0 
979 -643 -694 0 
628 571 -392 0 
-345 -274 -972 0 
-965 52 112 0 
29 -586 -479 0 
-343 697 -436 0 
-608 -753 -476 0 
502 -645 524 0 
326 979 -644 0 
-77 106 667 0 
-862 955 -162 0 
447 223 -806 0 
633 609 877 0 
-566 -611 -622 0 
-135 -398 139 0 
-863 -410 301 0 
-791 -100 -194 0 
931 -51 273 0 
151 272 -954 0 
870 484 337 0 
-601 -621 -860 0 
-118 226 -771 0 
274 914 938 0 
-55 175 -749 0 
-771 215 -99 0 
278 265 371 0 
748 734 730 0 
931 -854 -947 0 
516 812 232 0 
520 327 612 0 
116 818 -985 0 
-710 332 -954 0 
662 -174 -502 0 
-237 49 -123 0 
573 380 -661 0 
631 -893 -658 0 
794 -51 -770 0 
62 761 -920 0 
-988 -465 -956 0 
946 -736 762 0 
-119 -962 573 0 
421 -500 10 0 
145 235 -809 0 
34 -53 -549 0 
-426 -691 237 0 
207 -781 -57 0 
576 294 925 0 
-302 121 266 0 
-764 446 -139 0 
-240 -408 -541 0 
164 -575 -412 0 
-673 -494 -375 0 
247 406 -210 0 
425 -204 -935 0 
-169 168 -339 0 
425 506 432 0 
-508 507 -306 0 
-56 -59 -772 0 
-584 205 -636 0 
727 728 -514 0 
386 263 -153 0 
390 -170 24 0 
141 477 828 0 
29 780 734 0 
476 -212 -251 0 
416 -825 -155 0 
232 437 974 0 
273 507 339 0 
873 468 763 0 
727 958 706 0 
-893 763 -469 0 
-816 -213 909 0 
-541 194 -373 0 
-830 860 -305 0 
-483 45 -403 0 
-203 32 252 0 
-915 -97 69 0 
334 166 158 0 
491 577 -17 0 
173 433 -688 0 
313 82 -259 0 
-731 -31 -59 0 
720 435 488 0 
-715 -438 -720 0 
811 -432 541 0 
-452 -944 -115 0 
-213 -274 -125 0 
924 -786 -253 0 
-31 -123 748 0 
-310 737 777 0 
341 780 207 0 
-4 325 -147 0 
504 316 -889 0 
730 782 -934 0 
281 340 -598 0 
759 812 -253 0 
626 573 -952 0 
-663 525 857 0 
598 -121 -277 0 
119 -372 -922 0 
74 12 40 0 
818 -324 -488 0 
-796 949 -323 0 
13 198 941 0 
156 -68 144 0 
-275 -492 861 0 
904 643 -63 0 
660 346 -399 0 
469 453 357 0 
272 -716 -189 0 
644 -140 200 0 
663 380 -681 0 
-752 -334 590 0 
52 -989 -654 0 
282 -245 193 0 
-599 806 379 0 
-380 -882 -664 0 
-187 102 916 0 
312 855 -112 0 
311 296 -228 0 
469 288 21 0 
-80 -492 736 0 
153 551 39 0 
219 -686 -951 0 
131 -952 -393 0 
703 991 -584 0 
953 -258 -223 0 
60 -649 492 0 
-186 -722 -253 0 
-712 -633 32 0 
-67 -794 -309 0 
792 874 -632 0 
-565 586 -999 0 
-849 -285 -233 0 
268 -156 -613 0 
-509 -457 -4 0 
124 191 185 0 
-461 -737 736 0 
-794 -503 520 0 
140 239 571 0 
-665 -19 -470 0 
-94 -96 -26 0 
-895 125 -92 0 
497 578 922 0 
-741 580 -558 0 
-402 648 992 0 
-274 -590 -852 0 
-5 35 -16 0 
-126 -765 -758 0 
440 -866 823 0 
517 -848 -973 0 
-916 -903 -574 0 
-591 884 612 0 
930 368 -877 0 
-345 391 361 0 
849 -334 -304 0 
-10 208 881 0 
-935 593 190 0 
-140 -108 230 0 
-890 -535 767 0 
145 -610 -927 0 
-642 800 -225 0 
572 -565 -311 0 
732 -723 144 0 
-345 -575 927 0 
-899 907 882 0 
-590 216 -930 0 
-558 -711 760 0 
-323 -26 711 0 
-149 -655 -472 0 
-64 627 972 0 
-462 -333 820 0 
-682 502 565 0 
493 934 -46 0 
500 -231 11 0 
938 322 -470 0 
294 633 -326 0 
592 -253 671 0 
200 -619 -607 0 
911 940 -303 0 
-938 -673 985 0 
128 536 670 0 
693 654 -350 0 
-662 -971 -249 0 
-2 462 93 0 
-266 -299 386 0 
-385 -714 -828 0 
362 -983 -981 0 
-687 -668 -141 0 
609 413 927 0 
78 -183 611 0 
-530 85 352 0 
385 99 -647 0 
-330 8 798 0 
-728 682 165 0 
-560 -481 -581 0 
-489 232 -703 0 
-716 701 506 0 
-524 -503 -798 0 
-219 -987 -515 0 
-146 606 -952 0 
431 -179 -617 0 
-246 -713 177 0 
631 -401 -159 0 
-889 928 718 0 
-780 830 883 0 
332 596 656 0 
-920 -353 815 0 
-619 -932 -597 0 
873 -310 -431 0 
-576 990 483 0 
573 337 -510 0 
850 201 143 0 
-670 626 262 0 
461 201 -462 0 
-274 373 830 0 
-642 134 -92 0 
340 260 614 0 
-987 171 -358 0 
972 394 -837 0 
290 881 671 0 
442 -184 818 0 
593 -157 -155 0 
342 -521 64 0 
865 578 -535 0 
-834 994 -344 0 
-395 -435 -983 0 
-697 -487 -136 0 
264 207 417 0 
-387 1000 11 0 
-144 -212 -809 0 
-901 -196 -165 0 
-276 -35 603 0 
672 712 704 0 
-972 582 -995 0 
451 166 351 0 
240 395 500 0 
124 165 280 0 
-591 -175 577 0 
-470 402 749 0 
331 -739 -145 0 
810 -145 362 0 
693 422 784 0 
12 985 -941 0 
-643 -260 320 0 
334 -791 331 0 
427 -586 130 0 
-637 -729 -702 0 
550 112 251 0 
389 909 -517 0 
926 84 -126 0 
778 -631 -939 0 
-92 269 -561 0 
-945 35 95 0 
-283 -540 431 0 
431 748 -120 0 
524 1000 361 0 
-672 -456 687 0 
553 -225 -730 0 
477 -766 811 0 
-999 450 881 0 
70 -621 -422 0 
912 -621 -513 0 
942 171 -477 0 
35 409 900 0 
-899 -632 956 0 
-559 255 -531 0 
-225 -994 776 0 
997 693 -365 0 
695 -463 727 0 
407 242 -744 0 
-745 -594 -547 0 
968 -649 179 0 
-300 -368 647 0 
-970 823 69 0 
-807 142 -297 0 
-607 -466 -52 0 
-531 -68 -663 0 
-741 -6 -995 0 
-407 -555 20 0 
73 492 -367 0 
227 92 719 0 
345 672 865 0 
332 111 299 0 
633 310 400 0 
640 -636 -634 0 
703 -395 699 0 
-782 622 806 0 
-695 -790 666 0 
470 -405 -927 0 
-56 -500 262 0 
53 924 -831 0 
444 -242 957 0 
440 -805 -116 0 
-529 -559 57 0 
2 396 562 0 
-918 228 -264 0 
201 -815 118 0 
-653 217 884 0 
229 441 74 0 
587 204 860 0 
-543 193 251 0 
638 252 -517 0 
-490 207 -377 0 
-777 -565 227 0 
-937 -214 -265 0 
992 662 762 0 
-535 407 -123 0 
767 969 285 0 
134 -386 -271 0 
-788 -923 -136 0 
-624 -808 -275 0 
327 -754 -637 0 
-347 -620 -609 0 
-685 -253 245 0 
-468 -824 -492 0 
141 942 471 0 
963 -399 -929 0 
-294 -841 -819 0 
-349 -10 -500 0 
-707 278 587 0 
83 -97 -693 0 
555 -749 115 0 
681 355 -702 0 
-434 39 466 0 
338 417 -313 0 
-222 -359 770 0 
358 -410 -183 0 
-541 592 865 0 
-595 367 -153 0 
-646 -249 -398 0 
417 -456 649 0 
218 520 205 0 
-73 -35 487 0 
-807 -46 929 0 
585 737 -422 0 
-281 -483 -734 0 
-354 -945 264 0 
-702 -319 -626 0 
161 -825 749 0 
-221 -450 -26 0 
-467 881 -546 0 
-707 -363 161 0 
-922 580 -351 0 
804 -154 -40 0 
-74 84 -830 0 
483 636 -523 0 
569 -242 -25 0 
896 -20 868 0 
563 -303 -602 0 
-494 919 210 0 
808 161 -259 0 
312 297 -778 0 
-408 -113 -581 0 
221 -514 -206 0 
-710 -508 581 0 
-891 305 -19 0 
766 -22 930 0 
165 179 -235 0 
602 -251 -81 0 
-155 813 202 0 
555 810 -341 0 
-515 181 -962 0 
-658 -973 -524 0 
-60 -352 -630 0 
168 -678 -589 0 
-719 -122 231 0 
96 -541 632 0 
-944 133 -773 0 
-352 809 -668 0 
40 307 991 0 
-877 -835 -690 0 
-636 906 997 0 
106 102 910 0 
847 -28 -835 0 
-923 -767 906 0 
726 234 660 0 
-997 -789 172 0 
338 774 734 0 
191 -111 750 0 
-106 17 -644 0 
-280 -159 737 0 
-968 273 -652 0 
-254 863 -690 0 
-683 -93 -773 0 
628 -885 -72 0 
-72 -991 649 0 
448 -950 -428 0 
608 -864 -954 0 
653 390 169 0 
988 652 742 0 
722 -393 -678 0 
-538 485 -89 0 
473 -414 -934 0 
-82 773 -948 0 
649 636 238 0 
-312 -121 -262 0 
-852 -620 369 0 
366 -87 -722 0 
208 -294 511 0 
455 -592 988 0 
-445 -68 -736 0 
303 -544 460 0 
-391 840 986 0 
296 387 -465 0 
-736 66 102 0 
-925 67 -911 0 
-783 -62 887 0 
-386 -597 -592 0 
439 824 774 0 
199 670 163 0 
-580 68 -494 0 
917 -238 -146 0 
425 138 -8 0 
-178 237 -757 0 
-834 546 719 0 
-551 222 905 0 
-406 -928 -947 0 
-530 -99 833 0 
-413 668 173 0 
-767 -6 -348 0 
478 -194 67 0 
-471 68 301 0 
86 8 43 0 
-619 846 -244 0 
-559 927 365 0 
242 954 -337 0 
-779 888 -471 0 
875 -706 65 0 
-507 -471 -442 0 
-653 306 -906 0 
666 -452 916 0 
667 -831 -109 0 
-317 -717 640 0 
820 -547 -570 0 
230 256 834 0 
-530 -779 985 0 
-66 -471 754 0 
955 -21 -41 0 
-728 832 550 0 
-648 793 628 0 
626 207 975 0 
-331 -917 394 0 
610 -944 40 0 
-323 -909 240 0 
986 -218 -264 0 
-620 835 -195 0 
-607 880 -81 0 
84 54 -776 0 
-633 675 -640 0 
925 296 436 0 
251 213 671 0 
-141 -118 -951 0 
-385 -586 501 0 
-918 702 998 0 
-727 -497 -866 0 
44 -580 421 0 
495 117 272 0 
430 756 -465 0 
889 185 260 0 
151 314 682 0 
-54 -120 843 0 
-796 640 696 0 
-394 770 966 0 
-815 -985 638 0 
-920 272 -887 0 
913 394 320 0 
-507 -50 -322 0 
-391 -48 192 0 
537 -7 -788 0 
123 -3 -463 0 
-613 149 -660 0 
-741 631 454 0 
978 -316 -270 0 
394 4 -878 0 
-873 -666 772 0 
-789 -581 -992 0 
-71 -908 182 0 
-969 18 11 0 
992 -528 390 0 
-821 -908 946 0 
-556 497 -953 0 
-138 -763 -72 0 
93 -601 36 0 
304 239 -734 0 
725 376 -254 0 
-43 -420 -930 0 
-172 -401 -807 0 
794 -106 571 0 
801 454 458 0 
-143 163 -224 0 
-420 -450 -939 0 
604 -533 828 0 
-580 -874 666 0 
-379 184 -97 0 
654 888 -311 0 
739 609 423 0 
258 -690 -728 0 
-301 -75 -621 0 
-257 910 527 0 
642 -617 -658 0 
628 -620 374 0 
-968 -343 177 0 
-183 -18 216 0 
242 860 -347 0 
218 41 473 0 
784 -287 964 0 
616 669 -423 0 
-928 907 -808 0 
-750 -270 172 0 
97 -178 -1000 0 
106 402 -351 0 
275 597 622 0 
-794 -783 -90 0 
526 -568 -80 0 
-793 773 -549 0 
-293 -514 -955 0 
5 -288 559 0 
31 -584 -319 0 
-47 129 -507 0 
-504 492 813 0 
-50 -100 585 0 
-972 -962 -133 0 
632 782 508 0 
754 286 -778 0 
-542 -153 -613 0 
562 77 -247 0 
22 -849 -273 0 
284 771 859 0 
-317 -904 258 0 
-989 -379 -689 0 
-513 -774 534 0 
602 -350 878 0 
-408 480 -263 0 
-392 -104 -995 0 
-592 581 -570 0 
299 -721 -610 0 
534 -633 -810 0 
-354 -26 201 0 
-767 -214 957 0 
734 -44 -55 0 
-628 647 822 0 
96 -232 -572 0 
880 22 -304 0 
-624 -756 557 0 
-382 -224 758 0 
580 -311 588 0 
880 -906 207 0 
776 -687 758 0 
35 -327 -941 0 
-876 273 -347 0 
-744 434 -679 0 
-469 -844 -620 0 
-725 819 9 0 
603 -213 428 0 
958 656 -110 0 
398 839 -331 0 
-39 85 671 0 
953 -751 -493 0 
306 601 687 0 
-254 861 -705 0 
359 886 87 0 
822 -781 608 0 
303 471 -696 0 
387 -618 805 0 
426 -263 -277 0 
-491 299 -430 0 
387 -764 501 0 
202 -558 -107 0 
246 -897 333 0 
244 39 824 0 
3 -945 24 0 
-558 -47 170 0 
-277 759 219 0 
-464 103 441 0 
-319 -924 551 0 
-667 582 27 0 
359 26 739 0 
763 -760 599 0 
-908 -277 -159 0 
519 -288 -806 0 
182 683 743 0 
-586 -927 -677 0 
23 -931 -297 0 
-560 73 353 0 
-413 -875 -27 0 
-248 990 686 0 
-130 735 -362 0 
-846 867 -236 0 
-660 384 342 0 
119 -955 915 0 
158 296 476 0 
-940 336 -819 0 
415 181 -364 0 
-909 936 -641 0 
-129 746 -678 0 
-916 -134 219 0 
67 859 -639 0 
-118 810 209 0 
17 34 481 0 
203 620 -679 0 
-455 -558 -537 0 
158 672 -486 0 
-882 957 86 0 
440 -62 -554 0 
-315 -267 -395 0 
700 -899 -468 0 
685 728 698 0 
-207 -920 -950 0 
-323 -585 176 0 
-444 870 643 0 
-251 -932 -854 0 
17 117 387 0 
-409 -953 836 0 
215 -287 -253 0 
7 -837 676 0 
-614 -7 -159 0 
-217 651 897 0 
547 -343 615 0 
525 -450 373 0 
-175 193 -947 0 
402 -715 717 0 
139 492 -871 0 
788 -916 665 0 
-818 -859 -185 0 
620 -539 463 0 
605 737 756 0 
478 330 56 0 
882 471 -315 0 
-75 -416 297 0 
968 680 513 0 
552 43 -886 0 
-632 -141 -639 0 
460 657 -711 0 
742 587 -505 0 
-875 973 -630 0 
-345 622 872 0 
342 -114 -193 0 
-368 -345 206 0 
-535 -293 271 0 
294 -648 -246 0 
-626 -75 -235 0 
986 922 -6 0 
24 545 604 0 
812 950 164 0 
-140 -796 698 0 
-68 -560 -694 0 
-639 224 -470 0 
541 753 698 0 
-801 212 -280 0 
912 -968 -414 0 
-510 469 -298 0 
790 -142 -392 0 
424 357 849 0 
-263 455 600 0 
330 -746 -575 0 
-173 -89 -430 0 
832 594 48 0 
-564 436 522 0 
-667 -266 943 0 
-959 289 -432 0 
984 -576 -884 0 
641 94 -814 0 
560 799 571 0 
68 -849 -563 0 
59 967 -118 0 
-585 122 -789 0 
919 -516 -498 0 
938 -941 212 0 
517 979 610 0 
456 508 670 0 
535 488 -636 0 
728 -46 357 0 
534 -657 734 0 
330 58 163 0 
476 -536 -104 0 
-766 -355 -816 0 
50 283 712 0 
-169 -54 810 0 
-447 118 -554 0 
-434 -832 221 0 
270 -48 194 0 
286 465 965 0 
819 -725 146 0 
421 323 -864 0 
-504 -292 -427 0 
637 -886 742 0 
-878 -12 -661 0 
-503 -927 203 0 
-172 -888 -344 0 
-622 668 -488 0 
-83 716 -538 0 
-788 -643 362 0 
-904 718 88 0 
613 -958 -174 0 
-979 -759 -563 0 
-891 -508 147 0 
871 955 -170 0 
-617 -693 -325 0 
18 -298 -285 0 
-201 -266 208 0 
-530 307 -829 0 
723 618 426 0 
-915 -400 498 0 
-491 -127 31 0 
-902 390 997 0 
899 -449 -147 0 
833 111 168 0 
648 751 -371 0 
385 960 766 0 
-517 88 -850 0 
988 144 -111 0 
-839 102 318 0 
333 456 147 0 
-628 -724 -781 0 
-906 -120 -647 0 
-119 -601 699 0 
278 389 984 0 
576 -14 53 0 
950 -214 647 0 
-96 871 -859 0 
316 -296 -655 0 
-667 -862 219 0 
-461 449 -142 0 
-812 932 -888 0 
810 25 -603 0 
791 -681 -408 0 
-327 973 -265 0 
535 -499 -812 0 
-328 -712 -654 0 
-582 -903 51 0 
89 832 -105 0 
-644 524 416 0 
509 -795 -70 0 
-335 -195 -690 0 
561 303 -315 0 
-327 553 754 0 
-605 -527 427 0 
-778 -9 86 0 
-621 202 -565 0 
337 -316 -661 0 
374 -600 886 0 
969 -849 840 0 
-707 -288 827 0 
91 -111 -820 0 
-514 67 317 0 
490 734 543 0 
-996 -810 639 0 
421 281 105 0 
172 772 -669 0 
-287 722 -831 0 
718 -44 -740 0 
227 -345 -777 0 
-276 -400 -130 0 
-234 -801 -549 0 
740 -112 -334 0 
180 168 -694 0 
762 -991 151 0 
99 36 -75 0 
879 991 489 0 
-688 -437 -593 0 
-320 369 -550 0 
244 174 -903 0 
-39 -761 -832 0 
250 -453 -586 0 
-578 937 810 0 
-31 -524 -45 0 
612 274 -512 0 
-872 531 374 0 
817 893 410 0 
916 -424 -512 0 
-185 550 -794 0 
-385 -959 51 0 
946 -812 251 0 
-990 178 866 0 
-767 -474 -130 0 
10 599 470 0 
-334 -287 960 0 
-523 -210 -746 0 
-452 -266 394 0 
-216 -898 194 0 
-34 -264 -110 0 
-887 -245 -944 0 
-297 -597 379 0 
-523 -121 -790 0 
-12 -289 453 0 
-407 -108 118 0 
664 -111 360 0 
954 241 767 0 
149 -835 587 0 
441 898 -836 0 
-821 698 574 0 
-516 -996 -573 0 
795 -294 -530 0 
-60 854 -32 0 
883 -436 130 0 
792 -994 885 0 
708 951 -59 0 
623 45 648 0 
-901 789 136 0 
415 -876 827 0 
-272 736 62 0 
-795 98 -107 0 
615 -531 905 0 
-737 96 170 0 
-392 29 413 0 
-349 322 -60 0 
56 176 -404 0 
-508 18 -516 0 
-119 931 -602 0 
-206 470 256 0 
-92 689 -665 0 
-216 -68 -90 0 
441 646 719 0 
-279 -62 -354 0 
-665 -831 432 0 
-369 33 574 0 
-586 -885 850 0 
543 -700 -267 0 
153 -646 -933 0 
-881 924 191 0 
601 -776 683 0 
-51 416 -789 0 
649 287 716 0 
90 -390 649 0 
-184 -657 508 0 
-678 -252 -366 0 
438 -370 240 0 
-495 617 -944 0 
348 8 -330 0 
826 -566 -717 0 
56 383 480 0 
974 154 934 0 
368 -215 238 0 
-808 10 -913 0 
-570 603 -753 0 
-574 -857 430 0 
-994 340 -778 0 
-10 573 40 0 
-195 -642 34 0 
-41 -94 236 0 
793 -164 -911 0 
-441 -249 813 0 
292 568 -651 0 
785 541 -893 0 
776 -570 -631 0 
770 999 468 0 
273 91 9 0 
-893 974 -395 0 
-512 -35 -794 0 
-650 659 851 0 
573 -218 -772 0 
924 563 -919 0 
-456 301 -844 0 
327 -925 -367 0 
-967 710 -452 0 
510 -542 935 0 
84 270 358 0 
-971 586 647 0 
992 -126 983 0 
158 -80 632 0 
-818 -760 64 0 
-813 818 713 0 
102 -432 -448 0 
-845 -479 -830 0 
499 745 158 0 
582 472 -546 0 
-231 -568 -831 0 
-545 214 937 0 
194 -65 442 0 
-249 447 828 0 
-425 770 -838 0 
-319 -494 -941 0 
-319 -409 968 0 
-777 -416 -485 0 
262 -991 509 0 
-785 -954 550 0 
-40 397 962 0 
-719 -275 -676 0 
-917 296 714 0 
588 961 -658 0 
626 190 -346 0 
-11 85 76 0 
-802 601 834 0 
238 -871 853 0 
324 354 4 0 
544 -828 -920 0 
143 482 440 0 
595 -366 -412 0 
332 311 -68 0 
-177 929 100 0 
-498 856 653 0 
673 -257 -276 0 
-410 956 642 0 
-321 389 205 0 
-315 464 -195 0 
-409 754 -338 0 
316 950 -509 0 
796 -845 -321 0 
-328 -540 762 0 
570 -410 99 0 
-939 -5 235 0 
347 -962 911 0 
-71 -485 -663 0 
-912 218 -779 0 
-260 -9 -971 0 
-573 184 -788 0 
-303 546 524 0 
-392 -584 471 0 
-50 -281 -267 0 
-379 -696 727 0 
-791 921 -246 0 
-425 48 -407 0 
-640 -561 256 0 
259 -386 726 0 
-164 11 433 0 
512 -277 489 0 
290 650 -3 0 
474 368 171 0 
-789 -125 609 0 
742 -705 455 0 
-174 -780 -165 0 
499 -733 -658 0 
861 -718 499 0 
-617 172 -817 0 
-569 844 738 0 
-995 -859 -499 0 
-989 -618 -362 0 
719 -845 -689 0 
74 649 61 0 
618 37 -154 0 
663 -268 804 0 
250 -50 -96 0 
858 875 -597 0 
-807 -325 -503 0 
78 -160 -570 0 
387 170 -438 0 
-867 137 -620 0 
584 702 -161 0 
-774 282 99 0 
-804 549 -127 0 
-983 -14 224 0 
-108 -544 -708 0 
-490 201 -27 0 
939 771 -984 0 
359 398 383 0 
-421 407 -529 0 
-951 189 -181 0 
-842 537 952 0 
642 -454 425 0 
775 18 395 0 
-966 -956 547 0 
-797 807 98 0 
325 700 -102 0 
492 -734 -787 0 
454 234 -555 0 
964 266 -385 0 
-13 -227 -598 0 
160 -690 -563 0 
-521 -934 725 0 
115 995 301 0 
-450 360 853 0 
894 -198 445 0 
205 -896 -524 0 
-468 -240 273 0 
-275 936 885 0 
787 852 982 0 
-588 -489 -396 0 
-797 -649 -989 0 
-175 978 -568 0 
201 -513 -42 0 
-47 -452 -831 0 
642 -407 388 0 
157 -639 765 0 
704 717 -832 0 
284 178 774 0 
-190 130 -206 0 
-41 -585 -247 0 
768 632 -528 0 
-198 -303 -257 0 
939 -335 951 0 
989 965 -273 0 
-212 17 173 0 
981 -312 432 0 
-564 456 694 0 
934 -711 -803 0 
-870 -571 -911 0 
698 -328 108 0 
875 -885 -790 0 
-719 -490 -565 0 
98 853 -123 0 
870 -777 884 0 
-520 -660 -840 0 
-878 -793 708 0 
-752 625 294 0 
552 -441 -798 0 
884 -332 909 0 
-55 -258 927 0 
569 -188 -567 0 
472 495 383 0 
-60 377 663 0 
-643 -410 646 0 
-993 347 -933 0 
-912 -839 904 0 
-511 538 -243 0 
340 -485 -455 0 
936 -986 453 0 
226 725 -146 0 
475 706 -750 0 
172 -853 -454 0 
849 -499 -27 0 
368 -44 733 0 
963 -110 -951 0 
-414 347 -480 0 
-908 -73 -170 0 
269 -98 -36 0 
-715 152 -272 0 
778 848 -423 0 
433 13 -894 0 
925 595 -369 0 
-646 417 -756 0 
888 100 -150 0 
17 -722 -866 0 
64 -611 976 0 
675 -932 -107 0 
-526 302 20 0 
457 -505 -558 0 
-815 750 -959 0 
786 -529 495 0 
-783 -217 -623 0 
-484 413 86 0 
-981 -135 819 0 
-663 568 559 0 
326 -832 -934 0 
961 954 700 0 
-574 -601 -358 0 
-659 364 487 0 
-868 173 -991 0 
-638 -590 227 0 
824 -689 -441 0 
-194 -607 117 0 
810 -296 -882 0 
528 138 886 0 
230 294 227 0 
-948 -926 266 0 
-83 236 542 0 
-691 -857 539 0 
-588 -109 697 0 
-403 568 780 0 
-247 -368 -110 0 
220 319 250 0 
-743 -79 524 0 
602 -20 463 0 
-553 -874 -804 0 
618 -552 -745 0 
339 -449 -753 0 
-798 403 143 0 
83 -529 623 0 
932 171 -792 0 
-958 -846 822 0 
-527 -644 848 0 
606 -959 -862 0 
-32 851 -414 0 
-665 674 -496 0 
869 -878 603 0 
-841 -611 -305 0 
693 -877 -955 0 
-23 644 -372 0 
161 -32 -477 0 
475 268 -530 0 
348 68 102 0 
-396 859 717 0 
-165 -154 254 0 
-109 475 907 0 
-33 543 -707 0 
433 423 -956 0 
991 -381 -720 0 
-775 667 -92 0 
-166 -276 807 0 
-968 590 711 0 
865 -231 38 0 
7 629 -830 0 
566 -259 -297 0 
-871 923 661 0 
-696 -918 703 0 
-495 764 -794 0 
822 -774 545 0 
280 -96 -485 0 
639 840 451 0 
846 -647 -932 0 
-784 -632 764 0 
-755 883 -52 0 
867 642 -812 0 
405 475 -393 0 
816 563 -147 0 
-508 370 613 0 
-173 454 -501 0 
-17 966 376 0 
583 -411 -434 0 
902 714 -560 0 
703 -968 216 0 
-579 868 -4 0 
546 84 701 0 
-327 -280 723 0 
686 -416 441 0 
151 -848 -186 0 
-531 -516 663 0 
-600 -264 524 0 
-762 -44 620 0 
-353 494 -68 0 
732 -824 831 0 
-108 808 373 0 
411 228 -110 0 
471 -990 -892 0 
-493 70 239 0 
932 409 466 0 
-44 -980 -439 0 
-798 280 912 0 
289 -25 39 0 
-962 524 503 0 
528 430 -796 0 
-550 289 684 0 
878 628 669 0 
325 283 194 0 
30 -802 268 0 
543 365 808 0 
324 -112 551 0 
292 570 -113 0 
-210 129 -928 0 
-39 -770 698 0 
480 -618 -45 0 
239 903 -662 0 
64 -1 907 0 
-758 648 -294 0 
-767 899 -446 0 
897 151 -852 0 
615 -50 991 0 
280 -394 874 0 
-485 989 726 0 
-189 30 786 0 
602 -688 -841 0 
850 278 14 0 
401 451 -420 0 
-506 254 21 0 
-977 -175 -310 0 
294 -870 518 0 
-879 584 662 0 
801 434 -455 0 
470 -477 -67 0 
675 230 81 0 
497 -999 534 0 
532 68 737 0 
99 321 -168 0 
-1000 640 722 0 
171 66 547 0 
-194 -344 105 0 
-380 -718 -72 0 
-558 -170 570 0 
-216 691 -694 0 
-646 932 -804 0 
-376 681 147 0 
-82 -499 -256 0 
-360 883 242 0 
33 270 -662 0 
374 -673 -322 0 
362 -343 59 0 
915 -71 -393 0 
-888 91 739 0 
-319 -883 447 0 
707 649 -673 0 
201 819 -914 0 
192 855 -83 0 
-591 344 388 0 
657 -431 420 0 
-80 -93 604 0 
-790 -932 -610 0 
830 379 -730 0 
884 -475 242 0 
-24 -869 -928 0 
678 -305 761 0 
154 714 979 0 
-99 324 -706 0 
952 621 -663 0 
-943 -249 -835 0 
161 130 419 0 
-142 -706 400 0 
769 551 828 0 
-253 361 -141 0 
-579 689 574 0 
-908 -205 718 0 
890 842 -617 0 
-731 435 146 0 
-877 -940 -296 0 
-868 375 -973 0 
41 -166 -304 0 
331 817 715 0 
635 -791 41 0 
341 759 -755 0 
-492 103 -920 0 
-704 -212 -631 0 
-346 -825 -225 0 
-791 -918 327 0 
-537 731 160 0 
554 -718 -506 0 
246 -30 -208 0 
-701 -669 -718 0 
375 -186 -15 0 
-377 -549 255 0 
-701 284 -974 0 
449 -456 -155 0 
-102 574 -555 0 
-447 -185 652 0 
-471 857 -276 0 
-171 281 -433 0 
573 -553 757 0 
601 -408 125 0 
-514 -623 822 0 
-292 724 -314 0 
-398 -411 968 0 
-810 67 945 0 
-863 932 364 0 
791 86 -699 0 
225 -482 375 0 
-671 311 479 0 
424 -247 855 0 
-614 -134 915 0 
-993 771 806 0 
-534 559 196 0 
-969 -910 541 0 
986 964 940 0 
820 -623 859 0 
-707 -364 -375 0 
824 1000 -922 0 
741 -395 630 0 
370 946 -517 0 
-410 -466 -18 0 
993 592 954 0 
-137 -724 642 0 
300 141 -239 0 
-3 -937 -290 0 
-550 314 124 0 
910 392 -752 0 
-506 -496 475 0 
-912 -965 -349 0 
7 -263 449 0 
-726 32 660 0 
-158 -235 -353 0 
-709 196 -400 0 
-578 -988 -972 0 
-394 -559 109 0 
17 706 990 0 
509 857 -144 0 
-15 731 -712 0 
307 -650 695 0 
645 562 -628 0 
623 -621 648 0 
-800 445 342 0 
-14 495 535 0 
451 316 -889 0 
801 311 899 0 
160 150 -236 0 
880 -481 689 0 
51 -267 781 0 
182 857 649 0 
-499 764 -144 0 
-345 659 565 0 
-111 138 -441 0 
141 813 -657 0 
-423 907 316 0 
-401 -766 -556 0 
-324 545 511 0 
521 -982 -392 0 
-268 602 806 0 
301 -192 90 0 
-614 -785 -744 0 
25 -975 786 0 
-879 730 -233 0 
-132 218 -138 0 
-58 -126 -554 0 
-608 24 543 0 
36 -228 951 0 
445 667 76 0 
-437 64 -131 0 
244 534 -865 0 
783 -542 323 0 
602 603 549 0 
-101 -133 330 0 
246 749 414 0 
-22 252 -585 0 
889 -233 120 0 
196 -246 895 0 
350 -738 58 0 
251 976 -415 0 
-605 -344 -874 0 
617 916 -364 0 
-93 464 908 0 
159 254 -217 0 
572 467 -292 0 
618 549 -544 0 
-391 -651 608 0 
603 -514 998 0 
604 251 -974 0 
-623 93 -279 0 
-568 -280 144 0 
626 -173 -988 0 
-448 -641 681 0 
-377 802 -878 0 
-895 448 707 0 
821 24 288 0 
740 -226 -654 0 
507 221 248 0 
591 439 148 0 
900 -892 -850 0 
-130 -439 282 0 
-319 -340 368 0 
891 -218 -488 0 
-507 985 765 0 
-670 -577 10 0 
-452 920 736 0 
467 -904 719 0 
625 164 768 0 
-88 515 378 0 
979 395 -820 0 
-289 84 417 0 
753 683 -379 0 
-451 438 442 0 
445 -444 -532 0 
430 -346 -50 0 
-600 100 -76 0 
324 -550 242 0 
-554 -203 -880 0 
795 -914 -401 0 
-206 -663 -475 0 
540 -505 823 0 
294 466 771 0 
425 -284 271 0 
110 -705 9 0 
592 683 -437 0 
-245 111 606 0 
-940 -714 -775 0 
-719 936 993 0 
333 800 581 0 
240 68 881 0 
942 83 369 0 
631 275 -773 0 
-248 -102 224 0 
705 -725 552 0 
831 275 255 0 
-807 -776 618 0 
187 -70 658 0 
839 -237 -931 0 
810 -565 704 0 
222 501 -15 0 
-546 -826 -841 0 
160 -977 126 0 
904 -479 -237 0 
-749 -748 973 0 
-598 775 -383 0 
904 -134 105 0 
-264 16 230 0 
800 -55 -692 0 
377 -673 616 0 
-233 605 14 0 
627 -349 818 0 
-648 -337 -170 0 
-161 40 -146 0 
554 438 849 0 
-676 -219 558 0 
40 506 -8 0 
691 -198 8 0 
-371 -749 -51 0 
-429 10 460 0 
-68 659 -515 0 
-690 67 -233 0 
-397 -401 137 0 
-993 694 677 0 
523 275 -349 0 
-632 -523 -186 0 
-818 -107 894 0 
-717 -1000 -483 0 
-11 411 -962 0 
582 -230 -727 0 
-614 126 291 0 
866 363 23 0 
508 -521 457 0 
102 599 -412 0 
-72 -594 404 0 
752 -619 977 0 
89 -544 -360 0 
-958 -749 697 0 
511 -795 682 0 
994 -189 -817 0 
992 -873 -994 0 
178 -118 997 0 
-829 346 -267 0 
920 -971 122 0 
-663 689 -579 0 
888 42 -89 0 
467 519 885 0 
-213 353 689 0 
720 423 -74 0 
330 446 746 0 
285 105 155 0 
-323 -213 -733 0 
576 -427 401 0 
-570 -640 383 0 
-846 106 424 0 
711 -507 -140 0 
-422 740 273 0 
-777 -205 896 0 
400 181 -149 0 
645 -680 475 0 
943 -643 217 0 
434 171 147 0 
165 -888 138 0 
-159 829 -104 0 
-461 -853 -232 0 
284 616 898 0 
112 -895 226 0 
-562 -239 -869 0 
-992 125 -932 0 
-344 355 267 0 
-68 -33 216 0 
862 -562 -229 0 
597 -2 -100 0 
944 969 227 0 
-128 988 -284 0 
-126 175 197 0 
-490 -538 631 0 
492 349 -687 0 
93 205 718 0 
718 886 339 0 
737 -167 -561 0 
-972 -757 431 0 
-120 -390 806 0 
-703 -896 -782 0 
-892 -128 -304 0 
654 655 -604 0 
-495 571 807 0 
-495 249 -817 0 
354 133 179 0 
-376 1000 -547 0 
777 752 676 0 
-486 -803 -97 0 
707 334 925 0 
-634 -195 756 0 
716 -465 -612 0 
991 -179 43 0 
659 -482 313 0 
331 905 -717 0 
372 -793 -704 0 
-942 -579 -137 0 
991 56 -963 0 
895 286 247 0 
-561 188 431 0 
131 -181 -228 0 
316 -315 392 0 
436 -705 26 0 
193 -64 -749 0 
851 -67 -60 0 
-865 642 -252 0 
354 745 -1 0 
-145 294 -654 0 
-114 -699 386 0 
645 85 748 0 
373 -872 893 0 
-35 -659 412 0 
-809 437 -595 0 
-309 -140 186 0 
-586 -835 -993 0 
-452 100 -493 0 
525 583 767 0 
-358 712 -307 0 
-556 519 121 0 
363 -392 47 0 
-641 565 -112 0 
-406 -816 388 0 
-80 872 438 0 
-909 943 81 0 
240 -351 314 0 
322 206 61 0 
368 571 -51 0 
-78 -292 -592 0 
-889 282 711 0 
311 -10 956 0 
711 -42 840 0 
400 -677 560 0 
-197 -68 -521 0 
975 -979 519 0 
88 742 865 0 
-681 655 -652 0 
37 774 -158 0 
128 817 -9 0 
-327 852 -79 0 
556 -8 62 0 
343 -87 287 0 
-182 -894 -779 0 
-751 -208 989 0 
332 -171 969 0 
-253 363 891 0 
-43 13 -534 0 
334 931 -782 0 
-923 557 706 0 
692 396 -554 0 
-626 7 445 0 
-665 286 494 0 
45 849 -537 0 
826 569 454 0 
661 93 760 0 
730 -780 -798 0 
433 -426 -821 0 
976 271 329 0 
659 153 10 0 
-752 575 782 0 
-384 280 -508 0 
809 163 164 0 
61 -72 859 0 
-754 891 219 0 
178 -819 177 0 
276 -122 -841 0 
-922 -509 -385 0 
-162 -70 -24 0 
361 271 -172 0 
-400 -131 649 0 
-816 -556 137 0 
-556 -68 601 0 
695 826 -726 0 
365 154 980 0 
-520 -828 -867 0 
-948 183 -19 0 
832 -952 500 0 
144 -147 -938 0 
294 -496 -402 0 
39 626 859 0 
-168 687 517 0 
84 469 -482 0 
-633 27 543 0 
-37 74 645 0 
510 -946 -399 0 
-275 25 -431 0 
803 -106 -121 0 
-653 -503 620 0 
798 -314 -63 0 
934 -81 228 0 
-633 602 160 0 
-221 241 558 0 
-673 214 -133 0 
-60 697 -770 0 
-878 -317 -374 0 
460 154 802 0 
-278 -950 -833 0 
860 249 -91 0 
140 -224 -151 0 
486 -974 -642 0 
869 -431 414 0 
-189 87 -368 0 
-467 145 918 0 
-746 -141 256 0 
-777 -98 489 0 
-344 -883 896 0 
-855 879 -304 0 
-478 760 663 0 
-221 385 883 0 
243 531 -923 0 
-889 872 237 0 
-659 -764 -250 0 
-965 260 312 0 
52 -87 614 0 
435 924 -960 0 
-684 -638 915 0 
505 -693 -259 0 
235 523 520 0 
-572 239 -406 0 
-30 -174 -970 0 
708 962 -389 0 
-746 735 154 0 
361 -524 430 0 
-260 551 102 0 
-328 662 563 0 
607 -16 -600 0 
-42 300 941 0 
3 84 388 0 
554 -146 -983 0 
-380 -753 959 0 
313 721 449 0 
-524 480 523 0 
219 -429 702 0 
-613 -262 -171 0 
173 855 193 0 
-458 252 382 0 
300 742 -141 0 
376 -209 -418 0 
-843 -696 -620 0 
-446 -551 -935 0 
116 465 894 0 
568 973 183 0 
622 -680 -800 0 
-904 951 879 0 
-835 -783 -780 0 
-188 988 -447 0 
-322 -925 -216 0 
-879 295 -146 0 
-484 -952 910 0 
403 -182 -185 0 
-650 -614 -338 0 
73 -163 918 0 
-506 -61 -39 0 
860 100 -228 0 
1 714 164 0 
-940 -719 -342 0 
-520 650 -791 0 
473 694 582 0 
-595 -364 -570 0 
-851 -535 612 0 
697 -4 -600 0 
572 637 862 0 
375 -913 -98 0 
-744 173 -225 0 
135 618 374 0 
-792 480 -244 0 
907 -498 122 0 
219 -726 -349 0 
-219 212 327 0 
422 348 -561 0 
607 -83 536 0 
500 814 858 0 
582 -239 -801 0 
-754 -967 -801 0 
975 638 882 0 
85 352 -856 0 
792 780 962 0 
579 982 131 0 
10 521 784 0 
-860 9 855 0 
1 -182 852 0 
-505 -762 384 0 
268 -245 789 0 
-785 -588 -318 0 
-983 582 -808 0 
-253 -452 604 0 
-444 734 885 0 
-227 -927 52 0 
-169 -407 -886 0 
-64 466 -872 0 
-130 842 -746 0 
634 -898 -892 0 
-538 516 801 0 
-594 551 149 0 
558 798 -885 0 
713 580 535 0 
393 -139 -333 0 
765 -113 -978 0 
-219 448 652 0 
-111 284 167 0 
403 -646 822 0 
-839 -631 -807 0 
-761 76 -738 0 
721 -914 -760 0 
105 -408 -756 0 
-274 188 761 0 
-293 -119 989 0 
478 -180 -922 0 
-259 998 -130 0 
489 -73 -293 0 
-61 662 132 0 
-751 -371 -13 0 
-104 280 -585 0 
-981 577 27 0 
771 522 505 0 
415 873 649 0 
-106 593 858 0 
-222 796 -868 0 
831 -301 936 0 
-962 -76 -139 0 
-174 308 598 0 
841 306 486 0 
-272 -980 -707 0 
-353 344 756 0 
-923 243 250 0 
-251 344 -249 0 
186 -884 -426 0 
-592 -417 -579 0 
273 -160 -113 0 
-898 715 -510 0 
635 -817 435 0 
-709 -330 593 0 
298 -379 -660 0 
667 -602 -986 0 
-134 675 627 0 
-537 -204 -471 0 
-755 777 673 0 
813 -506 878 0 
-488 16 565 0 
-754 441 -445 0 
453 445 -292 0 
38 -935 -572 0 
254 178 -140 0 
-480 949 -210 0 
-262 -78 80 0 
159 -519 387 0 
-760 18 39 0 
515 356 -834 0 
977 -202 274 0 
-694 -660 204 0 
848 -76 -706 0 
737 -698 -887 0 
293 -365 275 0 
-763 -627 386 0 
-96 314 -774 0 
-103 16 -899 0 
114 638 899 0 
-963 -708 986 0 
-155 -125 -164 0 
334 926 -51 0 
-582 756 872 0 
258 -229 -616 0 
-664 650 -809 0 
-303 -478 976 0 
-260 107 -638 0 
-846 921 -519 0 
-868 600 619 0 
-645 -91 653 0 
-714 -626 698 0 
-694 139 649 0 
-95 343 -71 0 
-395 342 -738 0 
931 -10 35 0 
457 -972 -277 0 
-657 879 -298 0 
-238 -768 222 0 
953 354 882 0 
502 955 -473 0 
-757 -420 860 0 
-469 818 -767 0 
-854 -840 338 0 
457 883 3 0 
-763 37 176 0 
-259 504 578 0 
-270 -401 -861 0 
261 -139 516 0 
-781 -75 785 0 
272 -672 885 0 
948 -10 133 0 
-739 -348 -236 0 
558 -954 -260 0 
-856 68 519 0 
-502 352 762 0 
-239 -251 -417 0 
885 -598 -215 0 
-542 200 -475 0 
-49 998 -161 0 
895 340 -129 0 
689 -263 319 0 
837 71 -987 0 
-136 -946 187 0 
-323 615 578 0 
-54 598 557 0 
-862 -921 -839 0 
217 -922 -455 0 
475 -822 428 0 
297 670 971 0 
-25 903 48 0 
-487 -387 11 0 
702 -831 394 0 
-19 965 -831 0 
546 755 -145 0 
496 219 144 0 
281 563 -516 0 
-844 -210 104 0 
251 -646 67 0 
-534 981 -98 0 
862 32 712 0 
-963 719 982 0 
813 250 -901 0 
683 619 679 0 
154 267 167 0 
-173 -577 -154 0 
85 223 -50 0 
163 800 -792 0 
892 225 -149 0 
-948 28 124 0 
417 -784 -514 0 
415 587 322 0 
-260 346 905 0 
754 602 616 0 
389 -501 567 0 
-909 378 78 0 
-869 -715 -663 0 
15 377 530 0 
523 300 -472 0 
719 429 -828 0 
744 733 333 0 
-457 -123 -289 0 
-162 -535 196 0 
950 -152 898 0 
-227 -165 803 0 
708 -985 -460 0 
265 -418 -749 0 
831 -735 960 0 
683 -917 160 0 
-362 772 -182 0 
415 -243 948 0 
-110 -928 -247 0 
471 407 383 0 
734 943 -704 0 
-357 -120 -351 0 
162 300 725 0 
-924 -996 -933 0 
-777 429 941 0 
1 -982 -715 0 
-18 984 -305 0 
-166 -543 682 0 
-331 -730 827 0 
692 711 -572 0 
-659 -698 -323 0 
-614 677 -822 0 
-754 260 798 0 
56 420 387 0 
-866 -103 -774 0 
38 -741 406 0 
913 -295 -930 0 
489 -446 -974 0 
-938 -481 -210 0 
-836 -309 331 0 
-690 -510 -774 0 
422 -728 652 0 
39 288 558 0 
-354 -896 13 0 
-648 442 -369 0 
218 -484 -502 0 
277 404 -713 0 
922 -779 56 0 
-838 171 -902 0 
230 -605 46 0 
-211 -728 -232 0 
-152 -592 319 0 
-765 902 -738 0 
-717 -552 2 0 
-624 811 766 0 
19 882 985 0 
57 413 120 0 
188 342 731 0 
-716 -249 -339 0 
-573 532 -150 0 
-974 -905 210 0 
-373 786 -509 0 
-990 725 54 0 
134 65 -322 0 
347 -130 747 0 
-63 597 583 0 
-275 939 246 0 
570 613 739 0 
798 -575 780 0 
-297 117 858 0 
604 -202 324 0 
-121 427 490 0 
-767 -331 -935 0 
334 295 556 0 
590 -361 -757 0 
-96 -675 37 0 
-459 -202 -919 0 
-7 395 -16 0 
-240 569 529 0 
-882 427 985 0 
-268 -763 980 0 
460 647 -23 0 
985 151 -597 0 
-413 -80 966 0 
-230 601 -35 0 
-569 420 415 0 
-512 -230 -783 0 
-445 772 -118 0 
866 248 -871 0 
333 -671 684 0 
520 -981 -722 0 
55 552 86 0 
136 815 -114 0 
-760 832 856 0 
-584 -474 -685 0 
-591 638 162 0 
448 349 939 0 
-736 -101 -991 0 
-94 603 555 0 
950 -925 -687 0 
-932 776 -188 0 
-866 654 -54 0 
512 444 999 0 
-47 -377 13 0 
438 975 104 0 
510 210 727 0 
645 -885 790 0 
621 -730 -38 0 
-620 -92 -81 0 
-70 581 894 0 
-685 -732 -684 0 
-795 -753 918 0 
-667 -950 38 0 
-230 -335 40 0 
-280 -605 -724 0 
-52 -166 366 0 
-325 85 861 0 
-947 -635 429 0 
788 -810 900 0 
919 351 543 0 
486 -460 -829 0 
984 -342 -647 0 
-369 -175 392 0 
164 155 -680 0 
-483 539 924 0 
-405 839 982 0 
74 984 111 0 
413 142 253 0 
-546 -14 220 0 
-706 -233 126 0 
-256 -981 -191 0 
659 -231 -132 0 
-833 854 101 0 
-794 462 723 0 
-594 730 -899 0 
831 -140 -137 0 
-59 -607 145 0 
987 -438 -132 0 
949 369 -973 0 
-938 226 855 0 
-632 713 -217 0 
603 -642 -266 0 
365 -894 -791 0 
-566 974 -529 0 
833 -315 870 0 
407 -809 791 0 
-756 507 -161 0 
391 834 692 0 
-674 -130 -431 0 
-787 -398 321 0 
-393 -351 -999 0 
-144 -339 -690 0 
260 266 -235 0 
-76 203 -634 0 
871 950 -967 0 
475 614 710 0 
-19 -754 832 0 
441 469 387 0 
-680 939 -276 0 
-941 -234 -73 0 
425 -518 369 0 
-981 -200 614 0 
-940 -530 898 0 
-95 927 -616 0 
-479 -721 -270 0 
591 -147 459 0 
600 118 -200 0 
-166 493 -785 0 
-744 375 75 0 
-236 493 -320 0 
951 407 185 0 
-163 -115 906 0 
-192 151 905 0 
324 -823 317 0 
-496 640 -176 0 
652 100 848 0 
118 -780 286 0 
433 886 477 0 
-538 -602 24 0 
691 -897 322 0 
632 60 -529 0 
107 -868 -692 0 
838 372 568 0 
844 -763 -904 0 
936 -114 -685 0 
-180 -329 150 0 
764 -308 -422 0 
-817 103 -922 0 
-661 147 -192 0 
-648 710 70 0 
-311 367 -270 0 
438 11 -98 0 
333 312 812 0 
719 -242 350 0 
527 -663 947 0 
839 844 147 0 
-583 -571 -38 0 
765 -421 782 0 
465 812 552 0 
-840 792 -714 0 
-892 11 463 0 
685 -587 861 0 
822 55 -327 0 
664 -15 225 0 
-717 247 -421 0 
-30 143 915 0 
143 301 681 0 
32 -977 -253 0 
-329 920 -887 0 
194 -225 -471 0 
30 751 -54 0 
-598 19 43 0 
108 279 -127 0 
-639 -436 -395 0 
-253 -472 -511 0 
284 321 276 0 
280 -786 430 0 
-995 110 912 0 
937 371 508 0 
490 -389 -452 0 
-89 -794 575 0 
-214 790 -28 0 
708 -740 133 0 
895 -412 353 0 
559 536 -396 0 
-124 -451 -662 0 
184 -403 312 0 
-429 683 790 0 
208 421 -774 0 
445 -349 -802 0 
-617 737 65 0 
387 -330 -403 0 
384 -514 -479 0 
-260 160 -687 0 
-884 288 349 0 
-460 333 -795 0 
-156 -750 -596 0 
442 755 -472 0 
-68 677 451 0 
-894 9 -462 0 
-240 187 -605 0 
-153 346 431 0 
-993 79 -942 0 
45 -977 645 0 
-438 330 -538 0 
50 348 839 0 
-686 513 -572 0 
-977 -429 428 0 
874 -973 400 0 
-927 869 -767 0 
-644 -788 904 0 
760 982 345 0 
244 51 -155 0 
695 546 358 0 
-498 -597 524 0 
484 72 -406 0 
203 651 153 0 
724 -543 -241 0 
28 592 -2 0 
-309 -567 539 0 
978 772 585 0 
-782 -882 -706 0 
614 -559 -13 0 
-322 50 -232 0 
-719 685 314 0 
557 303 726 0 
-851 -26 -409 0 
-432 95 339 0 
-195 -528 -212 0 
546 295 -936 0 
-703 763 -383 0 
-618 -728 -994 0 
-132 -963 173 0 
-779 823 471 0 
407 -225 607 0 
-458 -454 -225 0 
310 -135 -998 0 
410 -134 648 0 
456 54 91 0 
-688 924 588 0 
-824 -804 850 0 
495 595 -539 0 
-728 -139 362 0 
104 -832 -654 0 
-648 -765 323 0 
193 966 190 0 
-105 -603 340 0 
379 549 577 0 
778 -653 -179 0 
-330 -775 -447 0 
-180 856 28 0 
-612 -303 376 0 
64 626 -727 0 
-715 209 946 0 
59 -905 707 0 
302 428 -116 0 
676 290 390 0 
479 -859 513 0 
408 -678 -875 0 
570 -762 -94 0 
535 624 759 0 
-823 62 627 0 
-404 269 -262 0 
244 -505 -190 0 
-369 942 -648 0 
-412 696 -29 0 
-318 -211 -142 0 
206 -744 -359 0 
833 29 977 0 
-709 -663 187 0 
-637 -895 973 0 
-867 325 -909 0 
840 -977 932 0 
267 -164 -231 0 
358 -274 300 0 
946 216 -286 0 
-516 204 -156 0 
-821 -909 -641 0 
-436 -442 61 0 
-317 531 -175 0 
-796 541 -71 0 
800 -822 -601 0 
-474 526 -395 0 
147 -638 -46 0 
386 -759 472 0 
382 971 -336 0 
565 563 671 0 
-741 -498 617 0 
173 -517 -858 0 
-356 -241 -292 0 
896 903 470 0 
-376 -653 240 0 
519 503 -8 0 
378 -220 -497 0 
-817 -586 846 0 
741 345 598 0 
220 411 760 0 
647 461 693 0 
-95 110 -467 0 
-599 -31 -974 0 
-438 811 149 0 
-589 -727 948 0 
-886 330 -734 0 
-222 455 -919 0 
-481 -159 -642 0 
-506 803 -266 0 
-929 -778 -984 0 
989 837 977 0 
850 917 894 0 
-671 -765 852 0 
-169 486 618 0 
701 -99 -906 0 
-664 -944 -337 0 
-631 52 -346 0 
608 206 -544 0 
-41 94 438 0 
-620 -14 401 0 
721 -264 -369 0 
451 -188 294 0 
155 -86 678 0 
340 862 316 0 
-303 927 327 0 
444 -741 851 0 
483 -571 -370 0 
-651 -66 -845 0 
840 -500 556 0 
-576 141 -398 0 
-39 -574 -804 0 
-91 906 567 0 
-71 -57 -331 0 
-431 -372 -75 0 
585 -485 -498 0 
700 -217 279 0 
736 -119 332 0 
-299 -724 917 0 
305 65 -473 0 
591 -323 -474 0 
868 735 441 0 
-163 -214 -729 0 
-497 145 808 0 
-246 -887 -173 0 
756 -960 -486 0 
-384 340 -95 0 
557 -264 -391 0 
-85 903 -881 0 
486 705 55 0 
-754 -581 -782 0 
39 -34 -455 0 
524 -616 20 0 
-154 930 -386 0 
-40 930 795 0 
726 -129 20 0 
-237 975 -94 0 
-140 -799 -305 0 
18 -515 -418 0 
-612 378 938 0 
-149 -915 503 0 
-945 -852 -50 0 
142 713 -942 0 
-40 -64 -244 0 
175 549 513 0 
-584 572 460 0 
-836 27 -513 0 
692 -106 -718 0 
-441 -875 409 0 
-54 700 -575 0 
-635 -139 -72 0 
-919 -816 -58 0 
207 -231 -802 0 
157 -226 -53 0 
-479 -488 -555 0 
-734 706 933 0 
127 719 -862 0 
383 181 256 0 
190 -565 219 0 
-223 -417 332 0 
260 549 644 0 
896 637 -795 0 
664 -525 461 0 
-370 -622 -847 0 
592 610 647 0 
-640 -828 397 0 
623 -581 -95 0 
-560 -50 -42 0 
547 984 493 0 
-850 820 787 0 
838 48 -680 0 
-45 -791 671 0 
891 -943 -673 0 
902 758 -478 0 
210 758 -122 0 
-125 950 -88 0 
844 313 686 0 
-588 672 580 0 
-716 -211 -500 0 
922 -480 9 0 
-45 788 450 0 
-54 -890 -834 0 
-263 -392 449 0 
434 -150 416 0 
-84 -487 -751 0 
130 -516 237 0 
318 -895 -99 0 
213 -260 486 0 
976 -170 -599 0 
905 168 -518 0 
763 331 305 0 
388 -834 865 0 
-646 -572 -177 0 
-208 -341 -652 0 
-211 -715 974 0 
282 964 162 0 
483 -135 -412 0 
-161 -115 -553 0 
224 262 -559 0 
273 159 -486 0 
-511 -104 793 0 
-284 -971 886 0 
-918 -400 -62 0 
-687 331 -868 0 
-122 -518 917 0 
-364 -804 -277 0 
-19 731 -705 0 
179 658 646 0 
368 -795 875 0 
845 -872 798 0 
454 -870 350 0 
887 -428 -942 0 
990 901 -630 0 
549 340 240 0 
-149 236 74 0 
-98 -728 310 0 
-70 -360 872 0 
63 45 589 0 
-602 -793 244 0 
-526 699 -667 0 
-985 -211 -520 0 
218 -149 596 0 
-675 667 58 0 
380 344 118 0 
-686 -365 621 0 
-499 518 761 0 
-332 66 614 0 
301 -474 61 0 
46 -898 687 0 
959 547 948 0 
-240 -846 -895 0 
80 -875 843 0 
449 -571 61 0 
791 -386 251 0 
-427 168 576 0 
-779 457 -419 0 
708 979 -508 0 
-310 -714 -92 0 
655 -687 -52 0 
-477 -102 -312 0 
-431 234 -167 0 
316 964 244 0 
-156 917 -32 0 
-874 398 165 0 
-190 644 -649 0 
-632 -729 532 0 
-897 -524 843 0 
-905 -821 -934 0 
-535 -487 205 0 
840 -22 -947 0 
-682 -402 -204 0 
-328 -672 784 0 
-662 -392 -547 0 
-888 813 -146 0 
136 812 9 0 
-889 -161 847 0 
494 813 852 0 
486 146 689 0 
920 -711 87 0 
-215 247 452 0 
-353 402 -463 0 
-179 985 693 0 
-720 -585 -532 0 
-934 266 404 0 
-804 113 746 0 
237 470 -583 0 
725 -486 97 0 
501 785 -825 0 
721 288 -504 0 
-933 -372 250 0 
-115 -743 -838 0 
-575 485 412 0 
-491 7 -901 0 
-610 -64 -418 0 
-839 -235 -42 0 
-644 834 101 0 
134 -464 -927 0 
146 677 529 0 
602 895 -256 0 
11 -76 -747 0 
-329 946 -371 0 
-1000 745 -73 0 
654 751 899 0 
-698 152 -139 0 
-861 -578 -36 0 
680 -959 -972 0 
-136 -505 342 0 
-84 -627 -354 0 
-247 -837 899 0 
-330 17 -705 0 
-978 949 -720 0 
762 285 161 0 
93 -140 341 0 
194 583 756 0 
-148 829 976 0 
-434 -407 541 0 
-302 152 -631 0 
117 -472 18 0 
-111 305 -184 0 
780 -848 268 0 
3 123 765 0 
973 -128 -90 0 
-649 -406 784 0 
-266 -15 -386 0 
656 -457 -999 0 
-210 999 -897 0 
-816 -377 294 0 
-342 -126 120 0 
73 -239 626 0 
390 907 164 0 
453 -633 132 0 
-423 -441 224 0 
787 398 -923 0 
68 253 -953 0 
314 -979 -23 0 
531 513 -982 0 
454 -932 99 0 
-290 331 28 0 
-325 359 492 0 
-476 19 -336 0 
-730 -688 -436 0 
-207 218 526 0 
172 -461 -856 0 
-84 -127 45 0 
-890 797 -656 0 
512 860 -588 0 
273 247 652 0 
-167 -219 -655 0 
401 -13 93 0 
-655 554 -477 0 
434 820 421 0 
-842 592 526 0 
28 227 -234 0 
-483 103 -297 0 
-740 -791 -712 0 
317 609 -359 0 
547 -935 537 0 
-121 336 40 0 
3 305 106 0 
579 -430 969 0 
-296 806 796 0 
859 161 -492 0 
859 -673 -888 0 
118 -252 431 0 
-736 783 -719 0 
392 63 -625 0 
284 -356 217 0 
-820 -200 214 0 
238 677 758 0 
248 -937 -189 0 
522 -316 -961 0 
977 -819 -633 0 
350 -484 855 0 
-233 457 -264 0 
749 285 -126 0 
-730 -343 -674 0 
-668 988 -183 0 
812 -570 57 0 
-26 912 -378 0 
-894 218 -739 0 
540 628 349 0 
773 -278 338 0 
-972 -101 632 0 
-562 -852 -577 0 
696 223 -610 0 
-282 559 251 0 
505 497 624 0 
-973 175 -890 0 
-478 970 455 0 
-474 -374 -797 0 
-715 925 280 0 
19 861 275 0 
458 -648 148 0 
-561 -691 532 0 
-29 -583 -926 0 
-708 868 -563 0 
-263 -752 -779 0 
-635 -186 -554 0 
118 974 921 0 
-304 731 -93 0 
209 851 -549 0 
458 780 -359 0 
-859 659 -920 0 
931 581 -304 0 
-202 620 -225 0 
583 -959 -269 0 
756 -219 774 0 
-515 -343 694 0 
-215 -581 903 0 
693 901 -415 0 
-757 -422 -128 0 
431 -750 472 0 
25 118 -446 0 
589 -727 57 0 
-561 -787 -600 0 
-46 -15 380 0 
176 922 366 0 
699 -726 -335 0 
-347 -829 853 0 
837 639 -957 0 
185 -992 107 0 
983 -238 -699 0 
-665 -341 882 0 
11 776 -644 0 
920 1000 254 0 
551 -230 892 0 
184 559 797 0 
212 -663 -277 0 
155 350 209 0 
563 869 -149 0 
-796 -118 -512 0 
-642 948 599 0 
664 320 379 0 
530 -183 14 0 
-420 269 -102 0 
-83 -941 -603 0 
853 -166 310 0 
-371 30 614 0 
304 850 240 0 
-926 660 -322 0 
298 -813 331 0 
941 -333 21 0 
-495 -479 569 0 
38 -574 950 0 
-224 22 648 0 
178 217 -198 0 
-660 -956 917 0 
-529 -968 -330 0 
-34 215 -314 0 
169 -351 -667 0 
-239 -316 -761 0 
-762 -716 -570 0 
-364 -512 259 0 
-402 -518 221 0 
344 771 306 0 
45 -965 643 0 
373 64 978 0 
-935 -547 136 0 
116 326 -210 0 
693 424 852 0 
99 -927 -700 0 
-139 -94 836 0 
413 -326 928 0 
-876 -54 823 0 
595 -222 -934 0 
362 -704 465 0 
58 -774 -449 0 
258 22 32 0 
145 -255 -413 0 
-91 -11 771 0 
169 764 642 0 
636 479 144 0 
-145 -376 479 0 
744 467 -551 0 
935 -787 234 0 
914 -98 951 0 
-378 116 -328 0 
-129 -487 -646 0 
-149 927 -250 0 
872 -262 165 0 
425 505 -435 0 
-905 719 -520 0 
-156 473 -822 0 
-350 746 -98 0 
-763 -479 -976 0 
-968 -880 93 0 
873 -126 -900 0 
18 -589 685 0 
726 -301 -751 0 
638 279 820 0 
669 -433 -648 0 
103 821 56 0 
-372 -258 -13 0 
-672 -678 -437 0 
-585 202 -475 0 
-701 643 -289 0 
499 122 -588 0 
-425 45 -670 0 
766 385 -427 0 
135 104 560 0 
-296 3 934 0 
-915 325 359 0 
-591 -641 665 0 
-423 -654 -716 0 
758 -383 540 0 
435 599 146 0 
-622 -357 617 0 
545 890 184 0 
862 -343 -572 0 
-476 273 761 0 
436 -68 -645 0 
880 930 -748 0 
113 -150 831 0 
998 -944 707 0 
-524 124 953 0 
-45 -383 -422 0 
-679 724 -338 0 
422 817 -89 0 
-556 -779 -802 0 
323 -841 326 0 
-984 406 163 0 
-404 -577 -801 0 
556 308 32 0 
554 -786 -454 0 
967 324 -673 0 
-337 -166 178 0 
740 -340 945 0 
-958 406 674 0 
-597 874 230 0 
-185 -697 950 0 
221 331 416 0 
173 -572 -578 0 
679 278 539 0 
745 662 576 0 
538 781 867 0 
-168 94 -385 0 
-387 -961 614 0 
873 -528 7 0 
58 366 -83 0 
-233 170 328 0 
-198 736 172 0 
-552 935 -272 0 
-423 -684 -4 0 
918 983 695 0 
735 -613 818 0 
-721 -387 587 0 
-386 -833 -422 0 
-931 -964 762 0 
-976 -754 -188 0 
-484 432 -838 0 
-694 134 268 0 
-226 -986 -269 0 
-414 658 -237 0 
-854 705 93 0 
115 738 3 0 
-71 -440 -430 0 
-213 -944 -524 0 
76 623 518 0 
461 290 905 0 
-745 870 73 0 
647 -600 -296 0 
581 980 176 0 
-650 -851 -775 0 
668 -972 880 0 
-28 657 -345 0 
-122 570 384 0 
-639 -662 12 0 
415 669 181 0 
85 -823 93 0 
-24 774 562 0 
154 678 851 0 
-763 -173 -181 0 
-697 -488 245 0 
357 -621 -754 0 
-919 -112 -633 0 
740 -877 175 0 
-612 -736 -799 0 
-182 -277 741 0 
662 -844 -597 0 
-615 577 317 0 
541 -902 206 0 
662 604 812 0 
972 839 865 0 
-378 440 701 0 
-275 454 -166 0 
-98 565 499 0 
183 949 -53 0 
-740 -483 -783 0 
887 -919 -638 0 
-582 -508 870 0 
-93 -223 -797 0 
316 -951 -584 0 
-916 993 540 0 
-791 969 -95 0 
442 -71 -741 0 
-988 490 235 0 
-216 -816 368 0 
207 -314 -785 0 
-938 164 -952 0 
-669 876 -320 0 
-49 -558 835 0 
781 -694 395 0 
806 513 -738 0 
782 -539 -47 0 
-81 763 562 0 
886 -358 -289 0 
431 902 -225 0 
62 650 805 0 
-945 -843 -861 0 
176 -47 594 0 
-995 75 963 0 
736 -584 -234 0 
-79 470 86 0 
-109 131 -14 0 
223 -360 -192 0 
944 261 -84 0 
-497 582 -113 0 
836 427 -164 0 
186 391 435 0 
-821 -920 -866 0 
135 344 -43 0 
-418 523 34 0 
-137 -231 578 0 
-453 -591 17 0 
99 -957 874 0 
-379 -848 521 0 
392 713 -68 0 
961 521 -775 0 
-931 805 -277 0 
-875 -968 514 0 
29 446 -671 0 
373 119 452 0 
782 944 -768 0 
-313 -32 678 0 
679 26 -206 0 
-641 -850 -835 0 
-287 949 -301 0 
633 788 594 0 
840 -141 -3 0 
-364 -522 -150 0 
-509 73 -917 0 
715 429 -306 0 
409 139 852 0 
-795 -419 -177 0 
-579 -186 -209 0 
740 -543 877 0 
-806 -612 918 0 
815 457 127 0 
-709 -462 652 0 
139 772 -863 0 
990 -665 -998 0 
-31 952 -527 0 
-780 696 777 0 
-45 -693 698 0 
-469 219 187 0 
415 633 208 0 
10 -960 -774 0 
529 14 -196 0 
826 862 -107 0 
-792 -147 -994 0 
680 -907 50 0 
258 -868 -776 0 
941 -805 321 0 
-63 60 -981 0 
-841 -61 807 0 
-187 189 113 0 
781 -974 296 0 
725 210 85 0 
91 -622 -419 0 
-18 -681 377 0 
-63 -541 -25 0 
216 -43 426 0 
8 -196 83 0 
-8 -26 -334 0 
-239 657 668 0 
692 -802 -624 0 
-777 -992 538 0 
722 544 -15 0 
-921 -696 359 0 
-228 -303 113 0 
155 667 -427 0 
214 -993 699 0 
-705 -712 102 0 
55 790 -285 0 
888 -444 -490 0 
-378 514 -403 0 
633 -492 533 0 
-591 -968 612 0 
637 -950 825 0 
548 -203 410 0 
591 557 -263 0 
-478 -850 316 0 
-545 37 325 0 
658 -392 -177 0 
