p cnf 1000 3400
-516 -385 -578 0 
-128 -602 392 0 
-932 -476 886 0 
443 251 -378 0 
173 481 -653 0 
400 721 150 0 
859 524 377 0 
-514 928 852 0 
-471 -364 102 0 
424 -205 -841 0 
-985 690 -94 0 
-732 -819 -81 0 
703 43 -128 0 
-591 -156 -864 0 
554 633 -20 0 
-104 -765 -532 0 
247 196 -548 0 
169 -822 652 0 
762 -512 -972 0 
50 -253 371 0 
-931 791 -776 0 
11 343 610 0 
302 510 -879 0 
449 64 -906 0 
-690 425 -941 0 
-627 595 -367 0 
-18 -661 -506 0 
-793 -170 -46 0 
204 -344 -816 0 
-111 219 711 0 
-950 262 -706 0 
241 543 -870 0 
327 266 297 0 
-521 -575 -367 0 
611 -80 9 0 
485 614 683 0 
-629 459 -562 0 
833 547 -218 0 
-213 644 -655 0 
-616 754 -599 0 
-833 801 615 0 
-739 -996 -887 0 
236 15 -130 0 
523 -511 747 0 
-286 -135 -39 0 
-469 -787 884 0 
-952 -790 18 0 
349 -579 342 0 
988 -712 -835 0 
790 -989 -25 0 
-565 -774 226 0 
698 234 83 0 
-568 -64 -978 0 
774 -977 -194 0 
-860 273 -264 0 
-710 102 196 0 
-908 941 -172 0 
-617 -630 -424 0 
796 -234 -337 0 
-13 794 963 0 
517 192 -86 0 
-489 290 825 0 
356 -516 -411 0 
-558 44 161 0 
211 -591 927 0 
-377 423 -348 0 
686 987 -404 0 
-482 491 -953 0 
-285 176 562 0 
342 458 -985 0 
41 -125 -950 0 
505 964 -560 0 
-182 569 160 0 
521 76 -270 0 
-120 491 130 0 
731 -233 374 0 
-449 -361 84 0 
-49 -720 -4 0 
927 140 -79 0 
-915 161 -911 0 
-766 729 -843 0 
-378 419 780 0 
405 312 -836 0 
982 -850 -275 0 
943 695 -27 0 
489 866 -896 0 
-51 -550 164 0 
854 -400 -956 0 
93 -240 -899 0 
-202 -153 -85 0 
-987 411 656 0 
-623 -745 914 0 
536 384 998 0 
372 373 855 0 
930 -977 -33 0 
-985 796 755 0 
555 707 541 0 
977 14 867 0 
365 -305 938 0 
-757 724 -484 0 
-93 -213 -182 0 
-367 353 267 0 
609 430 -432 0 
-656 -40 907 0 
-931 -514 429 0 
435 918 874 0 
962 -331 -883 0 
-712 775 694 0 
-289 -773 553 0 
-387 605 -243 0 
874 -206 -939 0 
-470 -873 2 0 
392 466 694 0 
-461 28 139 0 
-898 427 -463 0 
463 621 844 0 
886 710 -298 0 
752 -655 -830 0 
138 583 -118 0 
-359 -81 383 0 
-569 -461 692 0 
420 917 -5 0 
902 -240 960 0 
-197 556 -443 0 
364 303 -324 0 
949 646 315 0 
139 -971 -725 0 
733 -793 460 0 
348 221 -503 0 
736 301 -802 0 
-376 -110 938 0 
-302 -669 595 0 
335 -173 911 0 
-890 -944 -122 0 
108 -818 751 0 
-427 -382 -822 0 
-728 -820 30 0 
-742 879 289 0 
585 -435 99 0 
-289 129 940 0 
794 417 14 0 
-990 43 -713 0 
-609 938 465 0 
759 -889 -776 0 
124 -542 -1000 0 
226 -930 -63 0 
280 125 -859 0 
-685 711 590 0 
373 -195 788 0 
837 -428 -352 0 
-5 50 108 0 
925 184 66 0 
-652 405 -94 0 
-8 620 918 0 
-730 697 770 0 
159 606 -927 0 
-689 -470 -692 0 
596 -988 830 0 
449 999 679 0 
930 -602 -163 0 
919 394 -258 0 
-144 471 -754 0 
-229 -260 -872 0 
402 -559 -119 0 
890 -357 933 0 
184 685 -346 0 
-531 -462 823 0 
642 -73 966 0 
622 -716 -536 0 
-417 -328 245 0 
101 -299 39 0 
8 -492 556 0 
-375 239 -789 0 
998 661 946 0 
-532 447 782 0 
-600 815 -86 0 
-646 -435 868 0 
-644 -292 99 0 
671 261 -950 0 
-778 719 -531 0 
-851 -47 -188 0 
274 355 241 0 
-324 142 161 0 
-912 -740 870 0 
210 331 248 0 
-60 -401 -349 0 
-120 -384 553 0 
989 -642 247 0 
-665 -25 -962 0 
696 563 -873 0 
-568 -142 -49 0 
167 -740 561 0 
25 -664 -857 0 
-95 -505 448 0 
61 -713 -721 0 
550 567 -332 0 
-462 -346 -327 0 
2 -583 -474 0 
-413 -379 -517 0 
269 509 219 0 
698 -168 -485 0 
505 517 -229 0 
-759 -639 -275 0 
-139 -490 -676 0 
328 -51 527 0 
-383 480 149 0 
997 -447 -287 0 
956 832 760 0 
-228 -898 412 0 
-758 72 618 0 
-86 -26 -479 0 
45 858 -840 0 
838 -502 797 0 
965 -795 -911 0 
-797 -715 62 0 
-668 -629 91 0 
458 -510 -298 0 
860 -825 -609 0 
-386 442 771 0 
835 -806 -961 0 
-12 935 -532 0 
-342 -735 -161 0 
132 -548 -869 0 
-290 -637 228 0 
263 97 896 0 
280 908 -211 0 
84 -79 -216 0 
993 -684 -528 0 
-362 -49 -317 0 
-996 253 287 0 
-9 -565 -778 0 
389 -410 -30 0 
563 -626 -506 0 
436 -386 971 0 
-821 -801 170 0 
-505 -738 972 0 
238 753 543 0 
797 -521 602 0 
157 -55 -62 0 
751 211 901 0 
706 -979 -59 0 
623 581 312 0 
-445 -516 436 0 
829 -580 -950 0 
50 514 -22 0 
-224 952 664 0 
650 876 454 0 
231 -907 93 0 
-221 -783 621 0 
-665 -388 29 0 
-510 818 -468 0 
-452 117 -836 0 
-171 636 -19 0 
341 628 -249 0 
-283 -369 518 0 
-45 -210 -310 0 
-446 -261 -992 0 
-842 -886 -60 0 
-545 338 176 0 
-163 197 448 0 
-502 -393 -122 0 
-624 908 912 0 
-599 295 -718 0 
-901 160 -482 0 
911 555 -121 0 
470 -321 525 0 
25 35 68 0 
54 40 606 0 
486 672 -796 0 
797 -584 988 0 
398 -464 207 0 
-989 -161 -285 0 
670 -88 -487 0 
483 -639 570 0 
-300 -199 -866 0 
-633 220 198 0 
-231 -949 640 0 
-839 -213 807 0 
284 -603 -338 0 
988 -755 562 0 
-487 -443 606 0 
125 257 774 0 
-336 -993 787 0 
908 -256 400 0 
971 -552 -93 0 
255 658 -876 0 
-948 54 932 0 
-854 183 -859 0 
-128 -966 102 0 
737 73 -830 0 
300 668 -670 0 
-268 126 -648 0 
-413 -839 -35 0 
-322 795 936 0 
798 -480 -767 0 
-234 -854 453 0 
654 -755 355 0 
-93 852 -210 0 
317 348 152 0 
656 -838 730 0 
397 -120 -939 0 
-485 958 -531 0 
-232 516 625 0 
-763 -288 -606 0 
-787 -189 181 0 
-919 -458 -206 0 
-391 -298 -116 0 
112 -644 -853 0 
-470 -966 53 0 
907 179 764 0 
-546 -994 -248 0 
-136 840 -570 0 
-627 -352 -775 0 
876 884 -85 0 
376 -995 183 0 
457 -512 -621 0 
466 -720 835 0 
-592 176 135 0 
-789 -397 -653 0 
102 -679 -665 0 
-31 -904 30 0 
594 -927 -540 0 
890 964 134 0 
807 -416 819 0 
943 403 -379 0 
878 -945 -426 0 
89 325 -322 0 
-919 -616 -502 0 
-204 462 -424 0 
-592 -93 377 0 
944 -34 992 0 
-456 -588 439 0 
348 193 -530 0 
-201 482 -133 0 
802 -137 -96 0 
-595 547 673 0 
102 110 -600 0 
-692 933 39 0 
-878 134 527 0 
989 284 -595 0 
-170 139 -965 0 
898 -547 -106 0 
-22 -302 743 0 
876 441 568 0 
-67 481 219 0 
-934 727 -897 0 
-127 243 -765 0 
-311 239 520 0 
995 -36 489 0 
-40 -731 675 0 
-150 -91 639 0 
137 -599 -891 0 
264 689 -215 0 
-854 -874 926 0 
992 -383 101 0 
-85 -943 -382 0 
-80 -546 -665 0 
-376 640 -873 0 
-652 518 61 0 
-629 -870 223 0 
-840 -233 -159 0 
-620 -21 -814 0 
-410 286 -181 0 
-567 -766 428 0 
139 -907 -67 0 
683 975 -549 0 
110 821 271 0 
-758 663 350 0 
762 -293 -221 0 
-951 400 -43 0 
-759 737 147 0 
-116 614 -485 0 
-34 -487 424 0 
-236 746 -648 0 
509 -909 -461 0 
-868 -116 996 0 
-786 -241 -294 0 
-461 -801 -769 0 
258 -635 -750 0 
-720 -562 -673 0 
-56 -436 118 0 
-685 -932 -421 0 
-693 -584 739 0 
-920 -409 149 0 
845 -734 -401 0 
248 -221 433 0 
386 702 -505 0 
644 503 -716 0 
-833 749 766 0 
-415 719 -841 0 
-250 153 -849 0 
587 -152 15 0 
779 257 -210 0 
-353 -536 -577 0 
-300 696 -497 0 
-600 339 488 0 
-482 -934 293 0 
-186 435 971 0 
810 -531 351 0 
-626 998 668 0 
-293 957 696 0 
-19 -212 25 0 
266 -551 -198 0 
195 -283 -480 0 
256 724 135 0 
867 -932 734 0 
710 479 326 0 
240 -586 495 0 
589 795 -331 0 
676 65 -491 0 
-682 808 -972 0 
-679 542 931 0 
-882 489 319 0 
-431 -75 -531 0 
203 -117 -116 0 
-996 313 241 0 
-801 135 965 0 
-769 -201 777 0 
22 -854 439 0 
985 301 -693 0 
951 -465 20 0 
-51 -822 732 0 
745 -822 -517 0 
-587 -760 -552 0 
132 -315 -246 0 
-946 -762 384 0 
565 -939 734 0 
-597 728 875 0 
783 977 575 0 
-892 -64 162 0 
217 -319 -493 0 
814 -511 -574 0 
614 186 -791 0 
192 721 209 0 
-425 143 -255 0 
-250 133 -311 0 
381 -501 331 0 
-449 -468 602 0 
737 941 76 0 
357 716 -823 0 
-460 -454 -983 0 
-132 -226 -800 0 
388 694 925 0 
-991 -911 108 0 
-78 995 -932 0 
-830 -297 229 0 
128 -381 -420 0 
596 -486 -514 0 
318 -662 637 0 
187 865 -58 0 
-846 -997 837 0 
-353 700 527 0 
-89 -640 -39 0 
-659 -666 -408 0 
75 -135 -56 0 
762 644 477 0 
195 -609 -582 0 
-692 912 -119 0 
-76 501 576 0 
-540 -513 315 0 
972 -187 654 0 
345 -893 502 0 
846 -292 655 0 
26 -773 -737 0 
771 653 533 0 
-564 81 -854 0 
95 -459 -689 0 
-796 924 -389 0 
-469 301 -886 0 
947 -528 -270 0 
-127 -50 -321 0 
678 -410 -625 0 
780 987 -667 0 
612 637 -258 0 
713 5 -1000 0 
199 -640 -732 0 
-796 -864 -261 0 
-49 808 -45 0 
180 -511 -601 0 
544 180 -419 0 
-139 708 295 0 
555 743 -486 0 
217 413 -870 0 
-731 305 -573 0 
-518 115 577 0 
312 -749 -631 0 
-73 -735 285 0 
-947 -60 342 0 
-289 -824 768 0 
681 -368 123 0 
9 -141 440 0 
-365 -838 -141 0 
-824 597 -452 0 
170 222 423 0 
-944 683 -576 0 
-499 -43 537 0 
-674 -470 24 0 
-369 -814 -637 0 
-209 331 -394 0 
891 -789 361 0 
856 -255 865 0 
697 -912 -864 0 
378 208 -411 0 
-101 831 -483 0 
-706 304 -750 0 
763 -554 -553 0 
926 -324 662 0 
-693 -545 -46 0 
210 -536 296 0 
307 285 -716 0 
265 -56 10 0 
-516 -732 -520 0 
-467 834 -645 0 
-858 617 -432 0 
-476 731 -673 0 
-830 668 581 0 
-725 455 47 0 
929 947 -768 0 
1 -499 779 0 
-282 -58 826 0 
618 82 48 0 
804 274 825 0 
847 -946 52 0 
-653 -342 286 0 
375 121 856 0 
462 405 441 0 
168 -565 394 0 
-929 283 247 0 
-404 277 -595 0 
-876 433 -977 0 
746 72 -640 0 
322 -702 -606 0 
-906 -500 304 0 
-11 -866 -196 0 
-527 -847 -710 0 
-22 -747 698 0 
280 551 596 0 
-450 -881 13 0 
-894 -418 -39 0 
561 193 -643 0 
569 474 -391 0 
-85 978 -674 0 
621 -441 -736 0 
598 561 961 0 
283 -315 -465 0 
87 555 987 0 
-327 -581 479 0 
-213 -109 -296 0 
681 90 71 0 
932 -45 833 0 
472 767 -747 0 
21 -290 -654 0 
-186 -139 771 0 
-476 -972 127 0 
-900 113 350 0 
-457 263 -274 0 
-572 -445 820 0 
8 441 154 0 
479 -976 231 0 
307 -616 -174 0 
-404 406 997 0 
-811 -474 -845 0 
885 -174 684 0 
355 -904 112 0 
864 -238 647 0 
-455 211 -953 0 
-487 800 436 0 
667 686 439 0 
511 -853 378 0 
-423 426 -21 0 
108 -559 954 0 
467 -190 -755 0 
864 274 -276 0 
-721 -152 380 0 
514 561 268 0 
391 33 -842 0 
-341 353 -965 0 
-171 -131 -493 0 
-722 -127 355 0 
-272 480 529 0 
-139 -206 -320 0 
-95 575 467 0 
-413 -49 533 0 
-418 960 -166 0 
156 59 307 0 
556 246 -822 0 
-588 26 997 0 
-11 -292 -664 0 
370 306 750 0 
-332 437 -931 0 
200 -582 -681 0 
-687 -880 -959 0 
-367 -903 447 0 
-338 -560 -803 0 
486 896 321 0 
-325 -567 491 0 
772 594 755 0 
-519 -272 -722 0 
-130 646 -178 0 
-767 311 -285 0 
773 814 550 0 
-591 -862 463 0 
-990 461 89 0 
937 458 857 0 
614 732 816 0 
547 -552 587 0 
742 -635 262 0 
-812 -845 -727 0 
973 -249 887 0 
-626 900 185 0 
-438 98 534 0 
732 775 -455 0 
-814 -150 487 0 
-771 714 487 0 
933 83 -477 0 
681 203 -542 0 
444 -235 776 0 
783 -810 932 0 
-790 -962 -578 0 
961 -16 723 0 
273 177 743 0 
96 -342 732 0 
-639 -715 -591 0 
681 -839 -498 0 
640 -653 -588 0 
646 -953 -90 0 
500 -847 323 0 
503 -148 -613 0 
655 -105 -272 0 
-343 -105 -88 0 
-891 -600 -789 0 
689 -216 389 0 
239 918 683 0 
-311 -792 483 0 
501 378 -802 0 
76 890 -34 0 
683 -845 -814 0 
-524 -638 394 0 
442 -524 706 0 
868 297 -123 0 
-998 -929 -373 0 
646 936 531 0 
-169 952 -327 0 
898 984 933 0 
-604 -223 -209 0 
612 342 -70 0 
6 473 638 0 
-194 375 -610 0 
-252 717 -361 0 
76 -237 -842 0 
-573 -769 -326 0 
785 -553 -621 0 
50 409 299 0 
585 551 236 0 
817 188 -269 0 
-427 997 555 0 
78 1000 763 0 
-926 463 -249 0 
978 -747 523 0 
-34 -934 159 0 
-827 947 -108 0 
858 307 943 0 
44 -782 460 0 
-587 -805 -514 0 
93 -628 63 0 
250 838 492 0 
398 449 -906 0 
-319 -672 -572 0 
-796 466 -157 0 
514 -709 -753 0 
-993 -813 -183 0 
-198 -909 -851 0 
486 254 -359 0 
-475 -20 -132 0 
572 78 -737 0 
-122 -955 166 0 
746 724 -454 0 
538 -485 969 0 
-23 853 -491 0 
-88 -885 877 0 
702 659 154 0 
-193 -786 -353 0 
-790 566 763 0 
-214 447 -535 0 
-400 669 -952 0 
689 -634 -506 0 
-573 213 685 0 
-23 -288 -200 0 
-458 559 -713 0 
-928 -553 313 0 
-410 -642 -908 0 
-670 165 991 0 
-954 -136 669 0 
164 781 -735 0 
119 -766 -334 0 
514 -962 -152 0 
600 118 585 0 
-521 -827 -356 0 
40 663 44 0 
704 -675 595 0 
361 919 -568 0 
422 113 470 0 
421 492 -917 0 
-689 7 -105 0 
25 385 -538 0 
-509 418 -429 0 
692 -203 202 0 
-324 136 -289 0 
422 541 -506 0 
856 418 -77 0 
373 -579 439 0 
676 -384 996 0 
503 48 -478 0 
803 269 -243 0 
-179 -537 254 0 
127 -540 -776 0 
561 383 349 0 
-369 -91 42 0 
305 772 198 0 
-43 593 -560 0 
-98 99 -862 0 
-456 -718 -501 0 
444 -276 -421 0 
-799 -467 616 0 
72 739 456 0 
-920 747 -365 0 
704 -334 -679 0 
-985 -200 -459 0 
270 -957 643 0 
-66 959 -720 0 
970 -583 595 0 
145 167 684 0 
-24 -587 -885 0 
675 803 928 0 
133 -190 33 0 
668 -233 -800 0 
-463 512 338 0 
-767 -324 -248 0 
-907 777 461 0 
325 485 156 0 
950 941 -347 0 
115 213 -986 0 
485 448 435 0 
-461 -753 248 0 
897 863 994 0 
-939 646 -400 0 
-767 139 88 0 
782 78 115 0 
-338 -438 -226 0 
-834 -434 188 0 
-233 118 661 0 
-915 119 977 0 
365 -789 650 0 
321 -312 -596 0 
-641 -981 921 0 
-437 -892 698 0 
-783 -167 195 0 
-300 382 347 0 
-354 643 -428 0 
966 607 608 0 
-472 611 -754 0 
183 859 837 0 
-878 -805 -410 0 
289 -753 899 0 
919 666 -870 0 
519 -786 721 0 
-4 -130 705 0 
924 -399 -472 0 
782 -920 -226 0 
513 -477 -50 0 
173 -929 594 0 
-59 5 -935 0 
121 187 132 0 
472 942 -404 0 
-651 -150 906 0 
560 -990 -812 0 
-755 -527 -410 0 
167 395 498 0 
736 -585 353 0 
-441 -962 -657 0 
-631 -329 -717 0 
951 -25 -781 0 
-61 943 -338 0 
-895 -120 584 0 
-501 -719 -276 0 
727 -756 563 0 
496 -420 791 0 
-966 -631 -426 0 
-192 943 -896 0 
-780 236 437 0 
629 120 90 0 
-392 -735 489 0 
11 -111 778 0 
-990 -5 952 0 
638 352 89 0 
-998 -124 808 0 
555 -750 -48 0 
984 316 147 0 
930 832 839 0 
958 -367 705 0 
440 -447 -956 0 
-117 -344 784 0 
103 -4 498 0 
69 -34 -100 0 
272 503 120 0 
742 -421 869 0 
-403 -681 484 0 
370 108 -896 0 
739 -592 144 0 
224 660 52 0 
689 496 -506 0 
601 -407 -570 0 
-733 -91 -542 0 
-132 904 730 0 
-960 184 377 0 
449 -302 -639 0 
661 -788 -870 0 
615 -931 298 0 
-712 -573 -471 0 
556 -223 -108 0 
37 -153 909 0 
-990 304 -604 0 
870 932 367 0 
-187 832 -88 0 
-162 3 557 0 
-11 74 -892 0 
228 300 -595 0 
-205 183 505 0 
-743 -746 -364 0 
183 -718 -832 0 
-792 847 61 0 
725 399 429 0 
222 431 -378 0 
222 -513 760 0 
-445 -524 574 0 
-964 -904 -376 0 
573 -678 901 0 
324 -747 235 0 
476 -431 674 0 
115 -934 -76 0 
994 340 -21 0 
554 -184 -767 0 
877 -372 376 0 
571 -810 -24 0 
-891 507 -914 0 
-791 574 692 0 
135 -202 475 0 
-125 924 -771 0 
883 419 -31 0 
-331 -991 -148 0 
884 8 -167 0 
196 631 -47 0 
189 -767 -624 0 
-769 64 79 0 
-114 899 -378 0 
56 -808 -89 0 
28 -290 -232 0 
469 140 -511 0 
-828 -504 -524 0 
424 -497 -918 0 
160 -67 -324 0 
-679 -233 -515 0 
406 980 539 0 
714 464 -167 0 
11 -832 -657 0 
267 571 -714 0 
412 -687 100 0 
94 -986 30 0 
-389 -783 975 0 
459 407 521 0 
-381 707 676 0 
-725 -872 617 0 
604 -357 -767 0 
792 -902 -67 0 
-444 770 -36 0 
256 -625 221 0 
101 -437 -400 0 
514 -70 -489 0 
-463 -137 836 0 
910 -462 573 0 
-166 -688 406 0 
-547 -469 902 0 
370 343 997 0 
881 654 -393 0 
287 595 -51 0 
652 -303 -70 0 
254 243 -349 0 
-861 994 369 0 
-655 -694 144 0 
536 -788 -883 0 
499 -729 -184 0 
-956 -77 -693 0 
357 -808 863 0 
-671 -687 783 0 
298 -158 -397 0 
163 -883 -397 0 
-617 198 137 0 
-883 686 659 0 
-639 -22 -583 0 
-275 574 640 0 
-553 -392 -255 0 
883 539 679 0 
602 -279 594 0 
-759 -942 716 0 
516 173 -851 0 
369 591 268 0 
-796 -273 293 0 
-560 505 204 0 
5 -298 -151 0 
-775 873 771 0 
-995 -392 105 0 
-555 -509 -304 0 
366 729 247 0 
791 -894 587 0 
221 -602 573 0 
-861 207 -720 0 
486 730 -93 0 
144 523 -663 0 
-637 442 -751 0 
-279 823 -509 0 
-812 446 -528 0 
-825 804 971 0 
-385 75 -314 0 
969 -865 391 0 
924 979 131 0 
-997 -767 -769 0 
-462 -990 739 0 
236 -568 -277 0 
32 -597 29 0 
168 -222 -169 0 
-932 961 387 0 
-325 -658 206 0 
-673 789 629 0 
656 634 -787 0 
116 -557 94 0 
-821 -885 -270 0 
-794 -524 -902 0 
-527 339 446 0 
277 -88 -856 0 
491 -166 444 0 
463 -48 -523 0 
-445 71 -553 0 
225 -783 -721 0 
-379 -277 -625 0 
264 911 373 0 
-305 567 445 0 
625 -845 -160 0 
849 791 910 0 
221 125 943 0 
596 -981 768 0 
-440 -61 -712 0 
-865 -430 -560 0 
304 -676 951 0 
475 234 -901 0 
362 216 -925 0 
719 -6 -276 0 
-836 285 839 0 
819 -684 222 0 
-853 883 428 0 
779 -365 -706 0 
707 182 85 0 
-660 -533 -253 0 
-296 552 -424 0 
-730 -372 -869 0 
860 217 633 0 
-507 717 -739 0 
558 -930 974 0 
-262 371 778 0 
-121 746 -639 0 
806 445 813 0 
-423 895 -593 0 
831 -14 -827 0 
-653 -28 -207 0 
-541 333 633 0 
701 -375 -173 0 
420 -561 -445 0 
-795 602 955 0 
-1 -883 81 0 
963 -464 -547 0 
-910 -990 843 0 
-510 -532 964 0 
-555 -369 -316 0 
778 638 71 0 
-734 174 754 0 
-90 369 11 0 
-597 871 685 0 
251 -212 -898 0 
-972 -433 -460 0 
-539 -936 -977 0 
882 -311 -652 0 
524 -230 528 0 
739 -367 -438 0 
325 -837 512 0 
-618 -402 69 0 
-499 484 -33 0 
806 -935 57 0 
-530 -830 -314 0 
595 -861 -88 0 
999 -785 576 0 
-154 -910 -599 0 
-715 -708 -717 0 
-601 286 283 0 
739 887 269 0 
-880 -862 177 0 
415 -623 139 0 
-903 -69 -615 0 
-138 990 -772 0 
356 487 781 0 
245 790 752 0 
-246 -824 -266 0 
132 846 923 0 
-231 690 -66 0 
34 466 986 0 
-57 -941 350 0 
-23 641 -563 0 
-384 925 866 0 
-554 -645 342 0 
-545 -777 -8 0 
550 906 279 0 
-199 663 -312 0 
226 583 440 0 
409 -4 122 0 
415 102 -845 0 
-256 -405 -443 0 
705 418 966 0 
-125 -485 -739 0 
-989 -643 220 0 
-580 -332 302 0 
180 -109 454 0 
173 -740 169 0 
111 910 -513 0 
457 936 -327 0 
-677 389 41 0 
543 746 123 0 
441 68 653 0 
-252 -873 -422 0 
-36 805 407 0 
174 975 16 0 
-42 58 -866 0 
-431 -72 559 0 
250 -540 -897 0 
5 59 -673 0 
464 -221 -4 0 
441 492 -662 0 
735 -458 571 0 
107 139 677 0 
-604 -688 669 0 
-755 -26 266 0 
118 52 -701 0 
-317 -423 312 0 
-532 -402 642 0 
927 187 -685 0 
-884 -658 927 0 
107 -697 600 0 
-869 -690 174 0 
-853 109 -647 0 
-238 230 411 0 
172 -603 -727 0 
-863 555 -851 0 
909 687 -213 0 
551 -237 -52 0 
-705 846 556 0 
-211 287 -648 0 
-61 -265 335 0 
276 -982 -833 0 
703 357 -333 0 
-391 -788 -650 0 
-750 -60 -497 0 
-926 -843 -589 0 
541 316 28 0 
-178 698 428 0 
430 -420 -338 0 
-955 564 -621 0 
501 322 -35 0 
-929 589 -329 0 
685 6 -726 0 
-206 630 -403 0 
900 787 809 0 
-356 329 437 0 
-516 -116 120 0 
-829 -94 296 0 
354 579 95 0 
-18 716 898 0 
681 844 -343 0 
888 516 -296 0 
49 -371 121 0 
-162 -826 40 0 
-54 -335 840 0 
830 831 -331 0 
-305 46 102 0 
-436 118 693 0 
507 -801 835 0 
534 -845 -709 0 
504 468 -814 0 
-463 -93 -297 0 
-499 441 -680 0 
-216 865 -779 0 
734 959 -159 0 
-338 526 831 0 
791 -404 -232 0 
495 -76 -401 0 
663 -662 388 0 
157 -317 580 0 
-902 -167 27 0 
-919 804 -630 0 
-690 196 -134 0 
-888 -302 314 0 
-310 38 -46 0 
-215 -509 196 0 
-900 277 -389 0 
-952 606 827 0 
741 29 -608 0 
-434 -486 -880 0 
-360 -433 986 0 
686 199 -157 0 
716 352 774 0 
-417 -757 -445 0 
362 -548 -469 0 
-763 912 -113 0 
948 -145 987 0 
-903 -519 -86 0 
13 970 -981 0 
-399 91 -555 0 
46 -206 -502 0 
361 727 699 0 
-651 935 223 0 
908 -644 -506 0 
325 -203 -647 0 
-786 -639 -551 0 
678 -719 -119 0 
-415 406 -151 0 
14 -916 -455 0 
213 -914 514 0 
-265 116 82 0 
-385 -672 -761 0 
-956 -293 -405 0 
520 108 726 0 
488 -907 567 0 
953 -192 999 0 
146 954 304 0 
-279 -114 -429 0 
641 567 168 0 
136 -37 180 0 
326 853 -515 0 
-633 572 -18 0 
26 -480 611 0 
695 688 112 0 
-158 -76 -670 0 
-502 -931 150 0 
77 135 906 0 
-80 389 532 0 
960 814 717 0 
-179 -54 -914 0 
101 799 -953 0 
345 705 -376 0 
659 17 253 0 
-716 566 -477 0 
-94 33 -874 0 
981 256 -696 0 
-480 517 -245 0 
745 -869 -184 0 
908 211 200 0 
-448 -888 852 0 
603 -691 769 0 
-922 256 969 0 
308 -287 -111 0 
707 -408 -802 0 
478 -592 -655 0 
-280 394 -991 0 
-713 -342 -26 0 
880 788 -979 0 
-54 -886 -577 0 
308 -956 410 0 
-112 -367 -388 0 
85 -816 -219 0 
-215 980 -486 0 
144 -868 -401 0 
-122 -824 45 0 
-547 -533 -108 0 
636 -336 98 0 
-510 -493 -268 0 
-429 -391 269 0 
-702 -169 883 0 
-967 -61 -759 0 
236 -279 -178 0 
-533 -917 550 0 
-276 418 608 0 
-500 -590 209 0 
646 294 -6 0 
-114 -919 832 0 
-482 481 594 0 
722 -779 42 0 
73 -862 63 0 
-490 257 941 0 
355 -852 -564 0 
39 -740 -16 0 
218 -1 -638 0 
357 -538 -15 0 
-828 -903 -740 0 
-255 811 -58 0 
-223 803 531 0 
263 591 -519 0 
306 -8 -224 0 
-942 411 841 0 
983 541 -326 0 
-336 652 330 0 
-625 -189 602 0 
-26 634 -849 0 
-188 -859 -759 0 
-635 590 -229 0 
-516 -653 785 0 
797 -855 819 0 
530 -744 618 0 
676 652 -901 0 
-948 283 -607 0 
-244 895 276 0 
-184 247 750 0 
-160 -254 -644 0 
-622 678 -959 0 
-217 -892 -748 0 
897 -954 621 0 
-297 433 552 0 
836 -120 -575 0 
-387 -204 546 0 
517 -89 744 0 
309 -63 62 0 
-565 468 386 0 
-433 749 230 0 
448 962 -544 0 
244 -139 85 0 
-256 -77 -226 0 
384 -69 -996 0 
-991 431 -599 0 
-935 -277 -805 0 
605 -416 -872 0 
475 921 157 0 
-974 192 759 0 
151 -402 -28 0 
121 716 188 0 
760 -452 181 0 
-430 814 541 0 
-498 -468 782 0 
-8 -644 287 0 
-429 -525 -510 0 
482 396 161 0 
-388 -125 -106 0 
228 -415 944 0 
-755 -406 -614 0 
290 1 -997 0 
-138 -642 434 0 
559 -794 376 0 
-713 693 -548 0 
-284 -146 480 0 
-137 823 -450 0 
-505 91 -574 0 
860 862 757 0 
58 -860 -396 0 
-106 876 684 0 
-132 613 -78 0 
-757 -559 518 0 
256 -155 -541 0 
-973 121 -805 0 
-508 -832 100 0 
-957 -323 -131 0 
-431 -509 719 0 
-515 659 -994 0 
-889 -195 270 0 
552 164 -722 0 
-885 704 -922 0 
-490 -508 489 0 
102 16 -732 0 
-78 -158 7 0 
95 -5 -961 0 
196 -558 658 0 
-598 867 -20 0 
755 -488 347 0 
604 -65 253 0 
-110 673 701 0 
-360 512 -673 0 
-925 -133 714 0 
495 -106 -182 0 
708 -205 503 0 
-730 -170 -938 0 
105 -300 839 0 
140 -134 229 0 
711 758 716 0 
474 -944 -978 0 
297 971 633 0 
-712 -6 268 0 
899 -784 -771 0 
932 827 -418 0 
-829 995 -728 0 
-454 894 -318 0 
-964 338 -640 0 
329 611 -77 0 
-377 633 888 0 
923 -508 -799 0 
329 687 269 0 
-261 823 489 0 
54 -286 125 0 
302 -738 -704 0 
-847 -959 -463 0 
-194 -446 -592 0 
-986 868 -530 0 
-987 -970 593 0 
-408 -777 705 0 
-997 706 -274 0 
-881 -803 784 0 
-393 -721 -263 0 
362 -171 -59 0 
391 35 633 0 
-988 -963 -348 0 
-502 674 720 0 
155 491 435 0 
636 -744 -184 0 
-123 968 50 0 
-996 -23 312 0 
229 -252 -616 0 
-236 -1000 119 0 
-845 417 767 0 
152 -432 -547 0 
-403 19 565 0 
768 611 3 0 
-990 -64 821 0 
721 -966 -328 0 
173 253 693 0 
-482 -65 925 0 
-772 -294 -732 0 
809 771 -19 0 
-347 500 -206 0 
304 938 -788 0 
-220 -916 -883 0 
-203 -109 184 0 
-391 -326 816 0 
712 653 -311 0 
-254 160 -277 0 
-147 676 -260 0 
-774 189 -977 0 
-297 -148 -640 0 
-511 -164 -708 0 
-378 31 483 0 
-639 737 503 0 
-676 546 719 0 
-961 724 104 0 
-765 830 154 0 
193 -929 -394 0 
-369 -750 396 0 
-430 425 -565 0 
-661 643 -938 0 
894 115 574 0 
-758 745 -777 0 
-406 -176 -816 0 
-799 144 355 0 
-716 -2 997 0 
-511 -489 -109 0 
896 729 -678 0 
797 -836 -160 0 
-261 -670 154 0 
135 -668 -962 0 
-751 -516 799 0 
1000 -462 748 0 
-187 -389 -514 0 
-646 -484 946 0 
-729 -192 466 0 
369 -829 394 0 
-298 -502 -677 0 
650 792 277 0 
599 -878 912 0 
592 573 696 0 
-21 -783 233 0 
-931 172 288 0 
-705 441 160 0 
257 -585 490 0 
509 -703 727 0 
-753 -883 317 0 
-463 536 -85 0 
-74 880 -51 0 
-250 845 190 0 
109 17 -616 0 
330 -99 -288 0 
708 -973 755 0 
-970 -746 -495 0 
138 -254 -765 0 
-892 504 -702 0 
359 781 -101 0 
-730 -212 -190 0 
-131 381 -712 0 
914 885 264 0 
-851 -317 -667 0 
-419 -245 190 0 
-318 -414 -22 0 
900 -350 -851 0 
-887 639 -708 0 
500 791 998 0 
-776 -925 747 0 
288 810 140 0 
189 -932 -915 0 
-946 -115 -791 0 
582 95 -151 0 
262 613 641 0 
822 -230 -103 0 
-199 -43 -203 0 
-912 971 -177 0 
31 359 -949 0 
792 -515 126 0 
52 -342 -582 0 
277 -260 -635 0 
343 38 -788 0 
-745 903 -594 0 
600 225 320 0 
-911 -882 352 0 
-195 755 978 0 
735 -97 240 0 
-201 -392 36 0 
-956 542 -446 0 
-534 -453 992 0 
-509 172 -670 0 
-963 914 622 0 
296 829 498 0 
-44 993 -914 0 
718 -856 -713 0 
-303 360 -60 0 
201 -508 -75 0 
-643 -81 551 0 
652 -55 955 0 
477 458 579 0 
-532 214 -271 0 
-582 -172 -346 0 
-392 -366 -485 0 
300 -695 779 0 
-719 203 -68 0 
-907 -663 -248 0 
621 -531 949 0 
-525 -27 -837 0 
982 -72 37 0 
-815 -16 723 0 
430 -54 766 0 
-313 887 692 0 
368 -643 779 0 
273 912 39 0 
-786 -401 288 0 
428 -717 493 0 
178 315 -736 0 
752 432 348 0 
73 -909 -525 0 
695 -933 -192 0 
805 -20 -432 0 
-23 -953 -846 0 
219 -300 -535 0 
-349 339 361 0 
-989 -37 743 0 
-784 -904 -922 0 
455 900 -692 0 
57 175 -750 0 
-126 -776 781 0 
-983 -676 -936 0 
806 -636 144 0 
-692 214 532 0 
97 994 -795 0 
-348 646 840 0 
502 915 -454 0 
-839 615 -973 0 
-400 290 -19 0 
590 -352 629 0 
-820 161 -182 0 
-771 3 -91 0 
833 -252 -324 0 
894 32 -46 0 
586 -430 456 0 
-379 -407 -245 0 
290 -367 -988 0 
772 161 264 0 
-235 -901 -347 0 
-241 -228 -810 0 
428 -246 745 0 
8 256 55 0 
-901 855 523 0 
511 -143 586 0 
440 229 -757 0 
-250 -211 -291 0 
-254 105 -439 0 
-908 -724 515 0 
217 -752 804 0 
366 -948 -996 0 
-842 -478 -405 0 
-787 -839 -674 0 
997 -976 915 0 
-179 457 273 0 
-2 426 -679 0 
948 -915 -766 0 
-354 283 -271 0 
-38 972 -244 0 
-81 303 -537 0 
-201 -939 477 0 
-934 -82 469 0 
366 -165 376 0 
-357 120 -442 0 
-554 888 -93 0 
33 -538 198 0 
-199 618 141 0 
636 -309 942 0 
121 -269 -199 0 
334 130 935 0 
-657 129 594 0 
17 -337 -257 0 
-577 969 941 0 
702 -857 -30 0 
-580 -371 -530 0 
392 205 304 0 
-375 -56 -961 0 
549 786 835 0 
-991 695 893 0 
-254 -855 -387 0 
658 -511 427 0 
645 379 -289 0 
-102 473 -892 0 
659 815 583 0 
-951 -837 -876 0 
986 403 379 0 
291 346 -257 0 
698 -223 771 0 
-950 990 764 0 
661 487 -232 0 
-28 -355 771 0 
112 542 -432 0 
-242 32 -172 0 
915 687 -125 0 
-774 -733 -789 0 
956 -822 -83 0 
-322 960 626 0 
701 637 -883 0 
465 739 179 0 
41 -766 -964 0 
-618 -845 -420 0 
292 -589 -372 0 
871 578 -36 0 
158 998 147 0 
-484 -510 -512 0 
439 648 -705 0 
147 620 -626 0 
282 -197 -615 0 
-989 471 842 0 
-360 648 -298 0 
-244 756 -417 0 
515 -326 28 0 
195 852 426 0 
-846 897 -770 0 
-441 750 364 0 
-18 -643 929 0 
504 430 152 0 
886 -41 -75 0 
-574 -25 -957 0 
273 649 75 0 
773 13 -232 0 
-446 -60 -559 0 
857 344 -395 0 
-258 -176 -861 0 
-661 340 -557 0 
-128 -549 270 0 
573 -243 637 0 
636 -155 -208 0 
496 516 -654 0 
-687 -957 527 0 
-644 206 -934 0 
-308 -274 885 0 
726 76 838 0 
-311 -751 -326 0 
532 26 834 0 
895 779 -706 0 
-327 536 786 0 
554 464 552 0 
313 870 431 0 
443 -546 -111 0 
18 214 655 0 
-636 244 331 0 
-600 381 175 0 
-403 -428 495 0 
537 -891 -800 0 
212 -803 747 0 
50 20 381 0 
266 -891 -690 0 
-619 -586 999 0 
-348 97 -188 0 
-442 606 -759 0 
-598 141 -491 0 
-558 903 263 0 
302 -279 67 0 
-534 -855 389 0 
-299 284 -309 0 
996 297 -476 0 
-913 967 234 0 
426 347 -896 0 
47 653 199 0 
669 -647 993 0 
702 -601 328 0 
-494 -107 640 0 
-344 -421 -946 0 
751 885 -617 0 
369 999 157 0 
612 -353 -108 0 
-69 -66 -324 0 
733 -857 -232 0 
759 -962 -693 0 
63 -297 551 0 
997 430 764 0 
-423 597 -948 0 
-73 -765 123 0 
929 -752 529 0 
-453 921 -965 0 
322 10 -787 0 
-107 312 455 0 
596 -242 -798 0 
-720 71 -766 0 
628 -109 -596 0 
524 521 762 0 
-786 403 292 0 
-314 -373 762 0 
-422 780 -33 0 
1 -90 -205 0 
-107 810 -158 0 
266 115 -763 0 
-194 -355 520 0 
-654 947 831 0 
-860 633 -42 0 
775 854 -510 0 
-92 681 436 0 
757 -196 -182 0 
-574 -732 -791 0 
-63 -677 -831 0 
950 2 -148 0 
-920 -838 203 0 
-100 64 -18 0 
61 -41 585 0 
-645 -717 -268 0 
240 -630 185 0 
958 -847 -239 0 
910 -966 550 0 
-821 -473 525 0 
-289 -161 -95 0 
-490 914 556 0 
-685 -623 21 0 
-896 -383 787 0 
-370 -250 120 0 
945 -421 754 0 
325 240 538 0 
-112 404 -181 0 
325 435 -816 0 
50 -647 957 0 
-575 1000 -134 0 
123 -884 -584 0 
-425 158 247 0 
-714 -808 -230 0 
-133 -712 927 0 
-478 -66 961 0 
-832 -509 376 0 
318 -335 132 0 
308 -883 -748 0 
298 -443 860 0 
190 -48 -86 0 
809 -664 -695 0 
-537 -567 -599 0 
-538 502 488 0 
-781 961 -913 0 
645 958 800 0 
-309 -513 236 0 
537 -803 -649 0 
-489 453 -6 0 
246 786 -773 0 
-679 -895 -69 0 
-994 975 -301 0 
746 886 275 0 
825 835 -429 0 
-589 910 689 0 
-603 631 457 0 
773 -545 -204 0 
-50 917 199 0 
-479 -730 739 0 
-5 -235 -569 0 
586 -714 -419 0 
-495 -261 235 0 
-490 970 -780 0 
-761 -238 -655 0 
643 422 349 0 
-570 -213 -394 0 
928 -188 194 0 
-428 -523 705 0 
177 925 -534 0 
-211 773 -407 0 
-989 -502 342 0 
-486 -495 809 0 
-28 928 -675 0 
-527 -555 868 0 
529 -75 838 0 
-618 49 671 0 
555 -925 381 0 
902 -483 768 0 
-553 870 -962 0 
467 -81 -995 0 
320 61 -383 0 
-338 908 770 0 
-840 461 -950 0 
603 -632 -432 0 
93 911 656 0 
-744 -82 837 0 
409 -369 717 0 
-848 -934 152 0 
735 -876 437 0 
234 -319 998 0 
-236 -159 859 0 
720 595 689 0 
-926 -961 -660 0 
-755 209 668 0 
-720 514 -522 0 
869 -559 843 0 
635 -850 -866 0 
-267 -218 770 0 
-218 252 138 0 
266 706 650 0 
-641 142 888 0 
-663 532 26 0 
271 23 620 0 
590 138 469 0 
945 -911 -780 0 
-755 610 40 0 
458 432 -962 0 
-679 965 912 0 
-137 148 -291 0 
551 -916 566 0 
-457 -12 -758 0 
-856 975 -414 0 
747 599 -468 0 
-39 -493 -565 0 
-352 -739 -672 0 
512 590 -440 0 
577 -217 -287 0 
-60 441 -730 0 
-606 849 -877 0 
515 -350 438 0 
243 -654 832 0 
-573 434 -579 0 
-365 -659 -64 0 
-796 -407 -76 0 
767 -734 -397 0 
258 839 88 0 
-720 -719 67 0 
52 -158 -613 0 
-307 -728 -590 0 
522 -357 -399 0 
-170 657 637 0 
-43 313 871 0 
-973 460 -83 0 
577 946 24 0 
145 -830 -571 0 
-276 -843 69 0 
-838 -210 -233 0 
863 -259 -142 0 
160 -745 159 0 
-709 -957 729 0 
974 -917 938 0 
93 -275 -352 0 
234 -573 -644 0 
175 -362 -870 0 
790 -422 372 0 
-873 -866 -145 0 
-221 -305 -523 0 
361 -605 908 0 
-567 -233 -33 0 
427 817 -921 0 
-247 738 -282 0 
431 -223 -482 0 
992 76 662 0 
171 -485 354 0 
138 591 906 0 
-935 -766 -626 0 
-48 983 -619 0 
926 -765 90 0 
-798 495 242 0 
96 -669 272 0 
-414 24 938 0 
-763 964 208 0 
-441 701 438 0 
-666 302 -192 0 
16 610 -960 0 
-881 -360 -826 0 
850 -393 568 0 
196 986 514 0 
-926 -994 453 0 
519 137 235 0 
798 -834 -100 0 
393 -292 587 0 
104 -567 -449 0 
-255 -493 -553 0 
170 -1 -755 0 
-166 -538 134 0 
789 -872 415 0 
371 -404 518 0 
32 401 -818 0 
854 452 746 0 
-123 -90 413 0 
942 -879 367 0 
-746 -561 295 0 
817 79 -263 0 
169 -500 -236 0 
-430 -237 225 0 
974 -308 -97 0 
-902 869 689 0 
79 202 -792 0 
809 97 940 0 
-27 -734 -171 0 
-959 757 -252 0 
29 206 221 0 
222 -375 -754 0 
-556 -634 422 0 
177 -354 -572 0 
382 731 -836 0 
-506 -807 862 0 
-583 -662 -426 0 
340 397 -34 0 
-306 -864 -545 0 
-487 516 -274 0 
-872 -77 -268 0 
4 -193 298 0 
346 -709 -89 0 
-776 -683 259 0 
-488 -797 -994 0 
-583 -86 760 0 
861 -241 -682 0 
-599 196 25 0 
-19 -661 133 0 
312 -526 -799 0 
-971 -10 -511 0 
174 509 -999 0 
-665 929 -117 0 
-225 683 -691 0 
-713 -2 958 0 
285 670 -121 0 
-765 528 -811 0 
73 -57 -776 0 
842 -699 -482 0 
-204 756 -99 0 
-673 -344 -977 0 
-563 258 273 0 
11 -981 -313 0 
115 249 369 0 
-245 675 -806 0 
-516 -77 544 0 
112 745 -953 0 
90 -147 -432 0 
990 604 -254 0 
-879 -761 -558 0 
839 688 -401 0 
227 357 -365 0 
318 795 -205 0 
-383 -429 460 0 
-892 -419 -887 0 
220 -918 952 0 
856 185 194 0 
-899 -307 404 0 
-316 -771 -502 0 
728 -426 406 0 
-672 -974 154 0 
836 -670 770 0 
757 95 230 0 
117 -751 -191 0 
715 205 297 0 
-287 581 -67 0 
233 960 151 0 
336 440 -54 0 
-179 -41 341 0 
245 468 62 0 
891 -197 -586 0 
714 -693 -754 0 
781 -544 541 0 
862 375 846 0 
-620 767 918 0 
370 -481 -550 0 
393 700 365 0 
-788 -75 317 0 
-846 -641 604 0 
-870 -909 -947 0 
22 902 458 0 
-948 513 -316 0 
166 -905 -855 0 
-818 299 228 0 
875 -476 472 0 
-843 -873 -285 0 
451 -436 -371 0 
559 -120 -488 0 
26 234 -864 0 
200 755 -26 0 
171 -553 -716 0 
-346 -50 334 0 
-79 -394 332 0 
-11 342 -485 0 
192 821 507 0 
632 619 1 0 
789 -451 -336 0 
-964 -830 36 0 
788 -958 611 0 
144 -484 707 0 
899 -553 -909 0 
270 -758 -232 0 
-533 96 -56 0 
-337 -939 -277 0 
122 471 491 0 
-164 540 846 0 
448 -993 366 0 
752 559 753 0 
46 -211 579 0 
-164 545 377 0 
235 768 73 0 
26 -466 868 0 
994 908 677 0 
-60 135 655 0 
-441 -445 142 0 
-81 983 -14 0 
-210 772 -25 0 
808 295 -172 0 
515 -324 -195 0 
507 -553 256 0 
784 732 70 0 
683 646 986 0 
912 -77 615 0 
-461 285 -700 0 
635 626 203 0 
-548 905 867 0 
-590 548 763 0 
-115 -576 663 0 
369 -796 937 0 
-325 -192 -504 0 
-714 650 -10 0 
-625 -275 597 0 
-473 521 948 0 
590 -240 -649 0 
-758 870 901 0 
217 -247 150 0 
588 119 981 0 
-909 -312 -451 0 
-173 389 -224 0 
93 -239 -737 0 
-593 -356 97 0 
984 -142 367 0 
868 224 945 0 
-869 879 423 0 
688 -584 273 0 
408 -644 -30 0 
522 -144 28 0 
762 210 438 0 
-427 -431 -370 0 
-166 -200 -335 0 
182 121 437 0 
448 479 435 0 
-80 -36 782 0 
-753 504 -846 0 
461 79 765 0 
-149 762 401 0 
681 -700 755 0 
203 576 784 0 
32 -274 825 0 
579 -690 -400 0 
680 -669 -209 0 
775 501 158 0 
93 752 -626 0 
556 -234 -885 0 
-436 554 -457 0 
-15 -579 -68 0 
-675 569 -908 0 
289 -447 -726 0 
436 -819 689 0 
657 292 540 0 
828 -981 359 0 
-417 -122 406 0 
667 559 -746 0 
-712 -296 436 0 
-935 -115 83 0 
240 154 315 0 
864 -754 90 0 
964 253 233 0 
-570 -562 -333 0 
-963 879 495 0 
-556 -342 800 0 
986 -423 -511 0 
385 643 -867 0 
178 -997 -806 0 
-305 -276 -517 0 
-946 -835 -703 0 
-819 -868 -448 0 
-60 -853 -956 0 
162 -192 -302 0 
-671 558 473 0 
-482 304 -331 0 
487 -688 100 0 
-896 -309 -365 0 
682 339 -419 0 
-943 -15 -635 0 
-848 -903 -891 0 
124 773 942 0 
113 316 380 0 
-144 -267 693 0 
498 117 -581 0 
-274 -441 682 0 
302 -224 142 0 
879 108 373 0 
574 -93 931 0 
-228 -207 -91 0 
217 -478 971 0 
-924 -208 659 0 
-264 -781 -320 0 
-344 448 -206 0 
-464 -679 743 0 
-550 -835 -903 0 
-748 548 191 0 
856 873 814 0 
-145 -274 9 0 
-615 578 150 0 
-997 791 328 0 
-813 482 -584 0 
-226 410 -486 0 
-742 359 130 0 
449 -401 437 0 
156 955 -451 0 
-584 -407 650 0 
874 227 -343 0 
746 693 316 0 
-465 398 802 0 
602 962 268 0 
-910 -829 130 0 
343 -789 711 0 
140 -290 -437 0 
814 -203 -585 0 
457 -52 191 0 
-284 -952 -522 0 
-285 610 71 0 
577 -29 930 0 
-591 547 963 0 
589 -906 461 0 
-429 -866 -744 0 
982 -180 384 0 
-984 -289 -743 0 
606 98 972 0 
-800 717 -646 0 
64 -241 -45 0 
-355 -633 44 0 
534 -711 771 0 
-351 -85 202 0 
-994 175 840 0 
200 -863 -504 0 
652 197 300 0 
384 255 306 0 
354 210 906 0 
595 -644 868 0 
-380 397 -603 0 
560 -892 -206 0 
284 -298 -357 0 
204 -103 -830 0 
615 -354 902 0 
-110 -258 815 0 
140 336 239 0 
764 -328 380 0 
-142 -70 407 0 
958 770 -341 0 
394 879 151 0 
-395 -506 476 0 
885 218 33 0 
-649 -6 692 0 
-66 -250 -603 0 
614 -383 513 0 
603 -706 991 0 
-688 406 396 0 
-668 -860 70 0 
-450 -622 800 0 
790 58 -606 0 
380 648 920 0 
-776 775 153 0 
-396 922 -594 0 
-959 -595 -645 0 
-881 -739 811 0 
-639 875 -299 0 
-759 -695 -421 0 
726 -710 -750 0 
-170 -969 -461 0 
682 -448 -970 0 
988 157 -419 0 
524 307 -416 0 
-803 348 -492 0 
647 -10 -418 0 
-80 -633 210 0 
-61 944 -663 0 
531 -39 -177 0 
-704 338 89 0 
979 53 -232 0 
-37 -990 536 0 
427 34 100 0 
336 884 -525 0 
791 439 20 0 
19 645 -602 0 
115 -601 378 0 
704 -163 -952 0 
-179 428 -140 0 
926 76 -391 0 
-538 -499 -326 0 
755 733 957 0 
986 24 729 0 
-867 750 9 0 
590 -708 413 0 
710 799 749 0 
-39 854 78 0 
713 53 959 0 
-576 22 -898 0 
-654 181 -512 0 
-323 -182 956 0 
933 -225 70 0 
433 -652 194 0 
-260 842 -799 0 
320 -838 -201 0 
-627 -957 495 0 
1000 551 564 0 
320 -128 382 0 
-544 417 990 0 
547 -260 944 0 
390 280 -194 0 
264 -650 -62 0 
-800 234 189 0 
23 58 423 0 
-581 34 291 0 
208 -262 1000 0 
398 -186 -281 0 
602 -340 -299 0 
765 -862 -338 0 
-1000 249 -390 0 
519 832 442 0 
-740 -285 -402 0 
-873 -190 654 0 
-38 323 264 0 
484 325 15 0 
519 724 -173 0 
-695 140 -940 0 
717 -826 -580 0 
882 57 950 0 
454 158 -200 0 
923 -126 942 0 
-962 431 -33 0 
613 136 618 0 
-789 -473 -108 0 
-208 110 -563 0 
-808 -700 660 0 
932 -220 -551 0 
625 -6 -188 0 
590 999 561 0 
87 -960 -104 0 
-877 -180 846 0 
911 -40 -705 0 
613 615 -419 0 
129 -251 -498 0 
-855 -63 -655 0 
-490 -18 137 0 
-246 -295 -566 0 
538 673 686 0 
770 -248 -237 0 
594 202 794 0 
58 -850 -364 0 
201 -874 152 0 
899 472 767 0 
713 -355 -270 0 
-794 962 -59 0 
-175 327 -745 0 
-184 -688 226 0 
392 113 35 0 
-215 237 -13 0 
-603 -460 -599 0 
-263 646 -981 0 
-821 -714 817 0 
527 512 366 0 
-182 -882 -400 0 
-65 487 -480 0 
-297 356 -119 0 
-86 -778 889 0 
669 -870 223 0 
302 207 -505 0 
-50 371 537 0 
501 683 -180 0 
-465 618 -748 0 
114 -963 424 0 
125 479 65 0 
-51 487 -895 0 
-462 24 737 0 
-279 369 -351 0 
-121 651 199 0 
-515 136 -517 0 
170 736 -944 0 
688 525 476 0 
18 148 -585 0 
716 869 938 0 
-259 -840 -82 0 
273 -4 173 0 
390 -714 -381 0 
-728 682 36 0 
14 375 -273 0 
-269 -296 -540 0 
204 -38 -20 0 
33 428 871 0 
770 -862 -84 0 
-834 18 25 0 
133 467 881 0 
-618 431 -150 0 
-273 629 -630 0 
-135 -26 911 0 
-836 929 492 0 
-742 953 -588 0 
-885 -69 33 0 
-608 389 535 0 
-265 339 -248 0 
-143 -62 -482 0 
927 771 829 0 
561 300 5 0 
-780 -791 -610 0 
692 -195 -491 0 
420 -564 -355 0 
646 615 -230 0 
-770 796 -329 0 
982 -872 -900 0 
793 884 -25 0 
-105 -625 -842 0 
223 -38 -487 0 
7 612 461 0 
873 95 374 0 
953 -763 474 0 
308 49 -256 0 
-802 -376 -863 0 
-128 516 -46 0 
939 -669 849 0 
370 -11 581 0 
241 220 782 0 
345 150 238 0 
-531 -800 697 0 
326 -683 960 0 
-666 673 -310 0 
176 -346 -454 0 
550 757 102 0 
74 -856 746 0 
343 -161 -18 0 
655 898 -477 0 
353 -540 992 0 
60 -219 598 0 
-239 441 790 0 
266 624 -741 0 
856 290 618 0 
-211 -895 406 0 
-708 22 771 0 
-234 179 -475 0 
-134 298 -778 0 
-580 -925 -250 0 
-782 -172 -33 0 
-578 -948 580 0 
431 740 -219 0 
564 -663 682 0 
85 829 -644 0 
-433 932 -263 0 
-887 157 901 0 
342 204 789 0 
427 712 -547 0 
307 659 -782 0 
-915 -776 -624 0 
682 132 -612 0 
950 -989 585 0 
944 810 785 0 
309 790 -205 0 
-549 846 388 0 
671 675 436 0 
-679 -249 -743 0 
167 -376 857 0 
-652 -350 463 0 
265 -684 -339 0 
447 182 163 0 
999 837 104 0 
522 -191 -412 0 
828 -447 637 0 
455 511 450 0 
-191 -75 -514 0 
787 780 338 0 
258 -262 -188 0 
-872 -940 475 0 
-322 364 849 0 
477 -651 -631 0 
728 724 -869 0 
111 144 -94 0 
-780 -815 -676 0 
174 294 -914 0 
-844 -273 639 0 
-228 -330 -998 0 
6 -990 -989 0 
546 342 -649 0 
181 290 -345 0 
492 -742 -239 0 
-307 246 299 0 
969 417 -965 0 
838 -865 24 0 
910 382 539 0 
-44 835 861 0 
477 845 288 0 
-413 -452 -299 0 
313 309 -910 0 
43 -710 514 0 
544 754 -871 0 
-688 -850 123 0 
449 -195 -330 0 
602 -296 -108 0 
-98 -854 237 0 
-144 -917 319 0 
195 669 -335 0 
-949 158 -236 0 
-774 -153 -887 0 
-865 162 -732 0 
284 -229 73 0 
416 471 -588 0 
709 734 -587 0 
-684 282 857 0 
340 649 76 0 
806 -662 956 0 
838 -768 -252 0 
519 -171 849 0 
-255 847 -86 0 
-304 -545 884 0 
398 -214 -713 0 
468 -198 686 0 
-748 -879 72 0 
-349 -227 190 0 
-892 -491 -815 0 
239 484 659 0 
-574 -748 844 0 
-303 381 -281 0 
684 543 -83 0 
-771 -829 -170 0 
501 -85 273 0 
-360 -698 202 0 
-258 816 926 0 
-735 333 892 0 
-393 -964 673 0 
108 518 991 0 
320 116 568 0 
-558 701 -447 0 
815 -198 -976 0 
193 -304 -492 0 
-944 -535 906 0 
138 -558 -303 0 
278 -854 155 0 
243 552 912 0 
130 243 814 0 
-590 185 972 0 
-205 634 318 0 
952 180 -245 0 
-575 650 -243 0 
-724 -881 562 0 
-589 -243 102 0 
13 962 927 0 
-171 -115 910 0 
-331 -326 -196 0 
564 -907 319 0 
982 -960 -684 0 
-371 -584 663 0 
-565 -478 411 0 
-983 -569 920 0 
-327 -689 -88 0 
312 529 -605 0 
-761 50 -977 0 
-825 -489 122 0 
39 -798 122 0 
517 793 -787 0 
-240 409 716 0 
412 1000 912 0 
966 186 306 0 
970 478 -910 0 
-524 -347 -855 0 
809 -752 -82 0 
-132 -740 627 0 
-190 -477 452 0 
335 233 -487 0 
-792 -230 649 0 
-20 -954 209 0 
952 -656 847 0 
-953 889 108 0 
63 694 858 0 
-387 -974 665 0 
591 -583 -726 0 
990 61 -142 0 
-819 -143 -142 0 
-910 -807 116 0 
-344 740 932 0 
-906 -340 -316 0 
650 838 661 0 
-563 126 517 0 
-497 -409 111 0 
-163 -365 724 0 
285 -65 -978 0 
136 27 668 0 
892 -730 795 0 
802 629 747 0 
730 300 114 0 
-963 744 -91 0 
354 -470 291 0 
-544 825 454 0 
9 488 -785 0 
184 642 -518 0 
-715 -777 -967 0 
444 201 -641 0 
749 -360 -992 0 
931 -517 -780 0 
-267 835 -676 0 
-882 -442 241 0 
536 -482 796 0 
-945 -218 42 0 
794 -115 -827 0 
551 -480 -108 0 
-483 -418 530 0 
-929 -823 554 0 
-332 847 551 0 
-709 -300 -15 0 
633 102 977 0 
-339 -378 -730 0 
-34 625 -620 0 
-627 -216 960 0 
-292 -586 352 0 
-357 -480 809 0 
-285 -808 -264 0 
-135 779 752 0 
-759 -955 -888 0 
-753 173 -235 0 
-542 704 66 0 
-209 -372 -832 0 
371 193 92 0 
-943 183 622 0 
-121 651 -138 0 
389 -571 -954 0 
-559 -813 623 0 
-47 -610 -483 0 
-56 304 582 0 
791 313 642 0 
104 -727 48 0 
-840 -856 -867 0 
-605 228 135 0 
-232 -466 -334 0 
-28 -44 401 0 
-461 -288 -510 0 
166 -201 206 0 
-266 381 126 0 
-954 -180 -516 0 
668 730 -520 0 
742 550 -966 0 
-323 -493 594 0 
-961 555 -896 0 
-355 -918 438 0 
-697 723 -71 0 
-774 560 712 0 
497 168 956 0 
-915 33 -948 0 
-694 657 581 0 
149 96 -576 0 
957 -87 746 0 
-928 -807 894 0 
782 977 -93 0 
13 -715 -214 0 
162 -911 -172 0 
331 158 -275 0 
444 -678 -473 0 
-608 -276 -842 0 
-144 -711 692 0 
208 -881 -852 0 
-178 745 244 0 
126 574 145 0 
-686 634 141 0 
137 -815 674 0 
-239 729 877 0 
791 -475 618 0 
-272 -366 604 0 
143 -288 -499 0 
751 -468 -778 0 
-261 -541 404 0 
981 -143 -558 0 
-379 861 -897 0 
989 454 -311 0 
318 -401 -562 0 
988 -1 197 0 
397 -965 92 0 
338 422 45 0 
16 -902 31 0 
-925 -288 -1000 0 
707 82 666 0 
910 -148 -676 0 
-479 556 -927 0 
212 158 -871 0 
246 1 -405 0 
504 -679 -630 0 
-703 326 360 0 
-850 -31 488 0 
101 -952 -518 0 
357 -707 8 0 
-861 -973 263 0 
622 897 -241 0 
36 302 -941 0 
827 -518 -122 0 
535 467 -570 0 
404 -975 -812 0 
-540 813 -898 0 
145 608 -791 0 
414 -378 910 0 
905 -487 687 0 
1 -405 766 0 
285 -5 -794 0 
-983 -828 641 0 
491 528 743 0 
348 949 125 0 
701 289 204 0 
50 -723 503 0 
-393 942 -312 0 
-785 -917 276 0 
-604 853 -615 0 
83 -709 -657 0 
-150 697 -814 0 
479 201 870 0 
187 204 395 0 
-708 329 -190 0 
496 594 508 0 
-133 -629 -42 0 
-719 -584 703 0 
420 -693 593 0 
544 -172 -703 0 
96 -797 -218 0 
763 -463 311 0 
-134 189 -488 0 
852 -737 -644 0 
440 -46 -29 0 
-177 46 318 0 
-935 -210 -758 0 
-913 277 987 0 
-546 689 973 0 
-851 -405 526 0 
-254 156 -937 0 
-601 -991 -403 0 
607 619 -552 0 
165 794 -711 0 
144 -609 918 0 
460 406 563 0 
687 -567 503 0 
83 676 -682 0 
699 -192 -50 0 
-370 851 6 0 
776 124 -383 0 
-550 -923 57 0 
-988 -709 440 0 
-105 979 908 0 
207 387 352 0 
307 -167 739 0 
-707 724 970 0 
96 462 158 0 
-717 463 -804 0 
815 132 217 0 
-769 -126 -555 0 
843 867 -782 0 
684 154 -965 0 
896 -333 173 0 
-229 898 467 0 
255 144 747 0 
47 268 475 0 
33 -45 -53 0 
197 -528 -320 0 
-909 675 788 0 
673 344 145 0 
-770 755 219 0 
213 -454 190 0 
-246 -25 331 0 
-391 244 -231 0 
-293 233 913 0 
650 -473 19 0 
652 -816 -887 0 
-67 -857 -99 0 
443 904 -955 0 
692 -460 -816 0 
244 -990 146 0 
216 252 -568 0 
-968 -506 642 0 
504 508 -97 0 
-596 955 -660 0 
-305 -856 -503 0 
-358 -901 800 0 
-823 -148 478 0 
442 -25 688 0 
-985 -214 371 0 
545 -212 -459 0 
-729 -653 500 0 
-213 -909 289 0 
-468 -926 -842 0 
41 760 -548 0 
-357 -791 708 0 
611 244 -189 0 
-25 -810 -308 0 
159 -713 363 0 
620 576 -759 0 
-328 -527 -625 0 
958 -606 906 0 
77 511 411 0 
309 -565 -400 0 
508 -74 -355 0 
-229 -990 -244 0 
-9 -625 263 0 
389 -381 427 0 
432 -170 -41 0 
661 -160 -919 0 
698 940 492 0 
586 -485 -313 0 
296 -514 709 0 
170 381 327 0 
-767 -473 -633 0 
-640 892 -781 0 
434 851 -188 0 
117 -593 -806 0 
66 545 -670 0 
-277 692 484 0 
283 -440 81 0 
-976 -245 327 0 
-148 -256 792 0 
579 -289 -253 0 
-439 706 -663 0 
-690 945 521 0 
548 -430 47 0 
-142 -48 93 0 
932 -442 468 0 
-391 205 303 0 
-251 586 919 0 
-689 291 -579 0 
-309 -327 142 0 
-125 770 229 0 
895 584 150 0 
-672 935 -618 0 
-287 456 -776 0 
-337 519 447 0 
-816 796 -571 0 
905 628 75 0 
235 503 -134 0 
915 462 410 0 
168 316 675 0 
654 -616 136 0 
-607 902 -79 0 
860 590 -863 0 
-704 -796 691 0 
861 -572 397 0 
-35 -202 -297 0 
-254 -230 -399 0 
202 424 849 0 
-23 612 -662 0 
-712 521 -949 0 
-122 995 726 0 
432 490 -894 0 
244 76 -865 0 
337 914 829 0 
255 -439 -219 0 
174 971 728 0 
-25 -366 -319 0 
-259 545 -312 0 
-904 536 732 0 
706 -499 473 0 
337 988 473 0 
-538 -255 -381 0 
-513 762 376 0 
-124 -549 744 0 
-430 78 -348 0 
-109 112 47 0 
-224 471 255 0 
836 -491 -693 0 
-924 -221 999 0 
-707 -460 256 0 
-550 533 -406 0 
-211 517 -708 0 
535 903 -388 0 
624 -407 -236 0 
-573 -14 -598 0 
411 570 -21 0 
-33 -514 -529 0 
593 610 23 0 
179 935 436 0 
577 -704 139 0 
165 581 227 0 
227 -599 45 0 
700 -852 -511 0 
-170 606 -647 0 
767 806 397 0 
-212 322 262 0 
90 -567 -110 0 
345 -570 -730 0 
-584 -245 50 0 
-153 67 -522 0 
983 -922 908 0 
219 -348 -392 0 
-732 -711 521 0 
-326 -932 -866 0 
395 -131 434 0 
-608 498 -993 0 
-102 809 479 0 
454 -721 397 0 
158 493 260 0 
461 -996 -113 0 
-192 632 -195 0 
-744 46 -809 0 
-29 584 -206 0 
171 -905 -487 0 
-317 -169 530 0 
-670 234 -238 0 
963 -18 273 0 
591 -828 -840 0 
543 -338 -793 0 
-289 -297 432 0 
-976 723 -4 0 
811 668 -115 0 
-353 853 395 0 
667 46 251 0 
-614 498 -473 0 
-732 708 286 0 
-212 726 868 0 
221 -863 -639 0 
-84 623 -562 0 
-596 -457 81 0 
743 842 -355 0 
673 581 754 0 
363 -976 -348 0 
-863 -339 968 0 
-94 477 4 0 
-677 -47 -24 0 
916 542 973 0 
772 -706 -742 0 
613 -937 967 0 
-775 131 -129 0 
-591 491 465 0 
610 -710 147 0 
257 -324 -446 0 
-13 613 -328 0 
-199 -733 -877 0 
264 289 -422 0 
505 -17 -332 0 
725 -381 22 0 
235 -358 920 0 
850 -730 -732 0 
240 361 -546 0 
-629 -733 973 0 
443 446 -112 0 
-155 639 -317 0 
-747 101 -393 0 
-975 369 -203 0 
-600 -821 3 0 
469 -177 491 0 
-552 -238 984 0 
-246 -536 -307 0 
244 175 -569 0 
564 -464 334 0 
-381 -611 -293 0 
-511 772 243 0 
-329 957 -882 0 
55 740 -340 0 
-246 711 751 0 
-597 -76 -60 0 
746 -644 106 0 
-307 -843 -102 0 
-418 -355 313 0 
135 -366 288 0 
826 153 364 0 
563 537 675 0 
12 381 -17 0 
-378 -938 255 0 
795 197 63 0 
-883 -629 636 0 
269 853 54 0 
-538 -391 188 0 
118 80 -15 0 
-447 -61 576 0 
-804 173 499 0 
366 -803 -151 0 
69 565 -895 0 
-142 -19 -115 0 
-938 25 314 0 
-550 -525 238 0 
-952 -619 693 0 
563 486 -162 0 
548 -476 -954 0 
640 59 195 0 
685 -664 999 0 
651 533 761 0 
20 999 -342 0 
72 -705 572 0 
602 439 -77 0 
696 -248 651 0 
502 -823 -874 0 
-867 -619 671 0 
25 647 914 0 
-734 879 -349 0 
87 -472 -194 0 
637 615 -593 0 
880 505 -284 0 
-413 332 701 0 
969 -158 -593 0 
-80 -231 870 0 
-559 -485 886 0 
-419 -699 158 0 
-590 -788 905 0 
-822 746 568 0 
-984 -657 -794 0 
545 -310 190 0 
556 404 187 0 
-129 831 968 0 
333 -719 -201 0 
-588 90 -867 0 
618 445 488 0 
-493 -842 483 0 
127 888 540 0 
-680 -939 -562 0 
-650 875 19 0 
-531 569 991 0 
-483 340 -933 0 
673 -953 -42 0 
152 -641 -926 0 
597 -297 -544 0 
-939 -896 92 0 
780 41 448 0 
-638 77 878 0 
800 -198 82 0 
257 -791 411 0 
467 -574 -518 0 
-9 -673 -456 0 
389 727 955 0 
-335 -743 256 0 
-760 804 -951 0 
871 62 -589 0 
759 -395 301 0 
853 414 279 0 
956 61 -509 0 
124 243 280 0 
451 531 -84 0 
-935 -669 571 0 
-670 -262 893 0 
677 314 240 0 
-416 -881 -102 0 
-704 453 242 0 
-704 -294 697 0 
-547 965 322 0 
933 949 47 0 
-274 863 16 0 
303 -644 -424 0 
730 -366 79 0 
-773 -687 782 0 
-143 707 391 0 
47 334 539 0 
-254 -854 -308 0 
907 -836 526 0 
897 -416 -407 0 
990 725 161 0 
-129 -477 365 0 
-295 -596 16 0 
-187 -794 -271 0 
216 -754 703 0 
356 159 889 0 
441 627 -957 0 
-420 -28 157 0 
-366 -843 -699 0 
-262 -130 603 0 
-217 566 -950 0 
-660 665 807 0 
-828 -347 -958 0 
714 -139 -804 0 
-666 -585 -162 0 
757 91 -792 0 
135 890 80 0 
-618 56 372 0 
713 -632 905 0 
-150 849 344 0 
742 358 -922 0 
-172 -849 -322 0 
-347 -734 876 0 
18 -15 373 0 
256 -225 -741 0 
612 -983 -902 0 
-717 364 -516 0 
483 -889 676 0 
423 -225 232 0 
-469 399 321 0 
-326 -141 853 0 
790 96 951 0 
217 -380 757 0 
-812 -505 -54 0 
703 -952 -664 0 
551 760 -929 0 
-235 889 -936 0 
167 -24 543 0 
-912 -346 -27 0 
-487 -329 -511 0 
464 -830 17 0 
-908 -907 570 0 
-699 -741 936 0 
14 115 -559 0 
-587 -336 -833 0 
23 -803 -923 0 
312 -30 184 0 
905 -8 -408 0 
169 -60 28 0 
-969 -326 833 0 
-562 -750 985 0 
775 632 -747 0 
435 -948 542 0 
245 216 931 0 
-476 -373 -376 0 
-708 -427 637 0 
36 615 477 0 
-593 707 313 0 
42 911 914 0 
671 629 593 0 
643 167 -477 0 
428 -558 -651 0 
342 -738 554 0 
-937 207 847 0 
-818 -811 588 0 
-785 -780 -575 0 
-400 -391 -429 0 
-402 -20 826 0 
-898 314 -451 0 
398 -787 367 0 
-660 579 266 0 
-809 -373 -260 0 
884 -416 -261 0 
453 591 -365 0 
-929 -798 -904 0 
557 -833 -668 0 
606 -809 -53 0 
152 -630 974 0 
-210 -932 -514 0 
-37 366 807 0 
-866 996 -276 0 
-77 677 -529 0 
-775 294 -462 0 
-178 -835 309 0 
-35 -9 -618 0 
-727 750 813 0 
-47 469 -620 0 
660 -260 111 0 
-400 -798 -185 0 
804 -238 -890 0 
799 -825 323 0 
239 -177 267 0 
504 434 -466 0 
152 466 749 0 
620 208 402 0 
526 -692 -731 0 
-109 -346 996 0 
644 137 711 0 
987 644 -753 0 
169 -316 -711 0 
986 -323 -894 0 
20 904 -302 0 
-491 434 405 0 
-239 38 912 0 
955 425 595 0 
-952 -452 -383 0 
-99 292 934 0 
-634 -787 -150 0 
539 -694 -755 0 
237 -850 -49 0 
994 -21 304 0 
-568 615 -736 0 
-298 -996 -665 0 
-723 210 -341 0 
940 -898 888 0 
-86 796 -531 0 
79 742 -516 0 
307 -19 -909 0 
469 -405 159 0 
906 -262 -180 0 
349 781 -540 0 
-930 406 240 0 
-53 -380 -349 0 
-980 425 501 0 
902 -488 -921 0 
388 -271 -243 0 
136 195 666 0 
-597 -400 603 0 
-738 957 198 0 
-561 382 59 0 
-7 106 441 0 
443 -922 -447 0 
218 164 632 0 
965 758 -106 0 
-280 743 887 0 
-510 -700 140 0 
614 -399 490 0 
478 587 -940 0 
102 713 357 0 
-402 -804 272 0 
164 616 -821 0 
-614 209 -889 0 
204 -972 471 0 
-559 335 26 0 
-195 902 351 0 
-736 -82 486 0 
-802 32 -789 0 
838 -789 165 0 
-748 514 997 0 
211 503 -334 0 
-170 595 -452 0 
826 -103 -985 0 
181 -109 868 0 
374 973 125 0 
-550 -103 926 0 
-673 -388 19 0 
-439 -608 893 0 
99 -830 787 0 
-82 409 -955 0 
-564 -428 46 0 
-381 -98 351 0 
654 550 -8 0 
321 711 -832 0 
-311 -410 592 0 
-91 -825 -112 0 
-808 361 132 0 
962 -862 514 0 
394 -991 418 0 
624 510 -728 0 
812 -511 292 0 
407 782 183 0 
-893 -643 -411 0 
-130 827 -721 0 
768 -288 -526 0 
716 -254 276 0 
-213 865 -297 0 
-68 -427 -971 0 
-563 -1 -378 0 
-601 788 -780 0 
-594 -521 669 0 
-728 -664 179 0 
-504 590 266 0 
-643 -397 277 0 
732 -408 655 0 
405 900 775 0 
-14 -102 851 0 
-42 534 -359 0 
-709 836 535 0 
-484 285 -116 0 
231 849 -423 0 
-832 -859 -136 0 
129 208 -10 0 
68 -925 288 0 
334 -347 -452 0 
-925 249 436 0 
-326 -941 -937 0 
-703 -42 -869 0 
618 -149 992 0 
960 64 268 0 
279 736 -506 0 
495 -329 196 0 
-636 -845 61 0 
398 -689 -376 0 
600 643 -457 0 
21 -491 170 0 
462 317 -723 0 
435 -65 374 0 
-281 -375 929 0 
899 822 -458 0 
103 -99 -264 0 
-707 -88 783 0 
-917 -665 -389 0 
101 -143 -56 0 
-21 651 -574 0 
-698 259 86 0 
-935 35 775 0 
-678 637 -46 0 
75 -983 441 0 
-702 540 607 0 
853 -268 286 0 
-40 1000 -438 0 
-605 32 -720 0 
-143 985 815 0 
-560 355 -393 0 
1 -286 977 0 
-778 -904 -652 0 
676 207 -583 0 
526 -916 977 0 
-116 584 -853 0 
338 -405 22 0 
708 -196 807 0 
-751 857 -206 0 
-774 838 -894 0 
284 -983 -488 0 
467 -736 -308 0 
-552 994 39 0 
796 606 224 0 
-21 -935 772 0 
-585 -999 -885 0 
-638 -43 -787 0 
958 175 462 0 
254 -19 201 0 
375 -20 -987 0 
670 46 933 0 
-568 -978 353 0 
565 777 762 0 
410 -677 -330 0 
730 -986 -848 0 
-645 329 -260 0 
-412 -115 912 0 
203 -822 463 0 
277 5 502 0 
-371 549 422 0 
877 -203 706 0 
-997 -335 -390 0 
-561 -877 -15 0 
-108 644 -242 0 
-522 45 883 0 
-620 751 143 0 
-550 340 728 0 
195 -814 570 0 
-605 799 569 0 
-544 -216 890 0 
722 -468 877 0 
-371 46 -398 0 
-716 -783 238 0 
658 -983 598 0 
-426 -787 930 0 
-711 -175 9 0 
609 313 -420 0 
-692 -999 176 0 
495 910 236 0 
664 -155 583 0 
980 -250 1 0 
97 804 -225 0 
873 657 -953 0 
-102 47 -331 0 
-943 590 -146 0 
-884 -523 -421 0 
202 -454 -947 0 
-750 -985 185 0 
-779 -550 -150 0 
887 -875 229 0 
-12 342 -380 0 
-902 686 -307 0 
863 -200 29 0 
749 162 -137 0 
695 847 -936 0 
455 -641 -413 0 
348 493 908 0 
248 130 276 0 
862 847 -141 0 
-503 -816 -898 0 
294 -25 700 0 
753 566 -587 0 
169 -322 920 0 
-704 -432 601 0 
-994 236 -142 0 
-598 -407 -16 0 
-519 616 -734 0 
834 554 384 0 
-709 -266 166 0 
-311 116 320 0 
345 -167 -813 0 
-746 761 -473 0 
-359 196 488 0 
-20 321 595 0 
390 -737 -594 0 
800 889 -94 0 
-982 177 338 0 
62 85 881 0 
-757 -886 -581 0 
-339 884 288 0 
-793 36 33 0 
916 56 -61 0 
-626 349 262 0 
-416 958 -107 0 
-546 837 701 0 
467 -733 456 0 
966 -115 557 0 
-682 130 631 0 
-250 574 -523 0 
689 -767 -407 0 
-675 260 154 0 
-34 937 -803 0 
867 -13 494 0 
-492 -503 -911 0 
91 -225 226 0 
430 -129 -63 0 
-316 9 -244 0 
-202 -92 47 0 
-388 -611 504 0 
-938 -745 715 0 
-121 628 -738 0 
563 267 -979 0 
-665 697 -115 0 
51 915 -816 0 
-178 -757 855 0 
-114 -771 120 0 
922 525 154 0 
103 -67 432 0 
-55 524 -288 0 
518 -657 -81 0 
-407 522 -277 0 
-12 -49 605 0 
582 220 470 0 
165 394 530 0 
999 -144 925 0 
-517 696 631 0 
-725 -230 993 0 
111 639 56 0 
-374 -499 -403 0 
912 131 -178 0 
891 -639 304 0 
-936 616 -354 0 
-872 176 227 0 
-379 -25 235 0 
745 -234 777 0 
-541 -271 109 0 
665 -647 -344 0 
780 -739 -762 0 
-988 -300 310 0 
691 202 -161 0 
-12 155 681 0 
538 -566 -818 0 
-119 -638 487 0 
-977 -640 246 0 
413 524 789 0 
-68 532 152 0 
-20 -506 91 0 
662 194 744 0 
722 -728 -314 0 
447 -946 880 0 
-597 -38 98 0 
-210 -761 -540 0 
-11 -254 -869 0 
-417 811 -139 0 
386 -765 -466 0 
818 -923 363 0 
101 -385 817 0 
669 332 -974 0 
161 -392 127 0 
-670 436 948 0 
636 369 871 0 
-704 -586 735 0 
613 306 -974 0 
177 81 -467 0 
833 580 -732 0 
-738 931 304 0 
584 -815 638 0 
-22 -460 389 0 
998 37 -202 0 
791 -973 245 0 
800 -796 195 0 
989 -269 -771 0 
227 574 856 0 
346 -938 210 0 
-991 850 948 0 
-853 -482 -563 0 
-38 -747 488 0 
886 -640 686 0 
-817 654 949 0 
87 720 344 0 
-548 -617 -315 0 
648 749 719 0 
10 266 -886 0 
-844 674 637 0 
39 573 561 0 
-991 -399 94 0 
164 -762 -496 0 
852 -235 -98 0 
-317 -764 664 0 
436 300 -660 0 
-503 127 217 0 
236 -569 -429 0 
718 483 -758 0 
205 -752 806 0 
362 -80 283 0 
-394 662 -759 0 
-146 -191 646 0 
124 -162 -692 0 
816 94 144 0 
-474 742 -16 0 
-870 -864 836 0 
-135 -406 -606 0 
332 -329 -906 0 
-168 91 -184 0 
-24 72 -718 0 
929 -721 824 0 
672 -571 -636 0 
-869 299 312 0 
423 855 -844 0 
787 929 -846 0 
-983 -390 -901 0 
-323 -234 -919 0 
-671 685 -703 0 
-123 -650 647 0 
307 138 -918 0 
-362 -852 442 0 
-950 314 58 0 
-549 -151 36 0 
-286 948 852 0 
258 924 11 0 
-698 220 -576 0 
-87 -476 -454 0 
186 629 -96 0 
847 335 -344 0 
342 177 170 0 
87 680 569 0 
482 -779 -609 0 
-814 317 279 0 
839 640 758 0 
579 442 -194 0 
-231 -139 938 0 
-801 434 -487 0 
-737 -196 -246 0 
220 -13 806 0 
-55 -139 472 0 
74 257 -599 0 
-874 -725 -658 0 
761 -214 -462 0 
421 845 -314 0 
944 -269 -29 0 
-372 538 -388 0 
-471 474 -961 0 
55 -740 487 0 
-153 -899 -836 0 
-132 -703 -420 0 
209 -427 451 0 
-576 -620 449 0 
-199 -347 602 0 
-627 -285 -825 0 
-13 958 663 0 
-614 -357 171 0 
408 -758 -750 0 
-293 -709 -308 0 
-988 -315 -782 0 
259 -963 -829 0 
617 352 -395 0 
-391 -382 -532 0 
-636 956 -355 0 
275 -987 947 0 
338 83 -578 0 
185 596 -697 0 
-826 851 -874 0 
764 30 296 0 
761 -142 -512 0 
-956 -506 -994 0 
-635 -237 592 0 
-286 756 476 0 
663 77 -620 0 
780 131 67 0 
-399 -328 212 0 
-579 415 154 0 
397 -218 -154 0 
62 -350 -801 0 
452 829 902 0 
793 -170 -484 0 
105 658 81 0 
-903 797 840 0 
468 533 -363 0 
404 -475 315 0 
627 -202 -442 0 
-416 587 30 0 
-948 530 -437 0 
-181 -228 -475 0 
-125 -236 570 0 
120 -733 -832 0 
904 -768 -489 0 
148 -989 -394 0 
-783 -990 186 0 
202 629 506 0 
544 60 -839 0 
483 154 398 0 
-875 110 -44 0 
642 825 498 0 
-868 122 739 0 
927 -370 410 0 
466 415 109 0 
-552 284 957 0 
739 481 -769 0 
-813 -172 -584 0 
44 -914 207 0 
91 672 469 0 
719 361 307 0 
-256 -588 -560 0 
475 668 568 0 
-494 -661 851 0 
831 236 442 0 
668 719 298 0 
-226 137 100 0 
99 330 389 0 
-969 95 -618 0 
20 597 803 0 
366 578 243 0 
213 284 980 0 
-509 -753 59 0 
-639 903 -249 0 
96 -272 -497 0 
-182 -145 -791 0 
845 -194 488 0 
40 636 133 0 
781 -708 -128 0 
499 382 815 0 
783 -268 -73 0 
-753 -12 -547 0 
554 850 780 0 
619 -396 -877 0 
529 101 777 0 
