p cnf 1000 4000
-826 147 -132 0 
-913 341 -841 0 
-826 -868 -999 0 
-830 -329 -232 0 
320 -371 -912 0 
-705 516 338 0 
236 -65 121 0 
820 697 -771 0 
565 233 -197 0 
993 295 -836 0 
279 -808 853 0 
721 -641 957 0 
939 739 -619 0 
-676 603 400 0 
556 742 18 0 
672 -874 -332 0 
-543 -500 6 0 
-898 -416 -261 0 
220 802 386 0 
749 -335 290 0 
858 2 4 0 
-249 411 165 0 
-406 528 45 0 
-859 -86 370 0 
808 880 -386 0 
-188 -291 79 0 
-638 430 510 0 
-166 -730 965 0 
-716 238 -635 0 
-487 2 -631 0 
351 857 -294 0 
-836 -246 -725 0 
-26 -842 -275 0 
-493 90 343 0 
-387 449 576 0 
-406 -794 -374 0 
-688 447 -544 0 
-406 179 -854 0 
-900 -333 636 0 
97 73 -457 0 
-104 671 186 0 
681 -397 -668 0 
377 -266 952 0 
263 798 -795 0 
-546 973 -474 0 
623 852 -817 0 
907 -696 -773 0 
690 814 -910 0 
416 830 -279 0 
-305 -733 -194 0 
94 -859 735 0 
559 -353 503 0 
-762 -452 470 0 
-874 993 268 0 
946 -825 -538 0 
-173 -660 239 0 
514 -961 404 0 
-764 -454 -294 0 
335 -47 -181 0 
-88 -757 87 0 
888 837 -97 0 
-786 624 -998 0 
-913 802 962 0 
290 -413 605 0 
-797 -28 877 0 
510 975 -721 0 
-132 -695 783 0 
435 -344 -768 0 
-456 -875 -334 0 
696 -184 -937 0 
-973 -84 708 0 
248 613 762 0 
-450 -149 -783 0 
-911 903 58 0 
-831 -957 7 0 
-414 -214 -14 0 
719 638 781 0 
-670 -212 -79 0 
339 -768 -647 0 
-309 157 957 0 
-447 438 42 0 
-162 -382 865 0 
-718 836 -528 0 
-242 -104 -567 0 
596 -514 -513 0 
-559 652 796 0 
-87 -267 379 0 
-247 607 -695 0 
-336 650 -467 0 
373 -805 158 0 
-334 -983 831 0 
526 -749 909 0 
-495 104 280 0 
-282 -874 -284 0 
-3 357 -39 0 
-28 -442 16 0 
-699 -825 -779 0 
-206 556 -973 0 
-792 752 519 0 
-133 -672 2 0 
199 470 -552 0 
104 -419 -242 0 
-228 -590 -391 0 
-513 -385 460 0 
878 419 625 0 
368 263 -36 0 
-135 -409 -702 0 
-32 814 -560 0 
15 304 -487 0 
462 -132 -921 0 
-628 -852 666 0 
-875 738 839 0 
822 410 -723 0 
917 -944 394 0 
-200 499 -34 0 
-234 -142 153 0 
-346 -182 137 0 
-671 64 -510 0 
-637 -9 -368 0 
-119 -578 -939 0 
-787 -566 37 0 
828 -203 205 0 
-594 -860 530 0 
538 -397 633 0 
197 714 979 0 
985 158 -183 0 
248 351 45 0 
-532 -342 -269 0 
-994 974 839 0 
-909 3 -665 0 
400 -445 -454 0 
-736 -582 133 0 
-937 -482 132 0 
39 -969 174 0 
-502 -61 -862 0 
-926 -764 -496 0 
-249 -503 -680 0 
-516 -26 554 0 
679 781 923 0 
840 -132 -249 0 
-877 -863 932 0 
741 54 522 0 
-715 44 -337 0 
506 -851 504 0 
-635 339 -706 0 
718 -575 -3 0 
610 -702 374 0 
-266 -370 325 0 
435 444 34 0 
118 -866 -445 0 
-143 -457 57 0 
159 -634 570 0 
793 -404 -801 0 
-881 761 476 0 
450 -249 -949 0 
900 4 -335 0 
-402 295 -714 0 
-285 678 -999 0 
963 69 698 0 
397 98 -735 0 
304 -725 -231 0 
-562 -89 -261 0 
829 475 -721 0 
-893 -621 517 0 
895 -376 4 0 
231 606 -2 0 
-742 -105 60 0 
-392 -398 -844 0 
17 649 967 0 
-457 -350 -700 0 
-413 -967 229 0 
145 -338 572 0 
555 738 -569 0 
596 887 -230 0 
-580 889 259 0 
-170 -525 326 0 
-804 900 -586 0 
99 -495 384 0 
-274 607 269 0 
187 -388 -492 0 
-693 427 451 0 
-879 829 -728 0 
-676 931 649 0 
-326 596 856 0 
-681 777 572 0 
407 491 710 0 
956 453 -648 0 
-992 632 -62 0 
94 474 -145 0 
-272 222 -950 0 
331 -538 -865 0 
606 908 111 0 
-479 777 892 0 
223 601 247 0 
-552 -700 70 0 
-370 -919 864 0 
-780 982 -94 0 
322 176 -941 0 
640 -255 -593 0 
-805 143 -494 0 
456 774 -147 0 
-934 615 -636 0 
348 -564 -324 0 
887 -451 -76 0 
-276 -264 243 0 
655 -887 -147 0 
265 -437 378 0 
900 -527 147 0 
-382 622 -311 0 
883 908 582 0 
372 -772 686 0 
442 -183 -592 0 
-80 946 -157 0 
676 -81 79 0 
405 -366 -669 0 
-293 695 -242 0 
326 204 -384 0 
915 993 638 0 
523 -885 170 0 
211 400 77 0 
-358 -840 -276 0 
833 797 25 0 
516 902 73 0 
414 15 156 0 
-423 -2 958 0 
-749 -724 -938 0 
512 537 415 0 
-758 387 441 0 
859 876 294 0 
-171 451 -450 0 
791 948 -726 0 
311 -186 -204 0 
-40 -676 726 0 
385 -129 514 0 
880 926 -141 0 
533 -167 909 0 
100 -228 -925 0 
621 342 -293 0 
-943 -703 -431 0 
588 988 544 0 
407 -321 -973 0 
969 982 704 0 
261 388 554 0 
-375 600 833 0 
-48 406 807 0 
-691 534 -788 0 
-362 892 -94 0 
-553 631 -149 0 
-781 -419 -408 0 
327 162 -87 0 
-549 -911 619 0 
310 -704 -769 0 
915 256 -647 0 
990 -236 986 0 
881 -952 306 0 
796 101 641 0 
881 -995 797 0 
150 897 -56 0 
-312 -977 -144 0 
364 -32 -509 0 
990 -917 -641 0 
976 618 -796 0 
21 174 -353 0 
53 -106 886 0 
364 121 -923 0 
757 -243 -398 0 
513 846 -499 0 
-788 433 221 0 
302 -275 -199 0 
-918 -409 809 0 
-151 553 -274 0 
284 -990 -873 0 
476 249 -826 0 
630 -49 791 0 
-493 -65 79 0 
32 -765 -591 0 
-486 -440 -537 0 
-708 -972 -305 0 
846 -616 819 0 
-147 709 -420 0 
675 -940 -752 0 
-728 -408 -718 0 
593 -603 -608 0 
-404 63 -19 0 
-228 -140 136 0 
-550 -2 323 0 
-283 -342 156 0 
302 589 945 0 
647 107 -474 0 
-650 373 161 0 
-385 -931 327 0 
713 129 -422 0 
-723 718 -852 0 
-304 -968 -842 0 
-167 364 46 0 
170 142 250 0 
-52 -801 839 0 
193 -132 161 0 
381 -973 -988 0 
-863 -128 880 0 
299 884 -116 0 
91 -894 -965 0 
976 -503 -21 0 
740 -25 473 0 
795 729 -639 0 
557 926 299 0 
537 290 -990 0 
244 141 -513 0 
-290 551 602 0 
418 382 -490 0 
183 -760 -641 0 
-675 835 339 0 
-514 980 -773 0 
362 776 438 0 
-498 522 -496 0 
-56 -843 -652 0 
648 -139 514 0 
-199 175 171 0 
286 -654 507 0 
-331 -413 755 0 
-665 53 -320 0 
582 11 994 0 
-769 928 330 0 
-465 728 -738 0 
731 39 169 0 
-43 607 -139 0 
853 -689 297 0 
640 682 548 0 
509 -493 -213 0 
-255 -17 -715 0 
-300 -768 -10 0 
-51 -48 320 0 
-222 -395 571 0 
821 -441 -208 0 
341 -429 621 0 
-580 -302 126 0 
252 337 95 0 
-208 -259 145 0 
-802 495 -139 0 
-511 -696 778 0 
74 949 61 0 
-968 975 827 0 
-921 21 -82 0 
-485 -496 785 0 
198 642 -489 0 
705 10 681 0 
-826 -471 -232 0 
720 -986 -469 0 
-971 913 27 0 
942 901 -829 0 
-946 324 328 0 
330 490 -502 0 
635 643 -644 0 
506 733 658 0 
15 -349 674 0 
-707 -144 -741 0 
304 968 795 0 
360 641 -731 0 
-899 -972 -127 0 
241 -57 732 0 
234 -306 -982 0 
273 -246 208 0 
105 -603 -353 0 
-474 -346 939 0 
-465 -504 822 0 
-650 176 -256 0 
-858 -495 -278 0 
-295 37 118 0 
30 -813 949 0 
761 782 584 0 
252 -293 518 0 
-550 -71 189 0 
-805 -518 -988 0 
676 197 -726 0 
-194 -248 -931 0 
-96 -43 -140 0 
-369 -152 -336 0 
88 -195 184 0 
607 -922 313 0 
412 -548 -568 0 
-4 -115 424 0 
-54 564 -714 0 
703 863 670 0 
81 -451 888 0 
-514 126 255 0 
827 -365 547 0 
328 825 -277 0 
-164 -493 668 0 
-989 472 234 0 
768 485 -366 0 
497 -884 -140 0 
-23 303 -583 0 
-885 706 852 0 
-761 886 513 0 
108 -258 -14 0 
-277 -639 -62 0 
-601 -315 -203 0 
802 -273 -853 0 
947 272 -792 0 
-572 800 -379 0 
193 159 -320 0 
-788 654 -841 0 
-104 733 528 0 
289 505 -825 0 
-816 -201 -562 0 
-584 70 894 0 
-127 345 -868 0 
-42 -922 -314 0 
-119 591 384 0 
-494 -551 352 0 
96 666 -718 0 
-454 -953 -915 0 
223 -545 677 0 
168 -234 -183 0 
-27 832 -500 0 
-973 -992 -476 0 
-487 -973 544 0 
13 267 -332 0 
647 854 -617 0 
62 -890 844 0 
948 891 180 0 
591 742 -964 0 
362 -676 862 0 
528 -415 -657 0 
181 -512 241 0 
-550 -977 -966 0 
479 -204 557 0 
73 -650 245 0 
865 -242 623 0 
-338 -709 891 0 
867 328 -806 0 
952 -969 -44 0 
915 864 -688 0 
253 -625 854 0 
-581 70 98 0 
-355 -943 -440 0 
917 597 179 0 
-824 817 74 0 
-140 489 365 0 
159 7 -974 0 
702 -791 692 0 
686 -989 -78 0 
144 -128 71 0 
-941 -131 -363 0 
-787 244 148 0 
401 -585 890 0 
250 -952 -161 0 
494 132 56 0 
338 -811 -681 0 
289 447 -426 0 
-605 670 -534 0 
34 -888 -987 0 
-794 363 -926 0 
70 -960 -842 0 
674 -199 730 0 
-322 -19 -495 0 
-999 83 -754 0 
-886 212 384 0 
-775 -834 259 0 
-701 -298 521 0 
599 196 -848 0 
52 262 455 0 
-173 251 -137 0 
751 -169 593 0 
346 -241 -544 0 
-910 -789 811 0 
444 108 139 0 
-105 -301 777 0 
-55 -517 -88 0 
744 419 -447 0 
729 -784 50 0 
-925 -326 337 0 
667 -361 336 0 
760 -170 444 0 
312 326 55 0 
268 -588 120 0 
363 515 -269 0 
30 -930 515 0 
-511 -159 -529 0 
-438 432 -420 0 
-376 221 38 0 
262 89 278 0 
809 -607 -827 0 
717 -834 -710 0 
311 256 252 0 
945 475 -593 0 
-974 330 403 0 
-435 690 -144 0 
-468 457 -484 0 
-88 -952 -246 0 
-356 -502 -112 0 
-1000 981 -281 0 
-291 -793 943 0 
-679 193 -722 0 
-745 441 605 0 
754 -174 305 0 
252 -297 -583 0 
788 272 766 0 
-384 906 -477 0 
-60 424 496 0 
-67 -963 93 0 
38 -374 268 0 
934 -100 293 0 
-479 -764 -914 0 
61 811 182 0 
879 -908 -93 0 
312 -961 -296 0 
819 434 -43 0 
-984 -620 618 0 
564 -828 -260 0 
-260 -73 -238 0 
34 162 -679 0 
-188 -808 -108 0 
-299 -880 715 0 
438 197 -930 0 
207 390 961 0 
636 -433 -648 0 
172 -270 -821 0 
520 -997 207 0 
-911 765 386 0 
124 376 499 0 
269 -849 -539 0 
46 392 -499 0 
590 705 -130 0 
-963 5 -791 0 
-192 439 -843 0 
270 -977 225 0 
-75 305 846 0 
-342 166 486 0 
-209 848 -367 0 
27 -137 -403 0 
-432 -631 785 0 
-36 -742 780 0 
-551 -646 -432 0 
-910 580 877 0 
276 -506 368 0 
-910 596 671 0 
975 -609 507 0 
782 -221 667 0 
-16 -272 18 0 
425 -644 989 0 
804 -69 378 0 
-892 765 -794 0 
318 -782 -329 0 
702 884 -773 0 
234 -475 270 0 
-982 906 511 0 
603 745 -866 0 
359 625 -977 0 
-987 403 -871 0 
610 -857 -625 0 
79 -583 -851 0 
852 388 -961 0 
-509 -104 -840 0 
-546 993 872 0 
51 420 -268 0 
-692 -245 631 0 
-871 -681 243 0 
126 221 761 0 
-835 -658 -792 0 
-806 958 381 0 
901 863 -822 0 
-196 -206 824 0 
809 314 -693 0 
-188 234 502 0 
-692 661 -747 0 
-922 -264 -92 0 
-756 -540 -986 0 
919 652 -544 0 
-13 866 -963 0 
-359 -329 -772 0 
-749 -746 -1000 0 
521 -170 627 0 
640 -52 -93 0 
890 564 -204 0 
-840 371 -497 0 
-314 -664 -766 0 
-831 65 589 0 
-333 501 -977 0 
-330 -988 -130 0 
-723 -851 -478 0 
-181 775 -640 0 
479 -694 -698 0 
7 -521 -829 0 
-248 760 -243 0 
-620 -536 95 0 
-218 -484 892 0 
383 840 -277 0 
16 531 851 0 
-781 -559 200 0 
390 -326 -913 0 
726 54 381 0 
782 -84 977 0 
660 12 130 0 
-414 -440 -259 0 
-529 -764 704 0 
114 10 -515 0 
-375 480 641 0 
778 -924 -223 0 
-790 430 -885 0 
712 -799 -244 0 
59 390 -607 0 
718 -540 -530 0 
416 681 656 0 
985 -213 211 0 
631 863 441 0 
206 -915 354 0 
417 801 184 0 
379 831 -289 0 
-966 565 -241 0 
33 540 272 0 
-374 528 400 0 
-797 422 130 0 
-375 461 370 0 
-307 436 -677 0 
-595 128 -205 0 
678 -906 183 0 
-894 -242 -95 0 
547 714 -211 0 
-963 -488 -659 0 
-275 -770 -991 0 
532 -929 -464 0 
939 -955 -813 0 
870 149 -811 0 
234 -986 2 0 
-283 -435 952 0 
-701 577 276 0 
-604 358 -10 0 
-928 -698 -542 0 
746 42 64 0 
-998 445 473 0 
-650 -988 -752 0 
-624 944 633 0 
879 -588 388 0 
406 172 -161 0 
63 -101 -400 0 
270 -917 8 0 
246 -687 321 0 
-220 -799 669 0 
140 586 -229 0 
877 614 -4 0 
39 -920 -518 0 
-253 835 527 0 
964 -599 901 0 
697 -848 -16 0 
342 91 -625 0 
924 33 -606 0 
395 -959 1 0 
-783 -160 931 0 
329 -930 -404 0 
182 461 -796 0 
104 357 554 0 
-800 213 897 0 
709 -273 12 0 
34 297 110 0 
-18 -115 785 0 
205 958 -262 0 
930 -410 -170 0 
134 63 -363 0 
403 -249 -16 0 
-634 520 -923 0 
-894 9 -291 0 
-511 881 -228 0 
937 -866 570 0 
330 -217 -661 0 
238 -268 330 0 
598 70 -111 0 
-349 694 -189 0 
-521 -188 282 0 
-870 558 -39 0 
-123 971 973 0 
854 511 656 0 
-839 403 -573 0 
179 -215 -161 0 
-132 -875 -744 0 
504 356 -298 0 
35 916 -836 0 
331 -39 309 0 
-284 -223 -150 0 
101 481 59 0 
-318 -49 388 0 
598 989 765 0 
380 947 454 0 
961 677 -312 0 
-107 222 298 0 
40 233 759 0 
898 -128 955 0 
430 -316 -281 0 
-733 -490 -504 0 
11 -388 280 0 
45 639 743 0 
952 -111 -420 0 
339 -903 900 0 
942 -694 -792 0 
-926 973 219 0 
-794 -933 -642 0 
-687 -669 458 0 
-514 845 190 0 
744 -411 55 0 
-471 698 722 0 
-673 -56 668 0 
-654 552 -172 0 
-185 296 19 0 
26 -373 806 0 
278 -175 -93 0 
734 343 217 0 
-837 -750 -881 0 
-832 -511 -233 0 
507 -762 791 0 
-173 -470 -910 0 
399 281 -300 0 
-462 999 556 0 
-550 -562 820 0 
-923 156 -851 0 
-109 177 516 0 
-815 -353 -235 0 
703 572 -298 0 
-885 710 227 0 
438 -347 805 0 
-841 -148 390 0 
-491 282 -591 0 
120 408 -622 0 
-490 261 -73 0 
903 238 -701 0 
-37 -148 339 0 
268 -412 -819 0 
-509 506 -600 0 
-304 -691 -378 0 
-548 -596 -160 0 
-633 969 -937 0 
-619 134 -267 0 
-328 827 857 0 
-457 -305 -71 0 
-700 749 -244 0 
-668 913 -697 0 
932 -977 -990 0 
-281 589 121 0 
497 -408 459 0 
766 343 357 0 
519 694 116 0 
493 227 915 0 
-919 -547 -9 0 
-102 -453 750 0 
-257 172 987 0 
-859 -206 -482 0 
728 -601 -350 0 
429 304 -966 0 
-526 713 -458 0 
-818 417 932 0 
987 -953 617 0 
675 -830 626 0 
-579 -578 756 0 
507 144 738 0 
-859 -769 668 0 
-78 -60 919 0 
795 583 68 0 
11 -377 875 0 
528 622 -264 0 
-349 744 -92 0 
979 -392 -161 0 
-819 261 -361 0 
762 -261 122 0 
-650 607 -692 0 
1 -418 -518 0 
894 -659 -394 0 
-655 673 -10 0 
122 -309 458 0 
692 60 -53 0 
227 -810 45 0 
197 431 -560 0 
-487 796 222 0 
-760 823 -972 0 
819 504 401 0 
989 -115 766 0 
-660 931 -489 0 
953 681 773 0 
-337 918 906 0 
493 -890 887 0 
936 364 -362 0 
-753 -668 -823 0 
-318 472 728 0 
474 169 431 0 
-193 -964 129 0 
-355 -763 -907 0 
459 -29 -700 0 
349 28 303 0 
-615 -336 -530 0 
12 640 987 0 
36 -307 677 0 
231 -537 834 0 
-810 504 -698 0 
796 -421 855 0 
-709 902 -444 0 
-161 779 298 0 
70 873 603 0 
-289 458 -309 0 
7 -714 303 0 
-30 137 802 0 
771 -6 535 0 
-271 -202 -167 0 
259 -200 738 0 
541 -353 271 0 
-209 -728 -848 0 
740 -414 -221 0 
707 141 -267 0 
-464 571 471 0 
588 -943 469 0 
667 590 277 0 
165 -794 -55 0 
835 -936 532 0 
-196 -596 -245 0 
62 -874 906 0 
-634 596 997 0 
-385 -355 941 0 
-753 -55 -275 0 
-266 418 562 0 
199 189 -703 0 
218 -734 -246 0 
599 829 -853 0 
751 386 415 0 
-212 -526 -617 0 
-247 -814 -142 0 
273 -750 517 0 
-315 -251 -777 0 
-687 521 53 0 
-730 -189 -217 0 
-367 -707 -805 0 
52 -117 -658 0 
-201 150 -924 0 
-991 433 -311 0 
241 998 -709 0 
135 -938 339 0 
916 884 914 0 
-467 -519 137 0 
-875 239 522 0 
287 -208 -426 0 
438 -708 -26 0 
-215 -830 96 0 
-678 848 908 0 
-219 86 593 0 
552 82 -465 0 
260 -439 -737 0 
188 356 891 0 
81 -629 -781 0 
12 940 -19 0 
564 -601 406 0 
-605 563 -179 0 
-703 -867 121 0 
300 -495 158 0 
474 -177 -678 0 
-929 -32 -10 0 
655 254 396 0 
-243 -727 -227 0 
151 -614 499 0 
935 646 -798 0 
-624 -561 -819 0 
-729 252 -910 0 
-430 -221 -882 0 
14 -401 -256 0 
888 886 -71 0 
-161 -895 -370 0 
-45 -293 407 0 
-341 479 17 0 
515 62 -313 0 
114 137 633 0 
451 73 -599 0 
-489 328 -814 0 
180 -872 -724 0 
922 -340 -695 0 
961 113 -829 0 
-972 -643 450 0 
-407 -440 412 0 
-963 -729 597 0 
960 -392 239 0 
319 -279 -301 0 
-912 -838 310 0 
-277 -725 997 0 
-764 -668 42 0 
131 -794 318 0 
107 -171 -600 0 
-770 959 -532 0 
366 518 913 0 
66 980 -904 0 
-77 -510 558 0 
229 -171 -730 0 
329 34 364 0 
988 -271 -175 0 
151 772 503 0 
-295 501 -98 0 
272 938 -5 0 
664 -595 -203 0 
-59 766 -323 0 
-477 684 -46 0 
788 262 920 0 
469 -699 95 0 
215 -571 806 0 
35 -906 -458 0 
-290 -459 524 0 
44 899 123 0 
888 743 197 0 
261 -686 541 0 
80 -152 -707 0 
899 -529 -585 0 
-64 -400 -467 0 
-929 823 571 0 
-567 649 -449 0 
-319 469 -214 0 
-245 439 -655 0 
-465 -357 -129 0 
221 899 349 0 
530 398 253 0 
538 -317 -909 0 
306 -375 -668 0 
38 666 357 0 
-171 -258 527 0 
30 -111 -300 0 
544 -683 -140 0 
-387 755 63 0 
949 -506 244 0 
75 -422 201 0 
-97 311 -51 0 
-526 -552 -1000 0 
-517 737 996 0 
-522 878 -40 0 
372 -194 -147 0 
-134 -847 334 0 
-304 -647 427 0 
522 -836 970 0 
754 -121 -937 0 
461 418 -375 0 
870 505 670 0 
-197 863 -374 0 
277 343 -773 0 
-508 -277 708 0 
-342 -776 100 0 
915 -30 908 0 
462 448 324 0 
277 -849 -160 0 
-136 246 247 0 
-751 538 -649 0 
119 -450 -34 0 
524 807 -457 0 
87 -739 449 0 
-959 591 546 0 
524 -400 742 0 
-200 -824 -829 0 
32 634 -484 0 
414 -898 181 0 
-968 -961 698 0 
119 -791 -511 0 
291 -438 151 0 
244 621 -57 0 
140 -581 -3 0 
-449 286 134 0 
-69 -276 -732 0 
-330 258 936 0 
197 77 998 0 
189 416 403 0 
-271 570 -182 0 
-919 -435 -20 0 
977 -241 -537 0 
198 -534 -956 0 
719 -729 -846 0 
36 -374 303 0 
-941 -251 649 0 
-938 925 -240 0 
164 -31 279 0 
-582 801 630 0 
-462 -152 -251 0 
368 -817 -572 0 
-586 -964 -725 0 
-264 810 408 0 
268 621 233 0 
-816 849 558 0 
-210 -541 -330 0 
831 -446 883 0 
1 91 -638 0 
909 703 275 0 
-984 -602 -165 0 
-339 479 753 0 
199 -401 453 0 
-744 -751 -177 0 
-868 -706 -700 0 
-191 -43 665 0 
-951 934 -4 0 
351 753 -177 0 
-943 569 26 0 
-685 -678 244 0 
-27 -767 -823 0 
829 161 -384 0 
-524 -138 -169 0 
-477 309 -310 0 
-810 343 733 0 
-925 232 -647 0 
-696 -985 -151 0 
31 -684 -8 0 
361 265 478 0 
652 -329 -29 0 
338 285 830 0 
-855 581 113 0 
532 -146 -967 0 
168 435 952 0 
-341 -224 771 0 
769 -659 333 0 
88 -318 495 0 
-924 -744 808 0 
-664 -674 383 0 
641 -785 754 0 
-268 -522 -413 0 
-89 156 -672 0 
415 -338 -861 0 
252 -550 614 0 
-496 -35 547 0 
-890 981 -828 0 
248 586 410 0 
390 141 -180 0 
205 -477 -54 0 
975 -778 -877 0 
-28 -640 -91 0 
671 -771 -885 0 
951 -377 54 0 
156 -131 93 0 
390 446 628 0 
279 975 -852 0 
-511 -185 -896 0 
208 -415 -498 0 
636 -544 604 0 
55 -382 -7 0 
-152 88 -557 0 
-840 20 -586 0 
-280 893 -964 0 
-62 -362 -10 0 
349 -571 -720 0 
-749 -565 -175 0 
-326 -198 -17 0 
543 434 973 0 
668 -670 360 0 
-212 -116 353 0 
287 -796 -60 0 
863 -339 550 0 
-822 -505 416 0 
340 -350 -906 0 
-48 -996 -149 0 
-715 -210 211 0 
-350 326 373 0 
3 392 76 0 
-722 -814 -917 0 
864 721 -151 0 
74 169 -642 0 
550 -886 -119 0 
-218 234 -688 0 
595 -714 -974 0 
169 389 -466 0 
684 -408 623 0 
348 -266 -617 0 
971 -877 552 0 
-259 976 -666 0 
175 -266 -323 0 
-730 -865 930 0 
764 709 -600 0 
295 440 844 0 
-812 -364 582 0 
-974 803 12 0 
582 584 974 0 
416 980 191 0 
-155 -104 171 0 
743 -8 -365 0 
564 502 981 0 
915 -634 -459 0 
-425 -892 757 0 
701 231 93 0 
399 -181 959 0 
-595 944 301 0 
689 -851 -262 0 
-115 -687 -472 0 
-411 227 -226 0 
993 -851 -437 0 
332 -659 -768 0 
-211 -608 142 0 
-685 430 43 0 
68 -488 -646 0 
696 226 -659 0 
418 362 89 0 
635 -61 109 0 
-76 -265 -659 0 
535 -691 134 0 
-490 882 -987 0 
9 -736 -137 0 
-431 955 -723 0 
448 311 -149 0 
832 -773 438 0 
-236 271 668 0 
-476 -298 -145 0 
614 372 -778 0 
831 -121 314 0 
-140 -175 -285 0 
-364 60 -483 0 
-672 489 318 0 
874 -145 128 0 
-800 795 -850 0 
955 502 739 0 
125 752 -904 0 
-164 -439 808 0 
654 -350 438 0 
331 86 948 0 
75 -554 -503 0 
-331 -294 -744 0 
505 676 526 0 
-991 -646 -543 0 
408 892 477 0 
-813 213 -309 0 
-893 -221 -870 0 
843 -766 813 0 
-458 229 661 0 
-225 602 -426 0 
59 907 935 0 
977 761 -27 0 
159 854 621 0 
376 905 -279 0 
-478 470 -253 0 
521 267 -30 0 
713 616 -526 0 
927 884 -654 0 
-531 -596 -881 0 
401 -249 -864 0 
410 719 136 0 
215 -718 -923 0 
499 -164 -903 0 
523 249 514 0 
101 -997 -933 0 
442 970 -274 0 
-285 -720 -941 0 
-705 -44 912 0 
862 740 -926 0 
805 -85 -882 0 
-440 -527 517 0 
-505 -470 -876 0 
234 588 651 0 
283 491 -343 0 
-347 -963 -933 0 
-661 68 -150 0 
283 549 280 0 
-54 253 895 0 
-695 984 640 0 
312 556 -123 0 
-547 133 -454 0 
709 -384 -163 0 
586 341 629 0 
450 696 -775 0 
-807 152 344 0 
-688 -571 -820 0 
750 601 987 0 
405 608 -344 0 
-857 -942 -112 0 
-134 -490 521 0 
-714 -135 670 0 
51 -572 222 0 
752 963 -589 0 
306 -282 276 0 
-437 156 -281 0 
-45 15 864 0 
875 -29 470 0 
-898 974 -344 0 
-199 301 752 0 
-282 900 160 0 
676 298 -367 0 
500 840 -496 0 
-132 -246 -365 0 
860 -772 -782 0 
522 -217 383 0 
350 3 -663 0 
-827 655 415 0 
898 154 737 0 
-103 150 -303 0 
-465 127 152 0 
764 -285 591 0 
-6 960 504 0 
-616 -315 -549 0 
-606 -749 540 0 
640 -80 224 0 
991 -938 -157 0 
-172 419 264 0 
738 934 175 0 
-571 309 178 0 
727 -126 675 0 
776 770 582 0 
8 472 944 0 
827 254 425 0 
-296 588 -31 0 
-415 114 -3 0 
747 314 208 0 
317 987 280 0 
283 -496 307 0 
965 -932 85 0 
-752 230 -823 0 
-479 -829 119 0 
444 -633 -136 0 
234 -984 -596 0 
316 326 -418 0 
-582 64 -785 0 
-617 -442 39 0 
-717 748 -583 0 
-29 62 -748 0 
604 374 -773 0 
-215 -884 603 0 
982 -57 196 0 
319 -585 -630 0 
-459 999 441 0 
-20 959 -589 0 
-290 -301 673 0 
549 916 23 0 
-233 569 -246 0 
-807 -72 -123 0 
-414 732 -97 0 
-842 -655 198 0 
-138 -496 905 0 
920 -928 -43 0 
-34 -755 -268 0 
-474 -120 12 0 
-865 610 636 0 
165 152 585 0 
-589 -326 -838 0 
-853 411 -675 0 
340 116 -910 0 
678 -761 -978 0 
-230 981 784 0 
-9 191 189 0 
-893 991 -319 0 
-570 672 988 0 
536 679 70 0 
142 718 -464 0 
-392 -811 720 0 
-425 -65 -469 0 
-391 -831 818 0 
448 629 -131 0 
-193 909 -54 0 
-2 -18 -486 0 
-251 281 -631 0 
901 -98 -701 0 
394 642 80 0 
398 -245 -564 0 
-362 333 831 0 
883 -316 818 0 
904 -734 98 0 
482 556 -993 0 
752 -72 -252 0 
951 235 808 0 
729 169 -170 0 
781 696 -976 0 
613 -518 -302 0 
-115 -821 -913 0 
779 -481 -48 0 
459 551 108 0 
59 -378 292 0 
334 -439 -793 0 
501 -186 453 0 
263 905 -794 0 
716 166 563 0 
566 142 -176 0 
907 47 -256 0 
-291 953 -910 0 
-411 -602 772 0 
583 334 738 0 
-475 534 -69 0 
984 708 -806 0 
619 867 -659 0 
-668 -474 812 0 
-788 829 533 0 
940 -726 804 0 
-450 -942 -854 0 
-495 598 -266 0 
-125 -311 -716 0 
-937 953 -473 0 
-584 938 -785 0 
-249 -359 448 0 
-583 209 919 0 
985 644 -51 0 
-903 990 -140 0 
849 946 -509 0 
-345 -391 -401 0 
-816 -10 622 0 
701 952 -28 0 
-876 -252 860 0 
-941 519 262 0 
-108 -629 857 0 
492 -686 707 0 
573 -93 -687 0 
-12 -6 -681 0 
-437 762 838 0 
581 949 178 0 
-336 136 -792 0 
600 888 669 0 
620 482 614 0 
-148 898 846 0 
658 384 -806 0 
138 -553 -513 0 
-385 21 -302 0 
742 -179 293 0 
-139 -990 24 0 
142 -767 -654 0 
908 -944 -857 0 
550 97 -391 0 
-660 167 -608 0 
-62 710 -65 0 
-888 -282 368 0 
844 -514 654 0 
-321 -876 451 0 
-242 199 -439 0 
-361 447 -898 0 
350 11 825 0 
-349 672 742 0 
-535 122 197 0 
765 -255 703 0 
-595 26 -371 0 
156 361 -863 0 
720 107 282 0 
524 -309 927 0 
482 -55 239 0 
23 500 669 0 
470 925 365 0 
-421 -205 613 0 
239 908 563 0 
-358 -223 495 0 
-663 876 126 0 
115 -410 -737 0 
2 504 359 0 
517 -516 221 0 
-433 -76 644 0 
-115 -678 -709 0 
474 -627 290 0 
-816 -361 -336 0 
-418 801 -679 0 
988 -700 -599 0 
521 624 -54 0 
662 -458 -977 0 
-751 -900 383 0 
772 -790 -116 0 
-442 706 -465 0 
-450 69 -548 0 
903 331 874 0 
924 -996 361 0 
421 -95 -508 0 
53 141 -642 0 
-852 -626 -995 0 
767 -40 -873 0 
-609 -168 -147 0 
57 674 129 0 
743 685 60 0 
672 -471 -52 0 
-580 -687 -304 0 
464 -798 672 0 
604 -613 301 0 
944 -881 -952 0 
-159 866 -917 0 
-691 -116 863 0 
155 467 137 0 
194 -793 -544 0 
-126 -285 -332 0 
484 -59 -569 0 
544 -438 66 0 
572 548 -360 0 
-788 208 112 0 
247 151 1 0 
-985 65 891 0 
-78 626 935 0 
130 -191 -79 0 
-766 -772 -574 0 
-786 -731 853 0 
-334 236 -28 0 
-242 107 862 0 
133 911 161 0 
808 -620 -736 0 
314 712 728 0 
566 682 593 0 
178 85 515 0 
-453 -280 -848 0 
-561 -985 36 0 
642 554 -108 0 
-987 244 792 0 
-850 353 -654 0 
-592 15 -536 0 
678 -190 -657 0 
-466 720 -733 0 
396 583 -81 0 
-445 -616 -203 0 
48 -211 338 0 
-733 606 -8 0 
856 -914 405 0 
848 290 -724 0 
832 -342 -55 0 
-783 843 401 0 
-851 5 512 0 
767 657 664 0 
-306 923 -95 0 
630 -858 -177 0 
175 763 393 0 
991 -555 -637 0 
-208 -220 388 0 
-158 603 -604 0 
381 342 -17 0 
87 66 792 0 
54 234 891 0 
-197 584 633 0 
790 -635 -747 0 
-871 -605 -352 0 
-269 517 198 0 
-867 -797 -27 0 
157 133 -173 0 
703 -663 444 0 
318 -418 -636 0 
49 -956 -254 0 
681 -438 729 0 
397 -128 744 0 
760 -792 906 0 
-995 755 -722 0 
-459 667 627 0 
-608 401 232 0 
26 392 856 0 
-181 202 866 0 
-393 -212 -816 0 
131 -868 -140 0 
-823 502 964 0 
983 69 -648 0 
383 721 -712 0 
-577 -150 396 0 
-367 851 -813 0 
-837 -448 676 0 
-332 -117 -20 0 
-405 -368 -896 0 
48 197 -898 0 
-359 -124 932 0 
-220 -262 -907 0 
-75 -560 462 0 
-372 965 -846 0 
38 -350 81 0 
430 -437 961 0 
-354 -378 930 0 
140 -255 525 0 
-51 897 -666 0 
850 -86 538 0 
-913 -982 253 0 
-857 628 -947 0 
427 214 -274 0 
-714 -895 -233 0 
308 -808 103 0 
361 -733 360 0 
576 64 897 0 
378 472 440 0 
-950 708 102 0 
-895 -981 -502 0 
-461 -264 33 0 
-280 473 -895 0 
193 -64 703 0 
453 -378 919 0 
-410 -69 -539 0 
-18 667 -17 0 
-131 247 -394 0 
-171 624 952 0 
964 -525 -227 0 
-246 -24 -711 0 
-953 -121 -544 0 
-532 879 767 0 
-391 306 204 0 
299 -490 -334 0 
-186 127 -993 0 
685 555 -83 0 
42 -645 741 0 
-459 -884 925 0 
-455 -563 698 0 
-17 -921 532 0 
-374 242 346 0 
142 -817 -564 0 
-154 -348 544 0 
-672 -349 714 0 
94 65 -442 0 
-920 189 145 0 
-187 738 342 0 
-591 94 818 0 
-674 -689 400 0 
495 868 161 0 
586 209 147 0 
784 760 -304 0 
965 730 481 0 
-703 262 -175 0 
-46 -547 -41 0 
-844 -460 -845 0 
447 393 -300 0 
873 668 501 0 
544 -758 904 0 
-604 435 180 0 
773 -79 -386 0 
-301 -60 -933 0 
-173 554 276 0 
896 646 161 0 
227 330 53 0 
-72 815 -52 0 
598 -165 -280 0 
-806 107 832 0 
-199 -982 164 0 
-616 -653 95 0 
-612 -785 -220 0 
216 457 -414 0 
-283 -742 -398 0 
-791 -491 -190 0 
62 888 411 0 
376 97 792 0 
567 -62 777 0 
995 -433 210 0 
-466 769 995 0 
726 529 -269 0 
-393 -484 -841 0 
618 -930 752 0 
850 -563 71 0 
-519 -885 673 0 
-933 -378 -402 0 
-765 -120 759 0 
-776 -597 -392 0 
897 28 -559 0 
830 -751 -737 0 
871 299 426 0 
-722 -244 800 0 
915 778 -586 0 
733 57 641 0 
147 -572 319 0 
-745 -997 -102 0 
526 -387 345 0 
-337 -709 331 0 
850 -831 686 0 
163 759 116 0 
-382 -155 907 0 
-913 79 450 0 
74 802 615 0 
969 -891 975 0 
-868 14 -210 0 
-648 434 -372 0 
-454 412 -393 0 
-195 593 -836 0 
167 -750 -107 0 
805 955 38 0 
-68 835 -422 0 
639 -960 -271 0 
-135 -770 957 0 
283 281 -913 0 
-513 -282 -285 0 
-866 228 878 0 
89 -686 799 0 
901 -452 -246 0 
-927 597 828 0 
334 864 -49 0 
184 58 820 0 
-601 -255 841 0 
945 574 -664 0 
888 756 -400 0 
-644 -268 -752 0 
-499 864 904 0 
456 -122 -557 0 
-596 38 -844 0 
845 -926 101 0 
785 681 98 0 
144 893 -2 0 
-592 -26 934 0 
208 28 -437 0 
236 871 -94 0 
903 -608 -904 0 
-534 -609 515 0 
-943 -923 -176 0 
-517 509 521 0 
-267 340 422 0 
-197 25 319 0 
-406 -38 -282 0 
786 -274 -562 0 
915 -131 141 0 
-17 630 -142 0 
-975 -691 -686 0 
897 -684 893 0 
-959 690 62 0 
-760 369 -592 0 
-198 -489 -377 0 
-267 406 837 0 
-433 -108 14 0 
36 -56 -249 0 
-733 -719 -473 0 
587 954 -811 0 
249 678 864 0 
-915 -136 -279 0 
108 -228 -786 0 
-793 -736 352 0 
-453 636 -340 0 
461 309 295 0 
372 -365 312 0 
471 194 946 0 
642 322 936 0 
792 -629 804 0 
441 -385 -710 0 
-65 76 -72 0 
546 437 653 0 
-296 -634 77 0 
-968 357 938 0 
944 533 -752 0 
706 -360 73 0 
125 -793 -361 0 
-657 373 553 0 
735 178 711 0 
-96 420 495 0 
916 576 -734 0 
805 342 50 0 
454 -929 424 0 
-92 850 943 0 
-57 914 279 0 
-809 350 -506 0 
464 -777 849 0 
-599 -525 -753 0 
-310 -649 -900 0 
-477 -361 -857 0 
-162 511 -577 0 
863 683 -202 0 
-30 544 489 0 
537 -795 83 0 
255 332 877 0 
-381 283 -892 0 
877 -183 -608 0 
287 -77 912 0 
344 -129 -286 0 
-441 -290 35 0 
-803 776 284 0 
718 -153 726 0 
899 172 -650 0 
-643 -545 961 0 
27 923 -966 0 
994 -331 856 0 
-60 475 140 0 
856 940 323 0 
738 -567 386 0 
-295 -958 700 0 
754 -795 -599 0 
-10 -530 -419 0 
687 -593 171 0 
222 558 462 0 
853 -582 -306 0 
534 -287 -187 0 
-154 -864 709 0 
919 127 -573 0 
-18 -486 16 0 
671 948 -573 0 
994 -31 -652 0 
-552 -433 546 0 
-41 -623 -375 0 
53 -981 -818 0 
749 992 -36 0 
518 -849 -290 0 
75 376 -30 0 
450 -890 -483 0 
-619 -639 452 0 
-256 336 926 0 
-831 332 537 0 
187 353 -273 0 
-545 828 842 0 
-45 346 -551 0 
671 -793 -285 0 
-916 -79 365 0 
272 -543 770 0 
436 -36 653 0 
530 -544 -925 0 
-464 -981 592 0 
-208 -553 932 0 
392 414 -753 0 
-759 984 3 0 
-931 108 -730 0 
424 -247 677 0 
-810 -712 642 0 
604 949 248 0 
-638 -630 896 0 
-467 -164 -980 0 
78 -129 339 0 
562 437 534 0 
-131 -948 -989 0 
-24 -505 -484 0 
916 -725 -328 0 
-230 -463 -796 0 
-337 -686 -204 0 
-824 -83 41 0 
342 530 235 0 
889 162 175 0 
-16 -533 -387 0 
-160 235 861 0 
595 28 927 0 
638 -22 -861 0 
965 861 -293 0 
283 770 -855 0 
828 -956 153 0 
269 -287 -851 0 
548 406 405 0 
218 206 817 0 
879 716 -619 0 
-755 -48 -131 0 
330 -335 363 0 
296 -642 -147 0 
765 -148 375 0 
-398 395 -868 0 
-805 579 -605 0 
-961 403 -611 0 
680 -592 360 0 
-762 98 -56 0 
402 -796 -100 0 
-242 329 -197 0 
-867 186 -37 0 
-337 260 -459 0 
483 -691 102 0 
-529 -546 753 0 
646 -235 -639 0 
-376 304 637 0 
-90 -660 205 0 
804 -878 973 0 
-300 974 405 0 
-312 100 999 0 
-123 124 -223 0 
383 -143 522 0 
879 -621 619 0 
60 680 94 0 
-237 -521 -571 0 
-44 180 -305 0 
372 -991 422 0 
993 -516 -278 0 
-836 66 -654 0 
494 468 209 0 
635 633 -554 0 
262 -226 787 0 
180 23 -388 0 
-676 -110 -496 0 
-8 -307 -469 0 
-522 979 728 0 
-970 -117 -480 0 
165 -207 -893 0 
116 -337 -859 0 
-358 -166 -309 0 
-456 -452 100 0 
-983 97 -791 0 
508 193 -695 0 
-837 -868 -798 0 
-253 319 842 0 
-709 239 38 0 
175 -37 -189 0 
-160 381 -156 0 
-758 313 -819 0 
638 -940 -842 0 
38 426 -868 0 
-676 583 896 0 
-99 -60 418 0 
-153 -718 -653 0 
505 -698 88 0 
-457 -478 -603 0 
-987 -967 -791 0 
230 618 989 0 
-824 863 804 0 
-647 648 -476 0 
161 -64 20 0 
107 458 734 0 
748 602 226 0 
-624 -292 -26 0 
204 553 -598 0 
353 519 399 0 
835 219 -337 0 
596 -518 112 0 
-175 915 271 0 
684 -402 -170 0 
-855 127 -508 0 
513 -933 634 0 
-675 -345 -77 0 
-580 -888 660 0 
483 460 531 0 
-113 -106 -200 0 
892 -724 497 0 
283 185 -541 0 
-771 435 874 0 
870 -56 334 0 
985 465 338 0 
7 -784 -72 0 
-641 78 730 0 
-615 646 599 0 
333 709 -610 0 
-278 820 421 0 
-947 896 -868 0 
589 453 759 0 
-143 546 764 0 
985 383 529 0 
790 -15 -593 0 
-247 433 -820 0 
-215 566 651 0 
139 -837 -336 0 
450 562 514 0 
-691 -482 112 0 
-966 782 842 0 
-31 657 801 0 
-785 649 274 0 
293 -20 889 0 
-901 254 869 0 
712 584 -652 0 
443 -5 208 0 
-573 638 -847 0 
129 970 269 0 
168 -129 -350 0 
205 669 -591 0 
-731 -256 -381 0 
288 446 -519 0 
-941 -774 614 0 
-557 -167 -972 0 
974 -433 615 0 
-538 -434 890 0 
968 539 951 0 
-445 535 -33 0 
245 -496 -801 0 
769 -257 501 0 
-134 -351 -212 0 
-959 459 -543 0 
279 610 14 0 
-367 -954 -12 0 
-182 -843 -478 0 
667 -878 -592 0 
749 -297 -662 0 
365 895 -922 0 
803 -276 385 0 
-721 139 -494 0 
726 -898 -576 0 
-471 638 751 0 
288 597 221 0 
-899 424 -368 0 
448 101 -585 0 
986 -72 744 0 
-763 -443 50 0 
848 -815 176 0 
655 -340 668 0 
-850 656 772 0 
-674 -142 454 0 
659 859 317 0 
724 899 593 0 
725 315 701 0 
11 -392 -308 0 
-411 -154 722 0 
66 43 570 0 
858 261 -5 0 
587 -213 -882 0 
781 790 -463 0 
381 228 -305 0 
-300 93 589 0 
119 -32 -425 0 
453 -364 862 0 
40 -461 797 0 
-894 -837 -362 0 
182 -753 143 0 
142 -542 -186 0 
-906 186 -812 0 
-848 -210 -86 0 
-833 -494 448 0 
-648 -132 348 0 
847 147 11 0 
981 819 146 0 
-482 831 351 0 
434 843 229 0 
794 -534 822 0 
-977 -452 -3 0 
-938 987 413 0 
892 -636 143 0 
805 275 528 0 
659 -966 782 0 
-204 -31 178 0 
-137 908 -170 0 
580 -612 -740 0 
10 85 -431 0 
448 563 -288 0 
655 455 -281 0 
-479 -918 -83 0 
-210 -393 -336 0 
435 -296 100 0 
-230 566 -507 0 
-415 -326 726 0 
738 481 -138 0 
-2 -127 225 0 
507 252 -14 0 
-621 -684 -180 0 
868 -675 366 0 
642 855 -221 0 
257 559 439 0 
-7 970 854 0 
-439 65 -612 0 
-389 -156 988 0 
245 161 165 0 
-195 859 -277 0 
252 -464 -975 0 
-679 752 497 0 
676 -579 558 0 
-665 -451 270 0 
275 476 -651 0 
274 890 738 0 
-209 -947 17 0 
101 164 314 0 
723 673 248 0 
-748 194 -857 0 
321 164 600 0 
206 496 257 0 
211 -520 -986 0 
-552 223 -55 0 
-825 -233 -779 0 
-797 491 -67 0 
-520 -705 990 0 
-104 715 -915 0 
-672 -690 801 0 
-677 -122 49 0 
492 835 534 0 
-872 -118 -119 0 
609 -10 58 0 
602 769 -275 0 
277 112 -745 0 
-434 456 804 0 
774 142 -94 0 
93 938 214 0 
-101 -233 520 0 
-537 714 829 0 
-953 -300 -993 0 
-825 55 661 0 
-313 -773 134 0 
274 -127 -574 0 
29 522 428 0 
-632 -944 313 0 
566 -388 907 0 
-330 730 -619 0 
928 -15 295 0 
-184 -35 251 0 
120 580 -802 0 
-849 -824 218 0 
962 401 361 0 
-637 -464 -599 0 
-895 700 -299 0 
770 785 393 0 
-650 -888 753 0 
691 519 772 0 
649 -302 -441 0 
166 539 -378 0 
52 -807 -538 0 
-988 569 8 0 
869 -811 -158 0 
19 28 -332 0 
-603 617 611 0 
432 176 407 0 
991 -980 -628 0 
-599 425 -537 0 
-801 -833 124 0 
274 214 -354 0 
678 43 108 0 
562 353 463 0 
-210 -582 223 0 
169 -215 846 0 
-576 781 -214 0 
-452 930 993 0 
-899 373 538 0 
-787 570 -664 0 
-434 -96 188 0 
886 605 360 0 
784 211 -3 0 
-637 486 898 0 
-583 -844 -169 0 
288 -172 -981 0 
384 -612 427 0 
-614 866 586 0 
522 423 -8 0 
667 815 -805 0 
887 -374 -104 0 
620 -367 -197 0 
856 -23 468 0 
-954 -544 -311 0 
188 112 293 0 
966 -781 64 0 
-684 -115 -205 0 
131 639 -417 0 
679 -397 -40 0 
648 -45 -20 0 
369 -323 907 0 
-491 -675 -845 0 
-702 -686 895 0 
529 619 -590 0 
664 -630 629 0 
956 -888 -819 0 
-632 -106 -780 0 
503 -551 -289 0 
638 -285 407 0 
-636 -761 -622 0 
-419 415 635 0 
-133 -436 794 0 
5 873 -967 0 
-670 -623 390 0 
348 -985 -612 0 
-556 -637 -428 0 
-982 -25 863 0 
-134 -233 -358 0 
-173 902 -419 0 
649 137 -598 0 
-852 280 772 0 
-603 -157 -417 0 
808 510 -684 0 
354 -16 -552 0 
886 126 578 0 
-437 79 -852 0 
-382 -941 -426 0 
-753 -553 772 0 
-826 683 23 0 
-899 -76 536 0 
-262 -778 -235 0 
859 -84 -527 0 
-4 815 46 0 
-841 81 35 0 
-134 -795 619 0 
933 -300 25 0 
-186 659 -604 0 
-148 -949 -113 0 
-874 17 -859 0 
715 70 -346 0 
753 -910 -601 0 
-857 793 500 0 
295 -191 -142 0 
730 195 321 0 
317 -208 769 0 
-992 834 -970 0 
962 -59 740 0 
831 -678 528 0 
277 -844 -569 0 
-428 -585 -93 0 
-420 828 -851 0 
836 325 699 0 
467 -629 -886 0 
-256 28 -324 0 
-742 409 -509 0 
-7 -330 -185 0 
795 35 594 0 
630 553 506 0 
-982 870 202 0 
701 -249 -576 0 
-607 -856 155 0 
110 -682 135 0 
819 -616 -316 0 
582 516 -423 0 
-820 480 -891 0 
723 261 197 0 
885 239 -177 0 
122 311 -306 0 
846 -6 -249 0 
718 103 300 0 
-725 631 -511 0 
24 -650 -292 0 
369 33 67 0 
246 -977 489 0 
675 188 -139 0 
-685 -337 286 0 
179 -365 -4 0 
304 -64 369 0 
-45 962 -523 0 
365 -906 -384 0 
-917 647 -736 0 
752 732 -794 0 
82 -379 -771 0 
-586 263 -603 0 
-549 876 -813 0 
-803 441 -718 0 
194 -82 -309 0 
-383 939 -87 0 
899 -490 -613 0 
-745 -7 352 0 
591 395 -870 0 
-235 -709 918 0 
816 258 589 0 
429 248 -342 0 
719 961 -737 0 
-388 -524 223 0 
384 -760 -407 0 
-886 20 501 0 
-252 -799 99 0 
714 -301 725 0 
983 360 613 0 
478 -502 430 0 
67 -991 -188 0 
-446 242 -991 0 
-415 -338 -940 0 
-488 78 593 0 
-275 584 186 0 
-736 285 249 0 
320 854 -496 0 
-43 627 961 0 
-498 -222 344 0 
-667 20 298 0 
921 -217 -264 0 
899 -831 -927 0 
-282 673 191 0 
988 -789 527 0 
117 -775 278 0 
211 -296 11 0 
-735 827 -173 0 
-917 -947 -350 0 
76 687 -216 0 
324 74 116 0 
932 657 251 0 
-196 340 34 0 
996 18 169 0 
-770 -778 881 0 
3 -182 961 0 
959 434 159 0 
74 -522 -294 0 
79 -842 -821 0 
-367 -915 530 0 
-195 211 -264 0 
-14 -616 708 0 
-984 352 780 0 
-162 -235 383 0 
423 348 79 0 
416 376 355 0 
940 -497 -563 0 
-655 -39 705 0 
-358 -859 -773 0 
591 -972 467 0 
-18 -607 -817 0 
960 -467 426 0 
922 -449 67 0 
-111 114 -976 0 
-421 -70 712 0 
115 -833 -509 0 
860 745 -47 0 
884 -401 213 0 
835 -114 -387 0 
-280 148 890 0 
720 -156 -207 0 
-78 821 760 0 
-104 -275 -161 0 
713 -830 472 0 
342 160 -402 0 
-423 32 -75 0 
776 233 346 0 
333 -147 -631 0 
287 737 -152 0 
-768 248 -473 0 
949 473 -844 0 
-674 329 -893 0 
188 -733 -226 0 
625 186 -290 0 
-37 518 -422 0 
908 -787 -672 0 
-995 -573 -165 0 
-870 528 -318 0 
185 308 -677 0 
-361 -486 221 0 
487 402 -499 0 
-110 -943 367 0 
694 -318 42 0 
-598 -249 -509 0 
-936 -306 362 0 
490 -605 -755 0 
391 -303 -769 0 
156 -772 -503 0 
-24 -186 -381 0 
-230 34 -412 0 
313 57 305 0 
599 997 -350 0 
-534 871 697 0 
130 -627 369 0 
-934 -578 964 0 
95 761 -323 0 
-190 796 -805 0 
-438 870 -373 0 
599 683 160 0 
381 -164 58 0 
-215 132 -136 0 
-73 -215 -795 0 
-882 300 -550 0 
-946 727 880 0 
-76 -100 -278 0 
-368 710 859 0 
-148 -24 -51 0 
-180 -698 -327 0 
137 162 -689 0 
67 -753 337 0 
-61 -190 178 0 
556 103 323 0 
502 397 -941 0 
-902 494 466 0 
690 -355 -811 0 
-123 142 47 0 
-375 372 -802 0 
-703 563 251 0 
-214 -409 354 0 
539 699 -864 0 
973 562 -774 0 
-429 791 639 0 
378 419 -729 0 
766 -134 250 0 
-866 -521 -889 0 
-953 -213 781 0 
4 -589 -118 0 
451 -464 30 0 
-111 244 -692 0 
921 883 -492 0 
644 459 818 0 
-253 752 -377 0 
-840 -541 -504 0 
-193 865 135 0 
-600 371 -447 0 
-173 -419 -389 0 
-1 531 -662 0 
-651 -794 708 0 
516 806 680 0 
731 -930 -829 0 
-854 810 -916 0 
682 -774 -189 0 
-138 -792 290 0 
-925 -945 -937 0 
-271 -687 160 0 
783 -451 -880 0 
408 765 463 0 
729 689 408 0 
-40 -292 -458 0 
-392 -904 -744 0 
993 -844 257 0 
725 475 463 0 
-21 954 -224 0 
689 -700 222 0 
857 -260 -111 0 
497 901 94 0 
-981 -207 -814 0 
-71 462 905 0 
789 242 -522 0 
199 -662 -243 0 
-970 -585 808 0 
706 874 -950 0 
619 89 804 0 
-794 304 -77 0 
27 973 -982 0 
-483 -506 155 0 
500 424 239 0 
-122 -562 336 0 
-161 -783 -851 0 
600 -565 956 0 
-890 -709 166 0 
-607 453 -491 0 
610 -479 383 0 
-395 160 190 0 
-436 -235 586 0 
802 -997 -428 0 
-363 254 -292 0 
-236 -894 852 0 
602 965 -807 0 
896 -273 777 0 
-187 988 -42 0 
-666 -887 -851 0 
-734 -601 -404 0 
-903 607 2 0 
336 -940 748 0 
-227 770 428 0 
748 -795 -595 0 
-569 -682 902 0 
-265 227 32 0 
923 706 509 0 
-263 631 -909 0 
910 775 359 0 
192 -145 571 0 
-100 -295 -192 0 
-855 825 -227 0 
-275 648 393 0 
465 -611 -933 0 
-731 -385 543 0 
-95 117 -238 0 
884 -973 -589 0 
-166 -442 -423 0 
717 -206 855 0 
-354 356 -24 0 
-339 -348 -513 0 
-196 169 -732 0 
672 -487 -611 0 
173 -591 860 0 
-641 887 773 0 
-869 -806 7 0 
-111 518 -617 0 
471 -899 -3 0 
-977 95 719 0 
-677 -563 911 0 
-895 809 685 0 
575 738 -132 0 
594 483 463 0 
722 -353 -757 0 
602 401 -278 0 
84 536 -999 0 
305 611 -141 0 
-691 -96 29 0 
-824 388 -719 0 
838 33 -508 0 
-691 -882 271 0 
670 -585 -130 0 
263 140 976 0 
-912 452 232 0 
831 -245 771 0 
184 578 503 0 
-500 135 834 0 
-10 756 -124 0 
60 -166 111 0 
150 -686 -670 0 
-160 -754 -586 0 
467 -900 630 0 
219 794 895 0 
574 752 274 0 
301 -982 -312 0 
-757 -470 324 0 
-673 527 -651 0 
659 -296 582 0 
-716 937 -818 0 
-423 -775 660 0 
152 -616 -94 0 
-392 530 932 0 
249 -842 -754 0 
226 -939 -716 0 
-96 320 -216 0 
-482 -355 -299 0 
-382 -387 -258 0 
-369 -595 201 0 
-631 5 381 0 
316 617 -672 0 
396 -611 45 0 
730 648 -848 0 
-15 -37 983 0 
-681 -221 55 0 
-963 144 236 0 
250 920 810 0 
893 711 542 0 
-93 -900 705 0 
-290 -451 832 0 
118 -736 46 0 
-175 316 -713 0 
-325 599 -75 0 
-379 -258 644 0 
538 -571 944 0 
-892 -500 -755 0 
309 445 693 0 
-80 -774 613 0 
393 601 739 0 
-161 -841 -808 0 
-742 -890 27 0 
220 917 -472 0 
-795 706 417 0 
-719 -266 -484 0 
864 229 -903 0 
813 911 -217 0 
156 395 -710 0 
-406 240 -168 0 
-917 33 108 0 
-822 271 465 0 
-694 539 -922 0 
964 61 800 0 
169 610 -423 0 
-399 -927 -159 0 
20 903 468 0 
-835 878 -589 0 
726 430 749 0 
-156 656 565 0 
-349 432 -152 0 
-439 807 353 0 
-530 -509 -25 0 
-56 289 904 0 
418 -991 -607 0 
756 348 -106 0 
996 227 -349 0 
-162 380 -691 0 
139 -159 -111 0 
941 970 -499 0 
639 327 410 0 
-674 -390 118 0 
183 -784 -615 0 
606 313 556 0 
565 761 602 0 
-659 -701 -533 0 
143 -614 555 0 
-389 554 536 0 
417 -823 -562 0 
-916 -838 784 0 
222 -586 -2 0 
348 -568 603 0 
120 -377 615 0 
428 645 437 0 
-141 944 519 0 
184 -280 378 0 
-281 656 -584 0 
-645 20 592 0 
-527 -366 799 0 
-477 -33 -424 0 
484 134 -879 0 
307 -675 445 0 
-666 665 -662 0 
208 729 -283 0 
-549 -918 143 0 
703 333 -8 0 
390 512 -922 0 
391 83 -344 0 
64 630 -77 0 
475 -812 -358 0 
-506 -266 47 0 
-826 504 -808 0 
716 52 425 0 
359 381 -741 0 
904 631 234 0 
788 -130 438 0 
954 -217 -979 0 
773 633 37 0 
-97 993 -910 0 
-531 505 -48 0 
249 662 -926 0 
134 -711 132 0 
-386 381 -836 0 
-376 207 -397 0 
401 286 14 0 
927 321 668 0 
217 -286 -828 0 
358 310 -2 0 
281 247 407 0 
-395 -161 -633 0 
280 190 790 0 
-47 -648 -404 0 
-245 532 -729 0 
-768 -981 -228 0 
772 367 35 0 
-254 -646 375 0 
896 -901 -389 0 
96 -332 -575 0 
45 724 744 0 
-100 -122 871 0 
-129 -395 87 0 
185 -452 918 0 
-660 278 -343 0 
697 -143 17 0 
87 -785 -184 0 
-790 966 240 0 
822 110 -265 0 
-883 463 211 0 
965 675 -151 0 
-112 483 781 0 
336 -669 342 0 
476 -741 -915 0 
-157 -824 244 0 
821 48 -608 0 
28 22 609 0 
-189 -698 206 0 
-732 -617 961 0 
368 431 155 0 
95 -251 672 0 
263 -940 145 0 
267 718 523 0 
18 182 795 0 
-534 911 767 0 
856 144 862 0 
370 470 -622 0 
-542 -705 -121 0 
49 42 -953 0 
529 -3 -332 0 
-282 -237 -964 0 
-449 -654 522 0 
196 885 -347 0 
544 -749 818 0 
-471 -687 -309 0 
-62 -454 -994 0 
842 -163 -186 0 
888 -393 -619 0 
587 -75 -512 0 
-369 -646 270 0 
612 299 -443 0 
-943 -85 882 0 
-920 -797 -502 0 
761 644 508 0 
-280 654 -45 0 
958 -702 -97 0 
-736 -162 -968 0 
-109 285 -549 0 
333 -909 63 0 
759 -335 200 0 
133 583 408 0 
525 -55 -633 0 
156 -307 104 0 
848 -86 821 0 
-837 -578 -459 0 
232 -826 -513 0 
939 807 436 0 
618 -21 -566 0 
65 -637 -354 0 
-731 241 -406 0 
371 804 -701 0 
656 -730 -975 0 
805 239 -980 0 
-805 630 -9 0 
455 183 310 0 
424 -431 856 0 
-659 -242 -634 0 
-354 772 -287 0 
192 -606 -563 0 
927 907 -802 0 
-740 898 160 0 
436 127 934 0 
-244 758 -847 0 
-793 79 -415 0 
813 819 -679 0 
839 -802 -129 0 
502 -435 -878 0 
129 -513 -668 0 
-312 608 -953 0 
19 -43 786 0 
-609 -875 -938 0 
-723 -258 814 0 
-862 929 -481 0 
-131 787 -214 0 
350 256 541 0 
970 223 -710 0 
179 286 -439 0 
452 306 -828 0 
-132 -68 -61 0 
-378 -848 64 0 
-281 -823 -252 0 
-497 -516 -715 0 
791 248 -24 0 
771 -676 786 0 
516 -900 335 0 
-137 -603 640 0 
625 517 -226 0 
-898 -696 327 0 
562 -275 -103 0 
-474 -19 844 0 
856 -249 -773 0 
469 -912 -546 0 
-531 517 692 0 
325 829 603 0 
681 155 -141 0 
270 50 419 0 
948 -939 -340 0 
-739 141 -868 0 
60 828 320 0 
-992 850 257 0 
922 -374 -313 0 
-8 421 524 0 
827 -909 -974 0 
464 -241 -514 0 
-502 403 494 0 
964 -446 -560 0 
456 646 -303 0 
-314 -599 -278 0 
263 891 400 0 
-421 445 703 0 
878 -205 392 0 
411 897 -27 0 
88 -233 -981 0 
-198 298 696 0 
-873 44 216 0 
932 -755 236 0 
803 301 -807 0 
-987 165 90 0 
742 262 -846 0 
188 37 720 0 
-4 150 -68 0 
544 977 -381 0 
378 -715 -913 0 
149 584 219 0 
-508 970 408 0 
-670 757 855 0 
-964 611 167 0 
155 -270 873 0 
-205 455 -574 0 
-198 528 883 0 
948 945 224 0 
169 40 -495 0 
272 -547 305 0 
-501 -427 -371 0 
936 -265 732 0 
-350 -436 800 0 
-941 201 -246 0 
-55 -40 470 0 
-136 41 147 0 
-624 -737 608 0 
-22 299 -565 0 
-836 -751 996 0 
936 364 -574 0 
649 576 113 0 
-105 -252 -192 0 
38 519 -929 0 
-570 -727 333 0 
-756 375 549 0 
-453 -966 -548 0 
-685 719 812 0 
-471 -983 482 0 
-467 -311 179 0 
888 -835 -989 0 
479 472 -212 0 
995 -557 258 0 
918 403 -771 0 
-250 686 896 0 
-515 429 235 0 
558 445 -829 0 
208 27 -145 0 
-710 804 -79 0 
-999 -329 -668 0 
610 571 535 0 
-413 -236 993 0 
156 931 -661 0 
-774 595 -244 0 
-599 -371 771 0 
991 301 266 0 
-116 360 -189 0 
443 115 -929 0 
-725 -446 -755 0 
-784 -768 429 0 
946 -393 -234 0 
-445 637 -223 0 
962 -366 -558 0 
324 609 -432 0 
-226 923 -461 0 
598 398 671 0 
-404 923 -853 0 
852 711 901 0 
676 368 -193 0 
-610 639 -184 0 
734 -846 635 0 
-821 -240 300 0 
-789 364 131 0 
766 -118 695 0 
498 541 445 0 
307 -259 -861 0 
342 -617 848 0 
-519 65 96 0 
-340 -486 905 0 
-775 -466 594 0 
-749 -172 -492 0 
493 -710 -506 0 
-638 -202 -395 0 
315 -685 241 0 
-582 -396 -687 0 
355 -100 -935 0 
622 55 -362 0 
-875 -805 405 0 
217 561 -137 0 
-952 701 -541 0 
-692 -547 -965 0 
111 -932 -553 0 
825 75 475 0 
-910 263 430 0 
736 -190 -348 0 
-138 -402 -838 0 
-717 -20 -27 0 
-541 384 145 0 
307 -244 128 0 
928 -90 478 0 
345 9 934 0 
-961 817 788 0 
-454 -168 329 0 
-312 -595 -707 0 
932 831 -438 0 
-451 993 -304 0 
991 16 -451 0 
582 21 -922 0 
-457 28 -680 0 
-260 -762 852 0 
391 -897 645 0 
909 422 164 0 
44 -293 -971 0 
653 772 -72 0 
670 -313 -722 0 
-176 958 589 0 
298 562 -361 0 
461 914 -519 0 
-631 -236 368 0 
618 708 253 0 
498 473 329 0 
536 32 -765 0 
745 790 712 0 
-866 146 -326 0 
-324 740 641 0 
224 -805 -299 0 
957 -166 377 0 
36 -698 647 0 
-350 428 -787 0 
535 508 496 0 
955 -28 -680 0 
-66 353 -528 0 
213 917 223 0 
505 -736 -829 0 
-496 734 -43 0 
-613 451 -602 0 
-276 -271 -323 0 
-219 -250 -39 0 
-883 786 -659 0 
930 -367 -273 0 
-764 341 -102 0 
385 823 -724 0 
937 628 -890 0 
940 -637 -953 0 
-194 33 929 0 
-273 978 627 0 
423 -70 84 0 
-343 -308 -234 0 
716 44 170 0 
-925 -570 852 0 
-549 -446 658 0 
50 -293 -643 0 
-130 -397 605 0 
-390 173 -99 0 
508 582 46 0 
-615 -380 -858 0 
-918 -69 699 0 
956 643 -567 0 
124 -801 161 0 
379 -736 -452 0 
596 792 -907 0 
336 181 -822 0 
513 183 628 0 
-843 -899 -19 0 
-371 464 825 0 
474 56 -889 0 
-756 -31 512 0 
932 959 -664 0 
890 458 -378 0 
-76 -689 -854 0 
713 -141 -865 0 
-939 -727 -410 0 
331 213 785 0 
-229 -890 935 0 
182 6 -798 0 
-231 -876 52 0 
-514 386 -423 0 
-113 -561 714 0 
-848 -108 -469 0 
-295 -792 -993 0 
651 -588 246 0 
-885 926 -136 0 
-250 29 -33 0 
-128 437 722 0 
313 -766 718 0 
959 -358 607 0 
-915 444 -898 0 
-419 923 736 0 
-787 633 -801 0 
-152 345 -120 0 
787 -399 153 0 
767 572 175 0 
714 399 -780 0 
640 464 -28 0 
773 -408 578 0 
-467 -376 786 0 
-277 935 365 0 
-495 -136 172 0 
-233 436 60 0 
-800 2 -819 0 
-774 904 -825 0 
-410 422 -214 0 
-232 608 577 0 
-876 -118 242 0 
613 -804 64 0 
-206 384 463 0 
575 -596 749 0 
-991 59 459 0 
770 152 -548 0 
907 527 -133 0 
-677 575 -225 0 
289 642 -362 0 
-379 414 183 0 
-315 -233 42 0 
-56 -718 908 0 
-120 904 -203 0 
578 -903 911 0 
452 231 644 0 
-252 710 256 0 
561 -204 -641 0 
-971 116 528 0 
548 -260 -346 0 
951 39 657 0 
455 746 -539 0 
806 -311 -835 0 
919 -216 -107 0 
-639 -137 381 0 
-710 -702 -368 0 
-18 861 -790 0 
-163 384 -367 0 
154 -716 -479 0 
-97 -622 -681 0 
-273 931 251 0 
-158 -203 294 0 
898 780 746 0 
-170 -598 272 0 
511 -325 517 0 
-364 -335 808 0 
169 -348 -669 0 
-273 618 -397 0 
168 -475 -471 0 
330 -752 -353 0 
-268 -884 -707 0 
-911 -260 623 0 
491 -889 -515 0 
518 587 84 0 
244 -684 178 0 
-440 16 36 0 
323 114 -927 0 
177 -244 -566 0 
-631 -686 -171 0 
-73 -892 -691 0 
-277 469 -895 0 
-456 -559 513 0 
951 588 477 0 
413 -785 -257 0 
828 601 -466 0 
698 -104 -958 0 
-392 -254 -770 0 
-792 -733 -298 0 
994 -17 464 0 
-48 -741 -946 0 
-237 692 -519 0 
920 875 -105 0 
820 -66 520 0 
49 -238 -523 0 
-464 843 690 0 
-324 -948 -710 0 
16 -325 170 0 
971 757 -699 0 
-916 -921 51 0 
-267 445 745 0 
-471 531 898 0 
-91 -315 -58 0 
797 -32 823 0 
966 -953 260 0 
-228 911 -497 0 
-391 -902 205 0 
-19 -239 802 0 
703 -841 606 0 
64 -476 -653 0 
-497 -687 -411 0 
949 -347 977 0 
-837 -464 54 0 
682 547 959 0 
-664 788 -872 0 
126 37 562 0 
-433 438 -171 0 
575 -600 -610 0 
-63 33 70 0 
-280 -439 -5 0 
3 355 898 0 
-135 469 790 0 
-536 937 -58 0 
-811 480 29 0 
-328 -118 -593 0 
302 361 -869 0 
-33 -64 -819 0 
447 516 -915 0 
-28 -465 595 0 
-384 214 -248 0 
-972 68 902 0 
14 816 -770 0 
930 -16 141 0 
54 196 715 0 
45 -424 26 0 
-848 426 -584 0 
22 -705 -80 0 
605 -859 608 0 
-164 -226 454 0 
863 253 -360 0 
78 356 -588 0 
-85 71 -196 0 
-520 -492 -853 0 
-651 -405 215 0 
750 39 830 0 
551 186 409 0 
416 308 34 0 
-600 -673 -610 0 
-90 -126 13 0 
-165 -568 661 0 
-924 -970 -958 0 
-331 -470 -496 0 
-10 659 -199 0 
351 -704 -780 0 
-470 -238 -432 0 
-749 625 488 0 
211 -412 -303 0 
348 -6 -941 0 
-524 -88 -132 0 
-757 -78 543 0 
325 208 294 0 
-389 518 742 0 
-378 408 -814 0 
-172 -239 -607 0 
880 -706 -949 0 
10 -891 844 0 
-971 -832 968 0 
-15 -663 -580 0 
-820 634 -345 0 
524 -27 -166 0 
552 809 273 0 
918 706 -3 0 
23 584 916 0 
-456 -776 -81 0 
-84 -129 402 0 
20 -724 611 0 
291 160 -60 0 
603 -497 575 0 
-27 -65 -498 0 
-638 -787 -118 0 
-433 49 -782 0 
-240 772 229 0 
-135 -246 -454 0 
772 496 -107 0 
106 -603 407 0 
158 -109 218 0 
253 -195 -451 0 
142 -442 254 0 
-53 735 -958 0 
13 -84 -242 0 
751 319 -712 0 
-804 -839 288 0 
17 393 -386 0 
585 -239 -220 0 
-882 -794 -489 0 
875 -592 547 0 
-475 -699 -657 0 
177 -251 90 0 
-397 508 -479 0 
210 -154 355 0 
698 584 803 0 
-922 -586 206 0 
-258 777 419 0 
881 -841 620 0 
-404 785 -382 0 
596 57 797 0 
-415 135 -629 0 
-260 736 -585 0 
962 74 439 0 
280 -424 -781 0 
-509 -801 -763 0 
-639 150 241 0 
-92 -937 -36 0 
485 880 -653 0 
-830 -255 439 0 
138 648 -476 0 
-749 218 569 0 
709 706 367 0 
-71 -418 408 0 
273 -783 152 0 
-662 277 -853 0 
-750 239 -26 0 
128 -785 227 0 
653 -470 -441 0 
799 664 47 0 
215 281 -392 0 
358 -300 620 0 
-472 -750 -24 0 
-715 -205 -428 0 
-796 -683 757 0 
-815 -184 698 0 
-403 261 -959 0 
-565 -486 112 0 
-515 4 349 0 
860 -557 -808 0 
-630 -815 -297 0 
-943 250 172 0 
136 161 114 0 
826 -185 124 0 
706 18 -718 0 
704 -823 680 0 
-797 724 -973 0 
-757 598 64 0 
-442 838 268 0 
-134 763 -837 0 
21 356 -122 0 
-95 -911 -543 0 
604 367 -656 0 
994 666 415 0 
-68 172 948 0 
269 -822 -674 0 
-939 742 -820 0 
-808 -709 -489 0 
-863 -465 -802 0 
994 799 -155 0 
-965 732 -269 0 
44 -756 348 0 
27 710 408 0 
860 -149 268 0 
962 -361 704 0 
538 -691 -769 0 
-930 -502 61 0 
-688 -344 -838 0 
883 263 552 0 
148 -990 -233 0 
-96 617 -105 0 
-73 235 517 0 
382 729 -211 0 
-849 51 -979 0 
-380 657 723 0 
361 333 577 0 
-3 328 607 0 
-135 -377 466 0 
837 542 -110 0 
378 67 790 0 
-155 49 680 0 
183 -512 -817 0 
-722 -519 -449 0 
701 387 816 0 
-203 816 -776 0 
324 -590 364 0 
999 540 934 0 
-360 -817 763 0 
467 552 893 0 
-347 -283 -985 0 
565 -235 203 0 
-286 396 -403 0 
647 -8 121 0 
953 457 227 0 
-969 816 -108 0 
851 550 -729 0 
170 652 -937 0 
455 -128 -602 0 
-236 378 -821 0 
-792 -572 -113 0 
798 -951 992 0 
-406 75 -94 0 
547 -431 -881 0 
-363 -433 -414 0 
552 340 409 0 
340 107 -1000 0 
-533 -308 -81 0 
-395 -780 -664 0 
747 68 -84 0 
-467 -129 -881 0 
325 -306 304 0 
767 886 431 0 
-135 -869 -410 0 
672 993 -454 0 
-291 -295 503 0 
-652 -829 -292 0 
655 -178 -572 0 
130 -945 457 0 
-558 777 123 0 
-317 215 -650 0 
-749 -415 -10 0 
405 -56 439 0 
-297 745 -676 0 
604 409 -837 0 
708 -213 -55 0 
-765 -945 140 0 
478 522 255 0 
-710 -905 289 0 
-802 475 -894 0 
-611 -369 -760 0 
-771 -10 -692 0 
-630 594 -572 0 
-523 83 -658 0 
539 -650 772 0 
-538 467 -473 0 
665 627 585 0 
-743 -443 894 0 
-841 312 -884 0 
-242 11 -67 0 
397 899 -568 0 
681 -319 -380 0 
-551 -544 -752 0 
-81 -294 -453 0 
-630 -506 -668 0 
-617 64 -311 0 
-593 -304 -173 0 
982 -47 610 0 
362 335 21 0 
-770 628 998 0 
-614 526 474 0 
-314 -450 -271 0 
-678 -939 -549 0 
-244 674 556 0 
580 315 -47 0 
-401 630 -532 0 
522 858 737 0 
-799 -449 17 0 
799 -227 -265 0 
244 301 98 0 
823 -176 -342 0 
182 442 14 0 
-558 159 605 0 
534 -382 -210 0 
917 -480 -239 0 
-420 141 -414 0 
-340 18 167 0 
560 820 -537 0 
603 -993 -622 0 
-46 133 -917 0 
409 -889 849 0 
20 643 -96 0 
-696 598 843 0 
-18 -120 340 0 
711 954 592 0 
-311 -32 419 0 
867 730 489 0 
-248 -379 -565 0 
49 6 -819 0 
-837 59 -718 0 
-877 335 -148 0 
720 -554 935 0 
102 -267 577 0 
-633 211 843 0 
986 -882 -917 0 
699 -357 -187 0 
-160 930 -428 0 
166 304 796 0 
-106 166 -373 0 
-479 656 -618 0 
-521 96 748 0 
997 542 -390 0 
-94 -154 -202 0 
-837 -410 -205 0 
10 770 -873 0 
-704 44 -975 0 
-569 777 213 0 
486 815 996 0 
226 -157 395 0 
83 401 924 0 
-985 -341 883 0 
360 252 -927 0 
83 -76 760 0 
289 700 55 0 
-704 -615 -880 0 
-399 -5 336 0 
280 746 -98 0 
-523 139 459 0 
-389 853 978 0 
787 246 -432 0 
-599 -949 751 0 
386 96 -848 0 
-829 902 574 0 
951 -219 -307 0 
-90 -552 728 0 
-27 802 372 0 
-229 421 149 0 
-184 -282 -410 0 
-561 308 -789 0 
-813 728 -576 0 
-17 885 849 0 
640 -62 -167 0 
646 488 470 0 
108 -32 768 0 
574 288 284 0 
-322 191 -446 0 
-32 915 -228 0 
-987 20 -141 0 
-738 -132 896 0 
572 -69 916 0 
-503 -521 365 0 
-910 109 -582 0 
-652 -302 -829 0 
-663 -945 41 0 
197 34 345 0 
103 379 782 0 
-574 -77 -769 0 
985 -950 -675 0 
254 355 -525 0 
72 562 172 0 
-738 -42 -650 0 
-893 533 -656 0 
980 -571 610 0 
322 -334 794 0 
-562 636 -706 0 
-303 -28 248 0 
-106 -162 437 0 
-925 -246 -835 0 
-637 222 -257 0 
-598 964 -933 0 
847 -715 328 0 
-819 -325 -80 0 
-896 -111 -493 0 
908 -149 991 0 
593 -733 -854 0 
94 767 447 0 
-447 -932 -50 0 
-611 796 -601 0 
557 245 580 0 
597 -447 -986 0 
-498 29 -567 0 
-791 -665 -674 0 
-930 -280 -590 0 
-907 -223 982 0 
-396 -326 -842 0 
158 457 -227 0 
-886 -615 -776 0 
161 484 -219 0 
596 388 234 0 
70 -537 -216 0 
997 -292 -694 0 
-190 282 -191 0 
273 993 745 0 
-4 -620 298 0 
-193 867 -723 0 
-345 -175 -790 0 
959 473 61 0 
-574 -356 709 0 
940 75 -640 0 
-762 -803 654 0 
-757 271 231 0 
584 125 -213 0 
-670 -268 418 0 
-697 19 -829 0 
-526 602 -444 0 
-340 -652 -852 0 
-194 -938 -881 0 
77 976 -233 0 
-518 -469 353 0 
-97 -508 -93 0 
-569 743 -594 0 
-156 747 -345 0 
-613 -227 694 0 
775 -307 -462 0 
172 442 -127 0 
-56 -507 -403 0 
201 -227 251 0 
675 -882 411 0 
-959 -78 -326 0 
764 394 941 0 
960 -359 -415 0 
150 719 972 0 
-846 -72 -685 0 
68 -87 -863 0 
-970 -775 -876 0 
376 -442 -510 0 
296 -776 742 0 
-204 758 -255 0 
-662 861 -847 0 
848 727 855 0 
403 -274 -506 0 
941 824 -902 0 
-589 -737 414 0 
-286 -258 434 0 
496 319 556 0 
-169 624 -745 0 
298 370 189 0 
815 -609 -974 0 
838 533 -124 0 
-10 320 -527 0 
81 -131 -792 0 
-488 -403 659 0 
60 -176 -213 0 
-93 299 -441 0 
-42 -813 348 0 
-199 325 -680 0 
-740 844 210 0 
946 -183 -777 0 
484 654 367 0 
827 505 432 0 
104 -438 -15 0 
276 -447 -137 0 
-747 -170 790 0 
-932 925 491 0 
-438 775 -552 0 
-839 514 -852 0 
-364 747 -944 0 
-125 976 850 0 
-65 -80 -209 0 
-65 -891 314 0 
620 -909 -717 0 
417 846 174 0 
915 2 670 0 
-991 -386 672 0 
850 596 -822 0 
-37 605 -33 0 
703 55 504 0 
-968 -499 500 0 
673 -879 -769 0 
107 355 -164 0 
334 621 -789 0 
-485 -994 552 0 
-405 26 304 0 
-639 -621 93 0 
-232 -154 841 0 
-819 -80 -529 0 
466 -12 -813 0 
-800 -520 -243 0 
-445 737 -275 0 
-282 -987 776 0 
-7 218 -498 0 
737 -726 468 0 
-536 -880 -102 0 
-328 -849 -114 0 
-975 -226 485 0 
-75 -560 -152 0 
-101 -602 871 0 
-218 -746 -604 0 
548 213 -532 0 
712 -336 -142 0 
246 838 -958 0 
786 784 -852 0 
-108 -329 -223 0 
-337 288 -929 0 
-819 643 -324 0 
-955 623 749 0 
-682 177 -501 0 
-957 -472 461 0 
91 52 -340 0 
-995 714 -728 0 
-76 800 -353 0 
-876 -617 345 0 
648 -52 747 0 
506 -986 477 0 
-776 783 392 0 
-223 -662 -353 0 
377 827 -638 0 
-773 432 629 0 
657 321 810 0 
-469 -151 -682 0 
-178 -943 -952 0 
-481 -205 -575 0 
-712 -368 784 0 
811 985 -135 0 
-34 -841 -905 0 
530 500 -18 0 
906 222 754 0 
884 53 -825 0 
148 -681 -373 0 
-463 -845 240 0 
39 711 -764 0 
-154 -825 507 0 
-377 -622 -724 0 
-40 -408 961 0 
981 -857 -701 0 
665 929 183 0 
-69 777 185 0 
192 -225 -847 0 
54 -446 -704 0 
-162 342 -65 0 
-62 -605 893 0 
511 881 798 0 
772 -529 742 0 
77 -176 356 0 
101 -884 -302 0 
-770 -398 278 0 
-705 -4 941 0 
-539 366 -323 0 
742 140 602 0 
736 531 -451 0 
-967 -221 -337 0 
-386 624 -716 0 
-453 838 481 0 
338 -522 295 0 
-813 -315 182 0 
-323 -286 -871 0 
134 -414 -681 0 
185 -911 555 0 
584 688 -555 0 
185 -684 -903 0 
-639 -321 414 0 
-838 717 -142 0 
-1 -924 822 0 
564 -767 269 0 
-554 309 -165 0 
-813 -340 517 0 
199 -277 -934 0 
-392 702 995 0 
277 -963 -244 0 
784 601 936 0 
-993 208 -555 0 
-82 301 -939 0 
-614 -514 -976 0 
-603 -381 246 0 
534 847 6 0 
502 793 -571 0 
-195 -566 -942 0 
-290 164 -98 0 
-546 -357 -786 0 
-876 -642 -82 0 
-44 320 -593 0 
27 452 -785 0 
472 444 -126 0 
735 -383 -30 0 
905 -114 -241 0 
-958 -634 -735 0 
-143 -140 822 0 
-700 -818 719 0 
509 446 -513 0 
-525 -72 -445 0 
-987 1 -190 0 
-689 -862 -874 0 
666 185 365 0 
-742 -585 734 0 
715 869 568 0 
-569 -40 542 0 
-495 816 477 0 
803 -175 602 0 
795 900 -29 0 
-436 458 375 0 
-634 -525 -686 0 
982 567 759 0 
114 -145 -399 0 
-299 762 -838 0 
876 661 -125 0 
125 709 485 0 
-44 740 -495 0 
915 891 730 0 
885 -741 805 0 
-474 641 439 0 
-683 864 -810 0 
-460 -255 394 0 
-862 -441 -779 0 
307 -85 -890 0 
291 532 -209 0 
329 -186 -755 0 
593 -431 301 0 
489 -177 300 0 
838 -429 -262 0 
-788 127 488 0 
-533 -223 92 0 
305 164 24 0 
-594 214 365 0 
796 603 397 0 
919 668 -551 0 
-472 -588 596 0 
994 -953 -767 0 
339 -920 45 0 
-799 -75 -628 0 
131 749 -876 0 
112 -63 -549 0 
479 -85 -591 0 
-721 358 861 0 
-872 151 403 0 
-50 -258 907 0 
-958 965 -703 0 
674 -86 -717 0 
-367 -177 537 0 
-887 -640 330 0 
-8 -678 -66 0 
-184 254 -311 0 
538 705 20 0 
-449 -388 734 0 
-852 584 -183 0 
26 253 -817 0 
128 338 -560 0 
954 -957 419 0 
387 -611 780 0 
523 -576 -280 0 
983 -227 -620 0 
-194 785 -82 0 
307 -378 -656 0 
-872 -126 388 0 
818 -911 -652 0 
66 -932 -548 0 
14 114 -678 0 
-165 -997 86 0 
100 -389 12 0 
-421 -793 -151 0 
953 929 174 0 
752 503 815 0 
200 -153 -979 0 
-278 835 681 0 
214 68 -445 0 
29 921 -381 0 
-824 243 122 0 
70 -478 986 0 
363 -935 803 0 
441 129 826 0 
-883 -387 -572 0 
196 66 888 0 
418 -404 795 0 
628 328 825 0 
930 -28 -79 0 
-28 448 222 0 
526 -701 149 0 
457 892 -971 0 
-182 -510 961 0 
604 536 250 0 
128 800 698 0 
810 -402 783 0 
-773 -59 443 0 
529 123 121 0 
-169 -135 -327 0 
-199 -319 50 0 
630 215 614 0 
633 59 681 0 
-10 -139 229 0 
-909 -739 -524 0 
975 -215 241 0 
-945 447 974 0 
-391 851 996 0 
959 104 -421 0 
160 484 563 0 
-668 958 373 0 
545 -383 460 0 
-408 205 -241 0 
-418 22 295 0 
122 290 -880 0 
899 -279 24 0 
-594 375 -967 0 
724 -265 730 0 
-443 259 -557 0 
-283 -711 -625 0 
304 227 -889 0 
861 88 -645 0 
-643 217 -513 0 
998 -130 931 0 
-362 598 -501 0 
-392 -150 -482 0 
-801 -694 111 0 
-591 -991 -432 0 
986 98 -968 0 
-677 -682 902 0 
-828 491 645 0 
-895 48 -23 0 
762 -341 202 0 
238 -182 675 0 
736 -441 425 0 
-60 -959 -797 0 
-154 -251 365 0 
811 300 -621 0 
-594 10 -264 0 
-553 -294 28 0 
-591 430 -938 0 
481 -576 157 0 
546 -254 -528 0 
258 42 -992 0 
-836 993 -234 0 
266 -186 994 0 
406 567 506 0 
650 -906 658 0 
-15 578 -545 0 
864 413 -937 0 
766 181 -791 0 
-464 -946 -571 0 
427 75 449 0 
331 -365 -345 0 
-902 937 -279 0 
-622 609 148 0 
-578 83 872 0 
12 -607 -589 0 
-302 -401 -758 0 
-104 -412 788 0 
-891 -974 -10 0 
-557 -122 570 0 
-13 961 999 0 
681 -383 655 0 
-637 526 478 0 
275 -905 668 0 
-873 785 929 0 
-309 619 -478 0 
258 -814 404 0 
199 -204 -890 0 
-397 417 -697 0 
963 619 847 0 
-359 -622 -175 0 
-281 296 416 0 
678 460 931 0 
-107 -480 106 0 
1 -818 218 0 
830 718 -253 0 
817 617 489 0 
559 -530 -342 0 
-140 -333 -179 0 
378 -207 -432 0 
-350 -576 -735 0 
-741 23 -706 0 
-245 112 -400 0 
289 -539 -265 0 
943 266 -54 0 
-599 851 890 0 
-637 26 -91 0 
259 984 298 0 
686 605 -175 0 
-537 -747 338 0 
-160 845 -386 0 
855 501 -909 0 
-325 -797 140 0 
602 -453 955 0 
745 679 -990 0 
-105 -337 -55 0 
-702 -860 813 0 
225 151 357 0 
-561 -954 389 0 
-890 463 120 0 
-164 -509 718 0 
335 473 -304 0 
80 -472 -852 0 
828 -686 771 0 
-506 -387 -710 0 
-638 -610 977 0 
964 194 245 0 
162 -337 121 0 
30 843 646 0 
976 -161 893 0 
998 -337 694 0 
-733 169 597 0 
53 -438 -722 0 
-628 884 -657 0 
-549 -481 -548 0 
-717 -395 818 0 
805 642 254 0 
959 -827 -569 0 
880 207 59 0 
190 -445 -22 0 
-39 -768 921 0 
855 -843 -50 0 
-414 -596 -166 0 
-22 99 -20 0 
-391 632 -857 0 
267 816 -775 0 
975 -57 463 0 
-111 349 448 0 
710 803 -576 0 
361 457 239 0 
-795 737 -532 0 
-266 -245 -312 0 
305 17 -725 0 
118 -580 -574 0 
860 516 -45 0 
266 -526 -169 0 
313 -326 -250 0 
-627 53 -394 0 
789 221 -385 0 
-870 758 -700 0 
449 -157 905 0 
498 818 191 0 
-626 -269 -751 0 
-815 -714 -516 0 
607 255 -455 0 
964 887 560 0 
-705 -222 -833 0 
449 -242 -245 0 
-116 143 19 0 
-825 67 904 0 
374 -80 365 0 
817 -133 -942 0 
-200 -972 -900 0 
-245 412 -527 0 
569 458 -628 0 
-356 -935 -710 0 
-82 197 -610 0 
-400 737 -298 0 
40 970 514 0 
-123 615 -927 0 
144 475 817 0 
-412 -27 844 0 
-726 788 -274 0 
398 533 -543 0 
-726 -904 251 0 
-121 -749 997 0 
593 -434 -256 0 
62 -638 -173 0 
868 227 -882 0 
-260 130 459 0 
947 -616 -684 0 
722 687 32 0 
-573 -979 -483 0 
824 -314 -887 0 
611 -556 -25 0 
-557 823 -685 0 
677 563 875 0 
423 197 752 0 
393 -261 864 0 
456 -293 585 0 
-763 -858 -451 0 
145 47 998 0 
830 828 -306 0 
-668 -343 -103 0 
-455 -964 518 0 
929 -85 -632 0 
-972 -460 -646 0 
-129 -411 684 0 
28 -974 -642 0 
-243 737 -203 0 
522 -516 767 0 
-582 166 203 0 
124 199 214 0 
801 344 64 0 
822 29 490 0 
-554 889 573 0 
402 153 360 0 
415 981 625 0 
-701 -752 -69 0 
996 59 -601 0 
763 -51 -370 0 
-288 104 804 0 
-638 -724 707 0 
412 -666 -575 0 
310 -448 900 0 
290 -523 -696 0 
931 681 654 0 
-847 216 681 0 
857 821 -728 0 
-790 -603 -466 0 
-496 256 -142 0 
885 -113 -748 0 
552 -285 737 0 
693 615 839 0 
-866 -231 521 0 
533 -119 987 0 
288 -718 593 0 
-134 -228 412 0 
306 201 579 0 
932 -185 744 0 
512 258 947 0 
-220 214 -894 0 
950 689 708 0 
515 -387 518 0 
728 -36 -254 0 
-496 -900 -973 0 
-330 778 715 0 
341 194 302 0 
-320 793 -546 0 
-948 872 605 0 
-478 849 -620 0 
225 -464 514 0 
808 -945 452 0 
959 525 -302 0 
-275 613 824 0 
416 -542 389 0 
386 266 87 0 
-697 -377 241 0 
-353 -181 -566 0 
651 161 -850 0 
-724 650 -820 0 
-4 521 474 0 
364 -89 -664 0 
-34 -486 794 0 
96 -109 415 0 
221 110 -857 0 
-467 -341 771 0 
831 23 -61 0 
915 -859 -516 0 
217 -559 324 0 
-787 328 -61 0 
23 -705 493 0 
72 -492 448 0 
-48 448 -619 0 
-157 764 -500 0 
394 -267 -525 0 
807 794 -315 0 
843 -149 117 0 
590 -919 -43 0 
-425 -341 -105 0 
-632 978 -481 0 
-608 784 910 0 
-172 671 -274 0 
189 -809 151 0 
-631 380 222 0 
230 564 -120 0 
-894 -719 -904 0 
264 831 -757 0 
-681 -943 -230 0 
-29 605 142 0 
-18 -751 200 0 
-884 993 502 0 
-75 -986 677 0 
635 -380 267 0 
-703 743 -361 0 
508 854 -274 0 
800 709 -234 0 
230 -552 128 0 
358 -325 15 0 
501 -800 734 0 
926 -928 -836 0 
36 -792 94 0 
220 -652 86 0 
-563 -249 -814 0 
-257 196 420 0 
547 -190 -927 0 
145 764 386 0 
-623 321 -24 0 
-359 -877 -301 0 
-62 -626 -789 0 
261 -680 -131 0 
-755 491 939 0 
338 417 864 0 
-294 412 313 0 
955 707 948 0 
-769 706 -438 0 
881 -819 93 0 
698 597 867 0 
278 -552 695 0 
932 101 -626 0 
870 163 -769 0 
-4 -184 111 0 
680 -925 1 0 
-831 504 -665 0 
659 -585 -672 0 
806 -839 579 0 
331 320 610 0 
137 816 544 0 
255 -572 -123 0 
777 45 -690 0 
597 -959 -540 0 
226 93 -558 0 
498 589 -50 0 
602 -522 887 0 
-558 965 815 0 
-621 -713 806 0 
-697 667 968 0 
-63 430 -294 0 
292 607 816 0 
-362 684 261 0 
-202 966 342 0 
867 -619 856 0 
-584 -273 -394 0 
290 -365 -581 0 
-973 115 -447 0 
-947 43 -661 0 
-45 -11 3 0 
985 -595 143 0 
317 -695 -513 0 
-864 -573 -121 0 
98 566 -112 0 
-700 -1000 -134 0 
-894 -315 -949 0 
-921 -799 -308 0 
875 534 963 0 
405 561 137 0 
-499 -82 219 0 
5 773 -280 0 
832 -648 488 0 
776 -847 468 0 
-269 689 715 0 
100 -108 -935 0 
-28 972 756 0 
-600 -811 483 0 
-698 -954 -861 0 
986 333 -933 0 
-912 167 -53 0 
-86 489 -106 0 
553 -532 -226 0 
192 -16 -560 0 
399 -835 37 0 
-370 -824 -899 0 
690 -207 572 0 
176 818 223 0 
-525 893 -280 0 
-668 -360 -436 0 
-312 308 -634 0 
846 5 -842 0 
241 849 799 0 
-461 -784 902 0 
191 -620 -71 0 
-749 552 241 0 
813 14 560 0 
911 670 -882 0 
318 -866 -924 0 
47 665 -278 0 
795 988 776 0 
643 72 698 0 
-615 -126 2 0 
461 -288 543 0 
-529 856 -30 0 
-545 -876 -838 0 
-200 -426 640 0 
8 -595 661 0 
-832 306 592 0 
893 -362 -1000 0 
-860 -651 657 0 
-893 -196 52 0 
473 -913 -694 0 
655 -831 -812 0 
639 -111 -515 0 
614 -798 298 0 
443 429 -441 0 
642 -889 -866 0 
285 -229 755 0 
190 -53 -608 0 
-71 6 537 0 
309 408 -474 0 
961 223 -411 0 
859 798 60 0 
-800 -660 -392 0 
725 -630 850 0 
179 3 722 0 
-97 -559 -567 0 
-809 575 196 0 
-853 -554 -775 0 
-551 617 -190 0 
982 -572 21 0 
619 108 -282 0 
192 -421 723 0 
-319 -620 -457 0 
620 -997 505 0 
-844 725 -14 0 
-850 -609 107 0 
735 -575 130 0 
-151 424 657 0 
-880 -822 310 0 
-125 -506 -739 0 
-738 -261 -771 0 
-304 982 -43 0 
733 630 648 0 
-149 657 -385 0 
693 -706 963 0 
21 -240 -763 0 
761 7 -289 0 
-480 -649 -329 0 
903 -524 -217 0 
-109 595 -983 0 
-687 -228 -600 0 
-82 280 652 0 
-595 -173 -503 0 
-500 99 -442 0 
304 293 338 0 
-332 -217 -262 0 
461 -6 355 0 
-913 487 912 0 
194 911 -776 0 
-521 -461 -421 0 
366 53 721 0 
-406 -284 421 0 
-531 177 -427 0 
-541 517 825 0 
-893 214 -855 0 
-803 -679 -123 0 
-620 780 -299 0 
787 960 538 0 
-354 687 -474 0 
-822 -863 964 0 
-158 98 774 0 
-372 697 -549 0 
846 914 -888 0 
-545 -1 486 0 
-90 -223 -714 0 
-151 378 -834 0 
-921 -331 730 0 
-602 237 886 0 
-411 -285 -376 0 
229 835 -45 0 
470 -705 -52 0 
-557 -738 -139 0 
137 53 732 0 
-971 -483 698 0 
-292 -81 -652 0 
773 -793 991 0 
588 -742 -284 0 
802 -764 23 0 
-878 563 -734 0 
424 -865 -891 0 
-305 889 390 0 
-605 253 -284 0 
-314 525 421 0 
947 -553 -94 0 
-966 713 -144 0 
-90 -41 544 0 
940 -839 -685 0 
-842 -104 807 0 
-927 560 -163 0 
629 -613 -608 0 
-61 -973 769 0 
65 47 -706 0 
738 178 -195 0 
-989 512 850 0 
-516 -839 676 0 
-384 236 985 0 
-994 121 -106 0 
86 398 259 0 
-709 -15 615 0 
188 -427 254 0 
52 -896 -429 0 
270 960 -803 0 
-550 138 -224 0 
-531 256 -91 0 
-900 763 -652 0 
487 30 659 0 
-549 719 516 0 
967 362 -18 0 
444 -18 -7 0 
-288 -644 716 0 
549 -844 306 0 
-992 -261 -980 0 
-583 748 -350 0 
93 70 -235 0 
-680 973 -690 0 
-989 -879 -812 0 
388 -460 -786 0 
118 -648 505 0 
290 -688 434 0 
-483 356 813 0 
-204 970 -948 0 
-599 649 -74 0 
-114 -116 985 0 
-139 985 313 0 
-630 -23 -398 0 
-932 -634 -958 0 
-854 -228 -443 0 
666 -13 127 0 
47 812 -648 0 
20 -498 -886 0 
444 128 -767 0 
-864 -526 -183 0 
-537 -303 -375 0 
-721 711 -620 0 
-472 -364 444 0 
-635 -721 -537 0 
-136 495 54 0 
-50 -800 -793 0 
102 -172 667 0 
815 463 -871 0 
-304 446 -164 0 
-240 -439 -305 0 
-635 -551 -444 0 
90 -326 748 0 
-567 -248 926 0 
-635 770 -219 0 
-216 -366 591 0 
-885 -864 907 0 
211 338 -633 0 
-365 -47 -591 0 
352 162 -892 0 
990 -326 686 0 
-508 -693 250 0 
-224 -558 -583 0 
151 -100 -311 0 
