p cnf 1000 3200
740 -396 293 0 
440 -540 -307 0 
937 -6 -906 0 
514 230 331 0 
728 -759 -532 0 
392 45 585 0 
693 -215 -59 0 
-92 -610 745 0 
895 974 -917 0 
-672 410 656 0 
-695 685 -438 0 
-191 -401 -272 0 
718 890 -695 0 
216 -918 846 0 
-854 24 629 0 
624 456 597 0 
-783 392 -692 0 
704 686 -799 0 
527 632 -770 0 
656 -489 116 0 
-926 837 -659 0 
301 -383 -883 0 
81 -192 177 0 
-565 -754 22 0 
733 565 -673 0 
759 -428 285 0 
-924 426 142 0 
-823 641 214 0 
367 969 308 0 
-835 -259 -304 0 
956 237 -936 0 
-10 568 557 0 
-761 572 -878 0 
917 -298 -781 0 
-333 776 -92 0 
76 -818 -947 0 
-817 -805 -518 0 
-192 -625 838 0 
-483 371 -807 0 
-825 -685 -436 0 
-589 -489 193 0 
-70 -628 175 0 
-99 45 37 0 
345 923 -984 0 
327 691 -990 0 
-58 582 709 0 
257 56 104 0 
868 472 93 0 
998 346 260 0 
741 -331 -678 0 
-956 150 -525 0 
-127 749 -649 0 
-467 -177 704 0 
-331 -514 -645 0 
-410 -618 536 0 
-376 65 341 0 
214 -265 158 0 
536 -486 -682 0 
-584 642 530 0 
-130 343 295 0 
819 302 828 0 
840 277 883 0 
221 -83 -719 0 
-309 577 345 0 
-880 80 972 0 
-808 -431 -440 0 
-411 197 651 0 
-364 158 659 0 
834 774 432 0 
-789 286 177 0 
348 -736 -576 0 
421 469 906 0 
733 -39 -294 0 
-494 -834 713 0 
167 -177 122 0 
-420 797 -66 0 
603 382 -330 0 
437 -776 -247 0 
-43 -729 287 0 
586 -741 -355 0 
-402 -257 -691 0 
-41 282 936 0 
-807 -339 59 0 
-124 -891 134 0 
-452 -167 -319 0 
-187 128 385 0 
841 -601 714 0 
9 -620 242 0 
-984 -495 -912 0 
844 -39 996 0 
289 -189 -342 0 
-925 -395 470 0 
-412 674 -32 0 
513 -784 315 0 
-172 -357 -25 0 
248 -339 190 0 
685 -281 922 0 
-869 985 -865 0 
-414 919 807 0 
49 740 725 0 
407 -56 -805 0 
216 -760 -280 0 
413 -986 203 0 
363 -706 -881 0 
502 -903 -469 0 
-840 601 -730 0 
-357 -463 812 0 
885 321 302 0 
284 -931 -600 0 
631 712 430 0 
-883 83 153 0 
-100 62 -197 0 
-416 599 -206 0 
-655 -505 -794 0 
487 -701 781 0 
-505 -232 741 0 
-765 358 -735 0 
-888 -924 -708 0 
167 -121 166 0 
-927 743 5 0 
283 565 327 0 
-228 574 843 0 
-408 -135 386 0 
941 876 988 0 
496 737 -975 0 
41 -314 55 0 
102 -748 396 0 
823 -22 661 0 
921 838 519 0 
606 302 812 0 
-348 -996 339 0 
820 334 -462 0 
799 -419 741 0 
478 -95 -543 0 
642 -828 -410 0 
726 -751 79 0 
84 759 985 0 
242 -96 -482 0 
11 604 75 0 
730 -976 393 0 
-73 -28 76 0 
173 -674 90 0 
-180 364 -431 0 
554 -721 -254 0 
-394 923 -458 0 
853 -979 -355 0 
-781 176 546 0 
-478 -177 -790 0 
-141 816 -810 0 
-492 -477 441 0 
-28 -147 -87 0 
480 965 7 0 
57 148 491 0 
-715 -674 563 0 
479 -326 422 0 
695 -713 -920 0 
-302 923 -759 0 
-511 -137 -591 0 
662 -703 -583 0 
-985 20 691 0 
-861 243 245 0 
-945 97 -486 0 
584 -813 75 0 
-787 -747 593 0 
813 -880 -496 0 
129 165 606 0 
-908 -662 -64 0 
-251 552 -413 0 
959 -313 -9 0 
685 746 293 0 
-351 313 -31 0 
-9 -989 315 0 
18 -969 630 0 
-329 -365 159 0 
794 614 147 0 
384 -674 -89 0 
681 186 -315 0 
-61 -829 -949 0 
845 865 822 0 
768 772 868 0 
-263 -609 756 0 
426 494 -486 0 
124 605 -234 0 
-974 726 936 0 
-543 157 864 0 
-32 729 -401 0 
-334 -368 -467 0 
-829 -977 -967 0 
433 78 581 0 
-595 -702 -459 0 
-307 -166 -929 0 
-192 125 593 0 
404 987 450 0 
471 212 134 0 
-918 -838 75 0 
328 372 -881 0 
502 -474 277 0 
-742 -695 -115 0 
612 852 204 0 
412 -863 524 0 
-143 1000 -879 0 
-449 703 -521 0 
-352 39 777 0 
986 -575 363 0 
86 -981 -452 0 
655 -741 -944 0 
804 261 -531 0 
-675 460 -13 0 
-386 118 734 0 
755 12 -295 0 
-126 556 465 0 
432 350 -198 0 
-600 -916 810 0 
-111 37 86 0 
-348 524 153 0 
641 667 947 0 
136 -480 108 0 
566 -793 645 0 
275 -224 -155 0 
-434 740 232 0 
393 -367 104 0 
166 -302 46 0 
-153 -555 -85 0 
127 224 -250 0 
938 412 558 0 
-148 -837 -667 0 
-113 557 -647 0 
-529 388 -862 0 
-308 -932 -179 0 
684 -802 -289 0 
848 -947 -914 0 
299 753 551 0 
-176 744 -539 0 
5 -864 -653 0 
-545 -728 -690 0 
342 926 -233 0 
-414 -407 771 0 
373 427 457 0 
-19 -497 -679 0 
745 -391 -182 0 
-781 -838 967 0 
-440 -452 763 0 
264 197 -854 0 
-823 431 -761 0 
408 -973 342 0 
-71 528 -1 0 
-342 -9 407 0 
335 -880 -149 0 
-952 -702 -24 0 
-533 450 481 0 
-128 151 -187 0 
-39 683 884 0 
448 -616 -893 0 
572 -791 884 0 
511 -242 -156 0 
361 632 952 0 
502 908 12 0 
253 914 467 0 
426 -374 664 0 
763 440 92 0 
-536 233 463 0 
-165 -892 -602 0 
15 89 -282 0 
-967 -432 721 0 
-594 484 474 0 
300 -682 809 0 
52 133 205 0 
-475 57 64 0 
-580 -332 -421 0 
5 -80 -488 0 
878 -488 -457 0 
-807 -857 -565 0 
-294 648 924 0 
-840 -292 -353 0 
-138 -161 -929 0 
913 653 271 0 
993 -968 -759 0 
107 -426 -596 0 
917 -700 634 0 
109 412 -347 0 
-195 392 35 0 
41 745 -201 0 
-78 357 -700 0 
-24 432 -708 0 
517 -104 -571 0 
-655 763 338 0 
678 -146 67 0 
-567 -486 -489 0 
-974 936 -882 0 
-646 -447 -179 0 
157 491 307 0 
-91 782 -447 0 
259 934 -422 0 
-506 -348 276 0 
895 -54 -69 0 
139 -132 322 0 
-138 -236 523 0 
894 -941 61 0 
-961 -868 -465 0 
755 -259 475 0 
210 -357 809 0 
27 866 503 0 
-337 706 968 0 
986 -612 -861 0 
-260 784 941 0 
-57 -794 32 0 
87 -482 -764 0 
-204 -940 415 0 
-60 668 602 0 
691 994 148 0 
-414 -861 721 0 
766 530 742 0 
-2 -436 241 0 
-727 957 549 0 
703 -432 546 0 
-825 974 193 0 
-774 -287 890 0 
1000 696 -855 0 
988 -61 296 0 
-326 639 176 0 
447 -549 -945 0 
841 -818 639 0 
-515 210 -714 0 
686 56 830 0 
365 -834 810 0 
-634 217 92 0 
-49 -911 965 0 
-240 -191 -783 0 
-105 444 962 0 
-112 329 -559 0 
420 67 -818 0 
434 -9 -15 0 
-189 477 697 0 
569 142 -361 0 
-598 5 155 0 
707 903 -967 0 
638 32 -812 0 
-908 -907 28 0 
486 -217 128 0 
509 -919 -760 0 
-237 556 259 0 
-748 -952 514 0 
-289 610 974 0 
26 -685 -970 0 
681 -158 604 0 
-150 -790 644 0 
-823 -322 -407 0 
978 195 -91 0 
753 880 542 0 
666 396 571 0 
-406 -711 795 0 
-745 381 29 0 
360 -190 -893 0 
579 -744 -334 0 
61 -657 -207 0 
-388 -735 -219 0 
922 724 -721 0 
622 580 568 0 
306 -880 508 0 
921 509 669 0 
-226 -899 838 0 
-104 -188 924 0 
-237 -839 701 0 
-93 -12 -308 0 
-54 -899 -430 0 
-219 495 691 0 
-224 -605 601 0 
-91 841 690 0 
672 -489 -739 0 
-868 -730 256 0 
-481 910 -857 0 
-485 -518 -454 0 
-878 594 798 0 
-240 -595 890 0 
-408 530 16 0 
-651 -949 16 0 
202 -30 -570 0 
735 -2 -610 0 
536 856 -802 0 
211 318 -472 0 
-599 -207 -316 0 
745 135 952 0 
456 821 214 0 
625 -105 683 0 
252 525 914 0 
-529 -573 351 0 
-452 96 606 0 
-533 886 -333 0 
-392 -37 -235 0 
352 -343 117 0 
989 710 582 0 
695 83 685 0 
953 -482 -221 0 
-729 695 -620 0 
353 -366 181 0 
-741 29 -468 0 
-673 -433 -171 0 
-598 -869 -411 0 
-267 -572 -605 0 
-771 -361 259 0 
-622 -375 173 0 
-714 139 953 0 
-299 782 608 0 
682 -38 97 0 
508 601 -309 0 
-352 -83 -594 0 
258 -414 -323 0 
397 148 -930 0 
-186 -787 473 0 
-750 -955 -800 0 
-136 928 306 0 
896 -36 410 0 
29 -108 7 0 
955 274 294 0 
461 -762 569 0 
941 -434 339 0 
-184 498 263 0 
-546 127 835 0 
216 -423 -136 0 
4 -438 -290 0 
-663 281 193 0 
260 -562 -273 0 
-796 -656 -354 0 
420 -819 307 0 
-625 718 -110 0 
578 95 -926 0 
-901 586 -715 0 
-611 -161 118 0 
304 852 401 0 
270 559 -434 0 
404 534 41 0 
-740 -200 428 0 
778 -392 829 0 
497 479 967 0 
680 -775 282 0 
940 -13 788 0 
-780 825 812 0 
-566 576 720 0 
-675 -879 -400 0 
-322 135 -915 0 
114 728 919 0 
843 705 244 0 
411 -931 123 0 
-91 586 986 0 
-910 257 883 0 
-865 748 255 0 
758 -299 -114 0 
-534 697 -37 0 
946 594 -197 0 
838 -817 788 0 
116 -867 888 0 
295 -385 470 0 
-661 -667 -278 0 
-898 -201 429 0 
-813 147 -599 0 
861 806 -468 0 
-534 -48 276 0 
-99 -348 -139 0 
-556 -243 448 0 
-12 -583 -55 0 
-250 -974 353 0 
986 -433 505 0 
-613 -742 939 0 
523 314 -158 0 
242 -804 -154 0 
401 -225 -316 0 
-923 -525 47 0 
4 933 530 0 
-971 -942 973 0 
-402 257 -933 0 
532 -360 -688 0 
114 -112 89 0 
868 242 -456 0 
418 101 51 0 
-692 -588 -813 0 
891 -125 -477 0 
-310 822 420 0 
-395 -265 728 0 
-999 -73 -804 0 
452 968 -35 0 
-443 -746 -850 0 
-527 696 -985 0 
-650 937 599 0 
-66 278 -212 0 
489 832 -753 0 
635 468 933 0 
-691 929 -1000 0 
-310 26 199 0 
401 -440 183 0 
-316 -143 -196 0 
-727 -318 -165 0 
108 443 -943 0 
391 2 321 0 
-880 -895 953 0 
379 -71 -388 0 
246 -408 693 0 
-975 -108 542 0 
597 -309 76 0 
-659 500 358 0 
-800 391 -590 0 
-494 -724 -430 0 
-368 -747 -794 0 
179 -41 413 0 
-670 -621 53 0 
895 -984 662 0 
-327 3 -419 0 
-378 -593 -194 0 
-917 -10 -535 0 
-449 -224 753 0 
-620 521 -594 0 
6 -270 -468 0 
423 -638 -257 0 
609 -695 515 0 
-744 823 54 0 
-767 -947 914 0 
-178 468 79 0 
-714 -998 -878 0 
682 -878 823 0 
-375 -255 767 0 
-959 -438 -320 0 
-114 -185 -200 0 
-495 313 -8 0 
398 -777 600 0 
166 889 508 0 
533 705 101 0 
-715 -92 889 0 
-38 -548 -941 0 
-926 436 -424 0 
-985 -990 799 0 
108 -212 184 0 
113 566 -416 0 
-525 -844 -12 0 
446 -600 -651 0 
-592 -17 -585 0 
-701 438 -667 0 
-369 884 -268 0 
-63 849 -282 0 
791 -751 572 0 
-426 338 -470 0 
-654 -956 501 0 
-261 -647 -509 0 
698 -542 -638 0 
412 -700 319 0 
-70 -431 -406 0 
-19 -150 -246 0 
148 211 -548 0 
-633 -754 -616 0 
772 427 293 0 
916 -460 -1000 0 
297 -352 -337 0 
-924 978 166 0 
653 -859 551 0 
-270 -458 568 0 
428 431 -710 0 
-17 -134 506 0 
289 830 971 0 
-197 -563 -432 0 
-742 -385 115 0 
839 -429 -775 0 
-296 174 -693 0 
-856 -244 -980 0 
-623 -749 669 0 
-682 -227 518 0 
869 -640 -481 0 
741 -889 4 0 
253 -382 -319 0 
304 -761 741 0 
-364 274 558 0 
-74 215 -849 0 
-251 504 -102 0 
-253 -339 465 0 
-318 569 126 0 
-198 975 794 0 
206 -635 -738 0 
750 -40 607 0 
750 60 -516 0 
651 -573 711 0 
485 -298 -704 0 
95 652 -449 0 
969 -633 -447 0 
-498 -757 -521 0 
715 -604 685 0 
-141 824 -342 0 
966 -969 570 0 
25 777 469 0 
433 8 -365 0 
403 -48 276 0 
874 -797 491 0 
120 84 757 0 
-875 429 280 0 
-579 120 652 0 
575 -178 -90 0 
-699 512 -139 0 
-147 62 -87 0 
758 65 858 0 
442 -912 699 0 
334 44 935 0 
877 262 -632 0 
-465 -471 -294 0 
-671 389 125 0 
-374 772 -242 0 
-283 538 -579 0 
-101 873 359 0 
325 -563 339 0 
237 425 -69 0 
112 75 -707 0 
-766 791 -253 0 
-854 401 -700 0 
494 152 77 0 
147 -176 -925 0 
-422 812 -653 0 
-438 276 854 0 
596 826 424 0 
991 772 -12 0 
-197 352 598 0 
898 -5 110 0 
717 -235 -433 0 
-499 -168 -240 0 
289 -47 681 0 
695 -652 -424 0 
-846 804 -72 0 
-830 -309 313 0 
-131 -336 383 0 
979 313 87 0 
-815 412 -108 0 
42 441 613 0 
-300 -864 -274 0 
-526 -13 474 0 
-954 257 14 0 
809 327 -993 0 
-401 -925 36 0 
-518 -893 -307 0 
-966 -424 844 0 
-130 496 -783 0 
570 -796 859 0 
-151 122 273 0 
513 -144 -603 0 
-281 -847 -992 0 
247 360 -435 0 
-612 -723 -627 0 
-633 -719 -2 0 
-637 919 304 0 
-916 -175 68 0 
553 389 -596 0 
-293 -526 -696 0 
149 -399 539 0 
30 62 988 0 
28 505 -76 0 
814 348 61 0 
732 59 -178 0 
-194 272 166 0 
-245 805 839 0 
-740 788 -355 0 
507 -366 998 0 
-559 238 -314 0 
-966 429 -678 0 
681 776 373 0 
-901 630 -982 0 
-176 837 315 0 
-909 -719 740 0 
374 228 -981 0 
-573 997 -375 0 
-709 312 -344 0 
514 -199 -680 0 
-569 -285 -726 0 
-716 606 -495 0 
89 85 659 0 
-970 -639 -654 0 
223 84 628 0 
630 -705 438 0 
326 850 -175 0 
20 632 109 0 
638 507 224 0 
-933 -68 -801 0 
-903 -596 714 0 
722 -501 583 0 
992 573 -302 0 
919 782 405 0 
551 411 -836 0 
608 960 223 0 
259 705 -677 0 
96 599 -162 0 
-89 -877 -971 0 
-735 307 874 0 
-60 136 -888 0 
730 -403 671 0 
-590 -540 490 0 
812 825 -736 0 
-340 659 -586 0 
-906 397 702 0 
461 -986 237 0 
-428 818 215 0 
-128 635 -895 0 
865 -83 476 0 
576 110 252 0 
-835 -184 885 0 
-11 276 -812 0 
-929 -892 -846 0 
-517 439 383 0 
-24 -8 -714 0 
345 -565 -243 0 
380 898 611 0 
-491 283 644 0 
752 45 500 0 
-574 97 142 0 
-728 877 -664 0 
-989 878 -40 0 
843 788 -824 0 
762 125 999 0 
-357 -373 -754 0 
-233 -742 533 0 
-916 -457 -477 0 
-648 -660 752 0 
-299 33 750 0 
-933 -979 -410 0 
914 -871 852 0 
537 -690 660 0 
-865 -118 -727 0 
933 55 44 0 
908 -122 841 0 
-487 -121 82 0 
383 708 271 0 
-316 -312 -398 0 
248 388 -988 0 
-421 86 -702 0 
-757 -584 -759 0 
-828 -338 569 0 
57 -329 -841 0 
669 148 -612 0 
-123 -769 779 0 
-181 239 135 0 
-617 -997 284 0 
970 -499 -715 0 
-852 -69 -797 0 
-500 272 -356 0 
372 935 852 0 
792 -966 59 0 
609 -806 -824 0 
256 320 364 0 
845 -789 630 0 
-897 -837 175 0 
664 -497 248 0 
-949 -528 -388 0 
-249 -179 -294 0 
-347 84 507 0 
532 -193 -629 0 
912 409 -276 0 
909 -326 -213 0 
-62 460 595 0 
330 197 724 0 
-712 -395 -462 0 
-496 802 559 0 
705 -439 -500 0 
111 981 543 0 
-76 409 9 0 
-72 534 963 0 
87 440 -301 0 
706 -77 78 0 
897 459 -906 0 
-674 305 -847 0 
217 626 -676 0 
354 -298 574 0 
170 557 242 0 
-394 -147 319 0 
93 503 356 0 
828 578 681 0 
754 254 953 0 
101 -672 302 0 
542 -256 -420 0 
-12 280 -785 0 
-590 808 814 0 
-591 992 -151 0 
-242 -734 515 0 
841 379 604 0 
566 -186 712 0 
-712 -125 -263 0 
-59 31 -205 0 
764 454 725 0 
933 -519 844 0 
-512 455 -34 0 
-509 945 -929 0 
-691 559 836 0 
-222 296 736 0 
-632 -716 -834 0 
-787 -149 -306 0 
952 159 -419 0 
-694 646 -431 0 
-24 -822 994 0 
-868 -485 199 0 
109 273 426 0 
-109 65 765 0 
-906 -829 -191 0 
236 -115 -71 0 
11 49 -845 0 
880 -849 564 0 
177 -641 -969 0 
153 -858 894 0 
-849 -672 -663 0 
10 -915 397 0 
913 785 308 0 
261 371 -319 0 
-424 998 -311 0 
-273 451 58 0 
-653 918 -848 0 
115 -626 -148 0 
-587 371 -857 0 
96 870 571 0 
-478 -680 568 0 
466 -29 -15 0 
323 668 -982 0 
653 430 -970 0 
715 -550 -515 0 
998 449 -728 0 
64 -262 105 0 
684 179 -465 0 
431 236 161 0 
-324 83 417 0 
412 -500 424 0 
-885 64 -274 0 
-139 -930 671 0 
-470 -275 -411 0 
263 109 718 0 
355 927 65 0 
941 -697 547 0 
-538 -347 760 0 
-539 -838 315 0 
188 229 638 0 
-947 -318 -899 0 
-891 910 45 0 
-563 -418 718 0 
-72 70 906 0 
507 506 -586 0 
-974 43 84 0 
-64 192 612 0 
150 505 -686 0 
-812 -154 -354 0 
-952 111 201 0 
70 562 -799 0 
-591 662 -464 0 
537 -976 291 0 
-956 -198 -483 0 
702 300 -581 0 
-887 465 -687 0 
22 812 554 0 
350 -755 -768 0 
941 -72 -244 0 
-710 528 -663 0 
135 836 999 0 
-870 -281 -664 0 
713 -954 475 0 
-606 -402 290 0 
-888 361 646 0 
430 454 9 0 
831 651 180 0 
854 905 -978 0 
590 -900 376 0 
84 -934 -539 0 
300 308 -665 0 
141 -112 -785 0 
-828 -50 96 0 
-965 882 262 0 
-446 -289 -188 0 
361 878 394 0 
311 321 -477 0 
739 327 -378 0 
439 376 736 0 
-570 430 -446 0 
955 595 772 0 
-941 -128 340 0 
-21 237 987 0 
-402 765 948 0 
755 439 480 0 
-245 -52 -537 0 
-355 -828 593 0 
969 -289 -516 0 
678 -284 376 0 
-589 -604 -924 0 
-239 -855 321 0 
-491 -849 471 0 
-771 -748 54 0 
194 -373 649 0 
38 921 401 0 
265 -301 -921 0 
350 653 -827 0 
-725 379 -546 0 
-261 -613 -330 0 
3 -822 -24 0 
-433 81 -676 0 
-722 273 -987 0 
291 834 -379 0 
-663 -297 755 0 
771 8 512 0 
-412 -858 716 0 
226 164 -205 0 
734 691 -714 0 
658 365 -232 0 
-682 -377 -357 0 
-684 -807 962 0 
-622 708 -258 0 
-598 -70 -771 0 
70 -550 -506 0 
-367 412 -681 0 
-644 -418 -738 0 
-807 941 410 0 
-834 455 511 0 
-806 -344 -66 0 
482 228 -339 0 
-197 -643 245 0 
847 -516 404 0 
-524 279 -890 0 
825 470 -850 0 
365 180 -741 0 
-994 -386 -265 0 
-777 35 -474 0 
689 75 874 0 
141 -734 -793 0 
152 -947 -212 0 
-318 -675 -129 0 
-984 307 -197 0 
-688 -959 -173 0 
141 -56 -977 0 
770 -271 139 0 
881 -620 -196 0 
-311 -750 -413 0 
541 199 681 0 
94 872 645 0 
794 368 -833 0 
16 122 -129 0 
861 -531 291 0 
-158 -998 895 0 
-717 585 -477 0 
702 187 600 0 
-387 680 -156 0 
-685 -179 855 0 
454 -655 879 0 
684 -510 -588 0 
-87 737 856 0 
-466 -910 256 0 
-146 352 235 0 
563 -536 -824 0 
-537 -370 -162 0 
-513 -916 -734 0 
-694 -88 -762 0 
-590 953 849 0 
862 333 562 0 
311 77 -290 0 
-489 -969 381 0 
-839 -489 75 0 
-400 454 98 0 
980 -58 -477 0 
812 -539 -650 0 
18 -497 -146 0 
868 -747 646 0 
938 453 -487 0 
996 -894 835 0 
-312 537 880 0 
-822 -90 68 0 
-662 839 -559 0 
-847 -792 -878 0 
85 763 -272 0 
116 -551 -635 0 
936 11 -713 0 
686 -677 7 0 
998 698 -36 0 
-242 -413 -403 0 
-33 -946 43 0 
851 -400 -637 0 
-149 681 718 0 
-968 -333 -322 0 
-472 715 79 0 
-516 -528 165 0 
278 600 623 0 
823 -278 -873 0 
-314 -855 -879 0 
-35 569 -349 0 
-191 -990 317 0 
202 491 -925 0 
866 741 -589 0 
755 -999 -931 0 
72 -777 -201 0 
148 897 -368 0 
217 -912 -582 0 
190 60 241 0 
966 598 -589 0 
-300 -455 741 0 
158 -254 156 0 
-350 486 -7 0 
991 683 847 0 
-994 747 923 0 
-414 828 -768 0 
-945 989 -549 0 
447 595 551 0 
-808 977 -527 0 
-870 -100 -317 0 
-419 10 -18 0 
-18 455 271 0 
551 -728 470 0 
253 -260 112 0 
-668 352 211 0 
-451 -464 919 0 
-238 -658 -952 0 
877 -43 -73 0 
-607 -310 436 0 
-243 352 -990 0 
-670 -673 -32 0 
969 -74 395 0 
-710 -750 -951 0 
-594 -885 973 0 
-436 -657 -892 0 
961 300 -560 0 
-860 -242 -800 0 
-111 -304 -252 0 
-285 -714 471 0 
110 -432 -216 0 
-71 -607 -350 0 
685 373 -455 0 
-439 774 -248 0 
94 865 -232 0 
-312 867 44 0 
-708 -174 505 0 
-876 -910 30 0 
663 939 44 0 
-492 160 190 0 
606 -192 521 0 
620 -389 902 0 
464 477 -398 0 
854 364 -635 0 
768 -344 678 0 
436 669 -381 0 
434 92 -800 0 
520 -230 -222 0 
-152 88 37 0 
125 643 -638 0 
730 609 971 0 
321 800 -846 0 
-67 -152 -613 0 
-604 -407 -399 0 
-964 510 -613 0 
-246 -949 107 0 
-174 955 858 0 
-759 -460 644 0 
104 -122 481 0 
671 -226 274 0 
214 -200 731 0 
-138 781 667 0 
586 -909 50 0 
-1 -545 690 0 
-961 84 506 0 
-43 -673 958 0 
800 -501 229 0 
890 -656 827 0 
-612 830 -144 0 
398 -203 -335 0 
-906 -522 -757 0 
104 -140 110 0 
-784 -960 -453 0 
605 936 -871 0 
916 634 612 0 
-481 -660 622 0 
273 -187 180 0 
990 14 -875 0 
-784 -653 781 0 
-283 -243 462 0 
888 -557 -811 0 
-955 425 603 0 
731 261 -938 0 
251 -644 12 0 
-122 -864 -615 0 
-681 -623 621 0 
-369 132 452 0 
-473 3 740 0 
-610 -286 903 0 
-34 24 231 0 
-141 145 -202 0 
-413 -557 -661 0 
737 -914 -202 0 
-460 191 -357 0 
-672 -955 170 0 
761 -593 -787 0 
-424 640 995 0 
499 -760 455 0 
62 -81 -862 0 
-466 -885 -390 0 
798 474 -731 0 
-319 -695 -179 0 
216 -144 489 0 
427 -214 -530 0 
779 737 -434 0 
930 -802 -195 0 
-522 499 -646 0 
861 -74 607 0 
622 807 785 0 
-83 874 738 0 
-104 -843 478 0 
913 358 382 0 
-215 -247 352 0 
947 210 -992 0 
305 642 -373 0 
63 690 -719 0 
158 743 560 0 
-3 -423 -541 0 
356 756 -148 0 
287 -561 -107 0 
346 463 313 0 
302 942 -10 0 
-313 -146 -983 0 
-388 -891 536 0 
-278 -503 997 0 
584 187 900 0 
-353 -749 947 0 
-52 266 536 0 
490 448 438 0 
-627 -215 -375 0 
-764 -143 -539 0 
-369 -885 -839 0 
-405 736 -314 0 
-927 498 -768 0 
-45 -148 -763 0 
-754 743 -180 0 
-247 176 -959 0 
847 553 -681 0 
212 -241 381 0 
72 -430 -581 0 
-352 -54 -309 0 
-134 691 -864 0 
-290 -608 -465 0 
922 930 -929 0 
-907 331 717 0 
-652 -536 437 0 
-770 -313 -121 0 
-402 -375 445 0 
-713 -764 718 0 
449 -788 11 0 
-866 823 -740 0 
-122 -736 453 0 
-849 935 219 0 
-795 800 -866 0 
-255 -888 -559 0 
225 325 -662 0 
986 -59 -970 0 
-998 10 598 0 
-40 -319 363 0 
-125 -206 254 0 
313 879 652 0 
218 926 180 0 
775 310 869 0 
-343 857 -681 0 
-702 450 330 0 
785 642 973 0 
952 488 -99 0 
923 985 -382 0 
939 -552 -53 0 
-8 -156 -365 0 
823 892 -535 0 
176 -706 -808 0 
734 287 -26 0 
-805 348 -653 0 
165 995 169 0 
501 -129 -303 0 
983 -40 -744 0 
-593 -502 234 0 
-245 -602 791 0 
-363 90 -116 0 
74 621 -788 0 
979 -330 -570 0 
585 924 -923 0 
335 -807 -762 0 
739 -78 -99 0 
403 600 884 0 
-96 916 -699 0 
899 386 853 0 
791 -362 -939 0 
822 253 -176 0 
-231 -557 -647 0 
326 -610 95 0 
-319 -488 41 0 
-161 588 -322 0 
-358 -679 -587 0 
-554 136 795 0 
289 -115 9 0 
-581 -649 823 0 
670 188 48 0 
89 -581 -23 0 
195 -111 12 0 
533 284 230 0 
596 131 -876 0 
219 582 -341 0 
-821 -572 -471 0 
-522 719 -988 0 
-98 993 -714 0 
242 326 888 0 
426 359 725 0 
240 -132 563 0 
574 537 -433 0 
-391 635 -495 0 
-205 57 -715 0 
284 516 -226 0 
565 604 929 0 
798 425 -524 0 
-930 -23 545 0 
541 -912 552 0 
199 -37 297 0 
-834 -494 -575 0 
-706 -727 -166 0 
647 847 191 0 
504 647 -688 0 
-248 -757 699 0 
-653 -139 397 0 
374 928 609 0 
594 76 -100 0 
-400 995 -475 0 
317 669 427 0 
231 -686 -321 0 
652 -752 453 0 
92 -671 -129 0 
-322 -754 487 0 
-653 451 -109 0 
-744 530 -797 0 
627 -755 -680 0 
-264 245 -817 0 
530 927 157 0 
-627 918 -183 0 
-254 965 963 0 
378 47 -13 0 
593 -828 648 0 
208 -465 37 0 
664 911 -617 0 
-328 692 366 0 
577 573 158 0 
-773 877 -511 0 
231 570 -671 0 
854 616 -285 0 
463 379 492 0 
858 520 482 0 
-476 605 -208 0 
-36 -732 -198 0 
-708 690 401 0 
876 -6 111 0 
970 872 57 0 
675 -22 -658 0 
421 -580 -71 0 
678 -789 743 0 
271 637 -891 0 
-70 738 50 0 
-584 -81 -448 0 
141 381 -10 0 
663 791 -180 0 
170 326 9 0 
-667 589 -183 0 
186 852 -136 0 
-383 -920 520 0 
-533 -735 58 0 
-595 967 -364 0 
771 660 -217 0 
392 907 402 0 
730 -683 487 0 
997 -256 -832 0 
-842 693 844 0 
974 -630 908 0 
-107 485 -908 0 
-954 791 867 0 
417 941 503 0 
-830 -298 573 0 
518 396 177 0 
53 882 -890 0 
-511 -129 -214 0 
184 954 -712 0 
-455 34 797 0 
331 281 77 0 
-442 303 315 0 
-871 318 316 0 
139 531 -726 0 
950 -130 -652 0 
96 -413 357 0 
-958 844 962 0 
-705 -23 -263 0 
-176 -2 -486 0 
386 -27 -754 0 
-947 525 -58 0 
-910 -105 -618 0 
-839 -361 -845 0 
914 407 -879 0 
483 -308 -526 0 
406 -881 277 0 
831 809 10 0 
-921 268 955 0 
-642 -213 77 0 
372 -698 545 0 
-623 -262 902 0 
-805 -551 628 0 
661 763 -41 0 
-949 -643 -267 0 
-582 -856 969 0 
210 185 -64 0 
879 49 871 0 
155 -766 895 0 
390 847 247 0 
49 292 -510 0 
-297 704 331 0 
463 -169 799 0 
324 535 281 0 
-65 605 -636 0 
164 -496 688 0 
-854 618 -6 0 
524 665 696 0 
-907 674 719 0 
-335 578 874 0 
184 147 829 0 
-980 -606 -779 0 
207 -136 820 0 
926 -516 -784 0 
837 232 -941 0 
153 905 393 0 
-440 -58 243 0 
-402 -825 -802 0 
-85 -463 -806 0 
-699 911 781 0 
-923 361 -624 0 
-723 -577 -874 0 
-516 -965 643 0 
376 738 251 0 
-886 -670 288 0 
-605 220 -881 0 
420 861 -766 0 
-980 -478 -560 0 
992 766 -468 0 
719 -427 989 0 
-901 -803 -835 0 
-160 162 -173 0 
469 -481 -751 0 
886 270 223 0 
-935 729 735 0 
-246 -96 179 0 
-93 146 -226 0 
-778 -559 -975 0 
108 244 334 0 
499 781 -833 0 
643 98 789 0 
816 -873 -372 0 
133 -559 264 0 
-197 -118 327 0 
537 -931 511 0 
871 -416 16 0 
610 565 408 0 
819 -707 891 0 
815 522 -843 0 
69 -675 217 0 
427 -91 -340 0 
-857 -214 -746 0 
99 497 -256 0 
572 857 988 0 
697 -981 382 0 
177 -293 346 0 
-288 -879 181 0 
-272 726 329 0 
927 -418 184 0 
-334 -923 692 0 
556 554 -635 0 
-72 -715 -644 0 
-482 189 -907 0 
-225 -967 412 0 
673 -277 65 0 
-425 592 -492 0 
123 342 719 0 
113 -293 -290 0 
301 468 -60 0 
253 -338 795 0 
-380 -369 -47 0 
522 -872 -510 0 
-107 193 420 0 
544 472 869 0 
-455 110 -568 0 
-304 332 773 0 
-886 843 571 0 
572 787 -409 0 
-792 -713 131 0 
-336 390 178 0 
-322 -226 129 0 
-197 967 364 0 
718 -604 -273 0 
895 52 -759 0 
883 -230 -893 0 
-223 -932 66 0 
-502 637 -942 0 
-695 -268 817 0 
-845 121 -616 0 
-744 -160 186 0 
-984 742 -694 0 
119 -111 343 0 
-574 790 310 0 
-708 709 239 0 
825 -641 -522 0 
-372 6 1 0 
-296 -243 -949 0 
-755 -937 586 0 
242 183 822 0 
-670 -152 -945 0 
-424 -803 878 0 
-474 -436 912 0 
284 -695 -679 0 
-140 149 90 0 
253 712 -643 0 
819 585 315 0 
-145 955 -252 0 
598 -776 783 0 
450 649 -778 0 
-285 212 -316 0 
111 -797 123 0 
419 866 -519 0 
-15 896 -97 0 
109 -298 183 0 
987 402 540 0 
918 -420 198 0 
-463 613 -538 0 
293 -756 702 0 
-401 900 135 0 
-17 -409 385 0 
-783 244 218 0 
308 -552 -91 0 
-438 876 -656 0 
-760 -692 -248 0 
-528 550 -606 0 
280 450 -256 0 
-34 718 -579 0 
105 -373 893 0 
-564 -270 315 0 
320 -813 459 0 
-439 -581 732 0 
15 37 -137 0 
-96 -968 -372 0 
300 -662 55 0 
-760 540 117 0 
319 255 48 0 
891 -815 -443 0 
-966 347 -8 0 
-936 708 -111 0 
19 281 763 0 
59 -836 442 0 
66 380 766 0 
746 452 -170 0 
-632 447 -376 0 
-838 457 -479 0 
-167 -596 -605 0 
33 933 636 0 
-360 818 -674 0 
492 15 292 0 
-744 -691 -252 0 
631 241 526 0 
-625 -748 -143 0 
-698 864 -387 0 
-578 -450 -60 0 
835 521 946 0 
-474 49 759 0 
745 314 -501 0 
-171 -772 -282 0 
257 -801 -58 0 
-33 328 579 0 
-424 528 -469 0 
623 -260 -417 0 
540 -825 -878 0 
-792 -571 969 0 
465 244 -519 0 
-505 813 223 0 
-490 -218 855 0 
230 763 -196 0 
75 669 549 0 
-683 -67 -486 0 
-861 945 -359 0 
-838 802 -394 0 
239 -489 -325 0 
811 254 868 0 
510 127 -435 0 
-153 -907 47 0 
-437 -841 -446 0 
484 -369 631 0 
519 773 -795 0 
-977 967 -443 0 
803 -396 331 0 
-438 -854 -726 0 
891 627 -662 0 
107 120 146 0 
384 -615 769 0 
-828 809 499 0 
786 992 374 0 
-837 538 -395 0 
442 -763 294 0 
-64 -94 384 0 
67 955 772 0 
569 -352 632 0 
155 551 -183 0 
-18 -319 410 0 
-305 -929 -332 0 
-351 -302 232 0 
-256 26 853 0 
757 194 -481 0 
-988 737 -266 0 
482 594 -190 0 
-528 -457 -547 0 
-756 -453 -839 0 
-52 532 508 0 
-790 32 -854 0 
15 503 -643 0 
-53 -327 -777 0 
397 -972 -442 0 
241 -442 757 0 
927 124 932 0 
40 426 -844 0 
-871 228 85 0 
121 462 -950 0 
-797 129 -481 0 
708 -545 -493 0 
-450 122 743 0 
288 901 -208 0 
-668 274 -797 0 
44 923 -436 0 
-745 -94 325 0 
73 211 574 0 
583 824 491 0 
383 562 -651 0 
-175 -769 -271 0 
138 -534 -932 0 
507 75 255 0 
-349 36 422 0 
903 523 -721 0 
-842 -793 -845 0 
-797 -741 -912 0 
70 390 -540 0 
-569 -872 -544 0 
808 -142 421 0 
820 -273 28 0 
584 699 -941 0 
672 -100 703 0 
527 404 -783 0 
971 -357 -81 0 
969 -951 -699 0 
745 424 506 0 
776 -998 -344 0 
750 316 426 0 
-558 272 -268 0 
-45 -880 -269 0 
-313 -488 -502 0 
-237 -503 733 0 
-813 487 -182 0 
529 978 211 0 
-335 -298 24 0 
-419 -263 627 0 
-35 -989 -599 0 
456 -273 -941 0 
-172 359 1 0 
522 234 -473 0 
-196 79 -792 0 
-479 904 -492 0 
-934 -727 -286 0 
-380 588 217 0 
600 42 -878 0 
525 -729 -184 0 
827 25 -521 0 
548 776 -16 0 
72 -719 -476 0 
471 -295 -761 0 
-488 -297 -582 0 
-846 856 -301 0 
-991 919 555 0 
723 275 -492 0 
780 140 -342 0 
-788 -617 -673 0 
-830 778 -203 0 
-234 -670 420 0 
-695 371 -856 0 
-460 358 -113 0 
780 -298 935 0 
270 -659 55 0 
-205 -424 206 0 
603 860 551 0 
-269 199 886 0 
723 -979 742 0 
-813 -922 694 0 
240 -974 24 0 
-88 895 -175 0 
-459 -127 986 0 
580 445 -290 0 
-655 359 493 0 
-529 212 -989 0 
107 -599 638 0 
338 -444 -591 0 
347 651 966 0 
730 316 -146 0 
456 -515 -2 0 
-685 742 91 0 
-511 989 664 0 
-490 -742 530 0 
254 -428 721 0 
-43 -887 -129 0 
-599 944 261 0 
643 502 -387 0 
-173 86 330 0 
-254 160 -669 0 
-873 -430 585 0 
249 -454 -457 0 
-620 -186 484 0 
802 397 547 0 
795 945 350 0 
-468 616 15 0 
655 -699 -275 0 
936 -324 -196 0 
83 547 -778 0 
-993 764 190 0 
660 -964 614 0 
382 -306 -220 0 
-968 -42 -849 0 
415 -973 -516 0 
501 -909 -688 0 
864 954 848 0 
871 274 -844 0 
-381 -778 -285 0 
-899 -681 626 0 
870 207 53 0 
-757 -506 846 0 
-512 54 -815 0 
288 212 -932 0 
710 72 -565 0 
-797 583 992 0 
-7 -870 536 0 
-842 568 -844 0 
107 138 -78 0 
-12 -3 -693 0 
-782 624 676 0 
336 -35 -856 0 
427 874 452 0 
-674 -295 950 0 
532 -54 -615 0 
-59 119 -480 0 
389 -687 705 0 
608 -100 -601 0 
762 767 91 0 
-623 843 -247 0 
446 352 -116 0 
-735 -510 406 0 
-558 373 84 0 
308 741 -269 0 
-182 -576 -366 0 
620 254 -996 0 
-999 311 862 0 
-705 436 95 0 
-65 -855 823 0 
-650 314 302 0 
-826 -134 -640 0 
566 -392 777 0 
751 380 8 0 
-948 256 -942 0 
-882 -400 -260 0 
-512 954 474 0 
839 -698 -858 0 
-29 -522 196 0 
160 187 -520 0 
624 767 516 0 
74 -238 -307 0 
-828 24 459 0 
-898 806 -109 0 
-75 500 -416 0 
-937 -22 -367 0 
502 -837 576 0 
395 -44 -265 0 
-237 -747 -214 0 
-904 -319 109 0 
868 -13 -46 0 
-698 -517 440 0 
-849 -337 627 0 
-518 504 21 0 
360 -843 469 0 
130 -247 -93 0 
702 195 -806 0 
407 161 78 0 
430 -142 -947 0 
-195 233 193 0 
-408 -479 665 0 
460 570 -220 0 
128 -941 -296 0 
514 972 -507 0 
329 98 -897 0 
277 108 402 0 
-768 821 91 0 
-605 391 -242 0 
-282 798 -89 0 
892 -112 -925 0 
-294 -279 852 0 
-674 -626 676 0 
-597 -352 188 0 
175 717 469 0 
-896 609 89 0 
265 -480 -833 0 
689 912 639 0 
698 892 898 0 
-104 37 -168 0 
863 987 -840 0 
960 -687 -176 0 
806 -79 -493 0 
-353 -276 -298 0 
263 -177 471 0 
234 868 -289 0 
-232 -117 700 0 
-932 599 -96 0 
-228 955 -373 0 
-727 479 845 0 
411 123 -698 0 
-573 -976 526 0 
-429 -272 505 0 
886 354 535 0 
-471 63 -296 0 
-307 -614 87 0 
102 -501 -333 0 
-319 993 907 0 
-551 12 -771 0 
19 346 436 0 
-510 -302 279 0 
-332 392 940 0 
-38 -828 138 0 
-140 -338 634 0 
521 421 -448 0 
-584 669 594 0 
-267 46 -76 0 
-354 399 155 0 
898 -808 844 0 
-983 272 -974 0 
-941 820 435 0 
986 56 108 0 
72 -659 858 0 
946 -333 611 0 
-596 -522 85 0 
121 -896 -892 0 
-660 964 -166 0 
47 -383 -98 0 
140 -475 310 0 
154 -739 -213 0 
-199 278 -481 0 
226 125 -451 0 
882 -594 -565 0 
-843 185 -245 0 
-53 -120 -487 0 
-882 -874 911 0 
-198 -147 -144 0 
-312 243 762 0 
-954 955 -922 0 
258 -36 932 0 
800 338 434 0 
-876 -322 998 0 
-336 344 -64 0 
-451 -804 751 0 
870 -876 -643 0 
-822 895 157 0 
565 -342 -552 0 
523 218 -54 0 
-193 998 249 0 
922 -221 305 0 
387 447 132 0 
-148 687 -482 0 
231 -441 -354 0 
-590 531 825 0 
390 878 -219 0 
-352 -265 642 0 
15 -662 -402 0 
540 599 -298 0 
-163 -913 133 0 
-641 682 -1000 0 
180 -112 129 0 
-410 949 -288 0 
159 953 -206 0 
144 914 34 0 
-934 -465 505 0 
800 -681 -463 0 
-842 -609 -979 0 
-719 -191 557 0 
-28 346 -899 0 
466 176 468 0 
-322 359 -640 0 
-676 -333 -912 0 
80 -342 -824 0 
801 -350 -82 0 
-956 -648 312 0 
352 744 494 0 
577 -987 -440 0 
464 -287 -805 0 
621 -995 -645 0 
-615 367 -713 0 
-55 -576 -861 0 
782 -765 299 0 
-557 298 -324 0 
-147 528 100 0 
-895 -585 -4 0 
-885 -112 -490 0 
-217 837 -543 0 
960 621 180 0 
748 34 97 0 
-430 -549 -957 0 
376 693 -685 0 
464 -549 265 0 
226 -696 781 0 
-719 -317 259 0 
-425 -960 -25 0 
-772 405 412 0 
-314 -188 515 0 
-431 -476 648 0 
778 -678 -304 0 
-423 689 -380 0 
-188 -945 89 0 
667 -482 330 0 
-180 -449 645 0 
-559 772 -713 0 
-375 203 648 0 
204 -539 699 0 
-634 -502 524 0 
856 -455 957 0 
-656 792 -955 0 
929 -531 457 0 
824 -531 -228 0 
-493 513 -762 0 
-624 894 629 0 
-231 -335 -612 0 
9 -585 -103 0 
-741 -58 525 0 
946 -866 -560 0 
-456 799 -623 0 
-956 496 944 0 
164 -700 372 0 
878 306 -797 0 
415 242 550 0 
-398 -396 795 0 
415 -922 -195 0 
921 -770 33 0 
575 17 -443 0 
336 417 904 0 
-690 457 -636 0 
-804 470 -879 0 
944 491 -321 0 
-514 -79 342 0 
444 462 -65 0 
-625 106 -988 0 
238 99 682 0 
647 -376 469 0 
153 287 -531 0 
-652 -984 -21 0 
720 -196 215 0 
163 436 -567 0 
-994 777 41 0 
727 87 -38 0 
579 -151 52 0 
947 -72 144 0 
-880 -113 833 0 
-276 582 -18 0 
455 43 866 0 
242 642 870 0 
680 -17 -283 0 
12 -863 803 0 
293 -658 -716 0 
-301 823 793 0 
476 -207 -34 0 
-607 -181 512 0 
880 790 471 0 
306 -639 -798 0 
-796 383 139 0 
276 -461 738 0 
280 -66 290 0 
-575 -123 68 0 
-222 497 -566 0 
861 -262 -680 0 
-979 -623 -406 0 
189 -75 806 0 
871 -583 750 0 
416 -141 996 0 
-465 649 744 0 
-315 112 -441 0 
-429 -177 -247 0 
-746 -733 798 0 
780 127 843 0 
420 -389 -932 0 
932 -905 682 0 
-814 -587 -554 0 
813 -746 952 0 
-814 -570 68 0 
-184 726 760 0 
-116 243 87 0 
-720 -608 793 0 
530 -462 36 0 
534 -320 770 0 
253 302 586 0 
-859 -49 524 0 
238 -817 965 0 
338 -245 191 0 
-331 -365 299 0 
-482 828 396 0 
-828 -709 157 0 
-956 426 73 0 
-708 692 560 0 
233 621 -686 0 
614 278 507 0 
-118 -872 120 0 
641 461 851 0 
266 715 54 0 
-274 -396 -280 0 
-378 574 -276 0 
98 867 -575 0 
-788 -782 994 0 
719 93 235 0 
318 -933 -385 0 
-730 302 -914 0 
-689 223 -461 0 
-692 25 -421 0 
-709 495 400 0 
-118 -900 -63 0 
769 -966 110 0 
-204 553 -857 0 
-993 933 108 0 
-113 -77 -231 0 
-184 -464 203 0 
-223 243 150 0 
184 648 687 0 
-143 387 -200 0 
-570 466 719 0 
-895 -503 -85 0 
265 -260 -445 0 
741 279 919 0 
-525 -959 -456 0 
855 -507 -115 0 
-756 765 -426 0 
-373 962 -902 0 
-943 251 -50 0 
250 -419 308 0 
-313 127 -431 0 
-708 329 -623 0 
892 614 -898 0 
-712 162 852 0 
-37 -24 -769 0 
-72 940 -80 0 
541 -238 994 0 
-97 375 273 0 
322 -616 -509 0 
482 -742 865 0 
-508 546 -146 0 
-602 -275 -197 0 
290 641 311 0 
89 582 -587 0 
335 -632 697 0 
-395 -912 -859 0 
-116 63 96 0 
-355 103 646 0 
550 -377 402 0 
812 -417 -427 0 
-549 -168 862 0 
913 164 260 0 
-674 524 -192 0 
550 104 -556 0 
-784 -438 944 0 
-563 -803 -133 0 
-731 -930 520 0 
-389 37 -432 0 
184 -582 -194 0 
440 -460 347 0 
-863 -893 895 0 
-556 471 -670 0 
29 -277 346 0 
880 -334 66 0 
-882 -440 404 0 
221 -878 100 0 
177 -710 331 0 
899 -533 302 0 
-101 170 843 0 
852 -187 409 0 
234 -674 366 0 
141 821 -168 0 
964 159 377 0 
512 316 -528 0 
-384 -583 -244 0 
-329 770 -288 0 
200 -471 622 0 
585 -2 766 0 
73 -391 946 0 
42 -703 -545 0 
-580 729 87 0 
-578 9 -639 0 
-433 219 429 0 
-741 -25 -387 0 
525 -414 979 0 
547 -728 -439 0 
-659 -102 364 0 
-56 -407 -534 0 
741 100 -494 0 
-265 -199 -964 0 
881 -648 619 0 
167 -114 798 0 
-467 -124 -475 0 
-298 800 -686 0 
962 -21 602 0 
947 -876 464 0 
-668 277 591 0 
165 -275 -576 0 
833 358 192 0 
139 563 -501 0 
736 749 99 0 
250 -495 -41 0 
361 212 622 0 
41 -309 434 0 
481 62 -877 0 
380 525 -903 0 
201 -519 653 0 
-336 432 351 0 
60 976 784 0 
615 -243 165 0 
-156 787 771 0 
825 727 -273 0 
29 150 617 0 
953 -374 808 0 
649 -811 24 0 
692 -1000 146 0 
-648 267 -367 0 
-250 -234 -381 0 
-469 773 -297 0 
865 39 -884 0 
-726 -320 432 0 
-358 -975 -143 0 
-312 -85 -875 0 
-233 394 -585 0 
-159 -2 529 0 
-15 -278 -744 0 
-391 891 550 0 
-664 739 -826 0 
134 509 -156 0 
-213 221 169 0 
346 300 311 0 
850 -968 178 0 
-518 874 71 0 
-165 -683 -12 0 
108 -909 399 0 
-251 -842 -178 0 
-18 -53 891 0 
-714 272 -486 0 
-360 -592 -624 0 
500 -436 907 0 
-672 -409 500 0 
-953 -719 841 0 
202 446 -699 0 
-128 -609 971 0 
-589 -497 -745 0 
700 984 -482 0 
36 -708 536 0 
881 674 616 0 
428 -387 18 0 
899 -776 866 0 
-716 266 605 0 
-239 -817 -304 0 
-483 925 19 0 
-564 496 -553 0 
988 981 -183 0 
-604 -946 337 0 
34 944 369 0 
-98 -471 155 0 
-318 711 -357 0 
-294 -92 101 0 
-876 -395 -791 0 
-800 273 430 0 
-505 211 -792 0 
-114 123 -11 0 
640 -421 485 0 
-936 512 -589 0 
-459 -470 253 0 
-848 161 476 0 
8 834 788 0 
288 748 -792 0 
783 266 -499 0 
-714 -741 892 0 
-794 -800 -219 0 
919 -679 833 0 
-655 995 -99 0 
921 -94 922 0 
242 612 -65 0 
216 249 80 0 
67 -570 -86 0 
-566 410 331 0 
323 -872 -1 0 
902 -732 424 0 
963 -245 534 0 
233 -296 727 0 
184 195 438 0 
-206 -994 214 0 
-801 -926 715 0 
924 -406 -349 0 
880 -917 330 0 
644 -543 22 0 
193 700 -774 0 
1000 924 130 0 
-577 314 328 0 
981 -341 178 0 
-882 463 92 0 
-138 831 -863 0 
-147 -457 -487 0 
45 655 -34 0 
-700 -30 -289 0 
552 -92 935 0 
-213 909 -844 0 
-497 141 -514 0 
902 583 355 0 
250 -366 -269 0 
806 -722 -944 0 
198 -600 -597 0 
-326 -902 -802 0 
288 622 -644 0 
-800 -75 -908 0 
211 862 548 0 
-399 -592 -349 0 
992 562 -487 0 
-685 645 -672 0 
256 -769 -154 0 
-549 -92 -159 0 
910 306 446 0 
-743 -104 753 0 
-600 -130 629 0 
-889 181 54 0 
-259 618 617 0 
-818 680 -919 0 
-475 764 -732 0 
240 281 -760 0 
-481 -416 355 0 
-761 246 -227 0 
-702 -281 -835 0 
482 -393 83 0 
258 663 -758 0 
43 -315 586 0 
801 -753 889 0 
-822 806 -306 0 
-966 878 445 0 
77 -739 -683 0 
929 -548 -210 0 
-531 902 170 0 
-302 562 -282 0 
730 -778 -114 0 
-526 677 279 0 
-935 615 201 0 
-538 586 -265 0 
-105 -440 -731 0 
908 903 630 0 
-930 815 -121 0 
298 -552 -28 0 
958 673 -401 0 
-233 -539 -147 0 
357 -700 -807 0 
366 -25 -234 0 
-935 775 -376 0 
-378 869 379 0 
325 153 641 0 
-128 -14 -482 0 
-759 946 276 0 
-850 796 -908 0 
-532 947 82 0 
877 -435 -221 0 
853 994 -757 0 
-748 699 -642 0 
131 679 340 0 
827 792 463 0 
-810 -564 -915 0 
-992 -176 -437 0 
-588 606 80 0 
742 211 -636 0 
-575 364 -688 0 
-265 -739 282 0 
331 -276 832 0 
-827 -642 -311 0 
-505 -289 -983 0 
-534 142 782 0 
323 409 801 0 
-34 479 -277 0 
132 -120 734 0 
-820 784 -90 0 
353 842 -984 0 
-207 366 581 0 
-649 41 7 0 
-750 -150 142 0 
-231 -847 -402 0 
-232 471 -763 0 
-616 132 -767 0 
254 -120 -538 0 
895 -210 -816 0 
-508 639 755 0 
-121 -896 -995 0 
33 392 -194 0 
-354 -941 -587 0 
546 1 635 0 
580 -921 -511 0 
-418 849 -500 0 
-60 -841 783 0 
349 999 -734 0 
-956 -746 874 0 
-696 743 -434 0 
-119 716 -949 0 
544 -951 -964 0 
84 -374 -913 0 
147 708 -812 0 
-707 273 -289 0 
-53 -999 -113 0 
-633 -718 -464 0 
-314 -853 610 0 
-88 770 460 0 
-109 432 534 0 
386 636 -64 0 
-125 308 596 0 
-65 -383 791 0 
-958 -400 -736 0 
393 968 989 0 
-671 -834 960 0 
-976 -71 -623 0 
856 -998 -790 0 
-852 395 23 0 
-490 -411 -59 0 
-993 -990 -221 0 
-5 767 722 0 
385 16 25 0 
15 -852 -473 0 
-725 -233 968 0 
564 888 467 0 
-14 -111 480 0 
196 975 -799 0 
-91 -45 685 0 
106 48 213 0 
-463 984 938 0 
-432 841 -24 0 
-864 40 269 0 
86 87 728 0 
37 -230 -830 0 
-680 141 702 0 
197 44 824 0 
15 -160 618 0 
748 187 -61 0 
-27 -297 -156 0 
111 185 869 0 
507 -529 -194 0 
659 831 555 0 
-113 -507 -497 0 
-348 399 -401 0 
720 312 610 0 
202 -512 -539 0 
18 918 573 0 
405 -658 917 0 
-421 101 -295 0 
-636 225 -283 0 
-642 -353 -299 0 
669 -382 465 0 
819 598 20 0 
620 -516 -467 0 
229 150 -558 0 
-765 344 -397 0 
-168 65 -104 0 
-784 31 824 0 
-761 958 -459 0 
983 192 -601 0 
489 -809 913 0 
1000 -545 -956 0 
-139 41 334 0 
341 -165 738 0 
-459 -402 476 0 
-528 958 -685 0 
505 787 -664 0 
-484 -241 593 0 
490 -802 420 0 
487 586 367 0 
-342 52 -545 0 
439 364 -718 0 
-899 -642 -251 0 
-414 -432 154 0 
-201 194 419 0 
-413 -386 205 0 
377 -163 -1 0 
-958 615 -138 0 
-88 208 336 0 
711 -300 341 0 
504 -239 -873 0 
-511 -112 -432 0 
-353 -729 -42 0 
-955 298 -701 0 
-180 91 -327 0 
-726 459 989 0 
-606 113 -682 0 
363 -189 -895 0 
-418 842 -172 0 
41 683 -763 0 
169 -607 695 0 
-616 -404 -984 0 
-381 -651 554 0 
-866 425 -659 0 
-598 -737 -549 0 
455 -256 -83 0 
418 -684 -795 0 
-992 730 675 0 
-465 -557 462 0 
-295 -102 -328 0 
588 887 359 0 
-137 -129 163 0 
771 -830 -975 0 
-34 809 621 0 
-496 127 -789 0 
-73 -143 302 0 
-172 200 414 0 
647 -425 -38 0 
492 -207 591 0 
88 336 498 0 
164 -410 791 0 
680 -359 -714 0 
-509 -215 -728 0 
-881 -799 551 0 
-316 476 -478 0 
435 462 -665 0 
-627 282 -210 0 
166 85 483 0 
143 -624 699 0 
80 -763 -521 0 
-585 -232 300 0 
421 910 -607 0 
-827 230 811 0 
484 -239 478 0 
988 423 -385 0 
179 -37 -28 0 
-745 966 -836 0 
-39 -149 -573 0 
-954 753 -601 0 
267 659 -544 0 
-33 -149 -534 0 
-976 -97 929 0 
984 431 217 0 
45 -376 690 0 
-854 -203 961 0 
110 772 -908 0 
-855 -757 -596 0 
209 556 -440 0 
-768 104 640 0 
-198 42 -653 0 
788 228 -868 0 
833 205 -215 0 
-489 476 -341 0 
-960 364 149 0 
804 809 314 0 
-899 274 -281 0 
-705 -77 -409 0 
-197 -660 -841 0 
-461 -729 -359 0 
486 -349 -909 0 
373 -271 782 0 
-885 780 238 0 
869 -162 -687 0 
385 -611 247 0 
-476 -987 -138 0 
40 244 927 0 
177 775 -122 0 
-612 -939 -257 0 
687 374 349 0 
589 11 172 0 
-338 367 -831 0 
-191 -834 -732 0 
743 760 470 0 
6 565 -360 0 
39 370 -739 0 
-194 -818 863 0 
-829 -320 697 0 
619 -537 -531 0 
145 -442 -450 0 
418 -424 -60 0 
221 890 670 0 
7 145 -908 0 
-500 504 191 0 
-49 -372 829 0 
-37 412 -75 0 
-421 -363 -458 0 
63 586 305 0 
468 -418 -561 0 
209 855 -500 0 
-652 423 -781 0 
397 -20 740 0 
-159 221 229 0 
101 -678 -320 0 
-82 258 558 0 
-991 349 628 0 
-733 680 -984 0 
553 99 232 0 
881 -749 -66 0 
-193 -462 915 0 
823 -757 431 0 
252 202 31 0 
-255 924 567 0 
-3 -767 454 0 
973 -516 812 0 
-82 319 -481 0 
-815 -730 11 0 
251 -500 -284 0 
433 -45 40 0 
-82 -58 -405 0 
913 924 714 0 
890 -717 -401 0 
145 -64 -32 0 
-60 -36 -873 0 
487 -654 -178 0 
-420 166 136 0 
-244 -693 -293 0 
700 -447 980 0 
-538 -600 285 0 
-77 797 425 0 
189 752 -728 0 
967 855 -451 0 
-133 567 -710 0 
-962 928 -749 0 
-348 -495 -118 0 
-54 740 -61 0 
340 -907 986 0 
-598 -834 33 0 
-889 -817 698 0 
932 -735 -459 0 
129 -824 -449 0 
850 248 802 0 
-779 668 -855 0 
706 611 690 0 
743 -118 -629 0 
-820 -573 251 0 
-867 -206 733 0 
-81 410 342 0 
649 -927 697 0 
319 100 635 0 
-426 -680 866 0 
842 826 -548 0 
-786 -288 -137 0 
693 728 -779 0 
681 -2 156 0 
162 275 -476 0 
-112 515 682 0 
571 787 -291 0 
-526 -889 468 0 
-514 191 -288 0 
505 -625 -767 0 
-92 552 -870 0 
-265 455 815 0 
7 219 226 0 
-598 -857 -307 0 
97 -206 255 0 
-26 -605 103 0 
893 817 -565 0 
-469 550 965 0 
-525 -50 842 0 
-112 560 289 0 
979 321 -181 0 
876 907 -789 0 
800 -649 86 0 
143 -113 485 0 
445 124 -488 0 
-823 -829 -672 0 
413 732 984 0 
-772 -496 358 0 
731 8 -764 0 
-426 -602 856 0 
947 419 13 0 
993 625 -124 0 
-439 -493 -211 0 
-368 81 -378 0 
-304 598 -385 0 
233 931 -348 0 
-536 -72 635 0 
-173 806 71 0 
501 -53 230 0 
-300 -770 594 0 
-412 935 204 0 
33 -58 -134 0 
-741 587 -794 0 
758 -368 -313 0 
295 -650 -927 0 
-6 -315 801 0 
-327 676 385 0 
-638 703 929 0 
-43 154 -818 0 
435 -370 648 0 
-177 -166 -557 0 
424 836 -829 0 
78 -196 -212 0 
-262 -589 -139 0 
-931 597 719 0 
-414 -860 207 0 
991 -628 688 0 
406 -988 -917 0 
-205 242 -184 0 
-183 424 -779 0 
96 893 97 0 
528 189 -167 0 
380 862 358 0 
920 333 -286 0 
-744 739 -153 0 
22 406 444 0 
373 451 6 0 
-16 -494 65 0 
-163 -739 -869 0 
-105 286 -309 0 
712 901 -645 0 
73 961 440 0 
-443 176 -178 0 
875 660 231 0 
536 -253 -172 0 
587 627 -58 0 
802 699 -977 0 
223 -919 509 0 
584 737 96 0 
355 76 672 0 
-325 -681 69 0 
480 622 -4 0 
-733 -872 -717 0 
937 958 -913 0 
-740 -3 632 0 
267 -772 -662 0 
52 593 -915 0 
-628 818 -409 0 
-604 -979 -316 0 
986 215 366 0 
-532 173 -988 0 
111 -724 267 0 
-41 -676 695 0 
-887 98 -796 0 
-80 -797 769 0 
-642 752 248 0 
148 -836 -667 0 
-278 -921 -879 0 
261 -733 400 0 
-983 479 202 0 
-774 107 173 0 
582 -910 958 0 
839 -252 954 0 
952 -82 -396 0 
156 258 831 0 
97 -391 285 0 
450 997 -239 0 
372 -564 -702 0 
646 289 -773 0 
-647 454 -584 0 
-563 -679 629 0 
212 287 675 0 
-778 -691 -900 0 
-926 516 -996 0 
179 536 200 0 
-35 507 -433 0 
454 -175 654 0 
-182 -592 789 0 
130 483 14 0 
418 -839 -119 0 
-731 -738 -419 0 
877 469 -71 0 
-249 -581 206 0 
-241 154 578 0 
677 352 586 0 
-22 -108 -635 0 
599 597 -769 0 
873 -692 814 0 
-983 717 -513 0 
-780 240 63 0 
-155 131 802 0 
-613 -598 357 0 
369 91 733 0 
941 719 -966 0 
-591 -212 -684 0 
-487 136 950 0 
471 808 299 0 
556 73 -659 0 
654 658 363 0 
-938 -901 -557 0 
-692 -590 580 0 
-932 326 -778 0 
-691 91 -967 0 
542 724 -321 0 
43 159 -176 0 
185 -676 -266 0 
36 345 286 0 
-255 649 254 0 
-358 746 -857 0 
-64 -686 -425 0 
-45 -19 639 0 
-783 241 -339 0 
-291 319 -612 0 
297 785 739 0 
878 -116 -750 0 
3 451 -869 0 
397 -998 -199 0 
753 -259 346 0 
-847 289 542 0 
780 773 214 0 
239 -595 749 0 
328 -62 -165 0 
896 -938 -328 0 
-187 549 607 0 
-799 41 798 0 
740 -755 157 0 
-814 -469 530 0 
-831 -471 796 0 
201 575 864 0 
727 -67 674 0 
499 64 -359 0 
522 -680 158 0 
912 -827 -404 0 
-684 651 215 0 
729 -471 816 0 
475 -209 -866 0 
883 874 -341 0 
457 -344 333 0 
-13 -63 -360 0 
-891 -962 710 0 
510 -801 -315 0 
564 200 677 0 
-849 -540 -856 0 
307 -802 556 0 
-606 -537 -998 0 
-846 738 -672 0 
-578 729 10 0 
933 -761 -580 0 
-783 -134 211 0 
484 920 -404 0 
-476 -311 -998 0 
-583 -13 826 0 
149 951 -480 0 
-448 -547 623 0 
-793 876 -518 0 
18 -394 -610 0 
-642 327 -5 0 
-363 933 -567 0 
-756 -335 40 0 
-437 -983 -201 0 
108 -241 -56 0 
-786 750 -907 0 
-873 721 837 0 
412 -284 84 0 
-704 -858 501 0 
997 -943 161 0 
-627 -390 739 0 
370 -601 875 0 
431 -86 699 0 
726 279 -400 0 
-891 -814 545 0 
977 -676 -300 0 
463 -118 246 0 
3 985 -856 0 
-839 -21 -644 0 
963 -939 225 0 
502 -708 -66 0 
303 207 854 0 
780 948 378 0 
714 765 219 0 
-464 -854 717 0 
-969 982 -912 0 
-73 261 774 0 
339 149 556 0 
981 -730 -230 0 
412 187 -849 0 
273 372 672 0 
-924 707 -526 0 
398 99 -100 0 
826 173 -723 0 
-343 -573 -499 0 
11 -16 -827 0 
-473 401 163 0 
990 -172 -931 0 
-981 352 145 0 
567 417 -870 0 
-177 -774 -707 0 
752 84 746 0 
930 99 55 0 
-353 842 -646 0 
228 4 428 0 
122 986 320 0 
457 -190 450 0 
920 532 -29 0 
-763 -944 -17 0 
-297 -149 182 0 
230 -603 638 0 
-53 276 593 0 
382 -148 301 0 
240 -865 137 0 
-616 -382 -533 0 
-214 465 546 0 
954 402 -822 0 
-973 -566 13 0 
983 685 -376 0 
-218 -597 436 0 
797 968 69 0 
360 789 -186 0 
-904 375 316 0 
-837 385 98 0 
803 526 688 0 
428 -520 -85 0 
-683 192 184 0 
-795 851 -477 0 
368 -79 96 0 
-576 -666 974 0 
-700 -600 123 0 
-342 -185 690 0 
310 66 739 0 
379 820 -112 0 
231 -840 373 0 
-756 -566 -647 0 
95 -217 267 0 
-46 -855 -40 0 
113 -493 477 0 
151 712 -403 0 
-569 -512 -69 0 
-96 -946 372 0 
505 -943 941 0 
-949 -544 -371 0 
-204 487 -32 0 
72 430 -151 0 
-266 149 -837 0 
519 -115 237 0 
267 -815 817 0 
458 -255 430 0 
216 647 -64 0 
982 727 373 0 
-822 -292 -964 0 
-763 -71 -962 0 
-966 232 617 0 
643 -463 714 0 
-204 -241 806 0 
-532 -247 640 0 
-893 -701 -226 0 
328 -745 647 0 
715 400 -349 0 
959 91 751 0 
735 304 898 0 
-463 -907 -935 0 
639 -148 344 0 
-267 -24 169 0 
-801 -5 505 0 
-212 557 -555 0 
-375 374 635 0 
-786 -340 -631 0 
-284 980 111 0 
99 385 -815 0 
714 -569 -625 0 
-189 -551 142 0 
698 -584 856 0 
306 225 -937 0 
673 1000 -998 0 
-997 783 -193 0 
-2 -693 227 0 
662 605 880 0 
-628 -921 495 0 
-621 -375 244 0 
-590 -608 -603 0 
-916 706 478 0 
-488 708 -333 0 
-262 -660 -416 0 
-434 732 757 0 
-348 982 -967 0 
-224 -717 37 0 
354 333 -804 0 
377 -539 -334 0 
268 452 761 0 
605 882 -941 0 
-442 -715 -876 0 
-336 197 -538 0 
-478 -140 -500 0 
980 500 -84 0 
604 562 -188 0 
128 476 -95 0 
453 -275 -492 0 
-100 447 6 0 
-741 -724 -503 0 
-748 647 -530 0 
913 734 364 0 
201 -173 786 0 
-890 130 -868 0 
-451 -118 641 0 
-165 665 -171 0 
478 -513 -805 0 
694 945 558 0 
-293 707 -582 0 
-437 -839 932 0 
710 385 -351 0 
-464 -188 473 0 
-879 799 919 0 
660 -982 -68 0 
-771 -414 -655 0 
-542 30 -848 0 
218 646 -364 0 
252 547 391 0 
-983 790 -12 0 
413 -854 -980 0 
450 382 -775 0 
62 395 385 0 
413 -961 127 0 
329 -512 683 0 
219 106 533 0 
969 -243 995 0 
-376 -537 -352 0 
134 367 -731 0 
-960 803 -134 0 
-304 -691 -555 0 
-497 -675 -911 0 
875 931 -489 0 
-496 785 -110 0 
-997 141 335 0 
-861 -290 596 0 
927 772 479 0 
286 727 50 0 
89 302 -111 0 
-302 -406 205 0 
681 588 -360 0 
-476 -273 286 0 
-347 743 940 0 
136 -639 -867 0 
634 801 -861 0 
-956 -448 -906 0 
-109 282 -122 0 
349 -543 -136 0 
766 773 776 0 
-267 -582 -5 0 
197 -811 -519 0 
947 -123 -788 0 
656 -481 -670 0 
103 -822 418 0 
391 -858 682 0 
-432 -285 -384 0 
-309 -720 627 0 
-417 -560 179 0 
784 989 382 0 
-766 -511 -666 0 
226 -4 -995 0 
-233 961 -717 0 
-366 -222 557 0 
-874 136 980 0 
787 394 151 0 
-387 -48 115 0 
819 514 582 0 
783 82 -97 0 
780 -998 585 0 
624 -503 844 0 
-563 848 -172 0 
305 -450 308 0 
805 -63 -432 0 
372 -631 329 0 
-945 -358 768 0 
818 -686 -2 0 
692 810 735 0 
-434 703 354 0 
-383 506 317 0 
420 200 170 0 
-511 520 -247 0 
713 724 134 0 
788 793 546 0 
646 -892 -848 0 
-799 823 346 0 
-35 384 799 0 
313 65 405 0 
862 276 -487 0 
-577 319 -413 0 
683 -115 320 0 
893 -12 -315 0 
521 331 210 0 
-496 37 660 0 
750 778 -344 0 
116 -483 -763 0 
-868 794 427 0 
609 -549 218 0 
354 -84 32 0 
975 236 -40 0 
500 398 186 0 
-278 -813 -748 0 
482 -606 81 0 
530 -609 109 0 
428 -925 -241 0 
-773 635 388 0 
98 -207 980 0 
-95 192 -361 0 
850 -781 717 0 
-284 459 -581 0 
-256 740 196 0 
-373 -635 -690 0 
551 104 636 0 
152 -817 -438 0 
-179 -656 359 0 
-328 301 -609 0 
-666 -316 -253 0 
21 773 -644 0 
580 -794 796 0 
725 523 -972 0 
-583 75 791 0 
-177 459 852 0 
-933 -551 -303 0 
325 -679 248 0 
129 -316 846 0 
-165 954 -985 0 
-818 221 429 0 
-49 837 -523 0 
-488 -305 -521 0 
109 659 551 0 
344 -683 89 0 
-398 597 -95 0 
-373 127 791 0 
-552 151 474 0 
951 -247 -350 0 
216 -416 551 0 
-249 792 -670 0 
-792 504 53 0 
496 234 6 0 
-467 625 434 0 
722 -938 824 0 
-495 -611 -535 0 
260 905 -413 0 
-291 -5 448 0 
-470 -873 836 0 
-177 -912 591 0 
-175 158 -316 0 
171 413 212 0 
-14 -770 -97 0 
-233 611 -937 0 
536 -402 -225 0 
-83 -961 911 0 
98 424 -741 0 
295 500 35 0 
-835 -880 474 0 
-827 127 296 0 
-846 976 -331 0 
-74 489 928 0 
269 596 -135 0 
-20 452 519 0 
-458 351 793 0 
872 -310 -939 0 
351 731 -993 0 
-251 813 679 0 
-423 -841 -360 0 
-633 -860 56 0 
698 -979 -590 0 
453 783 58 0 
-534 780 178 0 
-854 769 -69 0 
333 363 -31 0 
998 -579 -429 0 
-732 -778 927 0 
-779 109 -236 0 
-354 -344 283 0 
322 4 453 0 
515 684 214 0 
-149 -673 -812 0 
608 -567 -187 0 
408 -809 -855 0 
182 -414 653 0 
-547 672 -158 0 
984 -572 -725 0 
-431 599 -924 0 
-598 480 990 0 
197 -901 918 0 
-477 119 -842 0 
881 -980 191 0 
226 -52 -416 0 
403 -390 502 0 
200 216 -128 0 
-34 -189 291 0 
804 477 -914 0 
-226 -907 207 0 
854 685 -64 0 
734 242 -680 0 
699 -683 -191 0 
336 153 239 0 
-113 -689 251 0 
576 -39 -675 0 
158 -806 -628 0 
271 -338 734 0 
-947 -340 609 0 
-231 600 -678 0 
-382 373 -466 0 
27 114 371 0 
-62 535 -508 0 
-405 -887 940 0 
-908 -49 -643 0 
-782 127 413 0 
-541 -930 -653 0 
-779 -172 -517 0 
145 576 283 0 
-38 169 854 0 
-624 1000 220 0 
-969 804 -91 0 
-984 156 820 0 
-250 -323 616 0 
-907 731 -266 0 
528 195 260 0 
-406 -743 604 0 
-482 959 -65 0 
-21 -25 -487 0 
-603 968 -213 0 
387 148 515 0 
-637 -956 868 0 
217 979 431 0 
105 659 406 0 
-176 933 290 0 
-562 -819 31 0 
42 -391 -523 0 
602 -911 -508 0 
-672 -202 -754 0 
352 -23 -346 0 
-379 -722 -925 0 
-749 761 209 0 
-14 -39 356 0 
451 792 385 0 
32 577 145 0 
-494 -645 361 0 
-184 863 -412 0 
-738 -946 200 0 
-627 -966 555 0 
779 -154 -144 0 
-171 -16 490 0 
167 591 421 0 
-261 201 507 0 
140 533 489 0 
820 -539 -663 0 
-868 200 995 0 
794 -393 -570 0 
214 583 -476 0 
466 -622 450 0 
733 491 51 0 
-670 -798 50 0 
720 -670 959 0 
664 -77 -556 0 
639 -494 438 0 
845 -666 655 0 
-576 -874 -239 0 
-783 715 -911 0 
-995 42 416 0 
888 -191 -10 0 
-351 -292 980 0 
193 1000 -775 0 
-217 -911 -140 0 
-702 265 253 0 
915 34 129 0 
122 871 685 0 
581 395 -840 0 
-287 -17 -71 0 
-238 -994 -321 0 
-219 -326 -87 0 
-492 -676 -214 0 
-41 293 848 0 
-399 898 736 0 
-783 -503 144 0 
579 34 -508 0 
381 918 158 0 
-543 -582 588 0 
-124 514 -397 0 
-248 108 -363 0 
-794 -756 -407 0 
468 978 -683 0 
5 924 65 0 
239 -548 653 0 
-961 -295 -638 0 
-334 -422 -750 0 
738 -514 -640 0 
430 -252 -358 0 
565 693 314 0 
-907 -233 -237 0 
552 880 -956 0 
-102 -515 114 0 
343 503 -751 0 
-256 -320 -891 0 
-18 -426 -38 0 
393 721 -648 0 
-21 -260 794 0 
572 -177 981 0 
-148 -704 -518 0 
117 -341 -935 0 
543 971 -572 0 
352 -967 -876 0 
190 -829 -765 0 
8 -902 -212 0 
-270 583 -632 0 
681 -466 -848 0 
344 -278 -404 0 
-541 -308 -576 0 
-132 837 -435 0 
-822 375 58 0 
-625 965 735 0 
641 628 848 0 
749 792 945 0 
-506 -819 -922 0 
-842 166 744 0 
-139 542 -421 0 
872 -342 -910 0 
-593 -175 -385 0 
-148 998 -810 0 
896 -327 -462 0 
361 426 215 0 
-3 -31 -918 0 
472 -23 -423 0 
675 74 -702 0 
11 -88 -813 0 
887 695 291 0 
-110 -889 924 0 
386 327 -317 0 
485 -83 641 0 
-997 86 113 0 
748 -44 365 0 
-824 761 -130 0 
388 686 -278 0 
950 198 2 0 
-44 -97 -122 0 
61 372 595 0 
510 267 -956 0 
-783 -317 742 0 
465 -458 812 0 
141 160 542 0 
928 -656 219 0 
846 825 245 0 
758 -99 559 0 
900 65 -19 0 
15 -850 -724 0 
-453 980 119 0 
-386 625 -554 0 
-115 896 528 0 
320 551 243 0 
-623 -728 -863 0 
523 -489 37 0 
-908 -741 991 0 
-203 464 -78 0 
-329 -359 -89 0 
828 893 -464 0 
691 -316 958 0 
665 75 -712 0 
-114 987 214 0 
635 -601 729 0 
-457 -74 980 0 
785 -434 -652 0 
-38 -587 -435 0 
528 -588 535 0 
-255 -921 331 0 
678 312 918 0 
-863 -684 769 0 
655 623 -756 0 
545 777 193 0 
-779 -552 -363 0 
-44 68 -381 0 
-24 -840 709 0 
-424 -786 -574 0 
-946 -198 179 0 
243 -867 -722 0 
526 -364 -998 0 
-846 -446 360 0 
67 -545 808 0 
-719 253 565 0 
-998 273 -878 0 
-440 -754 693 0 
-972 -604 -665 0 
-369 585 234 0 
-855 -801 112 0 
508 525 88 0 
-696 -583 -311 0 
-566 -553 213 0 
61 -568 837 0 
-969 739 -616 0 
611 -505 646 0 
-819 963 142 0 
-829 692 537 0 
-849 -637 811 0 
629 757 -797 0 
595 583 430 0 
-366 -512 -378 0 
292 -792 314 0 
469 793 435 0 
596 714 -856 0 
643 -620 -657 0 
902 -822 -945 0 
26 -901 896 0 
-788 100 533 0 
-170 -94 902 0 
-437 453 -439 0 
-696 290 370 0 
-508 -495 626 0 
949 134 -475 0 
-623 -20 -690 0 
-345 -646 801 0 
913 569 264 0 
-562 194 -759 0 
-856 923 678 0 
-311 -658 -846 0 
-242 -964 -999 0 
-723 483 -333 0 
408 -567 465 0 
50 -962 -583 0 
548 -9 -695 0 
-548 -267 -608 0 
599 -449 633 0 
-517 855 719 0 
355 -523 358 0 
668 806 -972 0 
357 -396 -843 0 
-804 -258 -119 0 
-888 835 546 0 
527 -887 940 0 
-974 -87 -807 0 
26 -943 -32 0 
281 -103 145 0 
371 87 -907 0 
-57 -964 222 0 
107 -282 -626 0 
-489 -875 -912 0 
260 670 470 0 
72 969 -98 0 
-163 424 -956 0 
754 714 433 0 
-736 -880 -689 0 
176 -617 234 0 
