p cnf 1000 3200
806 460 -316 0 
560 -141 999 0 
712 711 755 0 
-2 -156 -179 0 
-763 609 -921 0 
-931 -789 577 0 
753 -902 983 0 
532 -531 242 0 
700 -424 -797 0 
854 933 -3 0 
756 -441 -805 0 
-958 506 474 0 
-466 882 259 0 
-334 256 57 0 
-303 7 -736 0 
-92 -64 -477 0 
-777 477 -272 0 
853 -520 362 0 
-449 956 -208 0 
464 20 56 0 
-415 -854 -62 0 
492 -803 -935 0 
-878 -112 -321 0 
-514 -408 -375 0 
632 375 -569 0 
20 -55 -836 0 
-310 -481 -335 0 
690 -775 602 0 
513 -903 -202 0 
-61 -606 210 0 
-268 550 159 0 
-102 -475 -608 0 
-8 683 -198 0 
105 855 -614 0 
-666 -982 764 0 
-743 -627 742 0 
20 813 362 0 
-758 759 -244 0 
-855 268 492 0 
-954 49 -737 0 
-857 635 830 0 
-222 -662 -313 0 
-773 -237 -513 0 
154 330 -66 0 
140 -605 988 0 
-583 -734 766 0 
103 603 -701 0 
980 887 -244 0 
167 113 -302 0 
-580 -630 -867 0 
-41 173 -132 0 
136 413 -900 0 
163 791 -96 0 
588 -982 -391 0 
-579 618 -163 0 
74 444 836 0 
-307 -246 -854 0 
835 -427 420 0 
386 136 79 0 
813 -155 393 0 
-887 475 -269 0 
690 121 487 0 
-219 694 -579 0 
766 -129 -260 0 
-334 -883 -903 0 
351 190 -784 0 
158 -504 45 0 
588 -253 697 0 
95 -991 -398 0 
507 728 663 0 
-692 566 215 0 
388 343 106 0 
-639 -249 -707 0 
-325 -792 -879 0 
-949 808 -984 0 
-984 -976 686 0 
582 -825 950 0 
-881 441 232 0 
-574 303 892 0 
-606 710 -450 0 
-122 951 874 0 
16 -272 546 0 
720 426 -752 0 
-667 65 169 0 
-367 699 904 0 
895 -896 -227 0 
-769 -374 38 0 
-485 -638 296 0 
-711 205 -907 0 
998 -259 -565 0 
-818 -645 109 0 
614 -739 -167 0 
-620 -497 767 0 
989 473 534 0 
-852 752 -770 0 
-607 -441 745 0 
-192 -773 -608 0 
-917 281 -626 0 
302 516 -654 0 
237 -789 726 0 
-569 521 -200 0 
258 882 -67 0 
269 -327 -306 0 
423 632 -298 0 
203 -522 804 0 
-504 608 793 0 
87 -661 -172 0 
538 -853 167 0 
181 248 93 0 
792 74 947 0 
-619 739 -882 0 
577 195 944 0 
-155 350 -20 0 
-958 -123 728 0 
-139 -930 -111 0 
134 -81 -753 0 
-756 -2 164 0 
548 250 -418 0 
767 -814 -795 0 
-412 -540 -263 0 
369 311 126 0 
827 -245 -226 0 
82 -343 -136 0 
-263 892 -517 0 
370 921 -166 0 
-90 122 -559 0 
-270 -706 137 0 
-357 -295 -535 0 
871 147 233 0 
-496 -920 72 0 
805 -66 764 0 
825 -717 715 0 
-352 912 449 0 
-14 899 -437 0 
490 81 147 0 
-786 452 999 0 
6 51 307 0 
-94 645 -620 0 
677 136 106 0 
556 987 -575 0 
396 813 86 0 
-623 -218 993 0 
-443 647 648 0 
-351 -191 467 0 
893 -85 -502 0 
523 -539 246 0 
-457 733 -50 0 
-258 -62 450 0 
-758 76 313 0 
165 -504 -469 0 
598 -512 890 0 
495 -278 -892 0 
120 -470 106 0 
-94 -154 258 0 
-900 -914 104 0 
282 -401 697 0 
159 239 -502 0 
-760 -831 759 0 
-424 996 284 0 
-940 18 -271 0 
250 -436 932 0 
812 690 290 0 
817 519 -219 0 
612 958 898 0 
543 735 549 0 
-538 806 -270 0 
407 -751 -275 0 
-678 -571 -583 0 
380 208 -772 0 
-117 -387 685 0 
209 127 -841 0 
-869 773 -422 0 
-263 -233 -218 0 
572 -67 -286 0 
-591 954 243 0 
-857 -464 614 0 
-519 351 -14 0 
-48 -205 33 0 
-63 493 774 0 
-57 303 -663 0 
33 -114 303 0 
626 515 284 0 
-604 980 -764 0 
-477 375 892 0 
-672 -460 853 0 
-484 210 -740 0 
-823 -967 423 0 
366 814 -310 0 
671 -258 -109 0 
-167 -54 -814 0 
758 99 -416 0 
-881 596 -851 0 
467 377 539 0 
-387 -820 -281 0 
142 313 193 0 
-838 36 -203 0 
-134 -611 351 0 
761 543 -124 0 
-60 807 -889 0 
-303 -533 682 0 
-878 -43 272 0 
-150 -114 974 0 
25 449 -804 0 
-111 -535 179 0 
215 -572 -432 0 
768 790 681 0 
-94 -783 462 0 
50 -149 -148 0 
-893 738 363 0 
711 922 822 0 
-430 -576 376 0 
-792 1 320 0 
512 340 -942 0 
920 727 514 0 
423 550 -112 0 
-180 452 -301 0 
92 272 -76 0 
996 -911 -10 0 
-770 -898 606 0 
330 -662 447 0 
-387 -82 -575 0 
773 138 247 0 
51 347 -191 0 
653 347 -136 0 
963 615 73 0 
807 -993 -374 0 
727 646 -478 0 
793 578 346 0 
656 -228 260 0 
94 -576 987 0 
-68 -711 464 0 
35 -279 -482 0 
-571 -605 -628 0 
477 499 -785 0 
963 295 284 0 
16 -84 89 0 
961 -921 650 0 
-921 -399 177 0 
402 67 221 0 
468 98 822 0 
778 -365 -779 0 
157 216 -924 0 
-121 193 189 0 
-695 461 -350 0 
-604 -376 580 0 
-123 -953 -538 0 
176 106 528 0 
-992 97 -649 0 
-863 283 56 0 
-93 -64 -355 0 
-496 -610 804 0 
-826 68 229 0 
-101 -904 576 0 
-515 -408 897 0 
-696 -163 909 0 
-675 514 490 0 
685 7 250 0 
-279 -504 970 0 
-735 422 254 0 
-881 -974 152 0 
187 890 -413 0 
-272 984 -370 0 
-470 269 115 0 
-207 -758 -974 0 
774 912 -194 0 
609 -433 -786 0 
-647 190 456 0 
-662 -10 242 0 
-565 30 467 0 
-176 -286 846 0 
-636 409 828 0 
921 -929 729 0 
80 773 -603 0 
518 -770 -46 0 
437 178 -847 0 
-652 -601 -698 0 
-201 -911 427 0 
817 -739 -372 0 
197 -68 817 0 
150 -776 -408 0 
744 -839 -610 0 
-1 -655 -791 0 
-720 709 329 0 
-313 -828 -549 0 
-728 -145 -207 0 
563 40 841 0 
321 -828 -987 0 
-235 -177 -232 0 
113 812 240 0 
-688 920 470 0 
354 560 993 0 
-490 383 -717 0 
-40 469 507 0 
-872 816 213 0 
217 466 -782 0 
753 303 324 0 
681 275 -341 0 
-138 379 754 0 
534 223 -324 0 
539 -208 -851 0 
313 862 72 0 
-607 -572 753 0 
88 -181 -437 0 
175 486 -619 0 
-276 968 698 0 
-802 312 -412 0 
-384 -745 -4 0 
-376 -915 212 0 
-566 -35 -46 0 
-607 421 -804 0 
757 79 -559 0 
760 -547 767 0 
-94 623 -872 0 
557 597 643 0 
-332 -387 254 0 
-765 -234 867 0 
-382 -544 -472 0 
623 -121 -593 0 
261 -551 -474 0 
565 375 4 0 
-683 -230 -973 0 
444 804 50 0 
746 -530 -374 0 
997 397 -518 0 
-239 123 -273 0 
-483 -972 -202 0 
755 914 768 0 
241 -177 -238 0 
-450 -549 -318 0 
-754 -541 -469 0 
482 18 340 0 
-398 -180 689 0 
711 -354 -646 0 
-381 -703 -73 0 
765 -616 -829 0 
279 210 344 0 
-44 -201 -395 0 
234 -53 338 0 
830 -540 -90 0 
-779 -508 -369 0 
-676 -169 -388 0 
-577 830 346 0 
730 143 117 0 
193 617 -128 0 
-441 -24 20 0 
-8 -996 306 0 
121 935 -835 0 
-740 445 958 0 
921 303 -23 0 
221 559 705 0 
3 790 -632 0 
-933 -926 752 0 
536 -906 -313 0 
530 399 265 0 
-190 -469 797 0 
475 -865 -130 0 
907 -613 -224 0 
670 38 -602 0 
477 629 617 0 
-655 -388 -917 0 
544 632 -709 0 
133 789 -762 0 
157 -653 -96 0 
435 451 -854 0 
-185 555 920 0 
-707 373 613 0 
-586 -383 750 0 
872 -781 460 0 
-565 -991 -267 0 
-846 761 -374 0 
-103 -872 319 0 
-104 369 -13 0 
698 -365 292 0 
-542 123 304 0 
486 270 885 0 
792 409 793 0 
661 551 -732 0 
-352 657 196 0 
246 -838 793 0 
383 -746 -304 0 
502 -426 -566 0 
928 946 327 0 
-936 374 384 0 
-138 57 669 0 
135 -794 103 0 
-464 36 882 0 
-121 611 821 0 
924 -565 -654 0 
439 -377 -276 0 
81 887 -76 0 
-198 -890 200 0 
-326 -871 144 0 
945 720 -802 0 
232 311 214 0 
567 715 899 0 
570 -616 -452 0 
615 303 883 0 
268 -501 -471 0 
-832 -679 -37 0 
-78 544 601 0 
499 345 614 0 
664 -622 480 0 
-360 -652 -647 0 
859 -277 265 0 
230 -678 866 0 
-694 353 98 0 
-802 -906 355 0 
384 -221 537 0 
-227 839 -880 0 
-382 -43 -990 0 
-367 743 173 0 
-144 584 -979 0 
872 798 -406 0 
-313 -66 -97 0 
-150 661 -430 0 
-405 882 665 0 
717 -684 389 0 
326 -51 335 0 
-158 -373 11 0 
704 -220 -256 0 
-958 70 886 0 
681 627 413 0 
413 488 546 0 
-642 54 -463 0 
-403 87 962 0 
958 -556 622 0 
-363 307 342 0 
187 715 386 0 
-874 738 -716 0 
831 421 821 0 
738 -611 -411 0 
-449 -510 156 0 
829 -638 -432 0 
-981 -736 -890 0 
-309 167 812 0 
308 -179 551 0 
607 597 -902 0 
688 -988 593 0 
-947 -250 -163 0 
-782 -443 -240 0 
-446 -686 -414 0 
515 -347 -751 0 
918 117 569 0 
660 -909 -992 0 
794 -270 426 0 
478 -191 -721 0 
-743 773 -60 0 
-498 473 -53 0 
-475 -260 298 0 
-827 -364 289 0 
826 -349 -973 0 
845 988 -624 0 
-521 -647 -723 0 
404 355 890 0 
229 -140 -599 0 
346 49 -33 0 
142 783 60 0 
84 263 332 0 
-682 688 411 0 
801 634 67 0 
191 -843 -565 0 
963 -227 321 0 
-505 341 -645 0 
296 234 -967 0 
-410 -627 -359 0 
-622 246 638 0 
852 -835 749 0 
254 313 802 0 
-356 156 -902 0 
-99 246 695 0 
877 953 -674 0 
-665 -763 747 0 
413 434 225 0 
982 302 -12 0 
-388 -476 -592 0 
215 -130 293 0 
288 -913 910 0 
56 15 678 0 
-964 -129 205 0 
485 325 -123 0 
32 -470 964 0 
-79 182 -821 0 
863 912 224 0 
-597 -971 -702 0 
-906 49 -860 0 
-567 -795 -558 0 
659 -780 598 0 
-837 869 -692 0 
430 711 277 0 
-820 -293 583 0 
153 -58 984 0 
-592 193 -421 0 
-477 -602 -552 0 
888 914 770 0 
615 205 -373 0 
677 332 -838 0 
75 -437 472 0 
952 -350 -115 0 
490 568 -330 0 
-355 101 732 0 
-616 -136 658 0 
264 636 359 0 
246 -89 -973 0 
-588 -559 -336 0 
-371 -798 121 0 
449 -361 110 0 
977 -787 619 0 
758 341 -953 0 
-378 504 -597 0 
378 16 -766 0 
-621 -281 -642 0 
-5 -622 116 0 
-270 -30 405 0 
-878 482 420 0 
935 800 270 0 
307 -202 321 0 
285 406 -567 0 
-51 42 -481 0 
-139 679 -861 0 
-703 601 157 0 
456 439 -480 0 
-177 -145 -186 0 
-724 -967 -183 0 
755 -810 165 0 
953 -125 -912 0 
-14 982 145 0 
-775 882 -450 0 
832 443 867 0 
346 4 979 0 
301 -18 -232 0 
80 897 586 0 
233 -723 -99 0 
-670 332 137 0 
-782 988 758 0 
-13 646 -229 0 
-200 270 -42 0 
-627 -41 488 0 
944 530 -23 0 
-457 -555 -803 0 
870 -602 -721 0 
-26 -176 -254 0 
524 679 575 0 
128 -648 172 0 
437 -257 78 0 
-403 -675 497 0 
468 -142 -609 0 
120 9 352 0 
-60 -924 506 0 
-752 846 -233 0 
792 702 842 0 
-275 -154 807 0 
-981 -496 -275 0 
-110 -977 734 0 
-141 -410 29 0 
-822 -718 49 0 
42 -617 -714 0 
932 -541 -528 0 
414 442 533 0 
390 -151 -630 0 
-751 -725 812 0 
-476 -964 128 0 
275 -779 813 0 
176 -497 728 0 
-687 954 -236 0 
677 -556 780 0 
101 789 -715 0 
565 766 -140 0 
-512 -245 -645 0 
84 -487 993 0 
-821 -206 750 0 
366 -724 238 0 
653 -464 -275 0 
-801 -683 753 0 
-316 -805 -526 0 
-135 -67 -774 0 
-376 697 275 0 
-988 443 -916 0 
931 -791 -132 0 
444 -562 -955 0 
-368 953 -230 0 
634 -643 -701 0 
991 -629 -219 0 
-316 580 -330 0 
-346 596 -134 0 
127 817 319 0 
894 -203 -187 0 
-245 108 533 0 
183 598 704 0 
-57 -720 -990 0 
795 520 -291 0 
-209 -610 587 0 
-717 135 -54 0 
582 771 743 0 
458 878 -857 0 
-124 -668 599 0 
227 947 16 0 
593 354 159 0 
299 -83 -728 0 
902 -342 -911 0 
221 251 -50 0 
570 651 93 0 
6 536 681 0 
-453 384 -853 0 
664 694 154 0 
842 402 -497 0 
-601 50 -360 0 
472 -278 315 0 
-770 -376 738 0 
778 483 -222 0 
31 672 -373 0 
-685 -83 269 0 
-722 924 439 0 
-70 -786 -950 0 
143 -893 666 0 
874 -541 236 0 
-653 -530 -5 0 
754 -350 425 0 
-495 -756 -273 0 
600 -881 -632 0 
-445 -56 -273 0 
-460 -487 -622 0 
32 407 -915 0 
431 -794 -526 0 
-921 19 -744 0 
854 361 -657 0 
423 -464 -204 0 
-615 320 68 0 
754 -358 -185 0 
29 -433 113 0 
413 963 -676 0 
-146 974 23 0 
186 -350 668 0 
-261 718 -564 0 
593 -900 -535 0 
289 -327 882 0 
585 -39 -297 0 
181 677 -516 0 
-6 -199 35 0 
983 520 656 0 
-289 -492 -569 0 
-608 908 356 0 
-612 741 980 0 
-889 424 70 0 
683 786 156 0 
-936 626 548 0 
-466 890 648 0 
30 155 194 0 
-560 33 728 0 
-289 5 668 0 
88 -517 -288 0 
-222 521 131 0 
-458 -262 -36 0 
15 -844 -817 0 
73 219 -564 0 
-99 -765 277 0 
-279 931 973 0 
-572 218 -813 0 
166 536 -169 0 
640 151 177 0 
384 683 889 0 
465 -900 240 0 
772 683 335 0 
-795 898 677 0 
-422 392 981 0 
-227 680 797 0 
459 761 546 0 
-79 517 -711 0 
315 414 -927 0 
724 217 112 0 
-454 65 -109 0 
-976 728 244 0 
-815 -884 876 0 
-396 -516 -557 0 
639 -813 290 0 
-934 -456 -61 0 
-859 -321 952 0 
-912 -47 -207 0 
770 -519 -340 0 
-170 701 -192 0 
474 295 -364 0 
-215 -667 890 0 
928 -62 63 0 
-803 -426 -600 0 
-698 -856 909 0 
836 -777 -581 0 
189 444 728 0 
500 844 -989 0 
625 514 841 0 
-244 -829 618 0 
484 899 697 0 
-370 -756 332 0 
-361 351 -606 0 
754 323 -8 0 
-145 356 959 0 
-437 -798 -602 0 
-27 731 313 0 
-629 -194 574 0 
490 -708 632 0 
-397 870 501 0 
-847 425 328 0 
-936 -563 -173 0 
-444 -878 226 0 
-424 -269 115 0 
79 -850 557 0 
666 -52 527 0 
749 458 911 0 
812 -655 -749 0 
272 6 -550 0 
234 852 -825 0 
-921 -955 337 0 
-938 872 304 0 
633 421 -800 0 
-510 -784 -323 0 
-65 261 -967 0 
-219 741 591 0 
-780 -774 -737 0 
501 269 -828 0 
519 -224 522 0 
617 -749 178 0 
-858 115 855 0 
909 -253 746 0 
102 378 -614 0 
403 71 838 0 
-288 378 28 0 
-768 -795 -736 0 
-737 621 -765 0 
785 -288 997 0 
-46 -330 -955 0 
-313 804 703 0 
957 141 122 0 
-140 -674 836 0 
452 -966 -55 0 
-529 429 -60 0 
-674 -496 -980 0 
900 403 -803 0 
-959 574 515 0 
971 -308 196 0 
560 494 664 0 
106 -449 -493 0 
-125 -919 340 0 
-954 637 455 0 
676 -652 338 0 
413 -61 627 0 
-380 328 470 0 
-609 -179 -591 0 
-82 849 422 0 
406 -887 155 0 
-106 -610 967 0 
-26 324 -657 0 
-172 358 204 0 
165 628 -564 0 
231 657 -987 0 
872 898 39 0 
-872 282 816 0 
941 -454 131 0 
-156 -437 -984 0 
22 -710 943 0 
970 587 -253 0 
-999 968 80 0 
-240 -754 337 0 
926 906 -339 0 
745 -124 559 0 
214 495 340 0 
203 -5 -372 0 
-11 -217 -969 0 
-731 545 -141 0 
573 828 796 0 
-343 376 87 0 
860 -265 -1000 0 
803 671 -995 0 
979 885 947 0 
-203 510 749 0 
987 127 -845 0 
707 53 252 0 
-159 409 157 0 
648 -356 -469 0 
-858 253 -520 0 
43 -329 -252 0 
588 -246 -901 0 
-766 -558 710 0 
-700 194 -187 0 
529 -93 -184 0 
54 -453 109 0 
403 -806 -577 0 
-896 -80 291 0 
435 639 -485 0 
-93 -393 -873 0 
339 703 567 0 
-797 -818 -808 0 
843 -63 -125 0 
69 13 -432 0 
188 -312 -998 0 
-883 -458 -263 0 
-538 -214 -118 0 
-284 -378 858 0 
780 245 -690 0 
394 629 -124 0 
230 -817 -51 0 
81 884 620 0 
-756 -902 27 0 
202 -367 662 0 
-945 247 423 0 
934 -219 200 0 
-806 431 512 0 
-931 714 793 0 
614 583 722 0 
-15 -311 -740 0 
497 -515 -923 0 
532 -258 674 0 
-470 -727 999 0 
-17 -639 -202 0 
-499 816 356 0 
-20 -454 946 0 
118 -968 250 0 
-977 -437 -416 0 
-40 -961 -757 0 
99 -621 264 0 
874 448 834 0 
905 74 25 0 
333 -992 577 0 
-93 189 951 0 
-909 -782 811 0 
-619 -409 87 0 
-150 351 -968 0 
993 -788 -358 0 
861 173 -748 0 
690 881 92 0 
65 -48 -335 0 
552 -730 -852 0 
-652 -43 -977 0 
-307 -504 -801 0 
318 -79 -860 0 
188 81 556 0 
601 26 97 0 
728 809 679 0 
903 -267 440 0 
521 -498 559 0 
-217 -92 868 0 
-549 -991 729 0 
402 352 162 0 
-221 454 219 0 
256 495 745 0 
378 -950 665 0 
256 -641 491 0 
-336 303 528 0 
319 345 -753 0 
734 941 -964 0 
-594 -674 -999 0 
127 -456 659 0 
950 665 731 0 
-859 684 915 0 
146 80 -969 0 
-566 313 650 0 
996 -411 433 0 
75 611 -910 0 
-799 -403 -655 0 
-282 -815 932 0 
439 361 -947 0 
-308 46 95 0 
-421 651 162 0 
6 -839 -567 0 
-109 541 491 0 
366 711 1000 0 
-718 -359 220 0 
88 -457 -862 0 
547 890 -911 0 
876 -13 165 0 
14 94 -99 0 
30 359 17 0 
-475 -426 -361 0 
893 171 254 0 
-635 789 -976 0 
-39 -339 804 0 
82 80 929 0 
443 -360 -992 0 
503 -162 -476 0 
-211 -773 -156 0 
983 -362 -567 0 
-282 472 -124 0 
-518 -339 -399 0 
552 5 670 0 
962 220 865 0 
-304 -436 361 0 
987 408 715 0 
972 -676 390 0 
76 413 122 0 
-333 803 -233 0 
-799 8 -505 0 
-565 -538 -871 0 
317 674 -858 0 
286 966 890 0 
396 -829 308 0 
658 759 467 0 
-778 -906 -18 0 
-967 -159 -370 0 
-728 -419 -241 0 
54 727 734 0 
906 -73 105 0 
-249 983 -659 0 
-126 -726 934 0 
-458 384 601 0 
97 186 709 0 
619 982 -471 0 
487 -669 786 0 
-301 460 902 0 
-366 -873 -639 0 
189 79 907 0 
667 649 617 0 
788 141 640 0 
76 -542 548 0 
-214 634 -509 0 
-226 760 -623 0 
539 -762 -521 0 
278 371 -250 0 
336 -608 -300 0 
158 -711 -184 0 
-786 138 99 0 
-632 605 -659 0 
-904 -21 438 0 
-912 -879 -299 0 
-758 637 -214 0 
977 900 -633 0 
525 -99 136 0 
541 981 -561 0 
-73 921 693 0 
-597 -93 -567 0 
-716 -126 -410 0 
212 915 -205 0 
18 -554 -347 0 
-677 -166 926 0 
-125 -190 -691 0 
-827 199 845 0 
-355 622 -910 0 
726 -287 -429 0 
-537 776 -604 0 
-627 -338 -470 0 
-181 388 754 0 
512 680 -895 0 
843 -386 996 0 
676 -337 -575 0 
-935 -918 -583 0 
566 -287 182 0 
398 -571 83 0 
695 -892 793 0 
965 -437 -475 0 
507 -544 29 0 
705 482 -127 0 
572 520 -294 0 
672 -904 -979 0 
838 -576 542 0 
463 69 -534 0 
549 -714 -639 0 
572 -413 -684 0 
-264 -200 335 0 
660 -452 -627 0 
-484 -213 60 0 
-547 -615 549 0 
-714 -546 -91 0 
-369 14 800 0 
921 -754 -791 0 
-233 69 -983 0 
661 -262 988 0 
677 332 61 0 
-658 813 965 0 
176 398 -251 0 
997 455 536 0 
809 -436 502 0 
931 921 617 0 
-992 885 -535 0 
-420 871 168 0 
115 778 -83 0 
-293 805 242 0 
-535 515 -130 0 
784 -503 -108 0 
876 266 -881 0 
-653 -647 407 0 
272 475 -101 0 
-418 398 215 0 
-399 -169 550 0 
-587 48 -996 0 
86 207 93 0 
-421 605 190 0 
754 194 -215 0 
603 255 -74 0 
508 -697 524 0 
889 684 -248 0 
781 679 -860 0 
168 -437 492 0 
-751 592 881 0 
246 -630 60 0 
-766 31 106 0 
914 -775 -146 0 
154 -174 -222 0 
-410 478 -891 0 
-562 648 -556 0 
-388 203 411 0 
-373 -258 782 0 
967 -229 -417 0 
-929 362 -425 0 
133 802 -694 0 
-519 536 531 0 
264 465 -727 0 
262 940 473 0 
-678 -616 490 0 
-690 -378 -427 0 
226 465 61 0 
120 -287 -224 0 
604 -323 -310 0 
206 551 172 0 
68 415 -314 0 
530 -572 57 0 
643 736 536 0 
-550 34 -662 0 
892 519 567 0 
941 189 -370 0 
299 198 738 0 
756 226 566 0 
714 -792 -583 0 
-824 939 -200 0 
955 451 623 0 
-753 560 804 0 
-906 -39 -796 0 
-689 22 600 0 
129 -721 -693 0 
-612 -990 -172 0 
-7 967 818 0 
-960 -478 -543 0 
-770 -240 104 0 
-233 173 983 0 
-60 67 778 0 
-489 882 -815 0 
380 382 -334 0 
-848 369 801 0 
-515 -595 -894 0 
365 582 286 0 
-539 -383 -431 0 
40 592 780 0 
548 489 -517 0 
555 690 831 0 
-423 1000 -910 0 
-127 238 131 0 
742 688 -513 0 
-709 677 -264 0 
-855 -952 107 0 
-727 888 875 0 
70 -736 -562 0 
-774 -546 705 0 
788 834 501 0 
472 499 914 0 
722 -424 739 0 
-727 898 931 0 
-672 852 987 0 
821 177 404 0 
618 -766 985 0 
-723 918 805 0 
7 -408 -934 0 
-812 916 526 0 
857 172 -391 0 
178 -376 -848 0 
-5 311 -985 0 
278 -643 87 0 
375 -92 -267 0 
738 -934 657 0 
230 -883 596 0 
695 -833 517 0 
405 678 664 0 
-674 955 96 0 
572 817 -375 0 
736 -735 316 0 
-158 -643 -447 0 
329 -280 -599 0 
247 -965 -522 0 
-69 790 967 0 
-758 875 -152 0 
522 936 -773 0 
987 277 -585 0 
828 -920 152 0 
-378 -459 633 0 
-85 -903 772 0 
397 -215 -196 0 
-752 -742 534 0 
485 241 878 0 
557 607 -914 0 
862 612 860 0 
787 779 803 0 
-862 -701 -797 0 
708 -545 -309 0 
668 457 -633 0 
596 -809 -22 0 
-635 519 -330 0 
462 905 -865 0 
-31 -495 454 0 
-188 321 -447 0 
645 -222 887 0 
-808 -653 -378 0 
-173 626 -311 0 
565 586 -821 0 
428 250 142 0 
-331 -493 173 0 
655 886 -854 0 
-131 334 -955 0 
610 404 622 0 
-77 202 -112 0 
-947 706 -9 0 
-173 -550 -771 0 
-553 -783 879 0 
153 -574 466 0 
37 -175 791 0 
27 495 -144 0 
78 357 -123 0 
540 834 243 0 
-808 -1 258 0 
629 187 508 0 
201 80 464 0 
-903 940 158 0 
-846 -627 -2 0 
68 -915 716 0 
-270 960 454 0 
980 993 177 0 
-137 -345 -728 0 
603 851 684 0 
277 -58 -924 0 
167 -684 726 0 
-606 449 469 0 
-776 -110 990 0 
-669 -554 -301 0 
-96 731 988 0 
681 -865 -616 0 
917 859 -607 0 
-670 71 929 0 
633 470 552 0 
-167 578 -497 0 
-645 123 361 0 
-384 340 137 0 
-906 -601 74 0 
673 209 -9 0 
-832 682 -893 0 
655 -774 -441 0 
616 676 -552 0 
715 292 -97 0 
-920 29 -994 0 
-344 95 488 0 
-12 -343 956 0 
809 -297 195 0 
-751 463 716 0 
185 192 809 0 
-560 -263 994 0 
185 99 -115 0 
-141 -304 -778 0 
324 -499 -32 0 
-597 908 798 0 
751 834 251 0 
-428 -512 547 0 
911 738 -431 0 
747 315 -845 0 
370 -509 -817 0 
-363 -811 898 0 
-245 276 163 0 
740 238 129 0 
-427 -381 -832 0 
-128 828 -489 0 
689 -823 -470 0 
363 419 -793 0 
849 -47 279 0 
-204 610 -879 0 
612 756 785 0 
-910 381 -859 0 
-377 311 -245 0 
604 -419 219 0 
-75 962 -102 0 
221 -517 401 0 
-705 -445 516 0 
-380 -507 732 0 
686 -767 235 0 
-762 -717 646 0 
276 -870 249 0 
10 617 355 0 
584 -253 245 0 
-68 866 -773 0 
-332 -14 231 0 
170 -126 -398 0 
401 406 -570 0 
853 254 -479 0 
-444 -512 999 0 
-102 280 825 0 
-36 769 423 0 
-209 -289 111 0 
831 625 -573 0 
607 -339 -12 0 
-693 -507 331 0 
625 816 747 0 
399 -944 452 0 
-50 -344 -275 0 
-196 207 432 0 
-281 300 -291 0 
-287 386 673 0 
-902 832 365 0 
-274 10 907 0 
120 -853 -658 0 
-515 777 -61 0 
-858 35 615 0 
-743 -410 -213 0 
925 626 -835 0 
30 -140 254 0 
428 501 -795 0 
258 53 -977 0 
573 477 40 0 
-495 886 952 0 
-970 -140 -126 0 
-787 -263 401 0 
199 691 690 0 
-633 908 596 0 
-718 -1 -304 0 
237 300 -822 0 
-456 398 142 0 
95 -995 -497 0 
152 472 177 0 
368 404 -367 0 
-59 504 -96 0 
653 414 -262 0 
91 -271 964 0 
-180 -115 292 0 
-435 -363 344 0 
-74 -400 -917 0 
-603 -83 48 0 
-420 -648 -673 0 
-812 501 -177 0 
945 97 -201 0 
-796 -192 146 0 
363 -712 563 0 
-338 -408 -923 0 
6 702 872 0 
-810 276 534 0 
-886 -773 772 0 
301 -84 -599 0 
69 -767 352 0 
33 -40 -877 0 
760 263 102 0 
-497 -87 680 0 
-880 973 -5 0 
347 243 -967 0 
-25 60 -614 0 
-205 -511 -29 0 
906 -295 627 0 
-4 -119 507 0 
-470 376 598 0 
699 -666 -689 0 
-510 901 68 0 
-695 374 384 0 
807 439 -927 0 
648 -866 734 0 
-661 153 275 0 
350 -441 226 0 
197 611 -392 0 
888 -201 -257 0 
654 -355 737 0 
93 57 -385 0 
-273 -722 -865 0 
-419 -771 -797 0 
-750 968 -796 0 
9 529 -788 0 
-420 -464 957 0 
-631 -751 131 0 
-673 -107 864 0 
-417 748 -52 0 
986 -444 99 0 
435 562 -501 0 
256 779 -642 0 
-722 916 316 0 
-56 806 153 0 
-244 -696 273 0 
873 -607 56 0 
337 544 174 0 
716 320 96 0 
-13 -254 -376 0 
-860 782 429 0 
609 -236 272 0 
428 -373 -506 0 
-86 -319 -190 0 
-520 102 959 0 
916 295 -6 0 
951 -546 -528 0 
833 -410 288 0 
-896 738 -971 0 
-103 -446 69 0 
574 -365 -650 0 
512 629 -336 0 
-391 934 416 0 
751 416 701 0 
642 550 -657 0 
592 185 489 0 
-775 403 181 0 
697 365 779 0 
-673 -204 387 0 
-653 463 -884 0 
358 872 -644 0 
504 929 -897 0 
-922 -312 -645 0 
-194 -320 809 0 
190 -758 532 0 
-448 -860 907 0 
-750 656 47 0 
-827 923 -439 0 
463 -794 -472 0 
-843 289 387 0 
380 -865 -366 0 
637 453 -612 0 
523 769 -193 0 
562 903 508 0 
-607 893 606 0 
354 108 -824 0 
-154 867 -8 0 
-478 662 -853 0 
228 890 726 0 
-334 111 -693 0 
-373 -438 -6 0 
363 426 890 0 
18 -373 -507 0 
404 878 49 0 
938 225 -539 0 
-751 -239 310 0 
-743 766 757 0 
594 873 539 0 
-307 769 -188 0 
106 626 -936 0 
-178 645 61 0 
879 -439 -497 0 
-167 -24 -762 0 
-505 191 -4 0 
-900 977 116 0 
-838 -583 393 0 
-993 106 -410 0 
-168 -507 335 0 
-696 778 -234 0 
758 -470 317 0 
-544 174 714 0 
-68 590 -363 0 
-640 635 534 0 
-128 564 596 0 
-75 -72 799 0 
214 271 490 0 
939 -21 265 0 
178 -996 -640 0 
-291 416 -529 0 
50 -361 -228 0 
-491 164 -66 0 
353 837 -275 0 
317 201 136 0 
-384 -649 -181 0 
846 850 -172 0 
-846 326 687 0 
904 872 -569 0 
920 554 473 0 
419 673 -25 0 
-288 -814 789 0 
-735 693 573 0 
65 -691 73 0 
530 -45 183 0 
-629 -456 59 0 
575 710 222 0 
691 632 97 0 
-173 917 416 0 
-407 957 437 0 
-812 239 351 0 
-202 654 -916 0 
-982 -405 -504 0 
-917 132 18 0 
-112 -617 -784 0 
-728 192 86 0 
200 839 -264 0 
482 318 356 0 
-223 519 647 0 
-6 -965 -897 0 
128 -108 -361 0 
920 -385 -479 0 
335 -107 64 0 
674 540 269 0 
956 -61 -788 0 
-145 981 -979 0 
158 85 -803 0 
-519 515 -713 0 
434 -496 683 0 
717 707 -647 0 
-137 426 501 0 
775 935 -507 0 
-928 -651 -345 0 
-290 -511 492 0 
225 222 332 0 
-932 -718 -934 0 
70 -776 -671 0 
-169 -719 447 0 
-18 -389 407 0 
344 922 -652 0 
-255 -882 -531 0 
313 845 -769 0 
-894 811 -456 0 
-120 483 -895 0 
593 -384 -231 0 
-894 297 63 0 
22 401 669 0 
-698 -505 -980 0 
990 -245 364 0 
-309 7 715 0 
-191 784 147 0 
-933 457 245 0 
348 -556 55 0 
65 -739 775 0 
-590 670 -997 0 
-37 424 643 0 
-949 -430 -352 0 
554 -185 45 0 
-602 -894 244 0 
886 858 959 0 
441 -94 -132 0 
285 -701 -709 0 
-938 221 290 0 
-849 -420 162 0 
-435 416 858 0 
-527 -371 252 0 
42 172 -196 0 
71 667 356 0 
496 -71 910 0 
-517 253 -625 0 
-416 613 -673 0 
-457 -783 -270 0 
54 -224 -360 0 
834 -95 913 0 
-937 158 -297 0 
196 412 -758 0 
860 788 -71 0 
-825 512 481 0 
-202 794 157 0 
-482 993 -932 0 
235 -870 747 0 
-195 144 -496 0 
36 -712 644 0 
-747 159 794 0 
694 233 490 0 
-615 -628 300 0 
744 -114 -418 0 
686 960 -865 0 
-607 883 536 0 
-238 992 -56 0 
839 -115 -667 0 
10 -171 -856 0 
-434 -705 76 0 
451 -846 284 0 
-599 929 -174 0 
-78 786 -77 0 
9 -127 -303 0 
-915 -611 196 0 
842 362 -882 0 
359 -360 -202 0 
251 -474 774 0 
141 -254 615 0 
-658 486 -377 0 
-438 554 819 0 
102 -874 -269 0 
-257 -702 979 0 
-306 -50 43 0 
923 251 588 0 
988 349 -958 0 
7 606 -744 0 
393 732 -38 0 
-270 788 425 0 
710 -347 403 0 
-748 202 219 0 
715 447 451 0 
-336 -15 -294 0 
394 -524 -232 0 
174 511 299 0 
937 397 506 0 
-240 748 -815 0 
-218 -306 -960 0 
-890 -528 499 0 
828 -140 -216 0 
-57 383 -893 0 
-979 630 972 0 
380 -529 131 0 
144 -497 -433 0 
269 -731 -578 0 
556 979 -362 0 
-30 -183 -958 0 
627 571 450 0 
-666 -565 -648 0 
979 -449 -188 0 
-120 -904 -784 0 
-758 -269 -465 0 
715 111 -390 0 
630 575 -107 0 
43 990 629 0 
156 72 -113 0 
-612 294 27 0 
702 318 -97 0 
-942 401 -114 0 
-442 351 977 0 
-332 345 843 0 
-865 -245 425 0 
833 -405 896 0 
-230 -16 816 0 
361 106 -964 0 
-221 259 -67 0 
665 56 621 0 
-497 -235 -341 0 
-903 922 455 0 
218 -144 -266 0 
613 459 -122 0 
766 -234 -287 0 
-837 -120 982 0 
-631 612 -548 0 
-495 -952 479 0 
-973 451 744 0 
-932 65 -719 0 
665 191 -865 0 
-342 -86 -83 0 
981 -149 -50 0 
802 406 15 0 
-648 361 -882 0 
482 376 772 0 
-359 -327 -264 0 
-443 555 128 0 
-598 674 351 0 
853 411 -935 0 
-468 -344 -266 0 
748 -63 524 0 
-471 102 -182 0 
603 -680 715 0 
-716 371 -819 0 
224 276 -218 0 
-954 -16 752 0 
-761 683 673 0 
-435 392 -149 0 
191 961 717 0 
728 -23 -632 0 
916 15 7 0 
239 593 -434 0 
-79 459 472 0 
891 714 481 0 
-646 -814 -33 0 
306 -16 -468 0 
236 -535 -477 0 
181 708 -776 0 
228 156 -270 0 
964 -616 855 0 
895 -962 -975 0 
924 70 701 0 
-297 332 -416 0 
844 326 195 0 
104 346 -949 0 
-799 -993 -327 0 
-253 -184 728 0 
-425 799 -340 0 
-114 -646 954 0 
-190 942 -7 0 
533 754 -557 0 
-257 312 -549 0 
270 295 70 0 
-432 414 831 0 
791 -279 -382 0 
516 377 -507 0 
423 896 -444 0 
320 -916 909 0 
-844 293 -737 0 
-421 105 30 0 
-302 -209 -308 0 
671 -645 -830 0 
209 4 -271 0 
-862 891 718 0 
-382 -473 236 0 
-412 -975 -986 0 
-655 -642 195 0 
-854 -768 654 0 
-918 917 811 0 
-825 175 180 0 
-836 -888 383 0 
-945 -926 -354 0 
651 -755 -728 0 
244 868 -651 0 
56 453 -349 0 
-502 -578 -920 0 
-179 -515 -167 0 
-617 715 -107 0 
-764 225 402 0 
356 -49 -666 0 
128 598 -506 0 
-712 -999 763 0 
225 874 438 0 
640 -481 -145 0 
-528 664 -65 0 
558 -841 629 0 
-741 933 430 0 
445 -289 625 0 
-963 444 -268 0 
340 444 998 0 
-57 -564 -654 0 
-205 -6 268 0 
-567 -431 -303 0 
-844 641 650 0 
-902 660 969 0 
439 774 -93 0 
98 -587 -27 0 
457 251 314 0 
307 -650 -747 0 
18 -930 253 0 
-145 -51 119 0 
24 -718 987 0 
986 629 584 0 
-321 -728 666 0 
-443 -20 208 0 
510 278 624 0 
-682 -445 -835 0 
-582 -692 -144 0 
364 602 277 0 
66 -141 -990 0 
-602 -179 367 0 
636 841 -129 0 
-888 -209 -195 0 
-789 41 88 0 
787 171 -119 0 
-726 1000 -584 0 
-112 -848 459 0 
-165 582 567 0 
83 227 553 0 
-716 235 132 0 
-172 111 -226 0 
479 132 -257 0 
203 476 -515 0 
206 -493 -319 0 
112 426 162 0 
474 -957 457 0 
465 -89 959 0 
490 -685 645 0 
-606 -63 147 0 
-541 846 483 0 
76 -429 16 0 
109 -22 -868 0 
-585 385 -580 0 
-699 800 670 0 
27 32 -100 0 
632 335 -420 0 
541 361 285 0 
-333 592 -925 0 
-589 -368 567 0 
678 309 603 0 
-738 -296 551 0 
917 -525 433 0 
354 -108 -939 0 
156 -136 601 0 
510 -911 -543 0 
452 682 684 0 
-737 -332 -520 0 
816 -170 -747 0 
-220 901 133 0 
-273 -120 -542 0 
-701 650 308 0 
-255 -836 -297 0 
839 28 230 0 
-221 -169 391 0 
210 411 -663 0 
425 552 379 0 
-648 217 -249 0 
658 383 -761 0 
-759 -742 98 0 
-266 737 -436 0 
649 -785 846 0 
-910 -928 -871 0 
765 574 806 0 
949 -818 777 0 
-201 841 -505 0 
-182 -816 -753 0 
-671 -17 285 0 
-32 460 -73 0 
-776 119 -977 0 
4 449 -173 0 
-711 -756 -930 0 
-883 30 369 0 
-195 971 -916 0 
-5 -655 877 0 
366 498 117 0 
679 -217 48 0 
-469 -470 -535 0 
242 452 -900 0 
91 -387 -996 0 
-819 538 456 0 
-55 -341 465 0 
777 -633 162 0 
-791 878 321 0 
-525 -132 -853 0 
636 588 -214 0 
-580 -976 -249 0 
-433 -527 568 0 
-216 836 320 0 
-494 354 -179 0 
-354 2 498 0 
909 408 311 0 
150 -426 -180 0 
-291 -459 321 0 
403 -924 -920 0 
-247 -949 374 0 
6 507 498 0 
-796 492 860 0 
-648 119 -240 0 
881 -868 418 0 
-589 -491 326 0 
636 -225 281 0 
764 630 398 0 
572 964 -91 0 
-663 -930 612 0 
-105 339 -979 0 
304 506 992 0 
-361 -384 60 0 
819 -564 -501 0 
587 101 -951 0 
-779 88 814 0 
-659 285 617 0 
-919 963 -856 0 
190 -111 -920 0 
-664 878 547 0 
-992 447 913 0 
489 438 53 0 
707 596 482 0 
-357 349 912 0 
287 -274 -225 0 
-344 -672 -885 0 
358 -698 -532 0 
696 -881 -348 0 
264 -221 -750 0 
908 732 972 0 
212 987 74 0 
-282 -457 -430 0 
428 23 182 0 
768 -12 192 0 
-285 -104 -860 0 
102 -843 978 0 
419 134 -125 0 
135 510 334 0 
444 451 699 0 
-105 98 221 0 
-386 254 683 0 
312 -264 115 0 
760 -741 757 0 
90 -279 668 0 
976 918 -591 0 
-368 669 -498 0 
-894 433 -933 0 
-110 885 -367 0 
332 -325 750 0 
-67 103 377 0 
979 -639 -595 0 
-972 -240 694 0 
883 950 -595 0 
366 908 -689 0 
-956 8 -261 0 
-106 -283 781 0 
-863 -923 -297 0 
710 584 -733 0 
679 151 -216 0 
883 683 818 0 
849 -28 -524 0 
-709 6 -987 0 
592 43 -210 0 
704 -561 -968 0 
-703 318 -591 0 
-817 974 125 0 
964 246 703 0 
787 -133 520 0 
473 927 -661 0 
-152 189 196 0 
-974 -940 454 0 
-601 -777 -734 0 
516 -230 -829 0 
127 820 -390 0 
-562 28 -431 0 
-432 102 383 0 
689 -568 -850 0 
-35 -675 460 0 
705 647 172 0 
405 -813 65 0 
564 -63 640 0 
667 861 594 0 
-595 838 675 0 
-638 -450 -352 0 
-830 441 282 0 
342 -562 249 0 
-402 127 -187 0 
117 384 -660 0 
-1000 264 666 0 
670 905 -583 0 
-464 547 -394 0 
-990 -154 121 0 
594 -964 -828 0 
509 -136 422 0 
609 -191 -871 0 
-152 -711 589 0 
-245 -710 144 0 
-44 -30 523 0 
990 940 -463 0 
-639 -395 -879 0 
-136 -228 -727 0 
597 286 -517 0 
649 -955 219 0 
-153 -34 962 0 
697 -314 -550 0 
-144 -529 -97 0 
-890 -763 -775 0 
-53 -692 -569 0 
-433 135 933 0 
517 -422 515 0 
-301 -861 803 0 
-922 775 -528 0 
-425 765 -575 0 
-763 431 561 0 
129 -244 92 0 
-247 675 -167 0 
89 144 693 0 
-546 992 77 0 
674 78 -707 0 
926 -704 107 0 
-882 -851 333 0 
-212 -565 736 0 
-973 -708 633 0 
-525 853 -795 0 
473 401 679 0 
547 -661 -36 0 
529 -828 -408 0 
-984 -546 -181 0 
260 -834 81 0 
-470 -926 -954 0 
-852 -49 278 0 
524 -882 -370 0 
-503 -48 -160 0 
-864 260 -278 0 
-443 -659 121 0 
-221 561 -622 0 
-864 463 -151 0 
-176 -645 -824 0 
-278 741 -801 0 
538 440 -702 0 
32 389 391 0 
-967 -606 128 0 
-608 -921 -85 0 
582 347 768 0 
-628 740 -737 0 
996 126 177 0 
-362 -712 -315 0 
661 303 -293 0 
-112 256 -312 0 
768 736 -732 0 
-223 141 961 0 
302 104 -258 0 
627 -943 -153 0 
-665 215 375 0 
394 -341 610 0 
568 801 -24 0 
-119 -615 -706 0 
283 333 -143 0 
-461 -426 -55 0 
89 331 258 0 
-160 216 672 0 
945 -628 26 0 
880 816 369 0 
246 -80 -844 0 
-565 -240 -28 0 
465 -859 370 0 
698 128 215 0 
-987 385 506 0 
-367 -383 -898 0 
703 963 -397 0 
-851 -946 -948 0 
112 747 818 0 
-5 -149 -551 0 
511 20 -584 0 
-536 -783 140 0 
709 368 -649 0 
-97 584 145 0 
-406 -642 947 0 
551 330 -443 0 
137 82 882 0 
-434 -736 472 0 
815 333 468 0 
-149 78 31 0 
-849 673 603 0 
-732 297 425 0 
-596 -177 501 0 
-820 -285 -20 0 
438 358 -735 0 
-575 304 -110 0 
952 -488 -625 0 
-57 -895 -881 0 
738 623 151 0 
718 -194 -45 0 
477 415 -520 0 
-199 295 327 0 
224 -27 -699 0 
814 -230 764 0 
-84 914 -226 0 
267 -840 311 0 
-629 250 -503 0 
727 -543 81 0 
-405 52 631 0 
982 -648 -919 0 
638 -934 411 0 
695 -61 -309 0 
-753 -350 577 0 
-486 928 -103 0 
924 -489 120 0 
567 770 -71 0 
-576 110 787 0 
-672 -484 -802 0 
-375 498 -819 0 
266 907 -928 0 
989 -305 825 0 
-79 -463 -416 0 
-70 -654 -109 0 
-438 183 434 0 
418 -92 -58 0 
493 382 981 0 
243 238 943 0 
848 407 97 0 
-87 600 -103 0 
187 265 560 0 
644 530 -955 0 
546 -733 255 0 
-527 -585 388 0 
476 304 533 0 
-882 120 805 0 
-491 126 123 0 
-449 864 407 0 
-846 -570 978 0 
888 -982 863 0 
874 557 -397 0 
-183 -102 -934 0 
-363 620 -518 0 
-496 458 -116 0 
794 845 -826 0 
228 -177 -698 0 
548 386 817 0 
869 -429 572 0 
636 -559 -138 0 
236 -186 -881 0 
-313 -504 -875 0 
839 223 176 0 
589 730 -944 0 
79 -796 -953 0 
-920 883 -753 0 
348 163 733 0 
-262 -252 528 0 
-126 436 -261 0 
-486 600 -396 0 
-992 667 756 0 
639 -523 257 0 
163 269 -423 0 
924 43 683 0 
266 -419 380 0 
-106 -48 -797 0 
-474 -350 -793 0 
-133 490 -110 0 
753 -567 393 0 
268 -546 961 0 
708 797 169 0 
-243 106 868 0 
-724 -616 -676 0 
866 549 103 0 
52 -660 -547 0 
880 -232 -66 0 
-919 508 198 0 
-678 228 -938 0 
35 -302 -551 0 
865 494 -688 0 
308 -412 196 0 
-907 121 228 0 
-938 457 518 0 
613 -422 601 0 
777 -802 589 0 
-263 197 -392 0 
824 180 -900 0 
-316 -273 -830 0 
789 -956 -899 0 
495 -780 -313 0 
812 57 -18 0 
408 990 232 0 
332 882 -614 0 
322 -945 -271 0 
881 460 -789 0 
-971 373 279 0 
432 -740 -97 0 
730 -806 -967 0 
-299 -636 524 0 
522 -473 -83 0 
739 686 -591 0 
-781 567 -292 0 
726 637 649 0 
-21 -483 -552 0 
-294 -256 -150 0 
17 638 -985 0 
-684 -538 -14 0 
714 18 161 0 
998 387 177 0 
-711 740 -585 0 
-658 -14 783 0 
-360 -254 -290 0 
809 543 756 0 
425 155 301 0 
-376 -439 -484 0 
-892 405 22 0 
524 277 -567 0 
288 -594 606 0 
850 -785 512 0 
677 -15 879 0 
-903 193 -810 0 
-593 28 -887 0 
534 150 705 0 
-459 -569 8 0 
-880 853 -350 0 
448 854 -83 0 
-319 -351 338 0 
392 -677 -163 0 
-388 274 -239 0 
132 346 776 0 
601 -628 416 0 
-476 136 -788 0 
-188 -931 625 0 
-452 607 -687 0 
89 -501 161 0 
820 -962 583 0 
-325 -491 -995 0 
-746 -848 -794 0 
997 -101 -927 0 
20 363 -717 0 
-880 454 92 0 
-941 -62 -519 0 
-807 971 -275 0 
-957 385 -94 0 
18 469 943 0 
-988 42 291 0 
-614 -71 323 0 
-963 611 780 0 
-262 -477 -188 0 
-348 -286 299 0 
-553 575 -519 0 
-165 -484 425 0 
619 789 852 0 
-462 500 -432 0 
88 -961 -814 0 
763 48 -304 0 
-238 331 -919 0 
-200 379 -378 0 
-589 746 -294 0 
-58 -912 -956 0 
457 -87 183 0 
-538 -436 -433 0 
567 -119 -358 0 
-644 500 -897 0 
476 480 323 0 
-874 -219 -236 0 
-39 -198 -569 0 
904 455 758 0 
894 559 823 0 
-277 653 -506 0 
958 851 -124 0 
633 -914 -936 0 
-853 708 113 0 
589 829 20 0 
262 -852 1 0 
-700 499 -556 0 
686 -897 -173 0 
432 -345 -494 0 
-408 -312 780 0 
-649 780 -913 0 
258 2 -309 0 
692 59 868 0 
-308 348 323 0 
581 262 -829 0 
737 316 311 0 
-603 946 218 0 
-270 -887 595 0 
718 372 -395 0 
-476 948 491 0 
267 336 -737 0 
-995 -263 -386 0 
949 -586 737 0 
656 -624 -501 0 
-22 -404 -664 0 
833 586 -961 0 
175 635 -309 0 
-113 722 -525 0 
-231 -92 436 0 
-795 17 604 0 
183 -319 440 0 
983 799 354 0 
-356 -764 176 0 
-449 178 644 0 
-499 -615 892 0 
-235 842 -238 0 
-370 -154 -878 0 
-977 -959 -115 0 
282 303 403 0 
664 58 -376 0 
-277 -569 -80 0 
-915 -204 -379 0 
-981 -635 -218 0 
42 -795 -938 0 
-180 814 -714 0 
-646 682 606 0 
92 -798 462 0 
662 890 244 0 
363 26 560 0 
-454 -103 -518 0 
-429 804 -685 0 
174 -111 -300 0 
138 50 254 0 
-994 282 845 0 
-285 -250 -803 0 
-454 -373 407 0 
-871 -867 -1000 0 
-647 -892 529 0 
-908 -120 -262 0 
-956 -529 711 0 
394 -589 33 0 
434 -773 -677 0 
-237 301 881 0 
-37 -880 825 0 
712 271 651 0 
-43 -267 -7 0 
504 -37 106 0 
-54 -694 163 0 
658 -374 94 0 
-495 339 -34 0 
737 -665 611 0 
838 925 379 0 
-692 887 -37 0 
-965 -505 -86 0 
-82 -910 524 0 
-90 -326 -403 0 
-939 -722 430 0 
506 -409 414 0 
637 -943 914 0 
783 -793 635 0 
-639 -983 130 0 
-553 72 -970 0 
-562 -974 412 0 
545 -960 299 0 
560 607 -752 0 
-874 556 -763 0 
609 391 955 0 
623 -828 244 0 
-770 863 -131 0 
-26 5 -987 0 
-388 621 -207 0 
713 -178 -569 0 
-476 53 -895 0 
-672 857 456 0 
930 -318 333 0 
-557 -583 -940 0 
-960 -43 900 0 
-57 -772 498 0 
42 -421 447 0 
-971 689 802 0 
357 -203 781 0 
-803 529 -968 0 
-390 -492 423 0 
-743 834 128 0 
-933 306 874 0 
771 -379 -218 0 
876 -582 -939 0 
-834 -232 -996 0 
-584 259 -255 0 
334 889 431 0 
341 -491 674 0 
-482 918 -952 0 
-906 -11 742 0 
-59 -621 189 0 
-286 -343 674 0 
-889 -144 -516 0 
165 -74 303 0 
-903 -309 174 0 
285 16 77 0 
-741 -615 662 0 
-917 -261 799 0 
958 -280 522 0 
-386 -417 -344 0 
289 -858 -326 0 
-51 -133 487 0 
557 -269 -879 0 
888 444 661 0 
243 -625 -135 0 
311 257 678 0 
-937 471 -585 0 
734 -192 982 0 
208 495 -18 0 
-909 791 -13 0 
906 -961 -25 0 
888 -664 -387 0 
-883 -344 676 0 
-919 422 -571 0 
451 -332 -123 0 
291 -777 -445 0 
585 179 301 0 
-665 304 428 0 
273 576 -148 0 
780 953 -61 0 
171 630 5 0 
-247 -268 -52 0 
-786 460 602 0 
-158 925 -665 0 
-499 -577 -689 0 
-654 305 557 0 
672 142 -557 0 
318 307 -139 0 
-679 152 -17 0 
-169 871 -367 0 
-867 506 937 0 
187 -450 -806 0 
-683 -751 -831 0 
-609 -240 792 0 
-540 627 435 0 
917 -752 610 0 
210 -55 -454 0 
-913 334 235 0 
94 -633 -101 0 
-276 -977 -187 0 
284 -745 -110 0 
298 339 931 0 
233 -738 908 0 
-605 -794 23 0 
-1000 28 257 0 
537 978 -434 0 
612 761 -864 0 
838 785 656 0 
185 345 550 0 
-578 192 -741 0 
788 -149 -973 0 
580 -89 -706 0 
893 424 -687 0 
158 669 -180 0 
-327 349 525 0 
-136 359 147 0 
668 -513 788 0 
-327 -215 362 0 
625 -500 885 0 
335 -299 849 0 
-725 -411 205 0 
-712 -294 14 0 
-318 -784 46 0 
893 -745 656 0 
253 315 -202 0 
716 559 -664 0 
604 477 367 0 
877 632 -151 0 
-392 -711 -154 0 
47 895 -787 0 
-826 -418 -208 0 
217 -456 -934 0 
-679 473 -363 0 
-357 -477 111 0 
-102 924 -631 0 
-473 848 -426 0 
815 235 -398 0 
-52 889 943 0 
-895 -39 38 0 
-339 -900 198 0 
-654 131 760 0 
-810 275 252 0 
301 228 526 0 
-810 432 333 0 
164 989 58 0 
-704 105 -30 0 
502 -673 968 0 
-559 -452 -249 0 
-508 571 -806 0 
-395 585 554 0 
-895 -378 -296 0 
-828 -867 672 0 
323 171 892 0 
796 453 -104 0 
-993 400 -11 0 
280 -269 723 0 
-75 -936 499 0 
686 888 -706 0 
-289 -864 -134 0 
-311 -640 -484 0 
-139 883 489 0 
332 77 674 0 
492 -180 624 0 
535 996 -559 0 
-378 -203 758 0 
-871 -393 -232 0 
-857 -279 -595 0 
148 707 881 0 
353 636 -745 0 
844 -695 -701 0 
469 98 -848 0 
-897 749 572 0 
-615 -342 692 0 
327 796 991 0 
284 272 -922 0 
-65 -649 -802 0 
812 957 317 0 
238 -933 -426 0 
187 -356 -787 0 
635 767 630 0 
-135 836 332 0 
-146 -60 552 0 
155 938 404 0 
-417 -348 -781 0 
-858 -571 248 0 
-945 401 -174 0 
509 830 -866 0 
134 -618 -135 0 
-304 657 142 0 
585 -106 971 0 
-550 -69 -115 0 
720 -936 985 0 
752 438 984 0 
-208 248 407 0 
-407 -460 -790 0 
-179 -483 636 0 
414 689 -242 0 
-490 999 7 0 
-349 -614 86 0 
415 -847 931 0 
731 -111 -590 0 
386 590 110 0 
-107 -559 476 0 
-476 104 836 0 
-574 -346 124 0 
86 108 336 0 
957 881 -787 0 
-445 398 -217 0 
-149 -985 -646 0 
-849 323 873 0 
50 -643 -158 0 
-844 -876 -658 0 
-255 -410 702 0 
-684 -316 -341 0 
-7 312 -309 0 
56 418 165 0 
-447 590 -914 0 
-303 -731 504 0 
392 -532 332 0 
-563 857 -431 0 
197 350 898 0 
-302 420 -541 0 
143 56 197 0 
-327 -430 -186 0 
-433 -161 -175 0 
-580 345 -347 0 
911 -597 926 0 
332 -70 615 0 
-782 -951 753 0 
16 -500 947 0 
-904 -70 822 0 
877 315 -385 0 
-869 -165 -939 0 
193 507 -70 0 
889 732 -470 0 
837 138 210 0 
796 331 -979 0 
-90 -363 792 0 
262 -64 700 0 
265 -908 673 0 
190 639 -644 0 
-746 37 903 0 
885 862 813 0 
-101 -529 -637 0 
514 996 975 0 
340 370 -265 0 
416 -369 -186 0 
-385 904 819 0 
-264 -715 551 0 
17 -575 48 0 
477 -776 -780 0 
89 392 -61 0 
-809 -290 -672 0 
342 -348 -856 0 
-543 -423 219 0 
986 -226 -760 0 
-307 -791 149 0 
-785 -208 -139 0 
-667 -141 -850 0 
-337 -496 -524 0 
-856 621 950 0 
-619 -477 -958 0 
546 -839 -255 0 
277 403 230 0 
-777 -848 256 0 
-67 -197 73 0 
662 -452 -517 0 
-940 679 675 0 
-457 205 657 0 
-333 987 -741 0 
991 -735 -259 0 
398 -897 908 0 
-378 -344 272 0 
-876 -639 -850 0 
690 -841 369 0 
227 -793 455 0 
906 -993 801 0 
109 52 556 0 
-967 -833 -634 0 
862 -774 -266 0 
-56 678 -763 0 
-679 -467 -583 0 
942 -346 138 0 
-80 -55 510 0 
-271 363 356 0 
-976 -47 53 0 
572 -683 -731 0 
580 807 593 0 
-167 -883 442 0 
490 129 -118 0 
132 751 542 0 
-60 -158 -139 0 
97 -490 -804 0 
16 160 702 0 
-329 -458 -261 0 
-629 -967 120 0 
-107 755 -726 0 
948 -441 -904 0 
-236 -260 944 0 
489 136 -792 0 
-121 -970 -908 0 
318 -43 255 0 
-272 273 -384 0 
187 -141 -821 0 
353 -396 -358 0 
973 -742 -794 0 
-946 442 560 0 
661 -769 51 0 
-568 -313 995 0 
266 511 -392 0 
575 946 218 0 
406 292 -78 0 
496 -643 -44 0 
-899 347 -455 0 
-720 793 812 0 
-101 793 -233 0 
109 -87 -888 0 
-983 -34 857 0 
812 294 -976 0 
439 -610 -224 0 
-501 367 -306 0 
974 188 -635 0 
-815 -989 -466 0 
-520 -402 324 0 
164 427 260 0 
346 -780 -53 0 
-442 -235 -501 0 
17 795 565 0 
-945 133 -362 0 
-441 714 -498 0 
191 771 -580 0 
-956 800 310 0 
-440 189 43 0 
290 916 214 0 
-275 239 306 0 
-20 143 974 0 
-69 398 641 0 
-377 405 816 0 
420 845 -122 0 
193 -584 762 0 
856 764 488 0 
-260 544 757 0 
-7 -383 510 0 
-654 636 -883 0 
-951 252 -559 0 
-756 -183 302 0 
87 878 884 0 
533 -497 -919 0 
-794 575 -746 0 
-734 -586 -598 0 
153 640 -437 0 
677 285 -535 0 
-777 381 -710 0 
-183 -117 -469 0 
251 883 -814 0 
-674 96 -657 0 
-51 -982 101 0 
833 748 -458 0 
376 992 -741 0 
312 -636 144 0 
295 -649 -407 0 
-523 644 45 0 
-984 -129 540 0 
-996 964 309 0 
57 -767 -544 0 
376 214 925 0 
642 -456 780 0 
882 -270 -199 0 
174 736 -596 0 
-368 -77 -568 0 
757 182 995 0 
-122 662 867 0 
-520 -342 -403 0 
-895 589 934 0 
-551 -627 -879 0 
230 -624 197 0 
517 691 678 0 
131 -545 -505 0 
989 37 784 0 
-588 -111 854 0 
-432 -876 -556 0 
-216 331 -325 0 
832 222 267 0 
-534 -37 -691 0 
524 -51 -684 0 
-32 995 -731 0 
-72 99 372 0 
-893 -625 944 0 
171 879 -336 0 
-718 613 -293 0 
546 825 -329 0 
95 664 230 0 
4 278 959 0 
435 339 -356 0 
553 -995 -106 0 
-23 -784 -808 0 
92 476 -396 0 
968 -105 832 0 
618 640 293 0 
-430 6 -56 0 
339 -816 877 0 
-341 332 839 0 
668 -588 249 0 
-226 804 -632 0 
948 -612 -464 0 
-700 -560 -702 0 
74 621 -213 0 
-329 443 952 0 
-36 -954 565 0 
651 -990 901 0 
-723 -278 -924 0 
-306 -808 861 0 
-528 957 533 0 
115 132 -160 0 
220 -321 130 0 
-453 843 -454 0 
-992 304 331 0 
318 1 66 0 
956 -913 -995 0 
967 -231 -796 0 
-357 382 331 0 
697 745 -151 0 
-514 266 677 0 
-551 893 -116 0 
439 297 749 0 
760 -134 -446 0 
168 -345 -339 0 
33 -859 747 0 
-740 635 546 0 
101 590 441 0 
-646 -769 937 0 
121 -456 139 0 
-289 797 627 0 
-362 -73 228 0 
869 676 -64 0 
534 531 344 0 
884 -706 -207 0 
-738 879 335 0 
-800 963 827 0 
-428 979 -864 0 
-696 879 89 0 
-875 868 -714 0 
-729 -55 -767 0 
-994 -100 658 0 
948 733 426 0 
-879 582 528 0 
-417 -320 441 0 
-736 291 548 0 
-856 344 959 0 
-714 579 -980 0 
515 -276 -476 0 
109 -977 -913 0 
488 -724 -843 0 
205 479 -956 0 
237 -783 -23 0 
-703 195 -566 0 
-624 -368 -393 0 
650 -898 246 0 
-393 -250 -885 0 
-10 -292 -430 0 
-652 -749 932 0 
-579 557 42 0 
922 957 -864 0 
-5 414 -749 0 
478 -8 -900 0 
892 58 -348 0 
-441 975 335 0 
-60 926 -654 0 
541 832 267 0 
459 -940 677 0 
217 -347 634 0 
635 -54 799 0 
-20 -798 162 0 
-695 210 391 0 
64 -673 -650 0 
-571 -147 -952 0 
-972 633 -118 0 
-427 -19 -793 0 
889 -871 687 0 
535 -714 346 0 
800 -487 314 0 
-302 692 342 0 
575 -42 -589 0 
-853 85 655 0 
478 -977 -158 0 
564 -865 414 0 
-718 863 772 0 
376 -413 300 0 
94 895 -622 0 
-385 -148 976 0 
-850 -474 71 0 
341 -460 166 0 
-843 221 631 0 
922 -686 -280 0 
-659 700 442 0 
432 -967 628 0 
707 142 718 0 
-314 100 -865 0 
-335 -404 -171 0 
773 -61 -208 0 
408 37 -648 0 
378 127 -846 0 
354 136 -72 0 
944 923 644 0 
-572 553 -42 0 
-861 -340 -947 0 
-324 133 -255 0 
354 946 542 0 
884 -343 -571 0 
458 -182 -718 0 
404 -637 -84 0 
314 960 -809 0 
-394 793 -8 0 
92 244 747 0 
562 168 862 0 
263 66 -94 0 
-498 930 405 0 
849 515 117 0 
-470 -651 -846 0 
349 -125 316 0 
-681 817 80 0 
-212 743 -167 0 
695 -20 -821 0 
-909 476 -607 0 
514 897 453 0 
857 599 487 0 
692 -84 -135 0 
814 -58 -211 0 
-12 -995 791 0 
401 -228 491 0 
-284 -794 643 0 
-802 -348 169 0 
-56 -308 884 0 
29 -623 -864 0 
-397 513 -638 0 
-972 903 -781 0 
-945 752 201 0 
539 708 -909 0 
-119 -132 78 0 
131 -651 -807 0 
967 -403 786 0 
-736 -414 247 0 
851 -114 277 0 
376 495 34 0 
471 -336 892 0 
130 64 329 0 
375 737 -777 0 
-419 810 218 0 
838 -106 558 0 
812 -819 245 0 
-144 668 -782 0 
-376 -430 64 0 
877 -255 -553 0 
480 277 -951 0 
-668 -192 615 0 
761 929 154 0 
476 307 151 0 
-541 -423 -993 0 
687 765 419 0 
-863 459 867 0 
-279 -242 -858 0 
-748 -511 64 0 
-889 208 -300 0 
-272 356 899 0 
782 -784 638 0 
325 -295 -274 0 
-735 -814 -433 0 
-911 -448 572 0 
764 -950 697 0 
-327 -874 -110 0 
-331 -21 -63 0 
26 -860 389 0 
224 -659 751 0 
500 -24 -161 0 
-203 -158 -23 0 
-801 145 32 0 
348 -826 471 0 
-251 -243 -177 0 
213 375 987 0 
-114 517 964 0 
724 -71 -192 0 
-654 -90 640 0 
-761 -298 -663 0 
-738 952 906 0 
-165 364 763 0 
-403 203 954 0 
39 -641 281 0 
-506 -152 630 0 
-362 -444 -880 0 
207 11 -98 0 
-970 -436 -86 0 
-796 -687 -415 0 
-142 539 918 0 
624 770 7 0 
701 -329 -775 0 
-538 -357 -289 0 
-266 728 256 0 
-312 985 91 0 
-627 460 480 0 
861 -258 -264 0 
-890 201 374 0 
472 -977 128 0 
649 925 796 0 
-378 500 317 0 
-791 -885 -200 0 
609 -131 -892 0 
-301 -82 313 0 
-662 -786 94 0 
-27 -8 -472 0 
246 -713 35 0 
-333 -277 786 0 
219 -810 463 0 
-30 -226 -311 0 
-923 299 405 0 
92 769 -393 0 
416 -391 421 0 
-439 812 673 0 
-190 -892 543 0 
527 69 185 0 
-632 116 806 0 
406 -771 787 0 
-442 121 568 0 
-984 -588 74 0 
809 -927 397 0 
-435 443 767 0 
-877 -930 812 0 
-853 486 126 0 
-520 -649 -519 0 
-538 -734 -593 0 
-112 637 722 0 
546 -108 -777 0 
840 307 634 0 
-899 -763 198 0 
-101 -629 181 0 
-592 -706 467 0 
-175 306 -67 0 
432 -672 364 0 
-219 -561 405 0 
-716 43 -938 0 
-816 433 -426 0 
-192 -79 114 0 
-327 619 -116 0 
14 -575 817 0 
-357 651 -430 0 
224 -67 -279 0 
308 -329 -867 0 
670 -459 -740 0 
-742 -536 -264 0 
-116 -267 -357 0 
853 -901 -85 0 
-821 78 -68 0 
987 954 -789 0 
-348 698 461 0 
-656 -633 648 0 
-200 -15 -846 0 
733 -644 -380 0 
-770 441 -271 0 
704 68 833 0 
680 -297 -709 0 
-249 -161 -871 0 
-564 -537 893 0 
645 -187 -163 0 
-313 913 905 0 
501 537 651 0 
803 -322 860 0 
-381 -771 740 0 
-998 104 -82 0 
-553 687 -869 0 
628 -540 72 0 
-833 328 290 0 
-143 843 -585 0 
711 578 -113 0 
697 -551 773 0 
-562 -90 -940 0 
-257 549 -300 0 
990 25 -545 0 
421 -374 -427 0 
-458 -479 789 0 
934 551 -19 0 
221 -703 -156 0 
33 267 -796 0 
418 -286 -880 0 
-372 411 -932 0 
573 858 -70 0 
569 725 -860 0 
540 877 106 0 
174 -342 564 0 
505 558 -814 0 
-29 9 165 0 
-154 123 -49 0 
-931 -249 -415 0 
495 351 -33 0 
-780 -925 819 0 
-277 113 226 0 
-174 -6 -441 0 
-885 355 -701 0 
-2 806 -979 0 
-95 139 -272 0 
428 463 -742 0 
622 344 261 0 
483 -225 358 0 
-515 288 -762 0 
323 -799 334 0 
-645 -218 611 0 
-874 -615 26 0 
-784 277 -404 0 
-348 -231 99 0 
-112 -327 766 0 
472 449 -981 0 
376 -910 -233 0 
-161 866 286 0 
-144 -208 -647 0 
-807 -523 620 0 
851 -779 834 0 
978 755 -88 0 
-406 -96 -309 0 
215 958 -889 0 
-12 -86 150 0 
-860 -284 -771 0 
-471 952 -758 0 
-265 -895 -404 0 
-692 -588 -313 0 
-905 413 715 0 
902 123 969 0 
-917 507 324 0 
498 849 -364 0 
-455 -147 -432 0 
-300 346 -695 0 
-592 -710 -570 0 
734 -544 -992 0 
44 -769 191 0 
795 469 -794 0 
-753 -438 857 0 
450 -555 -810 0 
519 -631 51 0 
-951 397 -498 0 
371 -465 869 0 
161 104 685 0 
-10 931 74 0 
-751 886 351 0 
204 -739 -277 0 
194 -214 -443 0 
-752 476 -441 0 
-392 -769 -601 0 
883 -328 -218 0 
-120 -464 -730 0 
-841 814 -816 0 
392 -798 -743 0 
5 -831 205 0 
-624 -824 -854 0 
832 -762 36 0 
827 -147 -973 0 
224 -33 475 0 
-881 678 780 0 
-489 -550 -355 0 
605 960 -133 0 
-466 -617 -609 0 
-199 118 736 0 
-461 -786 -378 0 
-711 -613 707 0 
-798 307 -636 0 
548 754 -819 0 
137 408 443 0 
865 245 -66 0 
370 -683 -171 0 
104 855 -437 0 
-381 916 -755 0 
-732 634 -404 0 
839 133 596 0 
-581 -5 -929 0 
-443 809 -624 0 
-751 -613 -970 0 
-37 -524 -651 0 
-715 -685 -860 0 
152 -674 -535 0 
-537 -245 177 0 
282 996 -253 0 
556 -73 202 0 
529 -33 345 0 
74 -205 277 0 
377 850 -239 0 
-364 641 -811 0 
-831 64 236 0 
-263 -205 -964 0 
882 282 964 0 
151 228 -170 0 
452 279 702 0 
-97 482 -64 0 
-678 -807 -315 0 
903 354 -364 0 
300 -131 544 0 
-612 -753 378 0 
-931 -559 117 0 
843 -847 -32 0 
-646 -926 -906 0 
-8 -190 623 0 
-225 -64 -860 0 
-364 153 308 0 
640 -676 -795 0 
-816 -665 857 0 
955 90 240 0 
-980 -826 -47 0 
-477 799 -95 0 
-808 -521 -25 0 
-94 546 941 0 
-857 -319 193 0 
623 -54 -835 0 
48 -86 -1 0 
-298 -269 67 0 
402 698 179 0 
876 -251 -388 0 
-568 -940 -218 0 
601 457 248 0 
-992 -327 164 0 
663 167 -260 0 
-240 948 -476 0 
136 74 839 0 
-653 -64 -645 0 
-266 -134 444 0 
421 467 -640 0 
-435 585 201 0 
423 -276 -170 0 
179 289 143 0 
-525 -684 661 0 
864 419 274 0 
72 -156 -274 0 
891 -297 -583 0 
-264 -925 550 0 
-11 268 -574 0 
-504 597 895 0 
-784 429 -682 0 
-377 -405 824 0 
88 -766 374 0 
631 689 1000 0 
-456 839 -725 0 
-529 451 59 0 
435 71 -206 0 
17 804 84 0 
340 976 -414 0 
-426 238 814 0 
-482 461 -636 0 
-20 972 -66 0 
-803 -667 -370 0 
-516 174 211 0 
354 -451 971 0 
175 675 993 0 
332 53 -74 0 
496 -625 -148 0 
-985 346 747 0 
-416 -70 -224 0 
810 -681 438 0 
950 -796 445 0 
616 478 -445 0 
-3 -694 136 0 
-751 302 510 0 
-228 844 -134 0 
950 578 151 0 
-118 -565 992 0 
-919 51 -457 0 
153 433 891 0 
-862 -115 -183 0 
923 70 559 0 
269 -602 669 0 
-411 -861 -59 0 
-530 743 -222 0 
928 875 552 0 
382 170 -909 0 
-271 164 511 0 
-55 -816 713 0 
-77 -135 662 0 
853 -527 133 0 
863 -512 71 0 
-603 801 84 0 
-579 92 -193 0 
577 -25 -559 0 
-310 10 -186 0 
-416 456 528 0 
193 425 -819 0 
681 304 -998 0 
694 246 -60 0 
981 947 -135 0 
260 527 334 0 
-658 924 860 0 
899 491 -543 0 
-343 -266 176 0 
579 443 -403 0 
556 -128 -929 0 
126 -850 905 0 
-245 -19 -550 0 
520 703 886 0 
-77 -39 189 0 
-946 -619 261 0 
-865 282 434 0 
-479 -609 764 0 
-428 -200 -179 0 
649 583 759 0 
252 -924 -991 0 
-566 -166 -590 0 
-285 35 553 0 
159 229 657 0 
199 616 -988 0 
650 137 873 0 
912 -224 -294 0 
79 -959 -997 0 
229 918 867 0 
661 66 47 0 
4 725 83 0 
990 446 -918 0 
-885 -231 879 0 
-932 522 314 0 
-124 52 749 0 
-171 -791 -300 0 
-669 286 992 0 
827 964 19 0 
-4 824 816 0 
221 -375 -782 0 
688 324 -196 0 
-497 -35 -891 0 
369 -514 -359 0 
-259 652 -210 0 
719 594 -506 0 
-379 -835 161 0 
488 38 -133 0 
-965 44 172 0 
166 -664 -426 0 
913 -616 -799 0 
-315 -491 -163 0 
-719 539 -20 0 
988 -595 -426 0 
-320 282 154 0 
-834 -744 704 0 
729 625 -72 0 
14 625 830 0 
-438 -774 -497 0 
561 -622 43 0 
320 -638 796 0 
961 -753 792 0 
-732 -967 -577 0 
354 891 -539 0 
470 -920 167 0 
-770 766 -292 0 
-672 799 -870 0 
-51 436 -56 0 
582 -204 -667 0 
-679 96 -727 0 
-507 -101 -810 0 
905 872 945 0 
-228 946 385 0 
59 494 275 0 
-442 843 15 0 
-757 314 374 0 
-681 165 944 0 
-561 -536 315 0 
445 -392 -832 0 
121 -97 207 0 
-212 -948 86 0 
898 791 612 0 
224 -481 -420 0 
534 970 -446 0 
-306 -243 810 0 
151 105 907 0 
435 -699 -47 0 
-447 -887 -254 0 
-845 -467 637 0 
909 552 -782 0 
420 862 926 0 
618 -913 185 0 
516 709 -551 0 
837 -504 878 0 
-946 -301 745 0 
677 -588 122 0 
314 582 -963 0 
495 -384 233 0 
832 985 82 0 
-376 262 437 0 
-505 459 316 0 
-480 923 -594 0 
759 -425 -596 0 
721 609 261 0 
-771 -584 541 0 
732 -153 -123 0 
-868 -468 833 0 
312 -108 -263 0 
723 -476 -606 0 
315 825 -597 0 
-770 -111 454 0 
-42 -434 449 0 
-55 401 -991 0 
-171 -498 816 0 
869 391 636 0 
735 -364 126 0 
599 898 -881 0 
-381 991 -677 0 
-506 914 585 0 
-797 642 -318 0 
764 637 180 0 
358 86 437 0 
811 945 -585 0 
-412 729 -603 0 
811 450 -376 0 
-610 -608 -199 0 
856 333 133 0 
-527 770 -279 0 
-644 328 -390 0 
412 -312 191 0 
675 -229 473 0 
282 275 -371 0 
969 -401 -314 0 
628 -87 330 0 
-681 491 -627 0 
-713 -290 -244 0 
-78 -440 85 0 
-375 960 428 0 
-542 740 -966 0 
251 156 918 0 
172 -445 -191 0 
354 960 669 0 
-767 -895 -300 0 
-48 -401 120 0 
-221 -467 447 0 
-302 -399 -7 0 
980 933 575 0 
37 -399 790 0 
-34 -915 821 0 
154 161 -24 0 
-509 620 931 0 
401 -90 -618 0 
-779 334 -757 0 
-568 -102 647 0 
-354 479 -348 0 
769 131 -854 0 
-724 353 -50 0 
538 -941 986 0 
-215 384 -284 0 
-835 867 -202 0 
391 90 421 0 
-978 -652 -335 0 
788 422 298 0 
16 -700 -266 0 
-886 -379 -26 0 
-727 -588 -830 0 
-816 -516 583 0 
902 725 68 0 
-725 822 -82 0 
290 -8 -92 0 
-883 890 -415 0 
173 372 -25 0 
834 -769 84 0 
240 -549 -963 0 
864 -233 5 0 
202 -323 -389 0 
315 701 -700 0 
-596 67 -179 0 
-877 -672 -740 0 
-394 521 -410 0 
683 -232 268 0 
578 277 168 0 
61 -452 -878 0 
-295 -832 273 0 
-78 -541 159 0 
87 -982 482 0 
994 117 132 0 
617 227 781 0 
-240 -542 633 0 
-951 330 774 0 
-855 266 264 0 
-472 -779 421 0 
-964 -962 -397 0 
-580 999 -833 0 
-550 959 -796 0 
-325 -761 -663 0 
326 -240 -973 0 
-469 265 953 0 
901 868 246 0 
-558 500 871 0 
570 101 -528 0 
346 665 759 0 
-639 -362 -197 0 
-852 911 89 0 
