p cnf 1000 3600
824 997 143 0 
-500 -948 568 0 
939 -661 326 0 
124 -336 -226 0 
218 108 -273 0 
709 300 569 0 
-137 -311 706 0 
893 607 -507 0 
267 -474 -285 0 
-404 918 113 0 
489 -533 264 0 
987 -476 767 0 
-742 -972 -842 0 
740 -35 -341 0 
-303 -27 -881 0 
-829 -575 826 0 
188 -987 -462 0 
-122 420 297 0 
-482 333 617 0 
840 496 -514 0 
686 -242 -953 0 
408 -225 -102 0 
-26 -213 -436 0 
-100 733 317 0 
884 319 -749 0 
-867 252 58 0 
-536 674 -739 0 
901 511 311 0 
16 216 948 0 
141 289 986 0 
-448 517 72 0 
895 -97 794 0 
-912 858 -371 0 
-48 534 -92 0 
-844 196 -648 0 
154 -15 -101 0 
-678 -276 890 0 
223 -430 -362 0 
-237 234 -330 0 
583 221 768 0 
-93 744 844 0 
343 960 807 0 
-70 596 -27 0 
46 -72 32 0 
-368 31 -576 0 
-647 234 715 0 
777 -242 -508 0 
-10 325 -38 0 
5 343 -6 0 
486 952 388 0 
-498 -481 240 0 
724 985 -774 0 
539 -919 -946 0 
354 -405 736 0 
92 -548 -507 0 
102 -82 -6 0 
248 910 553 0 
-762 231 491 0 
-783 -671 -236 0 
221 637 385 0 
-108 -656 473 0 
141 -564 -60 0 
949 -181 -322 0 
788 -509 473 0 
167 511 365 0 
778 -392 -937 0 
686 -880 -841 0 
-25 500 -818 0 
754 -931 -677 0 
-386 -293 -762 0 
-486 857 757 0 
-16 -324 992 0 
542 989 -439 0 
520 933 939 0 
-732 558 -993 0 
944 906 -189 0 
-933 -367 581 0 
-929 607 85 0 
-100 960 -933 0 
437 416 -316 0 
361 -46 -120 0 
571 678 -666 0 
676 -246 972 0 
-83 -506 189 0 
-65 329 479 0 
-429 734 -105 0 
795 966 689 0 
-927 230 454 0 
505 11 -606 0 
609 513 139 0 
-22 623 -455 0 
-815 59 958 0 
-396 811 -942 0 
546 979 156 0 
770 -769 -192 0 
272 -765 -160 0 
10 622 818 0 
-408 -66 152 0 
-360 -206 870 0 
-111 731 -907 0 
415 763 -768 0 
-26 -20 -748 0 
-416 683 -267 0 
-124 -306 -140 0 
293 -331 909 0 
-426 -999 921 0 
905 198 674 0 
245 619 386 0 
453 -142 -184 0 
-538 -602 836 0 
-451 -461 501 0 
-895 406 -99 0 
-445 -915 -503 0 
117 -319 -391 0 
510 -798 221 0 
-391 723 -748 0 
-719 583 -795 0 
-484 193 683 0 
798 376 -115 0 
-384 154 128 0 
638 -147 -717 0 
-265 -470 987 0 
516 416 655 0 
888 -11 675 0 
-683 -452 218 0 
616 -802 892 0 
-653 903 -68 0 
-444 217 625 0 
406 -733 84 0 
917 -476 -505 0 
-296 769 376 0 
585 167 344 0 
181 -615 -995 0 
725 925 781 0 
-520 25 -223 0 
-795 729 475 0 
914 -997 -687 0 
-698 -388 896 0 
626 595 -413 0 
697 -269 512 0 
-479 -957 299 0 
945 620 -74 0 
-508 889 633 0 
-377 -455 910 0 
-302 -390 -745 0 
-946 810 -165 0 
883 501 414 0 
-789 -875 -402 0 
108 -482 605 0 
-343 -127 321 0 
838 18 -437 0 
821 72 -796 0 
913 443 -578 0 
331 887 565 0 
624 -504 -479 0 
-395 128 -126 0 
-595 -513 -724 0 
-236 -394 770 0 
-825 -496 -747 0 
-41 394 434 0 
-450 78 884 0 
-662 -3 411 0 
-4 -236 -789 0 
-389 33 -965 0 
875 -142 -237 0 
725 -525 -152 0 
-428 -20 -276 0 
-328 -487 653 0 
-955 -385 57 0 
547 553 963 0 
620 399 171 0 
889 84 250 0 
-994 -340 -392 0 
-734 -766 42 0 
-580 -665 782 0 
-346 916 706 0 
-586 855 350 0 
504 -147 237 0 
733 188 258 0 
-221 141 252 0 
600 -691 890 0 
-315 -973 586 0 
405 -771 539 0 
989 858 144 0 
71 859 28 0 
249 33 -163 0 
577 -767 99 0 
80 900 213 0 
292 572 -290 0 
687 -923 745 0 
276 -58 15 0 
-919 518 409 0 
548 -666 -337 0 
-939 -488 -614 0 
762 955 -584 0 
-554 766 -80 0 
591 91 90 0 
-189 -256 1 0 
690 -211 -773 0 
359 -120 7 0 
-89 544 363 0 
-888 -884 -94 0 
684 673 -164 0 
568 404 -166 0 
-835 890 -139 0 
29 -446 -550 0 
613 967 -937 0 
-290 875 453 0 
55 -830 -671 0 
-276 -129 -883 0 
-673 243 -254 0 
37 -729 -421 0 
158 -43 758 0 
-204 39 863 0 
-169 -406 -904 0 
183 577 -86 0 
238 190 -239 0 
-88 411 -662 0 
-204 -463 -218 0 
-238 908 477 0 
769 -765 -678 0 
-114 -438 489 0 
-324 281 175 0 
-4 -796 -571 0 
747 -854 646 0 
222 -389 -815 0 
229 41 733 0 
661 -674 -887 0 
815 -389 43 0 
138 -141 -745 0 
983 -583 59 0 
363 298 -120 0 
685 321 354 0 
847 -877 -578 0 
-212 -588 179 0 
224 -543 -147 0 
-105 447 87 0 
680 519 -431 0 
602 -309 769 0 
-385 -121 560 0 
258 -917 -450 0 
878 594 915 0 
-898 703 649 0 
538 88 -472 0 
363 643 223 0 
-880 632 52 0 
770 245 -659 0 
616 -255 -699 0 
800 -523 972 0 
-520 860 -349 0 
-95 -88 -96 0 
-704 -738 810 0 
660 -940 506 0 
-491 136 249 0 
-60 698 -927 0 
539 204 -522 0 
-461 -686 835 0 
861 -133 -150 0 
-347 -950 -717 0 
510 -450 -965 0 
-295 -793 297 0 
15 -729 79 0 
-484 -350 -371 0 
751 -290 -607 0 
-754 -47 976 0 
-424 -266 -323 0 
-208 798 487 0 
530 983 828 0 
955 60 -178 0 
483 -815 836 0 
-548 -340 -156 0 
-492 -663 -4 0 
-963 -688 475 0 
339 926 -14 0 
663 353 148 0 
174 -912 537 0 
894 592 -948 0 
359 -584 -609 0 
-444 -555 -851 0 
652 766 311 0 
13 153 -197 0 
-341 531 -267 0 
-112 407 -391 0 
-241 465 470 0 
70 192 -580 0 
-323 -669 -552 0 
-141 211 100 0 
886 -918 -705 0 
-952 729 515 0 
-634 188 243 0 
-216 -779 -529 0 
-179 395 798 0 
327 -287 475 0 
-736 -787 -320 0 
587 -686 26 0 
130 -858 740 0 
-711 874 526 0 
553 224 744 0 
974 261 -356 0 
-483 -193 787 0 
-870 -343 -404 0 
535 38 -386 0 
196 217 509 0 
-708 748 245 0 
-197 737 821 0 
-537 -377 643 0 
980 227 683 0 
103 -566 500 0 
842 -517 143 0 
840 423 12 0 
736 903 -93 0 
-492 -278 393 0 
389 67 -836 0 
703 342 -496 0 
-595 852 -807 0 
-519 -381 808 0 
-884 -802 -909 0 
-661 399 590 0 
201 720 -588 0 
80 27 319 0 
-38 -673 -254 0 
-55 490 -383 0 
256 76 -792 0 
-915 598 669 0 
358 -221 489 0 
574 828 -368 0 
-685 849 -63 0 
457 874 347 0 
-84 784 -171 0 
27 51 81 0 
-968 575 400 0 
951 -875 841 0 
-6 69 -298 0 
-258 -959 -857 0 
-449 147 -197 0 
-154 -257 -723 0 
-402 862 -330 0 
-667 -538 195 0 
-548 -633 132 0 
180 354 -110 0 
63 295 827 0 
172 -3 125 0 
-144 -540 293 0 
-673 217 727 0 
-423 -692 -680 0 
488 625 687 0 
-853 12 -769 0 
-104 439 249 0 
-254 63 966 0 
-678 944 410 0 
-752 406 -20 0 
683 -445 -264 0 
741 -42 625 0 
33 235 -87 0 
126 806 -680 0 
883 -989 44 0 
-133 -611 -665 0 
-812 -431 912 0 
271 -422 -566 0 
-145 -919 -131 0 
2 251 182 0 
-80 -181 946 0 
-105 -43 559 0 
-140 8 18 0 
660 226 700 0 
-143 -746 658 0 
698 261 842 0 
-815 -392 707 0 
488 828 -565 0 
756 775 465 0 
-821 -120 920 0 
151 471 -880 0 
-356 -387 2 0 
-816 982 -131 0 
657 -365 60 0 
-394 -510 -380 0 
-735 714 500 0 
934 -582 -561 0 
263 619 -63 0 
-791 418 41 0 
583 -229 793 0 
-792 363 -151 0 
-323 647 -720 0 
236 -707 -64 0 
-569 27 -325 0 
-431 -764 -295 0 
-606 934 -66 0 
468 -646 -829 0 
868 44 558 0 
512 451 -254 0 
644 -988 -263 0 
17 -556 -78 0 
-221 36 625 0 
-235 352 -894 0 
-699 -663 -225 0 
652 -86 -667 0 
-111 196 -676 0 
-981 -521 -739 0 
23 579 -884 0 
-229 937 -789 0 
183 -549 883 0 
364 -770 -249 0 
492 187 -659 0 
984 -663 -800 0 
-224 -406 -84 0 
-280 350 -61 0 
822 -138 -734 0 
197 411 33 0 
-8 579 999 0 
7 856 780 0 
205 672 -269 0 
722 332 -3 0 
-670 -724 -939 0 
-366 -507 -518 0 
-143 591 249 0 
676 -402 3 0 
-571 -48 399 0 
40 -286 -796 0 
-736 37 -895 0 
-130 -246 378 0 
407 -499 24 0 
-524 -790 -391 0 
-832 25 284 0 
-857 842 -647 0 
859 -867 135 0 
-487 876 161 0 
-661 -642 -599 0 
-258 -844 -225 0 
281 580 314 0 
-885 932 724 0 
971 516 -557 0 
270 522 -912 0 
171 113 983 0 
-341 -943 260 0 
920 -680 643 0 
-193 -896 210 0 
762 -924 -397 0 
-431 -329 833 0 
-210 206 -480 0 
-497 -810 -745 0 
-947 567 74 0 
-714 929 -119 0 
54 -244 412 0 
-749 952 -457 0 
956 747 9 0 
856 633 217 0 
-654 705 -678 0 
650 235 510 0 
251 315 366 0 
408 -819 -337 0 
-298 -333 -28 0 
749 723 813 0 
-872 455 452 0 
-629 -239 557 0 
964 -943 -492 0 
318 -313 529 0 
-539 408 498 0 
229 -227 -699 0 
-175 658 -896 0 
-308 747 604 0 
-206 956 -313 0 
51 -30 -774 0 
-333 -177 -972 0 
673 -991 -964 0 
-22 909 -120 0 
-269 -115 -87 0 
-907 757 -859 0 
-207 -306 -835 0 
-469 798 -744 0 
-959 636 -149 0 
100 -57 -914 0 
-720 -884 -66 0 
-498 778 -183 0 
-24 -352 492 0 
-976 -488 -233 0 
165 -317 555 0 
912 227 510 0 
-259 -714 -834 0 
302 877 -227 0 
405 884 -619 0 
-230 717 -434 0 
462 564 56 0 
63 652 -888 0 
-133 679 -130 0 
-432 260 521 0 
-326 -531 558 0 
-7 -576 595 0 
-879 -80 -610 0 
68 -664 757 0 
34 139 549 0 
84 619 -35 0 
-143 -995 -192 0 
688 -897 -322 0 
854 552 -540 0 
-400 -936 -379 0 
-260 544 -934 0 
-137 799 -572 0 
331 -340 339 0 
-888 541 242 0 
-122 -634 388 0 
-117 -577 -272 0 
-517 -46 881 0 
493 659 985 0 
760 242 -121 0 
-462 -49 -303 0 
-231 12 -638 0 
657 -48 -176 0 
2 381 245 0 
856 129 -390 0 
95 -409 -630 0 
-716 -628 746 0 
-589 521 -793 0 
855 980 -666 0 
950 48 -392 0 
-31 12 527 0 
-956 -71 -286 0 
-759 472 716 0 
450 185 1000 0 
-704 -304 382 0 
240 639 410 0 
244 109 -224 0 
615 -217 955 0 
9 352 224 0 
795 -205 -669 0 
594 -293 -136 0 
-512 394 -837 0 
299 618 -988 0 
68 607 -258 0 
85 903 662 0 
-112 -863 -196 0 
529 51 16 0 
-948 894 -37 0 
575 -837 -101 0 
-674 -418 511 0 
-376 198 -166 0 
-646 322 396 0 
620 -826 535 0 
594 -770 -443 0 
-378 -272 163 0 
801 -284 -635 0 
-419 -135 132 0 
-764 97 355 0 
657 936 -957 0 
-678 667 537 0 
-40 217 -214 0 
785 972 480 0 
5 -665 869 0 
101 494 -562 0 
517 -454 -940 0 
671 71 -969 0 
177 -898 -72 0 
668 725 580 0 
-397 246 -384 0 
729 227 -378 0 
-577 97 -831 0 
-603 585 538 0 
685 -617 458 0 
548 -759 659 0 
292 771 707 0 
588 366 -339 0 
287 -115 445 0 
295 801 322 0 
-633 -982 991 0 
349 812 928 0 
50 753 998 0 
-496 -402 -760 0 
-911 -152 -196 0 
-377 -988 -359 0 
78 175 360 0 
181 -905 660 0 
995 -664 -584 0 
524 -399 480 0 
494 -216 165 0 
-329 -640 -974 0 
-340 57 290 0 
-659 -543 -708 0 
852 763 -446 0 
18 229 630 0 
307 -975 -510 0 
-916 -74 701 0 
-689 847 286 0 
-512 819 322 0 
519 980 728 0 
-619 -132 -49 0 
-817 -964 -388 0 
827 -24 -213 0 
809 782 -926 0 
-108 -358 866 0 
850 -107 -647 0 
-455 -526 185 0 
133 -93 -172 0 
958 -554 716 0 
827 -928 -133 0 
67 -697 -964 0 
-958 482 620 0 
-106 303 -766 0 
-615 707 87 0 
671 -919 -340 0 
-29 -386 846 0 
-419 386 837 0 
-841 174 301 0 
776 -996 -516 0 
515 949 959 0 
-914 -890 -843 0 
277 839 -688 0 
311 517 156 0 
-433 102 424 0 
401 -535 -317 0 
-289 853 846 0 
-529 42 -426 0 
324 -131 -631 0 
480 -915 -448 0 
209 -100 -947 0 
-51 179 -792 0 
-784 -852 56 0 
302 457 59 0 
-908 550 112 0 
809 490 186 0 
493 -684 167 0 
-512 423 -562 0 
-550 -809 -897 0 
401 -482 238 0 
-131 787 890 0 
518 -874 -923 0 
249 -101 547 0 
409 916 666 0 
-575 458 -211 0 
-612 -130 125 0 
957 322 -367 0 
897 773 902 0 
295 654 599 0 
-601 -47 -794 0 
686 -303 -407 0 
-966 -29 -315 0 
-134 282 -268 0 
519 -12 -999 0 
814 -108 -888 0 
-214 166 19 0 
933 -797 -816 0 
-826 296 514 0 
488 -171 -666 0 
646 -630 905 0 
995 159 -361 0 
-804 -868 -739 0 
-575 -333 -541 0 
-866 -937 -509 0 
-719 -35 468 0 
-469 884 -315 0 
-321 638 -324 0 
-382 -567 -763 0 
224 -856 -169 0 
672 490 -700 0 
-741 -630 562 0 
-3 -960 632 0 
939 -400 -545 0 
777 816 -599 0 
-181 -840 -64 0 
-46 596 -715 0 
731 -614 965 0 
-105 -784 289 0 
494 821 -232 0 
-240 892 -484 0 
-70 873 -197 0 
-71 -114 159 0 
-762 -587 185 0 
169 113 -98 0 
-699 504 784 0 
911 -408 924 0 
-508 244 -218 0 
530 536 930 0 
-70 556 67 0 
-946 267 285 0 
13 720 428 0 
-935 225 602 0 
343 -305 -978 0 
669 10 -706 0 
141 619 -107 0 
931 429 -113 0 
-612 -252 -232 0 
84 343 -929 0 
-371 -569 -186 0 
-55 -70 -162 0 
-304 -900 71 0 
164 257 818 0 
-23 28 697 0 
50 559 -918 0 
-108 -985 -13 0 
-355 295 -587 0 
-865 -370 206 0 
677 -738 -659 0 
-270 608 957 0 
-498 -855 747 0 
-929 -298 301 0 
86 773 -870 0 
-454 587 -850 0 
867 -254 640 0 
-93 76 -134 0 
939 -692 -804 0 
-643 -982 133 0 
-944 -154 348 0 
-209 -364 -514 0 
382 -142 -442 0 
-581 74 -207 0 
91 -739 -967 0 
350 673 -175 0 
-869 -240 764 0 
173 844 -911 0 
155 -569 -549 0 
682 -698 10 0 
-500 275 798 0 
-796 63 -20 0 
414 -996 313 0 
753 -602 -895 0 
779 946 -435 0 
-147 -432 842 0 
-685 588 368 0 
-147 969 -253 0 
-582 288 400 0 
470 697 -323 0 
284 -511 -946 0 
-993 192 -148 0 
685 260 379 0 
493 -361 639 0 
427 307 -616 0 
-307 -785 -35 0 
210 -8 535 0 
-186 -722 -837 0 
834 -622 923 0 
-557 194 821 0 
-858 651 -919 0 
869 420 991 0 
-839 -41 233 0 
985 446 -829 0 
-248 645 -20 0 
792 -454 802 0 
-398 -996 -422 0 
270 34 -368 0 
41 -664 747 0 
631 -769 616 0 
-282 -493 153 0 
238 24 852 0 
536 -876 542 0 
127 -505 -394 0 
166 -727 -817 0 
614 -73 797 0 
160 616 -644 0 
846 235 -915 0 
-377 203 488 0 
765 384 -136 0 
-86 -566 195 0 
-201 162 626 0 
-952 216 524 0 
569 -844 -506 0 
941 413 977 0 
181 -804 722 0 
908 451 -344 0 
-623 -195 -690 0 
68 811 -623 0 
-205 -195 -219 0 
-28 -659 402 0 
21 135 201 0 
-309 -123 -221 0 
306 163 461 0 
506 -58 494 0 
-859 -622 304 0 
-846 -667 -230 0 
-834 -522 800 0 
155 828 -276 0 
712 96 -879 0 
768 635 21 0 
-306 -250 -681 0 
445 717 824 0 
26 -659 -597 0 
-498 -888 -468 0 
-373 785 -120 0 
15 -680 948 0 
-6 255 -192 0 
980 -349 -484 0 
-596 -817 982 0 
566 993 -523 0 
-558 314 868 0 
226 231 756 0 
-456 -759 557 0 
583 492 -728 0 
-37 -92 -63 0 
-68 -766 922 0 
-159 165 667 0 
824 706 -722 0 
905 -42 196 0 
-524 813 137 0 
-286 811 -528 0 
-803 -210 770 0 
-875 324 237 0 
170 690 182 0 
683 63 -899 0 
459 442 -277 0 
-575 -734 -58 0 
564 -415 -865 0 
246 471 -611 0 
-173 252 301 0 
-412 875 594 0 
230 776 -446 0 
-769 -875 670 0 
691 -468 -674 0 
-419 -537 585 0 
78 787 691 0 
-893 -213 -484 0 
751 -89 -838 0 
152 992 -409 0 
-605 790 -715 0 
685 963 -393 0 
-960 -566 924 0 
571 106 -326 0 
890 755 814 0 
374 -109 -219 0 
473 730 969 0 
-476 -743 789 0 
715 188 107 0 
12 -653 312 0 
-378 722 -197 0 
-960 419 55 0 
663 -403 -214 0 
961 774 856 0 
497 -27 -250 0 
-740 -422 -656 0 
131 -884 479 0 
12 -28 468 0 
-614 275 892 0 
306 564 -711 0 
626 -426 -142 0 
169 536 435 0 
-178 -666 442 0 
-705 -301 -879 0 
384 -348 409 0 
941 -835 -192 0 
-860 910 589 0 
574 -652 -709 0 
-558 -607 116 0 
30 979 231 0 
-171 -661 -875 0 
-457 688 921 0 
278 326 -148 0 
700 517 -327 0 
-761 503 -788 0 
-373 -92 484 0 
525 -595 -319 0 
-78 17 -981 0 
932 585 705 0 
-818 -342 -642 0 
839 636 726 0 
20 -409 -665 0 
-64 -57 -666 0 
-784 849 -872 0 
348 -53 975 0 
-752 834 -107 0 
493 -772 556 0 
-448 -561 -774 0 
-521 -825 615 0 
-853 -519 -578 0 
-576 434 -670 0 
-348 586 -356 0 
-219 863 -705 0 
157 -930 317 0 
-746 -321 283 0 
288 -168 360 0 
-425 343 945 0 
-180 472 -37 0 
929 -257 370 0 
746 -320 -25 0 
-104 921 762 0 
438 -65 -752 0 
-207 520 -981 0 
577 814 896 0 
743 176 -468 0 
-677 655 252 0 
504 113 342 0 
-941 100 -877 0 
727 473 -920 0 
-932 229 141 0 
810 -963 -347 0 
255 -39 615 0 
-226 794 -35 0 
-278 13 884 0 
-264 639 268 0 
-860 790 -778 0 
444 -305 678 0 
771 -342 -899 0 
-124 -165 606 0 
-507 -989 922 0 
687 -241 -596 0 
34 42 -375 0 
-484 246 -802 0 
762 585 487 0 
479 24 965 0 
-173 972 -20 0 
438 -17 -94 0 
-930 834 -649 0 
864 -428 -631 0 
846 21 800 0 
757 29 876 0 
392 -116 99 0 
-581 -363 -765 0 
-120 -745 -26 0 
-553 465 700 0 
64 394 -244 0 
-999 -511 -165 0 
-817 363 459 0 
902 80 -979 0 
-986 210 -425 0 
715 65 -738 0 
-944 199 737 0 
-763 -634 -503 0 
648 564 379 0 
-527 -148 -62 0 
-593 236 -632 0 
-549 -679 -483 0 
-712 -329 584 0 
-37 572 709 0 
415 896 -7 0 
249 -590 430 0 
731 -689 185 0 
62 -251 -245 0 
681 353 828 0 
-769 313 -738 0 
517 -83 -561 0 
217 -149 -363 0 
552 520 -513 0 
255 -103 -785 0 
-538 355 333 0 
-173 -377 758 0 
753 -291 885 0 
223 188 -236 0 
458 426 -572 0 
411 -217 580 0 
-598 -43 -167 0 
306 -916 965 0 
-572 -504 429 0 
-377 -277 -51 0 
522 33 723 0 
259 -538 -924 0 
-265 -930 -274 0 
-674 534 -549 0 
624 33 837 0 
303 499 48 0 
-197 707 -532 0 
123 9 5 0 
194 -492 -536 0 
-281 -899 -78 0 
-875 143 -69 0 
-246 -646 456 0 
-587 -315 -169 0 
390 -351 347 0 
-986 384 693 0 
-987 -675 -285 0 
550 59 -248 0 
291 305 -664 0 
-700 242 144 0 
-80 -370 518 0 
435 283 696 0 
-225 693 -184 0 
-257 -630 805 0 
725 978 672 0 
414 -353 451 0 
-217 591 -415 0 
565 -679 -56 0 
289 124 -729 0 
-546 -329 705 0 
6 -359 121 0 
523 -181 -813 0 
971 556 149 0 
-377 684 550 0 
399 -841 497 0 
-164 -500 92 0 
-591 364 361 0 
755 294 412 0 
-667 473 -501 0 
541 -514 64 0 
359 741 -161 0 
330 152 -212 0 
186 135 -662 0 
-371 -989 -452 0 
-785 410 491 0 
46 334 716 0 
469 507 884 0 
331 -595 352 0 
327 539 -540 0 
862 -966 -372 0 
115 -459 -946 0 
-459 516 476 0 
-596 -906 -31 0 
-413 -260 -407 0 
-342 -666 -81 0 
-803 934 19 0 
-473 -847 205 0 
228 704 911 0 
-786 626 517 0 
497 -34 -660 0 
786 -804 -646 0 
8 79 896 0 
-128 855 48 0 
-278 704 -211 0 
264 951 350 0 
330 -913 394 0 
-203 554 845 0 
-769 953 -920 0 
-217 -752 -747 0 
-500 490 -617 0 
-409 -187 -429 0 
508 -395 751 0 
-239 44 -122 0 
-495 890 644 0 
357 510 -364 0 
-629 198 -634 0 
686 440 807 0 
715 497 31 0 
-624 432 -595 0 
-785 -87 282 0 
166 -190 977 0 
-576 -960 -836 0 
60 72 -953 0 
469 737 -967 0 
-761 78 397 0 
-398 -146 495 0 
-14 -710 37 0 
595 -185 477 0 
225 347 -297 0 
450 -805 16 0 
716 770 -611 0 
84 83 134 0 
102 425 299 0 
-683 18 -633 0 
29 989 489 0 
903 -846 698 0 
-914 383 879 0 
329 -151 -965 0 
459 645 624 0 
-500 234 -655 0 
-65 -599 -773 0 
-358 -717 141 0 
798 41 698 0 
-437 359 -606 0 
182 -256 -864 0 
-106 -479 -912 0 
375 -509 -901 0 
513 317 -239 0 
741 713 217 0 
947 166 411 0 
-330 983 352 0 
-824 -681 748 0 
-994 671 774 0 
-318 372 -769 0 
756 614 411 0 
602 -356 327 0 
-201 173 -804 0 
732 651 109 0 
537 -49 -583 0 
-843 -680 -449 0 
299 805 563 0 
469 -738 315 0 
-374 23 -369 0 
494 522 -794 0 
446 187 996 0 
955 134 647 0 
387 525 29 0 
876 -616 -557 0 
297 -363 10 0 
-443 801 -169 0 
259 -761 618 0 
-33 -179 -886 0 
-159 -374 443 0 
-738 950 268 0 
415 -374 680 0 
936 -433 740 0 
-16 391 -428 0 
325 -686 689 0 
-443 785 627 0 
499 -158 554 0 
899 627 978 0 
591 607 -890 0 
948 352 -531 0 
-164 -735 87 0 
-988 141 -178 0 
397 484 -520 0 
321 -172 615 0 
-497 628 -194 0 
-787 -121 198 0 
-372 371 -908 0 
-655 942 113 0 
205 392 -829 0 
945 242 752 0 
-677 420 633 0 
42 834 -704 0 
489 973 -84 0 
184 -925 996 0 
-554 71 -603 0 
-837 619 -462 0 
24 -931 -706 0 
828 370 -487 0 
883 852 -933 0 
48 -853 -277 0 
-378 -876 373 0 
62 -917 -979 0 
-98 -698 -372 0 
-646 760 -290 0 
-737 546 799 0 
381 -805 -561 0 
463 75 462 0 
-384 987 -388 0 
-940 741 631 0 
244 851 -979 0 
917 365 932 0 
-386 726 674 0 
-964 271 -25 0 
-248 -659 -767 0 
-183 117 -762 0 
748 823 996 0 
975 989 -67 0 
-810 -373 108 0 
-71 -552 -250 0 
-995 -29 -709 0 
830 -274 -845 0 
-791 56 710 0 
-139 -29 446 0 
-637 470 -719 0 
-671 104 -269 0 
-248 -434 584 0 
755 544 -930 0 
-283 -317 278 0 
178 449 787 0 
-504 638 259 0 
-350 715 373 0 
418 147 -564 0 
-94 401 341 0 
797 320 771 0 
-183 -726 -268 0 
-284 305 517 0 
-437 -916 -708 0 
-778 545 -298 0 
-830 593 258 0 
-119 2 239 0 
-390 -307 589 0 
-22 -584 -310 0 
559 -562 214 0 
-814 -227 144 0 
-527 -201 -897 0 
-367 -332 182 0 
512 605 -236 0 
-549 918 342 0 
-571 63 110 0 
-91 -287 638 0 
256 666 596 0 
-31 548 768 0 
-759 289 -876 0 
-411 61 10 0 
657 -369 528 0 
-216 -902 -589 0 
-929 -194 777 0 
-946 -72 -487 0 
-872 957 -211 0 
567 738 -314 0 
-137 -325 -857 0 
424 428 659 0 
116 44 377 0 
643 -427 -551 0 
-376 -654 -812 0 
-825 -362 -852 0 
402 -600 -65 0 
26 114 -487 0 
-870 -52 -548 0 
260 448 -224 0 
-84 -319 -464 0 
-765 -310 -410 0 
-750 -162 498 0 
112 941 248 0 
694 -517 -799 0 
-337 -182 895 0 
-836 32 480 0 
-254 -548 -455 0 
-462 903 -463 0 
267 -345 -912 0 
-679 -151 -73 0 
327 277 35 0 
-823 -82 311 0 
963 -580 -365 0 
-235 591 732 0 
-201 623 -299 0 
-867 -132 -674 0 
317 940 -640 0 
-220 -83 -552 0 
60 -452 882 0 
503 -578 898 0 
-254 -540 -208 0 
17 337 93 0 
684 -629 -738 0 
-276 617 -519 0 
340 413 -18 0 
-957 -895 -530 0 
-484 252 -669 0 
-784 10 -656 0 
-77 316 806 0 
-384 -470 950 0 
688 356 -341 0 
-356 -514 205 0 
497 -629 607 0 
-615 27 -792 0 
174 640 -789 0 
-821 385 955 0 
870 80 -515 0 
255 324 694 0 
617 -828 251 0 
281 676 302 0 
-669 284 -767 0 
977 447 -628 0 
-846 755 638 0 
-905 -489 -433 0 
34 121 -497 0 
-146 77 608 0 
-258 -810 -478 0 
38 -573 -868 0 
-397 874 -426 0 
237 -782 284 0 
680 940 777 0 
757 587 559 0 
-586 217 -63 0 
176 -384 -740 0 
955 -152 411 0 
59 -188 -584 0 
-844 -464 477 0 
-681 719 515 0 
286 947 843 0 
-172 753 755 0 
-974 -542 64 0 
-210 -953 211 0 
-916 610 568 0 
680 -644 953 0 
-823 -414 -534 0 
851 540 -223 0 
-967 154 854 0 
489 465 -323 0 
-506 49 -141 0 
-201 -263 -455 0 
656 5 392 0 
-139 200 -251 0 
-827 -19 -712 0 
530 -984 -162 0 
907 641 320 0 
766 -515 414 0 
-579 145 -668 0 
-995 -302 -728 0 
-636 -701 -208 0 
-150 56 649 0 
510 712 -75 0 
780 24 -905 0 
716 -47 590 0 
927 658 740 0 
-215 -198 -796 0 
-860 -487 710 0 
-595 -485 420 0 
-569 308 -889 0 
57 -419 -456 0 
85 306 -526 0 
182 279 -884 0 
132 -467 -494 0 
210 -898 -811 0 
-94 -240 -814 0 
609 -582 -74 0 
-86 603 680 0 
-60 -752 -571 0 
877 -767 763 0 
-860 719 -440 0 
29 -602 18 0 
479 -401 48 0 
-975 -205 -207 0 
50 610 378 0 
-407 714 135 0 
528 211 -783 0 
909 -894 210 0 
-138 -761 786 0 
-159 -676 -871 0 
232 -317 183 0 
-479 -456 820 0 
219 -251 -348 0 
190 552 598 0 
-917 827 723 0 
628 852 -934 0 
229 319 -579 0 
309 -271 -653 0 
-508 968 72 0 
-621 1 65 0 
471 642 591 0 
72 -941 -304 0 
-317 -234 174 0 
789 -558 591 0 
364 -908 -322 0 
945 -3 707 0 
-157 493 -17 0 
-265 -805 669 0 
-435 688 64 0 
-991 571 828 0 
618 754 -497 0 
686 678 -186 0 
-829 325 -32 0 
88 -201 862 0 
441 286 173 0 
-938 -42 465 0 
-333 -874 328 0 
805 207 213 0 
490 -955 238 0 
561 -121 329 0 
-428 137 794 0 
-934 317 412 0 
-460 -420 776 0 
965 332 -450 0 
911 -979 872 0 
-767 386 -697 0 
723 537 -406 0 
-520 178 -609 0 
-518 263 -811 0 
-695 288 733 0 
938 546 474 0 
228 831 544 0 
-598 -973 241 0 
-132 -254 635 0 
-101 -570 740 0 
327 -907 193 0 
-631 940 -794 0 
301 -439 3 0 
-853 -361 -158 0 
52 -924 730 0 
278 -946 385 0 
362 -912 715 0 
340 872 -786 0 
596 -36 -14 0 
-49 -702 -665 0 
781 -57 788 0 
-527 -26 213 0 
-640 312 -650 0 
-253 685 596 0 
719 740 652 0 
-279 -154 -727 0 
373 349 -828 0 
740 -223 -87 0 
213 -860 -638 0 
665 623 -655 0 
243 396 295 0 
-168 -643 126 0 
390 370 -341 0 
647 -209 -406 0 
453 606 -800 0 
-411 870 -902 0 
-323 -220 434 0 
820 707 200 0 
157 221 -152 0 
-434 -551 211 0 
518 18 263 0 
-476 817 -889 0 
-754 -301 227 0 
-911 -348 501 0 
902 -248 823 0 
150 -43 83 0 
998 -307 767 0 
-285 108 884 0 
24 999 236 0 
475 220 193 0 
-503 265 952 0 
257 -333 -905 0 
-116 -509 183 0 
-948 119 332 0 
-226 -282 -335 0 
-500 -115 -252 0 
-237 427 384 0 
-507 -817 618 0 
598 601 875 0 
221 127 410 0 
-847 -442 -614 0 
-331 -503 618 0 
-789 -360 496 0 
4 -140 459 0 
463 640 275 0 
-830 -700 -558 0 
127 -700 -318 0 
11 -988 581 0 
-859 -942 -253 0 
229 231 -427 0 
980 -295 438 0 
-635 503 137 0 
669 736 766 0 
-286 -141 -221 0 
592 500 991 0 
105 -677 932 0 
642 182 -184 0 
189 173 224 0 
941 465 -761 0 
532 707 -620 0 
976 -196 -723 0 
-914 -387 -244 0 
929 999 357 0 
-552 -815 -229 0 
-501 102 -17 0 
-153 -486 -990 0 
223 799 75 0 
455 -953 -663 0 
744 452 982 0 
-345 382 -887 0 
342 -535 327 0 
462 581 649 0 
283 -194 -197 0 
905 -27 964 0 
-814 66 -231 0 
-248 792 -996 0 
-138 -290 637 0 
745 500 -676 0 
-778 974 758 0 
-985 -793 -334 0 
-30 862 936 0 
-39 992 -302 0 
627 -830 -476 0 
810 86 -199 0 
-614 -931 138 0 
587 654 579 0 
875 577 597 0 
365 670 -470 0 
-136 -720 813 0 
-935 -522 66 0 
-454 675 -129 0 
604 108 494 0 
776 -826 899 0 
867 -848 -600 0 
127 159 646 0 
707 173 -845 0 
765 -580 -321 0 
913 117 405 0 
-662 -543 -806 0 
-327 -388 247 0 
8 887 510 0 
-367 -744 -248 0 
182 740 -876 0 
332 325 -750 0 
190 401 26 0 
121 385 -310 0 
506 -870 -310 0 
348 517 -429 0 
-504 82 357 0 
104 365 393 0 
35 -121 730 0 
-780 -498 -114 0 
489 -226 -160 0 
-183 146 523 0 
-67 711 113 0 
-244 553 704 0 
670 -205 656 0 
840 680 609 0 
-826 -612 197 0 
770 -608 328 0 
229 949 19 0 
-514 8 -578 0 
787 236 -38 0 
-791 680 940 0 
447 957 -886 0 
63 136 -66 0 
-723 -251 595 0 
-779 852 968 0 
344 763 120 0 
-833 -30 -546 0 
1000 -314 -607 0 
481 318 -29 0 
339 -562 984 0 
23 310 -110 0 
-711 -516 -230 0 
-174 282 52 0 
-964 -499 -962 0 
-156 992 -447 0 
238 945 77 0 
318 143 594 0 
772 -294 398 0 
-776 -164 -666 0 
-541 638 487 0 
769 395 -882 0 
239 554 -267 0 
-828 -303 -825 0 
719 846 959 0 
989 -196 295 0 
450 -25 -839 0 
507 843 -534 0 
-594 284 -759 0 
223 100 53 0 
-892 905 -902 0 
-772 734 -824 0 
448 554 -463 0 
350 514 -110 0 
348 -583 654 0 
-571 786 896 0 
-774 -194 -933 0 
611 -266 105 0 
-694 -946 -760 0 
-305 537 -223 0 
-270 -826 267 0 
-861 441 38 0 
-475 413 -536 0 
424 -911 469 0 
-164 -611 16 0 
-69 837 74 0 
-434 109 -98 0 
-386 -918 -971 0 
-763 -351 939 0 
143 115 -950 0 
777 367 433 0 
886 -361 380 0 
636 -234 139 0 
446 454 -490 0 
-20 -941 496 0 
-49 -992 39 0 
-246 -13 621 0 
-798 -849 848 0 
722 76 -667 0 
-247 102 -941 0 
-193 319 -981 0 
707 -769 -585 0 
-337 708 907 0 
-852 -507 607 0 
-786 -676 69 0 
508 -847 -364 0 
-851 -608 467 0 
718 610 605 0 
173 -78 -31 0 
-500 -573 153 0 
252 29 486 0 
415 132 961 0 
-127 393 -372 0 
-638 -869 -780 0 
-627 -664 -693 0 
497 -891 996 0 
-713 -181 -115 0 
614 -489 -157 0 
429 -764 918 0 
-134 -390 -730 0 
-43 -176 389 0 
-721 -369 239 0 
-559 -564 -501 0 
798 245 -682 0 
854 504 -890 0 
755 336 24 0 
-759 783 -17 0 
-930 98 405 0 
-940 -264 -231 0 
-948 -750 -729 0 
964 -513 194 0 
507 944 -797 0 
-231 -410 66 0 
211 -149 -579 0 
410 -284 943 0 
-506 -412 -212 0 
-360 332 239 0 
-514 -714 809 0 
-958 592 712 0 
788 -669 -846 0 
811 -543 94 0 
-137 296 -656 0 
440 224 -639 0 
541 -705 882 0 
-716 -661 992 0 
-662 168 3 0 
-264 -365 -654 0 
857 617 960 0 
742 -131 -160 0 
245 298 980 0 
474 -300 519 0 
-493 -717 46 0 
-884 -565 -742 0 
-487 -613 5 0 
-422 616 -200 0 
-791 -873 -994 0 
810 -303 -674 0 
-218 764 538 0 
337 -331 143 0 
321 -737 542 0 
517 -268 -922 0 
-514 -626 -830 0 
-127 -552 558 0 
608 -389 -349 0 
561 937 728 0 
-240 -513 -236 0 
318 -645 805 0 
65 194 -95 0 
588 -82 247 0 
793 -617 -593 0 
307 365 -765 0 
19 -339 -363 0 
739 705 -719 0 
-983 445 -362 0 
-625 942 -460 0 
130 -59 57 0 
668 -558 592 0 
-354 205 970 0 
-252 88 229 0 
-910 116 -733 0 
85 783 227 0 
-254 -454 -286 0 
904 -192 418 0 
-324 600 -243 0 
-305 789 498 0 
-45 343 -922 0 
-568 -88 579 0 
771 678 574 0 
-860 264 -699 0 
777 549 -581 0 
-833 444 -313 0 
500 -658 848 0 
-449 398 -564 0 
103 -35 574 0 
293 560 -108 0 
-926 882 540 0 
483 -209 -667 0 
-72 504 844 0 
149 -192 28 0 
971 -167 199 0 
-350 580 -975 0 
-912 824 -668 0 
750 3 -201 0 
-430 523 -97 0 
-68 -991 -759 0 
810 -227 -665 0 
96 -945 -37 0 
-565 -246 -404 0 
232 -558 -503 0 
800 846 70 0 
-619 -210 -135 0 
-233 582 -726 0 
931 46 496 0 
532 754 737 0 
95 732 -407 0 
72 -708 -448 0 
337 487 963 0 
559 -574 523 0 
-441 810 489 0 
47 -571 450 0 
-541 630 -253 0 
87 -873 -84 0 
-925 -208 -545 0 
-80 -883 339 0 
346 171 -12 0 
897 -8 505 0 
509 -297 723 0 
-771 -766 691 0 
885 -480 974 0 
-213 422 -843 0 
273 -76 205 0 
671 -574 731 0 
-272 88 848 0 
351 -747 -159 0 
-691 -766 517 0 
-838 -511 -121 0 
366 379 269 0 
385 911 -321 0 
104 275 -818 0 
-615 910 -261 0 
763 -830 39 0 
-207 688 713 0 
-980 954 93 0 
-413 255 -493 0 
-662 871 204 0 
929 -189 683 0 
904 349 -825 0 
-271 -482 -70 0 
428 361 733 0 
57 -20 834 0 
-170 -800 757 0 
-886 -39 -264 0 
-972 841 -963 0 
81 -549 -447 0 
421 -248 431 0 
770 -156 -190 0 
387 556 532 0 
419 236 406 0 
-673 809 -804 0 
-995 550 372 0 
152 738 -991 0 
768 990 -547 0 
800 567 680 0 
58 582 295 0 
-529 -678 -615 0 
-249 -270 428 0 
-787 659 -292 0 
-700 -919 -792 0 
750 -566 -447 0 
-647 -605 759 0 
-391 487 294 0 
-553 -848 -884 0 
235 222 -610 0 
150 -562 461 0 
596 374 346 0 
-787 697 -236 0 
-586 761 -836 0 
-550 -15 962 0 
-217 -609 -263 0 
-431 475 66 0 
-530 -807 -431 0 
-690 387 -763 0 
215 597 -547 0 
-802 -682 -598 0 
336 183 -473 0 
-300 664 836 0 
-739 789 -231 0 
-753 -814 -872 0 
884 -921 178 0 
-7 130 203 0 
-790 -298 574 0 
-732 -701 -426 0 
-751 703 -393 0 
764 -228 -89 0 
-456 49 390 0 
725 67 328 0 
83 914 384 0 
34 142 981 0 
163 898 509 0 
-248 795 -236 0 
-606 -225 -159 0 
69 -240 -679 0 
-559 -926 435 0 
-785 73 -341 0 
-198 611 -495 0 
-477 -242 -674 0 
-859 458 329 0 
46 -605 275 0 
-427 673 -653 0 
-191 155 596 0 
211 786 -550 0 
-648 -491 289 0 
-670 -570 19 0 
964 87 -66 0 
-935 -527 -608 0 
-646 829 993 0 
971 103 -283 0 
-611 -325 -230 0 
868 474 -977 0 
53 993 -600 0 
395 -500 -161 0 
-710 723 322 0 
445 542 -995 0 
-374 -984 -393 0 
-761 633 943 0 
-850 622 298 0 
766 -886 996 0 
-468 342 460 0 
-625 687 909 0 
-689 -190 -804 0 
-609 313 -363 0 
-499 969 -491 0 
-140 -788 156 0 
-385 581 -666 0 
641 954 -688 0 
57 658 -25 0 
-473 12 -617 0 
659 246 -688 0 
872 194 233 0 
-32 834 -676 0 
-381 -531 -945 0 
-295 638 -36 0 
-699 220 423 0 
-749 913 557 0 
-87 446 942 0 
-442 -232 330 0 
-208 260 882 0 
-372 500 467 0 
-933 4 -895 0 
-229 -305 -254 0 
-726 844 83 0 
-712 169 9 0 
-556 273 223 0 
521 -280 -165 0 
424 -599 998 0 
-952 -742 321 0 
11 836 -815 0 
986 218 521 0 
842 621 -414 0 
755 987 478 0 
-781 -65 890 0 
489 -646 -175 0 
-336 706 -446 0 
97 351 607 0 
994 -855 738 0 
470 -277 -300 0 
-74 -465 885 0 
995 463 206 0 
765 -251 -776 0 
-999 -655 784 0 
-812 -523 -427 0 
787 -399 -908 0 
-643 673 -286 0 
-939 -173 486 0 
-651 -779 113 0 
-458 -641 -219 0 
277 -828 614 0 
709 -539 279 0 
220 13 271 0 
-335 -886 321 0 
-399 -324 -20 0 
-926 714 -205 0 
646 -542 -453 0 
-70 69 684 0 
185 630 -65 0 
626 306 696 0 
-794 439 -865 0 
-71 -26 -336 0 
-726 -224 578 0 
-515 -186 138 0 
487 695 999 0 
-80 -60 208 0 
-858 128 -327 0 
101 -717 623 0 
-239 651 743 0 
-608 -62 209 0 
-122 -540 -124 0 
847 -657 -767 0 
-562 -308 53 0 
-34 96 173 0 
-602 -273 -415 0 
-851 152 -130 0 
-891 1 751 0 
-896 -122 -266 0 
612 -118 720 0 
-693 -143 216 0 
424 264 -359 0 
778 -582 995 0 
-943 -47 610 0 
592 -542 -115 0 
-515 648 721 0 
683 -804 766 0 
-432 646 -867 0 
-524 665 726 0 
490 -372 962 0 
-341 553 218 0 
-613 35 879 0 
557 490 567 0 
-883 -205 -524 0 
789 118 149 0 
-470 -758 -541 0 
374 371 -566 0 
727 581 135 0 
953 -619 -917 0 
90 -587 -207 0 
-920 -712 -629 0 
-535 -280 855 0 
674 368 -844 0 
929 -750 974 0 
274 697 -935 0 
-395 458 -661 0 
824 -345 -74 0 
-174 -265 -239 0 
-956 -314 -868 0 
552 366 679 0 
-116 -260 -566 0 
-121 -599 -365 0 
-930 -205 -597 0 
994 -275 39 0 
-717 380 -683 0 
-676 747 -942 0 
-831 847 -429 0 
533 -277 -567 0 
793 211 -213 0 
569 784 -181 0 
414 772 -301 0 
-311 764 191 0 
-563 -49 900 0 
-42 -573 411 0 
-979 556 -370 0 
-46 -465 -586 0 
-570 103 -958 0 
-940 638 632 0 
229 146 584 0 
757 692 -274 0 
-939 -117 395 0 
-311 -930 137 0 
-345 254 780 0 
-4 654 -495 0 
-694 -371 -200 0 
-521 542 -229 0 
972 -500 -96 0 
-639 -179 157 0 
-354 -499 726 0 
-650 82 283 0 
-204 193 -893 0 
475 -120 542 0 
-519 935 501 0 
567 171 295 0 
153 -162 -106 0 
-415 -505 430 0 
914 -549 -54 0 
-9 368 147 0 
-738 837 730 0 
513 -718 960 0 
253 479 558 0 
-845 -443 444 0 
-944 -427 81 0 
-525 636 895 0 
924 678 844 0 
-377 441 22 0 
137 -344 251 0 
5 -348 -589 0 
-948 259 744 0 
-487 -892 405 0 
-408 -279 -586 0 
-660 587 -657 0 
-86 798 -706 0 
-465 57 254 0 
-38 817 83 0 
909 -992 445 0 
769 144 358 0 
-464 -22 666 0 
-786 -381 386 0 
107 967 987 0 
967 -167 597 0 
-326 -170 687 0 
-7 -255 -295 0 
-203 69 -600 0 
-78 788 -257 0 
-152 -386 -892 0 
-612 -931 -966 0 
-844 922 -408 0 
-371 985 -778 0 
137 438 -490 0 
-449 -214 -164 0 
656 -830 546 0 
230 -825 -430 0 
271 -337 981 0 
-298 -985 989 0 
47 -65 -162 0 
-486 -304 740 0 
819 807 -503 0 
-499 -42 902 0 
814 -536 771 0 
-812 237 -777 0 
1 -979 69 0 
-143 810 -465 0 
40 -943 -314 0 
-832 725 728 0 
-546 615 727 0 
-419 -438 671 0 
-5 -460 -593 0 
-769 -775 -479 0 
-609 -212 -906 0 
-137 659 -114 0 
130 -456 381 0 
-166 455 361 0 
355 -867 -211 0 
523 396 -903 0 
748 774 37 0 
806 314 -522 0 
619 -702 671 0 
-45 -697 -469 0 
-200 155 -432 0 
858 -276 910 0 
824 -962 -596 0 
287 -620 -471 0 
-262 671 333 0 
48 879 815 0 
462 -833 439 0 
734 -208 -888 0 
-77 -242 -482 0 
607 -485 567 0 
-742 916 340 0 
-942 897 48 0 
386 -94 -650 0 
-501 951 -475 0 
-736 600 998 0 
-298 -230 94 0 
250 717 712 0 
193 879 306 0 
438 25 -286 0 
-577 -436 827 0 
534 -846 724 0 
137 -232 45 0 
683 -967 448 0 
386 926 -364 0 
941 -870 838 0 
-690 76 651 0 
592 393 -97 0 
300 -229 -409 0 
-829 -817 -224 0 
-87 800 -150 0 
-555 -623 -464 0 
221 268 -899 0 
406 -56 390 0 
-979 136 -179 0 
745 972 -828 0 
759 456 644 0 
-132 -16 -698 0 
439 58 898 0 
674 -801 -599 0 
502 77 585 0 
456 292 -732 0 
-653 460 85 0 
276 -410 -346 0 
-493 -185 -51 0 
-322 946 227 0 
-44 -206 -756 0 
302 -202 -532 0 
784 -948 -689 0 
-84 -982 -318 0 
-276 -282 -705 0 
600 249 313 0 
-491 775 -696 0 
-547 -30 717 0 
555 -500 -602 0 
559 -169 -852 0 
486 159 983 0 
166 -555 -668 0 
-179 779 123 0 
396 340 -707 0 
930 900 -151 0 
329 -754 -973 0 
248 129 324 0 
-605 267 9 0 
-168 941 -919 0 
-399 -374 -334 0 
-431 204 373 0 
-215 -612 590 0 
724 -404 312 0 
-640 336 212 0 
262 751 -985 0 
-384 -396 123 0 
811 564 139 0 
930 -671 -513 0 
955 -178 -159 0 
-927 -318 -130 0 
912 -972 24 0 
-10 333 680 0 
642 248 787 0 
348 190 -546 0 
597 957 -689 0 
-115 891 295 0 
729 -275 756 0 
967 -292 77 0 
502 494 -220 0 
-595 -2 -908 0 
429 -728 -708 0 
711 212 -858 0 
-571 -782 -84 0 
753 180 -791 0 
-36 418 -489 0 
683 -677 394 0 
734 683 249 0 
963 323 995 0 
69 -656 -613 0 
-165 3 832 0 
395 390 -52 0 
-688 233 -75 0 
-719 -499 737 0 
-759 -390 60 0 
933 136 -324 0 
-862 736 -801 0 
-109 623 -734 0 
281 852 362 0 
-393 -249 -744 0 
-956 -144 -809 0 
-83 -345 664 0 
-19 122 688 0 
354 3 857 0 
349 239 508 0 
703 -108 176 0 
951 -525 -766 0 
-663 34 668 0 
679 -340 396 0 
-792 939 935 0 
-868 534 850 0 
-782 277 62 0 
-266 278 -396 0 
155 660 -198 0 
-187 825 -964 0 
-657 -784 -76 0 
426 319 993 0 
-295 145 -926 0 
-931 124 -989 0 
-2 773 71 0 
821 -103 -126 0 
562 -782 -18 0 
388 -661 833 0 
-104 739 222 0 
900 982 319 0 
570 -250 500 0 
-330 -641 874 0 
763 -841 -900 0 
-378 42 344 0 
45 -886 -864 0 
846 996 -488 0 
-13 -420 -390 0 
-489 796 -515 0 
274 188 -998 0 
383 -547 888 0 
-253 -809 -259 0 
-944 642 -178 0 
-317 157 -292 0 
97 987 -192 0 
450 -883 924 0 
194 112 705 0 
-265 -495 -905 0 
403 919 196 0 
-168 86 -791 0 
731 -63 -188 0 
-160 20 115 0 
-903 -514 -915 0 
689 466 158 0 
-252 601 -18 0 
356 831 853 0 
771 23 802 0 
561 -928 -324 0 
-819 900 867 0 
-624 -677 -907 0 
-256 -468 742 0 
65 752 279 0 
-939 -697 -937 0 
956 313 472 0 
-449 -763 333 0 
670 529 786 0 
629 -698 824 0 
-120 569 -975 0 
591 709 -349 0 
-450 335 575 0 
-567 600 204 0 
-514 783 -112 0 
708 -251 -982 0 
-562 -507 -716 0 
-961 -123 163 0 
458 171 409 0 
-459 344 -717 0 
-567 -239 693 0 
-135 -526 653 0 
942 -229 803 0 
843 -563 559 0 
-846 -120 858 0 
482 -118 -677 0 
471 -128 -405 0 
356 -443 -313 0 
-228 488 189 0 
-347 708 -271 0 
-76 539 -409 0 
-435 692 -698 0 
-411 -386 -95 0 
-460 213 733 0 
790 212 368 0 
-130 256 -464 0 
583 224 -986 0 
-891 -704 -668 0 
871 781 511 0 
-338 834 -984 0 
16 -52 405 0 
-198 -41 822 0 
595 139 954 0 
46 716 514 0 
348 359 191 0 
-676 -117 -221 0 
-149 316 469 0 
-435 935 819 0 
793 -109 -662 0 
-546 3 -681 0 
-896 -846 2 0 
-597 404 -391 0 
953 97 -661 0 
-931 -184 636 0 
-348 682 -247 0 
914 956 400 0 
-569 -804 317 0 
-567 975 -653 0 
431 804 -308 0 
-245 -632 932 0 
-227 -408 -288 0 
-4 302 -391 0 
-557 952 670 0 
32 -943 -898 0 
407 -463 258 0 
132 516 582 0 
-391 -277 591 0 
-591 -550 -989 0 
-257 416 524 0 
839 -568 -450 0 
-121 -516 235 0 
781 -962 422 0 
643 -186 -436 0 
62 184 270 0 
-994 217 -507 0 
-310 843 395 0 
990 -668 -770 0 
330 90 972 0 
855 -796 474 0 
-194 -893 183 0 
906 -19 -838 0 
142 900 733 0 
558 705 557 0 
792 644 -175 0 
-657 217 -83 0 
-300 838 -941 0 
-167 645 65 0 
572 706 -619 0 
-847 -794 134 0 
684 -895 609 0 
424 208 -480 0 
-973 35 184 0 
660 339 188 0 
-209 -27 737 0 
-685 540 714 0 
567 -467 967 0 
788 -578 -943 0 
564 -541 -21 0 
-565 -82 -482 0 
-974 972 579 0 
854 -217 -729 0 
691 -680 -282 0 
12 -420 -43 0 
927 281 -908 0 
-902 61 -491 0 
167 272 -816 0 
281 -587 -685 0 
101 151 269 0 
-968 835 265 0 
-934 -942 122 0 
-263 370 685 0 
-849 -275 308 0 
-608 -107 384 0 
373 -543 661 0 
718 433 385 0 
236 484 -233 0 
-254 -955 714 0 
909 810 288 0 
40 878 5 0 
179 -714 -538 0 
-218 305 -667 0 
-636 -14 350 0 
-662 213 -916 0 
-599 -901 708 0 
-513 325 -844 0 
397 -376 157 0 
-399 -307 -516 0 
-92 939 517 0 
-591 -907 -690 0 
593 85 602 0 
687 -690 946 0 
-701 -611 181 0 
-414 521 -230 0 
581 167 537 0 
-296 121 -942 0 
-350 -160 -336 0 
582 785 -289 0 
397 -624 -604 0 
783 711 -247 0 
650 435 -478 0 
202 556 -689 0 
-191 900 403 0 
580 -868 -626 0 
-315 -301 -82 0 
-757 -339 -575 0 
-477 699 716 0 
689 -694 -903 0 
233 -40 -263 0 
28 -473 689 0 
327 173 -113 0 
954 -612 -525 0 
661 630 956 0 
331 332 -981 0 
476 364 411 0 
243 117 262 0 
-962 -293 -352 0 
-146 692 32 0 
-496 -67 438 0 
-420 -988 -8 0 
528 -926 383 0 
459 -492 412 0 
561 841 349 0 
95 -501 357 0 
-850 -170 180 0 
36 795 443 0 
-881 -29 -239 0 
-570 -587 206 0 
-588 -491 875 0 
611 -783 -978 0 
-683 979 978 0 
830 928 209 0 
-996 407 733 0 
808 -903 -628 0 
420 -618 -476 0 
-159 -36 -90 0 
627 -681 -193 0 
-988 555 -796 0 
194 47 482 0 
-633 669 -869 0 
-555 -123 -654 0 
678 776 931 0 
-733 -399 360 0 
517 26 -683 0 
-873 882 -39 0 
48 117 -634 0 
675 687 -465 0 
-605 -56 611 0 
661 389 534 0 
721 70 -349 0 
902 281 202 0 
574 -754 647 0 
-620 532 6 0 
570 -835 364 0 
-412 486 -695 0 
-543 788 269 0 
243 114 -950 0 
-887 -634 578 0 
962 146 798 0 
-362 -314 -961 0 
234 758 -643 0 
-570 53 210 0 
820 170 -271 0 
-151 877 -447 0 
261 875 -157 0 
195 235 -656 0 
277 886 106 0 
161 -836 772 0 
-655 766 597 0 
-435 -39 -883 0 
-770 233 -720 0 
926 -232 -907 0 
985 945 783 0 
-973 510 786 0 
-751 -887 -855 0 
605 -309 -697 0 
-111 411 -151 0 
-23 491 779 0 
-602 -248 -959 0 
-239 -148 -147 0 
426 -479 922 0 
-466 810 -329 0 
-274 -977 220 0 
497 -679 854 0 
177 -414 575 0 
287 647 -818 0 
-689 41 921 0 
-792 298 528 0 
-746 690 431 0 
-342 -467 943 0 
950 786 -661 0 
-837 -522 -942 0 
-814 -600 223 0 
-120 -598 -4 0 
287 -556 600 0 
-38 -732 -956 0 
-627 802 -745 0 
695 132 -582 0 
2 -967 53 0 
312 -934 -804 0 
450 -698 -942 0 
802 -843 -122 0 
71 606 -165 0 
904 619 660 0 
-882 -199 585 0 
-145 607 493 0 
766 33 794 0 
-959 -19 753 0 
-356 38 970 0 
387 785 -770 0 
217 108 296 0 
-204 379 965 0 
922 -962 -682 0 
115 -151 70 0 
158 -796 -76 0 
145 473 -973 0 
281 494 -620 0 
129 546 256 0 
607 344 -65 0 
-381 -491 287 0 
499 431 -668 0 
485 643 -597 0 
-923 320 20 0 
993 -352 525 0 
-242 83 957 0 
-163 636 -217 0 
704 -304 -621 0 
8 960 188 0 
-922 -204 -997 0 
-764 456 506 0 
-601 295 -881 0 
-29 50 149 0 
-269 895 -281 0 
-859 697 543 0 
615 -412 -423 0 
838 -36 -142 0 
-905 418 -462 0 
327 -199 -491 0 
846 947 -507 0 
182 215 -449 0 
978 -803 -646 0 
-920 -564 -140 0 
56 -201 158 0 
-819 -130 -693 0 
989 918 -140 0 
-32 230 550 0 
-843 646 -87 0 
-597 -499 -15 0 
-622 620 608 0 
750 -502 247 0 
-854 -623 -654 0 
-452 10 321 0 
330 -875 864 0 
-705 -46 548 0 
496 333 -485 0 
-771 -953 73 0 
28 -9 780 0 
564 985 742 0 
732 259 54 0 
935 -508 -937 0 
-186 626 -745 0 
-458 231 670 0 
-493 180 -920 0 
-873 498 705 0 
-252 464 -987 0 
-618 -292 -712 0 
916 44 -818 0 
-673 448 -801 0 
904 516 208 0 
-509 -840 99 0 
-147 252 -626 0 
812 261 108 0 
90 396 319 0 
553 -711 -193 0 
893 -648 62 0 
167 -253 808 0 
843 626 490 0 
408 -71 -263 0 
-239 -865 -930 0 
219 399 -450 0 
-690 -16 -25 0 
-103 739 -19 0 
138 -485 521 0 
-366 -480 -42 0 
983 547 628 0 
317 582 -455 0 
-419 -531 -55 0 
-189 330 -585 0 
-241 -867 -592 0 
-351 -858 431 0 
-779 -894 -643 0 
-254 -897 -684 0 
594 -959 841 0 
-4 -547 -935 0 
625 -176 -441 0 
174 -828 702 0 
-646 616 -260 0 
479 429 -941 0 
873 -341 889 0 
-61 -588 -880 0 
370 312 201 0 
281 299 -342 0 
346 971 -739 0 
-819 881 451 0 
-754 -165 525 0 
143 369 -162 0 
-618 675 -110 0 
-845 -571 773 0 
333 833 -508 0 
-630 7 -331 0 
573 310 -334 0 
-569 445 924 0 
565 -116 -69 0 
-671 108 -495 0 
-818 802 831 0 
-59 35 -533 0 
-158 -955 130 0 
313 878 -475 0 
-844 -545 326 0 
469 -360 504 0 
934 601 -715 0 
-464 -553 685 0 
-553 974 -297 0 
257 549 784 0 
-341 544 948 0 
-224 419 -341 0 
42 132 -615 0 
574 -45 -343 0 
-717 794 85 0 
-12 123 534 0 
416 850 -779 0 
-926 -321 -60 0 
-745 -493 -940 0 
-120 221 -82 0 
-183 609 -272 0 
-148 931 609 0 
-131 985 654 0 
-583 349 -426 0 
111 -757 68 0 
-734 -993 823 0 
560 -80 -676 0 
937 633 324 0 
413 -811 589 0 
-163 546 -506 0 
-107 381 272 0 
-515 -629 28 0 
-332 514 142 0 
-9 177 -381 0 
158 223 -966 0 
101 360 -124 0 
-985 661 114 0 
-159 -938 -960 0 
237 681 -800 0 
631 297 849 0 
-22 -207 -34 0 
117 65 727 0 
-410 155 641 0 
-163 481 274 0 
120 528 27 0 
-287 668 630 0 
546 139 -541 0 
465 -214 -432 0 
923 -90 912 0 
229 -518 -193 0 
-681 600 688 0 
-665 965 -848 0 
-680 -149 -576 0 
-557 -641 436 0 
435 -502 274 0 
-91 -979 -759 0 
646 621 609 0 
575 470 -818 0 
885 139 353 0 
356 -202 -154 0 
-118 676 -662 0 
699 -567 -229 0 
-846 -922 889 0 
739 -452 27 0 
18 -773 577 0 
-487 702 769 0 
-140 13 806 0 
934 682 277 0 
522 -676 499 0 
3 -882 879 0 
-174 -259 -252 0 
-139 -189 290 0 
737 679 -329 0 
-505 -530 -343 0 
980 804 758 0 
983 755 -192 0 
-652 -770 -951 0 
-17 -325 -992 0 
-881 823 -851 0 
-725 -60 21 0 
216 -524 902 0 
630 -530 895 0 
594 -257 -614 0 
-600 94 -382 0 
-40 -846 -12 0 
-299 831 804 0 
-16 79 -684 0 
-217 -468 917 0 
903 925 -552 0 
-104 -31 508 0 
-712 368 170 0 
846 164 995 0 
-91 -365 643 0 
-7 -789 -402 0 
-642 902 982 0 
333 -417 -500 0 
-536 68 517 0 
-477 -556 -878 0 
-706 -573 -252 0 
-385 -186 868 0 
984 -844 -258 0 
786 220 -661 0 
990 -426 566 0 
-162 -517 -595 0 
593 -486 841 0 
158 960 421 0 
822 452 -142 0 
-340 324 -925 0 
601 -300 650 0 
-872 -442 351 0 
-350 359 -847 0 
520 -696 973 0 
-971 -115 -939 0 
736 -307 207 0 
-329 -134 -114 0 
503 297 -729 0 
354 -391 -911 0 
-341 669 -160 0 
-297 -252 -710 0 
-241 -379 -590 0 
-430 464 990 0 
-77 409 30 0 
548 184 -273 0 
594 -519 -913 0 
-357 -403 850 0 
-152 -763 541 0 
-709 342 386 0 
239 274 74 0 
283 -271 -370 0 
722 -408 -9 0 
-453 895 63 0 
-924 -717 -25 0 
-577 -890 -89 0 
-624 655 -164 0 
-920 -592 492 0 
520 -458 -713 0 
792 159 934 0 
-360 507 -210 0 
502 -505 -875 0 
499 -33 -414 0 
478 -792 -459 0 
256 561 182 0 
458 -928 -278 0 
-356 936 -281 0 
-53 913 320 0 
-136 231 -902 0 
140 -705 -207 0 
821 -543 -197 0 
212 591 -680 0 
-370 777 293 0 
-590 937 -612 0 
-739 510 -356 0 
795 766 -607 0 
532 379 -589 0 
75 568 795 0 
957 -192 -332 0 
-949 322 -921 0 
-675 -180 -391 0 
-192 187 -295 0 
-648 92 -437 0 
813 -880 310 0 
-668 -392 -81 0 
272 332 -784 0 
-437 378 -246 0 
-5 853 616 0 
190 83 -298 0 
840 -306 149 0 
-281 894 349 0 
-163 -896 -923 0 
177 746 707 0 
-114 86 -719 0 
939 300 -50 0 
479 -743 99 0 
-530 518 876 0 
174 860 -444 0 
806 286 811 0 
959 -130 455 0 
39 -58 -533 0 
-740 -895 -146 0 
-476 -909 -797 0 
379 -138 130 0 
-377 19 799 0 
816 -133 -730 0 
-167 -861 745 0 
-100 -813 -254 0 
-776 -153 -682 0 
753 -93 -171 0 
-560 -334 -277 0 
962 941 561 0 
-103 -173 40 0 
-290 353 -381 0 
-875 -330 -201 0 
-747 -394 -639 0 
17 768 -810 0 
-596 376 189 0 
126 75 -659 0 
-297 -624 645 0 
-110 961 -955 0 
490 676 -234 0 
731 693 -474 0 
-87 25 989 0 
811 -951 819 0 
837 -232 -510 0 
-436 861 280 0 
-27 251 -925 0 
-524 -779 721 0 
-428 -477 597 0 
-251 76 -32 0 
755 -776 361 0 
527 5 102 0 
857 380 -769 0 
564 667 68 0 
2 -448 419 0 
-942 626 -436 0 
-560 -271 -381 0 
-600 963 -230 0 
-527 -713 329 0 
911 -666 320 0 
-533 -89 769 0 
-512 514 568 0 
843 816 290 0 
481 260 550 0 
-194 13 -305 0 
-575 689 -741 0 
-345 895 -755 0 
-836 -557 4 0 
-470 709 428 0 
933 -215 -925 0 
-654 518 793 0 
37 772 -875 0 
-147 668 -277 0 
-383 -130 717 0 
-571 974 512 0 
-619 140 -841 0 
-18 -72 -681 0 
822 -554 384 0 
-592 152 406 0 
982 -707 51 0 
-380 -598 -674 0 
595 -495 724 0 
-817 -229 661 0 
-222 885 -552 0 
-168 -836 995 0 
577 647 -145 0 
-727 648 -774 0 
-630 -644 543 0 
150 532 447 0 
-994 441 519 0 
711 -898 859 0 
810 44 -669 0 
-690 -610 867 0 
-917 124 626 0 
388 371 571 0 
-871 -170 382 0 
451 60 262 0 
-505 397 986 0 
-275 -421 -599 0 
-684 585 277 0 
-809 51 937 0 
-430 261 1000 0 
-591 316 -47 0 
-953 -316 791 0 
317 -522 294 0 
835 187 -628 0 
-530 482 -929 0 
228 883 895 0 
-732 51 -146 0 
954 623 -459 0 
-577 324 383 0 
671 920 950 0 
-306 242 973 0 
-341 202 649 0 
-333 353 -666 0 
-784 -129 464 0 
652 -889 -871 0 
-748 -105 637 0 
-748 -145 258 0 
906 247 622 0 
999 177 -509 0 
744 247 -721 0 
300 -933 -922 0 
-250 913 635 0 
-106 -629 -714 0 
-244 465 -812 0 
119 -603 -841 0 
440 -362 343 0 
-355 -813 -392 0 
-36 -91 593 0 
752 -200 409 0 
-458 672 126 0 
-55 13 372 0 
-489 45 -620 0 
-864 -530 -810 0 
981 -434 731 0 
-961 229 470 0 
-461 756 -872 0 
-310 -51 -386 0 
-416 -929 -835 0 
-779 269 -134 0 
896 -231 375 0 
-640 484 841 0 
352 605 83 0 
794 -125 416 0 
497 -620 -39 0 
-420 998 223 0 
-611 30 895 0 
379 -733 856 0 
343 422 594 0 
-133 -325 -321 0 
-87 -243 -712 0 
-595 -210 -152 0 
-889 621 349 0 
-716 -915 -139 0 
464 107 242 0 
-245 -615 -86 0 
-42 -436 -60 0 
-857 -286 425 0 
-687 -848 983 0 
630 544 -121 0 
988 -324 737 0 
-6 977 -185 0 
486 999 735 0 
996 -163 -88 0 
753 457 507 0 
855 275 -753 0 
512 -935 503 0 
395 281 260 0 
376 -322 437 0 
-12 589 -710 0 
354 -398 -462 0 
-239 895 -61 0 
-543 -279 -19 0 
-332 -652 -329 0 
740 -459 978 0 
-912 -548 555 0 
-208 -582 126 0 
-814 -152 569 0 
-343 469 -818 0 
597 -937 591 0 
70 307 -510 0 
-949 -130 -46 0 
567 -409 240 0 
-339 -787 -831 0 
-698 710 746 0 
623 157 -763 0 
948 253 396 0 
-163 540 923 0 
-60 -233 -339 0 
823 409 -706 0 
640 98 -721 0 
-792 607 -97 0 
-319 387 669 0 
-160 -519 -151 0 
-671 858 -929 0 
722 -236 -21 0 
-654 -810 663 0 
337 512 -828 0 
-272 -47 -490 0 
-473 399 -994 0 
671 745 945 0 
899 -770 -419 0 
-704 350 -696 0 
849 743 -841 0 
-556 633 -113 0 
-769 -827 223 0 
180 596 51 0 
197 -722 268 0 
463 -927 -885 0 
-868 594 686 0 
-56 -955 -828 0 
-681 391 394 0 
-454 204 430 0 
702 -482 -287 0 
720 361 659 0 
605 745 -413 0 
-274 621 623 0 
-393 -618 -176 0 
192 155 487 0 
730 -121 -761 0 
-161 -503 240 0 
-861 999 -653 0 
-296 -166 478 0 
-921 -401 -33 0 
-294 -667 131 0 
42 -818 399 0 
-73 -987 229 0 
908 325 175 0 
-27 933 -156 0 
-900 -205 19 0 
-352 658 788 0 
231 -205 140 0 
471 -465 -26 0 
-851 212 794 0 
428 -200 -215 0 
-410 -274 286 0 
-743 669 -163 0 
868 -955 -614 0 
648 -304 -766 0 
173 -923 424 0 
77 625 734 0 
70 702 -624 0 
760 -885 968 0 
-356 -825 -437 0 
-564 890 850 0 
-678 699 242 0 
-217 -368 288 0 
716 998 -260 0 
232 496 275 0 
-976 880 -698 0 
-213 825 -28 0 
-474 -688 392 0 
-787 695 578 0 
566 239 202 0 
-608 88 79 0 
-141 -541 135 0 
168 -332 -913 0 
158 -607 -678 0 
44 719 -637 0 
-745 -355 752 0 
-867 -587 699 0 
257 -805 128 0 
501 224 208 0 
374 849 -748 0 
778 254 795 0 
-129 -160 976 0 
-474 -881 -376 0 
130 -355 548 0 
159 706 556 0 
586 520 -345 0 
940 -108 762 0 
196 -778 461 0 
-154 -174 -541 0 
-716 45 -282 0 
-802 -483 363 0 
578 -917 776 0 
29 -251 -116 0 
630 -264 -684 0 
-500 626 487 0 
-320 556 730 0 
-361 -752 429 0 
264 -133 18 0 
-869 -409 449 0 
666 266 -757 0 
87 -695 785 0 
456 662 -492 0 
-19 512 472 0 
133 212 860 0 
-944 -553 -684 0 
-457 310 -224 0 
230 -445 456 0 
-927 519 -103 0 
-164 907 -287 0 
-164 -548 185 0 
985 -87 -32 0 
593 -455 732 0 
627 634 74 0 
-40 -367 569 0 
860 -201 -859 0 
523 477 772 0 
-3 -36 -558 0 
-905 570 -178 0 
814 -949 -933 0 
422 -861 105 0 
546 -903 -684 0 
-402 339 714 0 
-144 664 -598 0 
48 -569 -256 0 
481 -358 807 0 
10 -317 -117 0 
-371 -85 246 0 
-867 110 -959 0 
-983 795 -144 0 
-735 965 -349 0 
154 231 708 0 
-642 -200 149 0 
-445 -126 366 0 
-266 718 -94 0 
898 214 392 0 
925 -865 31 0 
421 -193 -794 0 
-379 -484 551 0 
-352 -523 18 0 
349 469 -858 0 
-223 -457 -626 0 
978 -554 -200 0 
462 745 533 0 
-87 -461 -245 0 
220 421 418 0 
-928 872 -775 0 
-539 -853 -461 0 
426 164 -36 0 
963 941 -116 0 
392 592 -449 0 
-435 -494 -663 0 
-148 -975 201 0 
-82 451 144 0 
-398 -334 645 0 
-63 178 916 0 
815 -388 932 0 
-105 184 -758 0 
811 -614 31 0 
-713 298 -692 0 
451 678 -545 0 
-620 135 785 0 
-832 2 -824 0 
-994 387 -672 0 
997 -568 966 0 
398 -820 196 0 
-41 -207 -631 0 
-680 397 -106 0 
-491 593 206 0 
-278 -82 52 0 
-261 860 937 0 
338 -837 197 0 
-220 -118 -54 0 
-405 27 162 0 
740 711 -948 0 
-926 -743 -435 0 
-698 -935 -797 0 
-108 764 -714 0 
-483 403 -565 0 
573 -29 -869 0 
-785 -440 -961 0 
742 233 579 0 
-236 478 889 0 
-188 -28 -49 0 
-511 -535 945 0 
-699 705 -6 0 
884 -274 326 0 
867 -911 944 0 
940 -777 -131 0 
199 567 -617 0 
217 -516 251 0 
-236 460 -557 0 
-697 -863 577 0 
288 -341 -478 0 
865 182 669 0 
551 -163 166 0 
655 544 681 0 
-349 -62 -285 0 
855 67 -268 0 
-606 -593 458 0 
890 -977 221 0 
309 -815 647 0 
631 -568 382 0 
-758 -525 671 0 
-598 163 -918 0 
-810 569 985 0 
548 608 451 0 
673 -391 492 0 
399 316 -755 0 
815 -315 -656 0 
-126 14 347 0 
-939 -711 -465 0 
-94 682 -159 0 
842 -832 478 0 
-498 787 248 0 
260 897 653 0 
241 -327 483 0 
-194 928 974 0 
-942 -803 -376 0 
351 -773 921 0 
818 -221 -209 0 
-143 218 393 0 
-756 -349 498 0 
-574 30 -738 0 
-74 -934 833 0 
-812 164 923 0 
-674 -252 -412 0 
843 -876 501 0 
290 194 -940 0 
-588 -913 283 0 
-617 -217 -841 0 
544 -720 929 0 
-14 743 394 0 
-586 -167 -199 0 
345 -938 -860 0 
-490 937 -901 0 
541 -407 757 0 
-801 978 -659 0 
-605 845 763 0 
-571 967 -477 0 
-603 334 217 0 
-105 764 180 0 
36 -324 -376 0 
-900 -63 -336 0 
210 -215 69 0 
895 478 247 0 
-328 -836 673 0 
466 -170 801 0 
-770 512 -376 0 
916 171 -124 0 
678 -518 -513 0 
760 -403 729 0 
583 965 667 0 
950 -247 -252 0 
120 560 -317 0 
969 57 260 0 
-768 -861 476 0 
-430 -724 825 0 
212 -133 -97 0 
-982 116 -590 0 
766 689 -841 0 
329 122 -784 0 
-716 -557 313 0 
540 -377 219 0 
669 480 -37 0 
730 -531 -482 0 
-481 -908 -890 0 
-337 -722 973 0 
-122 855 216 0 
-696 -36 229 0 
-501 -992 588 0 
-951 90 -901 0 
561 230 -225 0 
-3 933 308 0 
-405 -884 663 0 
-278 3 806 0 
661 321 -875 0 
-222 339 -626 0 
-769 -92 365 0 
86 780 721 0 
-68 -599 159 0 
658 -707 402 0 
146 149 -68 0 
445 710 143 0 
-40 14 665 0 
51 462 430 0 
97 -132 50 0 
146 -90 987 0 
261 964 936 0 
861 912 -593 0 
-555 148 -898 0 
-237 -612 100 0 
822 -720 -80 0 
13 -750 536 0 
-759 58 985 0 
282 -694 -873 0 
-841 -408 959 0 
-121 -527 -633 0 
843 678 -587 0 
-969 -613 -473 0 
843 120 173 0 
-668 -694 -759 0 
223 -454 -84 0 
678 -810 849 0 
-339 -346 913 0 
-355 -433 115 0 
-651 -4 902 0 
-644 656 155 0 
163 -687 981 0 
-395 494 -879 0 
137 60 470 0 
-240 -277 -471 0 
263 828 698 0 
-904 621 -103 0 
129 765 -571 0 
-422 -563 898 0 
942 -349 -990 0 
687 -547 92 0 
-545 -808 286 0 
528 98 959 0 
-502 705 -219 0 
-498 563 218 0 
194 -210 -85 0 
-91 847 -625 0 
-814 -86 839 0 
312 -950 -733 0 
509 -619 405 0 
67 740 -242 0 
556 385 868 0 
-868 -72 737 0 
238 994 155 0 
407 -917 634 0 
433 -791 406 0 
199 -151 -720 0 
-220 -979 -918 0 
481 -403 108 0 
-790 -738 808 0 
-714 -836 108 0 
788 94 -468 0 
857 87 -949 0 
706 404 -345 0 
548 -582 101 0 
321 -43 155 0 
-471 -983 742 0 
-711 712 717 0 
633 403 -708 0 
-732 401 -433 0 
269 -71 -253 0 
40 -655 987 0 
-759 -52 636 0 
-508 -773 555 0 
253 348 766 0 
352 863 -54 0 
-513 -182 923 0 
813 271 -501 0 
-905 508 302 0 
701 -628 -617 0 
-507 5 -67 0 
-862 -444 -827 0 
307 -313 -674 0 
414 562 488 0 
-924 -166 -416 0 
462 621 -452 0 
-472 -20 -59 0 
-92 -56 -517 0 
-383 -739 819 0 
314 899 482 0 
925 481 889 0 
-672 236 802 0 
-851 -545 15 0 
597 539 722 0 
-99 101 272 0 
16 105 41 0 
305 711 7 0 
715 467 797 0 
-517 -886 -984 0 
-341 101 -421 0 
3 423 -980 0 
-490 869 -279 0 
11 -582 557 0 
873 -782 379 0 
-147 288 427 0 
-841 659 582 0 
230 24 -547 0 
-168 531 -83 0 
-706 504 -137 0 
112 505 -702 0 
389 -353 -78 0 
-204 18 500 0 
468 -415 -800 0 
392 -556 909 0 
216 943 315 0 
822 273 -994 0 
-422 350 924 0 
-401 -425 986 0 
57 -407 -406 0 
-551 644 -141 0 
938 572 357 0 
-562 -434 -140 0 
666 281 239 0 
222 -886 793 0 
-835 -775 626 0 
-800 -96 -887 0 
-162 -655 -546 0 
211 738 435 0 
-456 -920 127 0 
-882 289 245 0 
112 -914 121 0 
445 -447 526 0 
919 911 250 0 
-971 -393 475 0 
-573 687 -339 0 
-417 801 -675 0 
398 720 -297 0 
458 333 -679 0 
-354 374 -170 0 
-77 -782 479 0 
-610 -328 -996 0 
389 -54 -425 0 
-102 978 -137 0 
-825 -167 -243 0 
76 20 385 0 
792 -940 189 0 
-196 -307 -666 0 
301 -290 -728 0 
914 -707 -925 0 
140 -220 -862 0 
-833 -774 445 0 
-680 -270 304 0 
996 64 -524 0 
212 -275 -203 0 
-512 881 -5 0 
-694 -197 -701 0 
-297 252 623 0 
-794 -886 -247 0 
434 -96 -4 0 
-506 -958 -494 0 
818 638 888 0 
525 267 -828 0 
-132 716 -114 0 
883 353 670 0 
670 79 -726 0 
763 540 405 0 
924 -660 -307 0 
63 -429 -565 0 
283 419 -634 0 
622 171 547 0 
-203 -998 -919 0 
-210 -60 -456 0 
70 465 669 0 
288 -973 95 0 
-690 216 640 0 
-985 816 -852 0 
-532 -576 888 0 
342 -292 -761 0 
975 973 94 0 
334 341 720 0 
-735 507 -36 0 
-803 942 -357 0 
635 413 -66 0 
860 958 149 0 
-900 -349 -92 0 
621 13 114 0 
58 -509 -361 0 
-778 147 69 0 
952 720 573 0 
390 -820 545 0 
-591 -812 -528 0 
-787 -91 -200 0 
-1 -826 -820 0 
982 262 -49 0 
307 991 250 0 
544 -680 597 0 
-540 741 232 0 
743 706 -523 0 
589 -639 -319 0 
-995 -268 354 0 
374 -535 -366 0 
606 26 -510 0 
-790 269 -897 0 
309 591 -687 0 
909 634 -125 0 
577 26 -272 0 
991 41 -982 0 
-372 251 -164 0 
-207 -337 -746 0 
892 832 676 0 
-597 -216 -31 0 
-464 605 -10 0 
-273 -593 522 0 
-295 -831 -798 0 
476 -592 553 0 
-515 -493 379 0 
-981 98 601 0 
-405 -9 803 0 
702 933 575 0 
86 447 -986 0 
775 -393 727 0 
251 935 501 0 
889 314 -344 0 
-981 569 -678 0 
921 463 -578 0 
-368 484 -409 0 
387 239 388 0 
-987 -548 -250 0 
176 -115 -988 0 
595 749 -886 0 
403 962 792 0 
4 923 -630 0 
-105 -159 473 0 
-76 -487 879 0 
-265 572 -793 0 
-241 -835 499 0 
932 -163 454 0 
-78 955 -211 0 
915 -386 -954 0 
962 85 859 0 
-113 -921 -423 0 
-353 527 743 0 
-745 -15 598 0 
960 732 -652 0 
-816 -430 -562 0 
268 855 -564 0 
557 -977 -910 0 
938 985 919 0 
-907 336 334 0 
100 -430 65 0 
-594 -7 362 0 
-417 -722 -576 0 
776 -96 205 0 
-866 -862 -951 0 
-525 -51 481 0 
598 -825 924 0 
-645 -911 989 0 
525 -30 921 0 
-778 86 8 0 
790 821 545 0 
-939 -119 347 0 
173 -18 433 0 
-471 920 -511 0 
-355 153 20 0 
918 -300 158 0 
-522 -950 91 0 
-792 -947 300 0 
551 -485 990 0 
-706 709 294 0 
549 36 182 0 
271 -477 -740 0 
136 977 -892 0 
-935 240 446 0 
706 -535 -622 0 
-488 -762 -309 0 
316 -430 846 0 
-319 -309 866 0 
-213 -214 -690 0 
-406 -324 277 0 
973 25 -373 0 
402 472 -698 0 
865 -766 -759 0 
-58 -623 232 0 
513 116 -415 0 
949 844 -279 0 
190 664 -533 0 
-705 955 630 0 
-756 825 -837 0 
382 -428 -952 0 
311 721 389 0 
73 610 -42 0 
-249 -517 868 0 
-990 816 711 0 
391 -571 -364 0 
705 622 842 0 
-268 62 119 0 
194 632 -748 0 
-998 -172 852 0 
712 445 306 0 
-571 -351 -141 0 
600 -228 495 0 
-749 965 143 0 
947 -48 -104 0 
36 -95 -873 0 
867 930 -869 0 
-31 959 356 0 
-894 -459 794 0 
-743 -114 74 0 
-814 817 179 0 
357 597 511 0 
706 -1 -585 0 
-312 -644 800 0 
-940 547 898 0 
767 109 128 0 
786 465 -343 0 
-893 842 722 0 
-901 687 955 0 
543 -321 -992 0 
30 -305 -443 0 
658 -600 -812 0 
881 435 717 0 
-958 -542 -336 0 
-822 -120 -922 0 
-65 905 942 0 
794 -512 -389 0 
-239 625 -472 0 
244 567 -522 0 
-210 912 799 0 
-54 -513 404 0 
401 -382 -239 0 
-43 585 669 0 
-882 527 454 0 
-113 -26 67 0 
975 480 847 0 
39 -424 -592 0 
-838 322 284 0 
366 898 40 0 
799 -106 493 0 
-189 -147 218 0 
134 702 341 0 
-425 -639 -870 0 
666 -528 -334 0 
-364 -853 800 0 
-334 -231 368 0 
-350 -207 -873 0 
819 206 713 0 
872 -705 689 0 
-349 -344 -240 0 
647 -555 -793 0 
471 -373 166 0 
-740 340 135 0 
821 241 -773 0 
796 -129 -668 0 
-732 -900 790 0 
-367 -912 -828 0 
-401 -845 321 0 
-746 335 594 0 
496 -588 595 0 
564 -521 -552 0 
778 -609 357 0 
256 382 173 0 
958 -495 465 0 
-288 -18 260 0 
83 -411 -597 0 
729 886 -341 0 
-432 -585 -622 0 
-873 -105 -432 0 
63 -373 -844 0 
870 -21 232 0 
887 867 255 0 
9 -620 -174 0 
-986 -43 -904 0 
598 810 -949 0 
859 264 911 0 
-362 -471 -814 0 
-773 -800 -444 0 
508 -911 788 0 
782 -641 165 0 
-53 737 437 0 
72 512 95 0 
-852 -94 615 0 
260 -477 347 0 
832 485 515 0 
997 -153 -901 0 
-369 -825 563 0 
-663 -231 693 0 
-29 -285 36 0 
-853 436 -49 0 
-143 150 -107 0 
-846 444 -380 0 
-392 -306 -531 0 
841 -436 -732 0 
-114 -521 -784 0 
221 391 -518 0 
437 -418 -684 0 
-208 512 -365 0 
888 -480 -162 0 
-835 514 -70 0 
-991 -857 -898 0 
688 -359 777 0 
-769 730 -743 0 
724 918 779 0 
712 -109 -971 0 
-790 -74 585 0 
874 301 932 0 
318 -798 190 0 
909 -276 -398 0 
487 -207 -676 0 
987 978 251 0 
-771 -110 434 0 
-132 802 673 0 
15 -218 -589 0 
-429 116 442 0 
-68 -824 -370 0 
-35 153 38 0 
216 975 -142 0 
-823 -357 -312 0 
89 481 391 0 
421 871 -991 0 
256 276 -717 0 
213 400 168 0 
-880 233 -964 0 
-180 939 430 0 
-662 -415 782 0 
-832 730 420 0 
-965 -496 -104 0 
64 521 370 0 
656 -15 796 0 
-601 -701 840 0 
-346 349 999 0 
997 198 801 0 
-17 432 -996 0 
-429 -660 -410 0 
403 -786 -114 0 
-436 948 184 0 
101 199 -126 0 
-151 368 -754 0 
-607 910 -829 0 
-705 -721 -614 0 
293 873 887 0 
-759 670 703 0 
636 208 -456 0 
-903 536 964 0 
36 28 167 0 
755 -995 -600 0 
538 820 162 0 
-679 150 -54 0 
175 749 -857 0 
-254 -1 841 0 
-917 179 -491 0 
-104 315 -88 0 
-883 -845 112 0 
324 142 -737 0 
81 61 -741 0 
-642 -114 409 0 
-885 309 65 0 
181 953 -317 0 
-105 195 412 0 
391 -711 290 0 
-316 696 -431 0 
965 727 -896 0 
-690 765 95 0 
-262 -923 -283 0 
-647 857 -321 0 
672 984 214 0 
-59 -617 -45 0 
205 -260 751 0 
950 -906 -895 0 
622 -170 291 0 
-94 289 -369 0 
-764 917 -83 0 
343 183 53 0 
-171 -868 -767 0 
-102 -660 -543 0 
-440 654 -808 0 
388 -305 253 0 
-115 -813 165 0 
307 419 -538 0 
817 -773 394 0 
-649 -902 37 0 
-560 -498 975 0 
51 -845 -53 0 
820 -766 -319 0 
-719 897 -825 0 
-837 -510 700 0 
-74 930 90 0 
506 341 297 0 
835 -36 -62 0 
176 -956 -374 0 
-598 977 -584 0 
-361 841 180 0 
869 168 88 0 
445 527 -202 0 
-711 930 912 0 
713 -938 -465 0 
-611 337 121 0 
430 396 -487 0 
409 378 271 0 
-975 231 205 0 
919 -23 -470 0 
-482 -744 175 0 
844 121 -443 0 
397 406 924 0 
-876 954 790 0 
-232 818 -632 0 
-396 417 287 0 
-600 777 241 0 
678 -651 -375 0 
747 -203 -276 0 
-79 782 87 0 
-926 713 646 0 
-41 -682 539 0 
-438 1000 -43 0 
-113 408 -292 0 
-298 -86 -878 0 
256 -632 419 0 
698 -11 -932 0 
116 -917 -266 0 
-388 142 254 0 
676 -829 101 0 
139 857 303 0 
323 685 -13 0 
401 788 989 0 
