p cnf 1000 2200
175 -286 -734 0 
414 -39 253 0 
-420 453 739 0 
-108 -269 -524 0 
176 440 145 0 
-449 -917 -103 0 
-82 437 236 0 
960 -846 -700 0 
202 230 -860 0 
549 901 722 0 
867 869 445 0 
-249 682 567 0 
123 -281 -896 0 
-834 346 348 0 
337 -840 -727 0 
522 804 -427 0 
-84 962 -178 0 
535 22 493 0 
-11 -313 -660 0 
611 -848 -687 0 
580 -800 337 0 
528 -701 -233 0 
5 -16 467 0 
-43 -22 -397 0 
-254 -671 583 0 
-816 -668 -193 0 
-166 218 -146 0 
973 -585 883 0 
323 -662 -766 0 
4 -28 -783 0 
-371 -316 -256 0 
-612 -298 -796 0 
729 320 -520 0 
-943 988 644 0 
-630 155 -369 0 
-460 328 131 0 
-724 523 -574 0 
-654 -9 -755 0 
-807 -571 242 0 
385 706 -550 0 
246 -463 495 0 
-748 -478 580 0 
-180 -339 196 0 
804 773 -893 0 
991 -251 262 0 
431 -551 890 0 
-350 328 102 0 
-241 -434 -992 0 
280 -332 77 0 
-857 94 512 0 
-749 949 -809 0 
-853 173 -699 0 
-611 246 643 0 
687 357 -276 0 
-591 535 793 0 
-436 -930 -180 0 
-8 -663 -707 0 
-792 -393 692 0 
-835 63 -438 0 
764 -741 865 0 
-150 970 750 0 
462 -432 -568 0 
119 -466 -444 0 
2 768 -209 0 
-493 -392 -771 0 
101 -983 383 0 
-356 741 57 0 
-28 443 628 0 
230 282 -892 0 
124 -664 -606 0 
853 -780 714 0 
-26 -581 993 0 
546 -157 -849 0 
-297 937 -318 0 
-207 -436 501 0 
777 619 590 0 
297 174 -952 0 
646 530 604 0 
-824 15 812 0 
669 236 915 0 
948 497 711 0 
-90 312 948 0 
-103 -877 839 0 
66 716 -558 0 
983 -540 -582 0 
122 982 -20 0 
162 -107 -203 0 
-619 -449 24 0 
-456 142 207 0 
-256 -224 127 0 
551 132 -444 0 
-415 -222 251 0 
-241 629 -765 0 
892 489 -767 0 
438 -573 338 0 
359 -871 -219 0 
923 599 -836 0 
523 -94 -308 0 
362 -209 926 0 
-295 960 454 0 
323 356 -50 0 
517 881 -687 0 
-614 -540 -629 0 
-449 -712 797 0 
-745 383 -710 0 
-606 31 -713 0 
-581 -923 989 0 
22 623 -531 0 
-632 -569 465 0 
474 158 984 0 
-392 -655 413 0 
540 -884 297 0 
676 715 -420 0 
-561 277 996 0 
-738 -716 -297 0 
823 -359 -658 0 
556 -835 440 0 
-771 -800 -124 0 
-600 693 -231 0 
503 -123 140 0 
403 -514 -765 0 
-707 494 -872 0 
-607 -773 -308 0 
247 -812 -319 0 
-202 -810 121 0 
-602 36 -941 0 
516 304 -913 0 
76 10 -16 0 
259 129 365 0 
719 728 -293 0 
766 -761 -484 0 
-935 -542 121 0 
-841 210 -47 0 
-396 -424 -436 0 
-214 963 -439 0 
950 -281 707 0 
-825 -888 577 0 
-814 837 380 0 
-93 -82 -50 0 
-991 -207 -568 0 
52 -995 573 0 
870 648 749 0 
540 -690 885 0 
-500 -170 -619 0 
-708 -287 569 0 
1000 110 -231 0 
942 637 700 0 
-311 92 245 0 
-453 -116 600 0 
561 -951 549 0 
454 -24 -214 0 
266 54 -237 0 
-384 -981 -785 0 
-382 -635 870 0 
-190 225 -996 0 
-900 602 -653 0 
537 276 -655 0 
-599 -47 -679 0 
-669 -175 984 0 
455 620 970 0 
867 -733 -458 0 
516 -686 33 0 
144 203 166 0 
815 -847 59 0 
750 -206 596 0 
-663 -512 -809 0 
-416 -189 -234 0 
-763 -723 505 0 
-411 952 365 0 
756 -709 891 0 
-773 -589 180 0 
961 204 45 0 
-263 -237 -812 0 
-347 -439 449 0 
-477 -676 -922 0 
119 -431 48 0 
82 386 -938 0 
670 -853 -625 0 
-653 -178 856 0 
-162 -400 -818 0 
-390 723 -405 0 
675 -384 -365 0 
1 -619 760 0 
-50 -515 500 0 
-715 -915 -78 0 
-648 96 -353 0 
-798 -943 449 0 
-951 -293 167 0 
452 358 880 0 
329 677 -667 0 
599 -65 43 0 
474 -430 400 0 
-265 155 358 0 
-687 -72 -857 0 
760 679 -845 0 
-974 997 -225 0 
763 -880 625 0 
794 -908 363 0 
840 -534 -495 0 
389 518 -527 0 
229 463 785 0 
310 -851 812 0 
-169 -644 -295 0 
269 -838 -917 0 
400 -442 -982 0 
-895 -464 -152 0 
214 -417 59 0 
859 720 -787 0 
-590 597 931 0 
794 742 614 0 
287 749 600 0 
708 827 551 0 
-167 873 -514 0 
848 -690 431 0 
-597 -943 929 0 
305 667 672 0 
314 234 60 0 
837 -226 516 0 
-550 -546 830 0 
-865 -663 -559 0 
-802 322 911 0 
-146 523 454 0 
961 678 -552 0 
-73 758 -970 0 
486 -540 332 0 
-266 336 -568 0 
-613 389 200 0 
88 212 223 0 
-378 550 522 0 
-657 -456 753 0 
-1000 -275 -823 0 
151 -961 771 0 
206 784 -694 0 
-370 775 772 0 
-518 -195 398 0 
-637 -737 494 0 
-806 -305 -212 0 
71 821 302 0 
545 -163 -197 0 
743 574 -973 0 
-865 409 526 0 
-907 712 -956 0 
-206 231 685 0 
124 259 -808 0 
277 871 -97 0 
585 219 352 0 
844 476 -896 0 
238 -144 -569 0 
348 -439 -672 0 
-82 -679 782 0 
593 751 63 0 
376 -491 804 0 
-442 789 -122 0 
261 -199 -128 0 
10 635 357 0 
-374 -346 995 0 
644 -393 -692 0 
571 479 47 0 
-584 433 525 0 
456 937 -810 0 
361 121 -39 0 
-382 265 -566 0 
-668 -162 -496 0 
402 954 -617 0 
529 -463 -999 0 
960 704 -148 0 
257 -823 944 0 
-350 -430 -247 0 
931 608 -674 0 
-247 183 582 0 
-983 -842 -468 0 
369 273 21 0 
833 -932 -825 0 
-581 538 94 0 
-872 578 -901 0 
-945 -58 -190 0 
518 -376 451 0 
-360 921 241 0 
638 160 -704 0 
263 -444 529 0 
-243 464 -331 0 
819 318 962 0 
427 651 -510 0 
-678 229 626 0 
262 884 -639 0 
30 -889 921 0 
-609 426 -773 0 
664 -263 951 0 
-847 -606 -24 0 
-828 -152 -797 0 
200 -311 972 0 
-976 -662 -578 0 
761 -270 645 0 
-490 267 371 0 
285 315 479 0 
919 228 948 0 
-763 -347 -451 0 
292 735 119 0 
164 -87 -993 0 
600 -171 762 0 
793 981 -379 0 
837 -193 -988 0 
497 804 -363 0 
993 745 146 0 
73 -780 -486 0 
403 -203 -927 0 
650 286 343 0 
298 64 221 0 
149 -796 897 0 
-888 -718 86 0 
-414 -901 -531 0 
-337 657 -914 0 
495 -604 -668 0 
-513 585 -711 0 
-943 -31 -238 0 
165 -251 -952 0 
-482 -788 255 0 
-196 566 -645 0 
-686 610 -580 0 
-111 697 -45 0 
712 -699 -840 0 
-105 502 392 0 
-553 -749 -70 0 
-720 149 311 0 
-141 746 547 0 
-701 -148 994 0 
-938 -999 -834 0 
-788 769 -826 0 
706 866 -747 0 
666 371 994 0 
126 -574 499 0 
865 919 543 0 
-723 -321 -659 0 
-896 -541 409 0 
629 669 -17 0 
-671 160 -491 0 
-7 -261 -397 0 
679 -1 77 0 
167 717 323 0 
-411 -318 324 0 
883 360 -984 0 
-823 531 11 0 
-563 -841 778 0 
657 -8 -161 0 
-528 -498 -547 0 
-706 401 -646 0 
256 972 5 0 
801 62 207 0 
281 -517 915 0 
285 -151 749 0 
-444 482 467 0 
-925 960 569 0 
888 -194 -650 0 
-298 -673 -476 0 
-15 459 -167 0 
237 -651 -386 0 
-862 -306 -909 0 
793 -761 229 0 
-566 342 133 0 
-196 -461 -639 0 
-32 112 -434 0 
-975 972 -99 0 
-904 -782 972 0 
-591 -269 -459 0 
-501 -685 -94 0 
338 113 890 0 
-414 -749 77 0 
564 -676 153 0 
616 817 281 0 
-52 977 -466 0 
777 847 -904 0 
-11 -282 400 0 
-172 -719 -342 0 
735 467 363 0 
-857 -157 -675 0 
323 -158 -426 0 
-48 -254 -577 0 
-976 87 270 0 
-725 -83 -356 0 
-964 963 -296 0 
188 -452 -398 0 
-624 544 -917 0 
184 -843 211 0 
-924 -213 -932 0 
423 -787 -672 0 
144 221 706 0 
-670 289 988 0 
217 -264 899 0 
781 -123 -139 0 
-440 828 460 0 
840 362 309 0 
84 -469 190 0 
-920 996 400 0 
-586 -172 693 0 
-474 -70 424 0 
-870 937 942 0 
24 20 -438 0 
155 -231 972 0 
-428 -178 468 0 
510 672 -919 0 
-849 773 -697 0 
-562 -941 -907 0 
-258 -274 201 0 
3 480 771 0 
-19 -649 -642 0 
862 333 278 0 
701 -132 477 0 
244 157 -665 0 
888 278 209 0 
554 110 -900 0 
747 -105 -811 0 
-2 -815 415 0 
814 -752 -970 0 
945 86 350 0 
-186 460 -76 0 
423 445 6 0 
-406 630 424 0 
-129 31 906 0 
452 -281 861 0 
-85 744 -457 0 
185 -207 -296 0 
-248 -317 -480 0 
806 -466 969 0 
-343 443 -396 0 
882 461 -462 0 
-707 610 284 0 
-995 764 -234 0 
735 -466 945 0 
-523 995 589 0 
250 -423 123 0 
-237 -203 283 0 
318 -701 -844 0 
-31 -55 -985 0 
-685 166 994 0 
177 189 40 0 
-252 -87 646 0 
-768 231 -888 0 
-919 -878 -166 0 
-694 103 886 0 
297 464 -846 0 
-472 592 372 0 
578 954 120 0 
269 69 -2 0 
8 -725 532 0 
443 406 624 0 
562 793 431 0 
-472 107 879 0 
-901 595 193 0 
-950 -306 -273 0 
-844 993 843 0 
-249 -276 165 0 
30 217 -264 0 
-636 -155 202 0 
490 -989 732 0 
430 300 -506 0 
-233 -603 797 0 
498 -539 102 0 
790 952 -628 0 
1 613 -816 0 
-874 -858 335 0 
911 -356 -910 0 
-923 757 -229 0 
87 288 -11 0 
-972 -388 405 0 
-601 -701 -588 0 
648 -823 -219 0 
584 90 456 0 
-821 -953 681 0 
-251 107 114 0 
-466 679 -431 0 
-17 620 -754 0 
-487 -189 636 0 
-950 69 947 0 
-110 -721 655 0 
-464 -425 292 0 
-193 809 662 0 
232 437 -366 0 
-234 310 -78 0 
996 356 249 0 
397 431 -145 0 
-854 -403 -108 0 
344 911 845 0 
-95 679 -935 0 
227 -300 -4 0 
-626 587 448 0 
736 -343 -331 0 
458 -932 -638 0 
-488 58 720 0 
-23 732 223 0 
-411 667 -850 0 
83 -529 353 0 
-357 641 -413 0 
704 987 -351 0 
-944 903 -923 0 
-482 143 959 0 
-905 -646 -189 0 
-12 -700 489 0 
685 -898 -139 0 
-202 -675 781 0 
9 -89 -447 0 
77 -374 600 0 
709 -813 895 0 
-320 -99 -56 0 
955 -652 -357 0 
-64 412 902 0 
900 -19 560 0 
-109 -458 201 0 
174 -669 765 0 
956 60 846 0 
-232 593 -965 0 
-378 -329 616 0 
729 -659 832 0 
-578 -913 232 0 
541 460 106 0 
494 -74 -39 0 
-100 -95 -251 0 
-770 -729 -401 0 
267 364 344 0 
-64 403 335 0 
571 128 589 0 
-755 891 831 0 
-884 122 750 0 
897 -389 24 0 
621 -481 -266 0 
851 634 -347 0 
971 815 282 0 
984 396 -245 0 
-246 573 320 0 
487 132 -455 0 
33 470 -444 0 
846 715 -149 0 
781 876 516 0 
-541 505 -997 0 
662 -453 -907 0 
-264 888 -891 0 
-370 -632 -610 0 
-277 -742 758 0 
424 425 -473 0 
-134 68 883 0 
-929 35 -948 0 
-884 -233 143 0 
-286 -521 -589 0 
-984 -326 -882 0 
-467 -558 776 0 
-5 -244 166 0 
-168 103 -882 0 
-485 357 885 0 
-51 -887 -310 0 
561 -344 118 0 
102 275 412 0 
736 -325 364 0 
-991 553 -31 0 
459 -335 161 0 
-828 -378 -187 0 
-675 -677 772 0 
29 889 374 0 
-7 -721 -925 0 
135 603 -678 0 
-958 -226 402 0 
-449 -905 323 0 
264 -229 -55 0 
662 -536 -134 0 
268 -482 150 0 
588 343 644 0 
859 -378 -499 0 
529 -795 875 0 
892 90 -640 0 
-979 64 972 0 
904 964 -750 0 
-840 -603 -939 0 
-361 649 -154 0 
-389 -481 568 0 
-777 479 452 0 
589 355 652 0 
-562 978 -925 0 
-137 650 909 0 
-995 734 204 0 
-146 -536 450 0 
776 -524 645 0 
31 670 345 0 
34 561 -992 0 
94 194 671 0 
-161 60 936 0 
-594 -947 623 0 
841 53 719 0 
-548 546 501 0 
732 435 -893 0 
-311 637 578 0 
540 616 -866 0 
-748 -439 23 0 
516 452 942 0 
661 777 -55 0 
-139 -905 731 0 
755 -588 703 0 
-997 882 769 0 
495 32 647 0 
-399 846 -583 0 
312 322 -119 0 
320 -749 207 0 
-488 -834 36 0 
109 -312 295 0 
276 695 -913 0 
-255 -223 -384 0 
-732 -381 -857 0 
-291 -511 368 0 
-723 -442 175 0 
228 -240 735 0 
-789 129 -512 0 
998 -568 -454 0 
52 633 816 0 
953 -914 291 0 
-869 966 32 0 
618 -470 34 0 
921 -66 557 0 
-8 -944 -469 0 
-332 -301 901 0 
-434 294 714 0 
839 697 606 0 
533 -897 -431 0 
205 -866 -453 0 
569 518 -495 0 
892 477 75 0 
21 -129 -20 0 
378 -615 125 0 
-598 -227 539 0 
205 -42 590 0 
-655 729 -139 0 
860 489 -603 0 
912 721 468 0 
335 423 -172 0 
252 852 427 0 
754 -27 -927 0 
656 624 273 0 
-193 330 993 0 
510 -576 -884 0 
-979 529 -660 0 
-791 -420 -410 0 
747 400 -62 0 
-59 -225 -77 0 
477 992 656 0 
-595 530 -936 0 
-629 -485 289 0 
925 -164 87 0 
370 848 211 0 
-417 946 272 0 
798 -654 -237 0 
-224 -825 -202 0 
331 947 454 0 
-716 -973 -243 0 
-571 -843 690 0 
-694 -322 647 0 
-95 276 969 0 
821 915 -668 0 
-500 80 365 0 
-938 294 471 0 
161 657 725 0 
705 -1 -872 0 
716 289 632 0 
1000 -559 820 0 
-954 -654 258 0 
601 622 767 0 
406 503 -582 0 
607 711 -67 0 
-255 -958 943 0 
-913 -935 -460 0 
904 -701 -197 0 
-230 776 -222 0 
-355 -726 -111 0 
880 -584 -64 0 
616 -922 950 0 
-555 752 -216 0 
975 -60 250 0 
-333 1000 -479 0 
-626 573 -433 0 
764 -649 79 0 
-901 947 53 0 
-869 839 -22 0 
-190 -931 267 0 
-353 901 433 0 
216 -760 -292 0 
197 72 127 0 
-238 870 -805 0 
-342 762 -532 0 
562 831 615 0 
390 850 531 0 
-548 251 -484 0 
-651 -94 -150 0 
884 746 -639 0 
-114 163 888 0 
-601 713 -996 0 
-712 708 -504 0 
540 72 -439 0 
888 -881 490 0 
-932 37 193 0 
983 7 -122 0 
-993 806 702 0 
-982 551 923 0 
143 483 975 0 
-128 -489 328 0 
-816 -306 -62 0 
-876 309 861 0 
-30 521 -719 0 
-143 341 817 0 
-393 -447 -47 0 
-431 -125 -556 0 
665 -462 -812 0 
-801 776 854 0 
-20 164 -497 0 
-274 -521 987 0 
683 183 -797 0 
-385 757 334 0 
111 110 -684 0 
-774 -65 266 0 
-676 31 432 0 
-908 924 182 0 
778 714 -319 0 
745 922 -974 0 
-743 468 -662 0 
-119 569 426 0 
919 -701 -191 0 
-964 26 129 0 
-951 -595 782 0 
-628 -86 125 0 
-888 26 56 0 
-584 459 -547 0 
162 -385 -945 0 
-455 384 896 0 
-479 -475 905 0 
842 -635 -411 0 
-891 -216 157 0 
492 524 -785 0 
450 184 -276 0 
-575 -900 -466 0 
891 539 -275 0 
-686 379 -229 0 
682 893 252 0 
649 817 792 0 
354 -295 832 0 
-943 -669 72 0 
-262 -694 386 0 
-390 904 128 0 
17 -829 -974 0 
303 939 103 0 
-445 954 -31 0 
190 487 202 0 
-257 182 -195 0 
697 -355 33 0 
170 415 -38 0 
-47 627 -837 0 
-991 186 812 0 
860 -83 -252 0 
-820 -612 770 0 
-842 859 133 0 
-840 -925 -182 0 
70 321 -946 0 
852 913 -984 0 
-805 648 -538 0 
-467 -334 -930 0 
-672 390 -523 0 
-986 -901 409 0 
-57 -29 -676 0 
279 553 -494 0 
673 -146 -776 0 
107 199 823 0 
-460 -563 -878 0 
-759 179 729 0 
-644 362 -563 0 
-694 734 -159 0 
-262 -263 -510 0 
115 -354 -737 0 
19 -178 -996 0 
-629 -178 -587 0 
548 761 -830 0 
1000 -693 -924 0 
126 380 -437 0 
-268 214 923 0 
-904 -477 93 0 
517 -217 695 0 
564 651 128 0 
-421 -987 -69 0 
705 -403 -468 0 
-531 682 181 0 
-523 861 485 0 
624 162 -22 0 
-816 533 713 0 
40 533 -873 0 
136 -422 -510 0 
-452 -796 -360 0 
-484 431 762 0 
-206 -613 -336 0 
-142 572 -835 0 
-960 917 399 0 
-24 -1 616 0 
-340 -969 -237 0 
-260 -435 -784 0 
59 166 -21 0 
-278 -586 47 0 
209 -456 272 0 
593 -783 -413 0 
486 -124 770 0 
-492 -429 -564 0 
-111 525 236 0 
-908 -394 817 0 
-461 -876 -912 0 
28 964 459 0 
849 273 -421 0 
-747 -380 -710 0 
993 83 -63 0 
-429 -476 -942 0 
-120 893 26 0 
-458 -596 14 0 
455 -851 144 0 
-838 46 371 0 
175 699 114 0 
535 -598 -193 0 
-299 -693 326 0 
202 -219 267 0 
-985 -169 167 0 
703 -291 398 0 
-439 965 -370 0 
-887 545 -370 0 
366 435 -57 0 
796 140 -430 0 
-768 -536 60 0 
481 -70 975 0 
-612 -574 -748 0 
-351 -813 -874 0 
-672 -588 -32 0 
-158 15 -485 0 
290 -474 583 0 
-991 -347 482 0 
-681 277 -757 0 
432 -215 -275 0 
271 200 -314 0 
-84 822 818 0 
633 -666 532 0 
-130 -431 -391 0 
-744 858 112 0 
-925 -576 179 0 
-363 803 -210 0 
-992 -975 -863 0 
157 -139 584 0 
483 520 630 0 
809 587 387 0 
-360 404 537 0 
-306 -502 163 0 
-631 -850 7 0 
295 -525 -481 0 
63 461 335 0 
449 15 -871 0 
-467 -491 718 0 
623 143 69 0 
662 -95 -328 0 
-634 -320 -123 0 
767 -16 744 0 
-267 161 270 0 
355 437 -797 0 
-199 996 -744 0 
-153 -172 -874 0 
786 842 765 0 
209 -140 291 0 
-309 -367 -404 0 
-959 476 -515 0 
-876 525 -403 0 
-967 165 -310 0 
718 -128 -18 0 
-608 -593 296 0 
-501 -974 919 0 
-399 -823 -967 0 
-464 -56 699 0 
192 361 -75 0 
754 -244 -127 0 
942 -444 -87 0 
515 301 -891 0 
-275 -194 612 0 
-380 314 268 0 
-878 -759 51 0 
431 -14 589 0 
-891 -113 -643 0 
866 -388 4 0 
898 589 712 0 
-1000 -57 -238 0 
311 -737 581 0 
-318 927 -13 0 
-296 -250 -883 0 
-571 -133 709 0 
-527 564 877 0 
-495 -51 903 0 
-417 689 -653 0 
682 -587 -293 0 
-978 73 -765 0 
-302 659 -909 0 
314 -7 573 0 
-271 -708 -247 0 
220 -804 599 0 
-149 -549 -239 0 
691 751 308 0 
-557 -912 214 0 
-942 -959 328 0 
-169 110 -621 0 
261 -456 -473 0 
-244 -397 -87 0 
-48 -23 -518 0 
801 715 73 0 
668 -909 -273 0 
143 -388 -387 0 
977 87 -354 0 
-881 419 458 0 
497 614 660 0 
21 -966 34 0 
948 623 987 0 
459 99 -354 0 
19 -46 -45 0 
352 -973 -865 0 
220 586 566 0 
554 -416 825 0 
-325 -59 911 0 
-285 669 -217 0 
766 -602 -586 0 
846 324 -781 0 
-487 -115 856 0 
-186 -715 314 0 
805 663 -863 0 
444 -142 -310 0 
-23 365 -206 0 
-232 607 740 0 
837 -451 -73 0 
493 -359 -616 0 
172 17 21 0 
57 -536 832 0 
375 -225 854 0 
353 -383 -373 0 
-568 -335 -140 0 
-571 -263 981 0 
-504 331 538 0 
-166 -312 684 0 
929 -655 319 0 
-332 973 483 0 
675 918 558 0 
-212 41 -512 0 
-931 -446 -405 0 
823 -309 403 0 
-466 205 -89 0 
-74 -212 -477 0 
217 -472 903 0 
334 82 -254 0 
-117 370 -697 0 
-842 -267 -141 0 
-188 254 -353 0 
853 -331 188 0 
-606 665 -551 0 
-284 890 -368 0 
416 981 -514 0 
-274 692 -645 0 
-499 -661 66 0 
911 701 105 0 
-559 83 -745 0 
461 902 645 0 
431 -448 54 0 
787 -692 204 0 
-522 950 3 0 
845 -53 546 0 
796 -10 -510 0 
-239 787 -924 0 
-601 822 290 0 
-314 500 415 0 
19 -587 642 0 
702 723 -626 0 
-242 -330 -601 0 
62 -293 -936 0 
236 358 535 0 
-892 800 465 0 
605 177 151 0 
-383 742 607 0 
985 -397 300 0 
532 -679 -252 0 
246 676 -249 0 
651 -229 650 0 
197 -244 935 0 
-86 -271 702 0 
169 776 470 0 
-712 -403 653 0 
211 369 350 0 
-487 -956 -930 0 
718 672 726 0 
132 -527 -188 0 
642 811 -709 0 
-676 715 -542 0 
767 -28 410 0 
278 -292 483 0 
773 -378 -540 0 
211 936 817 0 
627 898 899 0 
-626 245 351 0 
867 -949 588 0 
-821 -749 -2 0 
318 128 -7 0 
486 -357 91 0 
-244 318 -974 0 
-399 -983 372 0 
-510 -983 -44 0 
-695 991 447 0 
-382 -384 -863 0 
73 858 -904 0 
-613 -112 39 0 
676 -663 658 0 
-826 321 -671 0 
-138 671 200 0 
119 797 337 0 
527 -683 -970 0 
-590 -916 -665 0 
824 -145 347 0 
-562 -577 949 0 
-291 -753 301 0 
-959 135 -88 0 
-178 311 -780 0 
-318 -745 30 0 
-12 134 -629 0 
-721 -288 -425 0 
49 -534 241 0 
-227 935 682 0 
667 -715 409 0 
-356 -387 626 0 
-734 -176 -91 0 
734 -571 -644 0 
-529 360 197 0 
-900 741 628 0 
140 -435 -353 0 
515 -483 -517 0 
-285 165 513 0 
695 -116 -429 0 
883 35 -593 0 
993 141 -610 0 
-772 193 -736 0 
440 158 -509 0 
-554 -197 -165 0 
-321 -721 -291 0 
581 -436 262 0 
-85 -762 -623 0 
36 -675 -766 0 
482 -598 -923 0 
472 745 -338 0 
391 -21 364 0 
829 316 -917 0 
-983 -914 -815 0 
190 383 -994 0 
-311 -46 221 0 
-950 756 692 0 
528 -302 684 0 
622 555 -179 0 
80 -498 -313 0 
-159 590 -233 0 
194 -201 108 0 
839 888 -451 0 
488 616 435 0 
-820 187 -93 0 
908 39 466 0 
-68 -610 752 0 
737 272 -675 0 
-171 -267 -389 0 
-502 -21 747 0 
597 207 -428 0 
42 -279 -725 0 
189 206 243 0 
-620 852 -427 0 
-192 -129 -693 0 
-456 -274 837 0 
-842 -160 313 0 
-73 761 -712 0 
15 -498 -757 0 
-731 -179 503 0 
642 308 381 0 
-547 -456 -72 0 
386 -286 397 0 
377 666 701 0 
676 497 -166 0 
-615 -582 -322 0 
-134 186 682 0 
-754 -50 513 0 
761 -976 -386 0 
61 428 -879 0 
420 804 55 0 
-723 -114 -633 0 
-253 -265 623 0 
165 883 -455 0 
-318 939 -591 0 
425 326 -63 0 
-823 -984 400 0 
383 855 71 0 
214 -587 -788 0 
480 848 364 0 
-488 -852 21 0 
-550 -104 303 0 
-776 -943 -351 0 
425 -763 -163 0 
-800 323 748 0 
-615 -821 -87 0 
520 -691 -53 0 
657 -633 -389 0 
897 551 492 0 
365 875 557 0 
-880 793 -356 0 
75 -843 990 0 
-753 -1000 718 0 
-30 -681 760 0 
-672 473 384 0 
-121 -364 553 0 
-318 446 -223 0 
-347 -51 -917 0 
576 -613 425 0 
460 280 728 0 
621 323 -367 0 
-87 495 244 0 
492 -975 105 0 
-427 588 -914 0 
839 -125 661 0 
-991 44 299 0 
-973 -889 32 0 
-433 -674 962 0 
129 248 771 0 
-706 -197 -287 0 
-808 346 -113 0 
685 -909 17 0 
-554 -765 461 0 
461 393 693 0 
-568 -545 252 0 
854 -859 168 0 
-398 -311 -111 0 
629 846 393 0 
617 849 -560 0 
687 796 622 0 
-471 283 -358 0 
-578 395 -53 0 
-315 901 489 0 
-501 598 -7 0 
-359 -414 55 0 
-569 146 -944 0 
-459 -231 -895 0 
-890 911 -632 0 
-840 34 -276 0 
332 -187 267 0 
-460 -599 -499 0 
-907 -565 900 0 
-125 395 852 0 
-131 772 -590 0 
288 796 -685 0 
-538 440 341 0 
-291 -108 142 0 
156 -757 770 0 
543 -854 975 0 
723 459 -365 0 
886 895 601 0 
608 841 -940 0 
600 -174 -489 0 
-439 -936 722 0 
-862 486 -89 0 
599 -80 696 0 
-745 269 182 0 
831 949 785 0 
-135 -665 525 0 
402 -812 711 0 
-63 775 781 0 
977 -533 36 0 
633 771 30 0 
-714 -673 -688 0 
-331 875 -86 0 
-217 -829 985 0 
331 -280 65 0 
-393 242 -956 0 
-604 96 117 0 
266 -871 -112 0 
-648 -856 952 0 
-301 273 198 0 
-262 -676 -478 0 
-376 300 -940 0 
-238 230 513 0 
-163 813 795 0 
-228 -431 -275 0 
288 -137 -122 0 
694 -619 -425 0 
-429 -125 445 0 
711 46 -85 0 
-127 481 116 0 
731 727 -30 0 
-55 -99 -754 0 
576 -190 918 0 
-633 752 -119 0 
-88 449 -602 0 
-871 -425 -949 0 
-75 230 718 0 
276 570 -326 0 
310 -39 -660 0 
-339 308 -428 0 
-724 -487 539 0 
729 743 -212 0 
168 976 -350 0 
677 636 133 0 
-99 475 -272 0 
-385 -8 -149 0 
-903 268 -347 0 
375 23 -824 0 
193 -119 910 0 
-481 5 72 0 
852 -292 -275 0 
-708 450 284 0 
-660 636 -390 0 
867 -981 -235 0 
-742 -744 610 0 
-932 334 378 0 
148 -446 -475 0 
-892 -136 149 0 
821 -570 358 0 
13 314 220 0 
343 996 452 0 
-498 777 159 0 
-326 -575 -315 0 
324 -529 -57 0 
515 115 582 0 
-122 -896 319 0 
-710 -936 466 0 
282 -575 -497 0 
-226 396 839 0 
224 632 215 0 
275 -182 -960 0 
606 -976 374 0 
912 -535 742 0 
-6 -380 -299 0 
-312 506 -495 0 
-532 -876 -189 0 
14 -831 669 0 
-161 -559 291 0 
673 891 969 0 
294 216 716 0 
580 229 810 0 
592 -796 -708 0 
782 104 258 0 
922 -440 610 0 
585 -234 -17 0 
223 502 -114 0 
235 -78 -495 0 
51 -546 510 0 
-254 -195 -17 0 
33 -395 -744 0 
-639 -426 20 0 
446 -206 378 0 
-49 835 833 0 
684 588 -351 0 
255 353 83 0 
-60 -723 900 0 
240 -192 -831 0 
-404 422 105 0 
-273 -669 -340 0 
742 -518 90 0 
435 761 -424 0 
-816 192 162 0 
454 -703 240 0 
-80 729 -850 0 
236 -974 -995 0 
132 -905 533 0 
280 834 -874 0 
-825 635 441 0 
-489 539 678 0 
-965 -889 7 0 
-810 348 860 0 
207 -607 872 0 
-323 991 677 0 
160 -274 615 0 
-510 -747 457 0 
-436 -724 -694 0 
-352 -198 -809 0 
788 -234 783 0 
-349 707 271 0 
-83 620 799 0 
-339 50 63 0 
987 191 -602 0 
404 409 -348 0 
779 234 -318 0 
358 -538 99 0 
389 -401 -233 0 
930 868 -862 0 
-740 -46 136 0 
-738 -803 274 0 
883 138 -105 0 
-839 556 -181 0 
291 684 -540 0 
-722 -388 -841 0 
-70 573 438 0 
-172 -961 112 0 
163 272 -349 0 
145 -741 -52 0 
-323 774 734 0 
1 -433 360 0 
-219 848 676 0 
-122 -515 -314 0 
271 228 362 0 
880 -452 -397 0 
-545 -950 -105 0 
-131 -772 785 0 
-931 -501 -962 0 
275 -522 -257 0 
-68 213 501 0 
-946 962 -203 0 
-397 962 -409 0 
296 -209 365 0 
192 291 320 0 
-625 394 793 0 
-377 -205 431 0 
-742 515 -974 0 
-272 120 448 0 
-818 -155 -769 0 
-831 -930 759 0 
-288 -151 -546 0 
397 97 890 0 
334 -803 66 0 
-547 193 302 0 
-96 -206 492 0 
-545 -764 619 0 
-535 -924 -730 0 
203 268 -529 0 
-216 178 453 0 
237 -239 -543 0 
504 -249 -119 0 
744 -96 347 0 
-965 -272 60 0 
-834 123 788 0 
-495 622 304 0 
411 562 293 0 
-370 -281 573 0 
402 -206 972 0 
-934 507 -821 0 
395 851 699 0 
-706 133 780 0 
-945 931 -683 0 
-83 -483 -214 0 
-719 -759 384 0 
159 275 -46 0 
182 568 -933 0 
123 -766 406 0 
-663 219 -230 0 
-168 124 -63 0 
-232 -692 119 0 
-240 250 -791 0 
510 -927 -446 0 
294 -55 -436 0 
-519 -724 246 0 
-952 873 -542 0 
-65 648 -658 0 
-616 -842 -938 0 
826 552 60 0 
-566 552 -131 0 
336 601 157 0 
-217 709 11 0 
716 723 -867 0 
-559 759 941 0 
-982 735 -138 0 
225 -198 -696 0 
221 433 60 0 
-369 -239 -336 0 
61 -567 -281 0 
8 79 501 0 
363 4 583 0 
-235 -233 -254 0 
689 -275 -51 0 
-785 -954 -518 0 
887 506 179 0 
936 627 -510 0 
-646 -789 695 0 
-723 780 481 0 
-590 419 -137 0 
-643 889 -353 0 
552 -164 -87 0 
103 -884 -224 0 
-318 898 -183 0 
-782 -133 -857 0 
-53 209 -852 0 
-102 -494 449 0 
365 -425 -607 0 
159 -263 -723 0 
-894 537 -675 0 
605 545 603 0 
-634 67 -189 0 
-321 -338 48 0 
836 635 997 0 
218 -651 366 0 
-540 615 -800 0 
-105 -748 441 0 
-747 947 867 0 
-527 427 -750 0 
-832 -986 -877 0 
-983 871 -445 0 
-978 483 417 0 
939 828 195 0 
400 653 16 0 
-623 710 -348 0 
-462 225 -976 0 
-388 -871 -858 0 
-800 347 496 0 
160 -211 304 0 
205 104 880 0 
-613 -208 -745 0 
-922 -890 266 0 
33 868 985 0 
81 -377 -224 0 
-326 39 -875 0 
-598 -702 -209 0 
225 858 -852 0 
645 -809 550 0 
902 -378 474 0 
107 -452 -121 0 
591 665 915 0 
948 260 -355 0 
680 -783 -109 0 
-793 -272 105 0 
-759 -400 184 0 
-753 -665 99 0 
-644 161 -887 0 
-162 -945 583 0 
25 -764 -808 0 
-437 -912 157 0 
-900 -45 -185 0 
559 165 -429 0 
951 714 741 0 
19 -522 -470 0 
660 109 -483 0 
42 740 -817 0 
-322 -344 538 0 
-351 73 -195 0 
-257 491 -117 0 
-47 595 -151 0 
-906 442 714 0 
763 575 -994 0 
411 901 801 0 
220 -779 304 0 
166 -632 -848 0 
-105 269 206 0 
653 770 -694 0 
55 583 -920 0 
-233 368 -4 0 
-112 740 -997 0 
-733 568 565 0 
566 545 -171 0 
-331 25 391 0 
-587 -412 -764 0 
86 -13 478 0 
123 -495 -956 0 
-895 902 980 0 
-5 -264 77 0 
781 428 -387 0 
-70 -721 626 0 
306 440 346 0 
166 649 -116 0 
-879 37 549 0 
254 -644 51 0 
496 113 997 0 
705 -550 -263 0 
-849 892 -980 0 
522 645 -887 0 
545 -841 448 0 
408 -297 863 0 
796 -730 702 0 
-889 492 352 0 
-719 830 -915 0 
-641 786 84 0 
857 -212 116 0 
-412 -790 657 0 
134 -461 455 0 
477 211 -87 0 
398 901 945 0 
-48 -621 -794 0 
-900 53 -67 0 
-630 -398 432 0 
-696 -259 -764 0 
-773 -417 955 0 
729 -792 -503 0 
508 894 -494 0 
956 -568 473 0 
-708 -603 440 0 
113 18 -749 0 
998 138 448 0 
581 -113 805 0 
63 892 -503 0 
-75 387 241 0 
956 -489 -764 0 
762 -5 -796 0 
-132 -291 -49 0 
193 689 118 0 
-566 -971 199 0 
161 -689 835 0 
386 953 -244 0 
886 -101 -977 0 
817 701 -659 0 
184 945 -606 0 
56 549 -851 0 
-843 -156 208 0 
-912 -530 -956 0 
-852 -945 -557 0 
-842 822 883 0 
843 -888 245 0 
-475 26 203 0 
-32 313 666 0 
483 -919 979 0 
-838 -741 54 0 
-8 110 -505 0 
-129 279 302 0 
581 947 -264 0 
228 325 -177 0 
-410 949 -546 0 
-70 358 -99 0 
-63 -842 996 0 
664 158 -258 0 
710 233 -738 0 
-424 -754 747 0 
-743 -414 -302 0 
-210 -646 -225 0 
-768 -718 273 0 
980 -174 -324 0 
-968 -46 5 0 
-342 -41 820 0 
-734 -939 -200 0 
-340 297 787 0 
-251 -371 196 0 
263 -687 -737 0 
865 806 982 0 
74 -955 -553 0 
-446 973 306 0 
-658 39 942 0 
855 746 367 0 
367 896 860 0 
265 166 -720 0 
862 -133 -355 0 
825 -857 349 0 
482 251 785 0 
-628 3 -420 0 
842 -825 -943 0 
876 -854 -484 0 
-898 894 103 0 
177 980 -747 0 
583 897 -10 0 
-974 -24 -865 0 
-654 -618 215 0 
-707 -521 -876 0 
857 -355 405 0 
-917 379 -606 0 
837 161 57 0 
151 50 572 0 
-999 -746 -621 0 
-556 -304 88 0 
-579 670 -609 0 
-297 -313 -563 0 
638 -561 -103 0 
-237 -479 -485 0 
-640 661 -232 0 
-6 201 -727 0 
-717 580 -281 0 
514 -677 43 0 
-402 884 -148 0 
914 599 449 0 
-461 950 402 0 
-916 -619 -942 0 
-670 826 934 0 
377 -981 -881 0 
-687 -162 -265 0 
372 -640 -190 0 
-725 -455 356 0 
495 -213 -849 0 
191 -86 -858 0 
21 -839 318 0 
731 -114 512 0 
940 -179 -525 0 
176 253 117 0 
-810 956 405 0 
-701 456 -972 0 
-661 -223 -219 0 
255 4 -409 0 
-81 -196 305 0 
909 -430 -474 0 
-473 -902 521 0 
-558 953 -452 0 
-708 177 760 0 
-720 774 -183 0 
460 591 446 0 
-37 105 242 0 
-799 -55 730 0 
423 -564 -706 0 
865 -804 316 0 
-771 888 -907 0 
-504 731 -343 0 
-62 679 -700 0 
71 768 -761 0 
180 72 -777 0 
-169 -672 -738 0 
-112 522 -581 0 
213 119 -489 0 
-580 -833 153 0 
-365 591 -698 0 
68 876 -37 0 
-500 -546 276 0 
324 771 -484 0 
443 151 356 0 
-666 487 -731 0 
-286 -565 -21 0 
-763 -703 -536 0 
761 -81 45 0 
-312 -952 -847 0 
840 -668 -746 0 
401 -521 -512 0 
-758 474 512 0 
476 615 762 0 
898 985 181 0 
-430 501 323 0 
339 -34 -359 0 
-941 -651 -559 0 
1 -403 540 0 
695 922 551 0 
-617 116 -862 0 
626 -990 665 0 
423 -99 590 0 
-607 8 382 0 
-770 -393 -782 0 
160 -498 -908 0 
-301 -78 -50 0 
428 703 406 0 
196 -518 911 0 
-437 -78 142 0 
-370 -39 -576 0 
-32 382 -206 0 
162 575 -827 0 
377 661 -642 0 
-457 402 -968 0 
-579 860 418 0 
600 521 -216 0 
123 -845 252 0 
431 -577 487 0 
122 -520 -645 0 
-34 -21 103 0 
-952 -830 229 0 
-651 -282 -289 0 
127 187 -391 0 
454 633 31 0 
-898 935 82 0 
-892 185 232 0 
458 -208 277 0 
-644 -238 -910 0 
-173 249 766 0 
-273 -794 -585 0 
214 -55 223 0 
-980 -912 -848 0 
540 102 -779 0 
630 491 66 0 
643 507 -452 0 
787 293 -348 0 
-70 912 680 0 
-729 -953 207 0 
3 841 -213 0 
-603 -613 363 0 
947 585 -143 0 
-489 83 108 0 
455 -485 111 0 
-889 966 553 0 
813 642 845 0 
821 -921 724 0 
-844 760 794 0 
-65 -613 -446 0 
-665 315 452 0 
-568 73 -674 0 
917 977 758 0 
-518 -957 805 0 
-782 461 211 0 
644 845 837 0 
292 497 365 0 
-453 5 -78 0 
-658 -165 361 0 
-661 762 -611 0 
67 -967 284 0 
-265 484 395 0 
656 -723 321 0 
830 212 442 0 
-715 -954 -418 0 
-586 -764 -511 0 
744 760 -89 0 
-241 -68 667 0 
-378 955 -126 0 
591 -549 -368 0 
-251 -793 213 0 
-196 12 -68 0 
-994 -291 428 0 
672 -205 20 0 
-602 49 37 0 
70 -66 -445 0 
-996 765 297 0 
405 341 280 0 
-153 -777 400 0 
703 543 -166 0 
-949 704 -874 0 
-856 -734 -227 0 
-502 -337 650 0 
734 968 -704 0 
-856 883 -102 0 
442 934 -502 0 
40 -623 -5 0 
-572 235 113 0 
-808 482 -13 0 
-815 613 796 0 
740 809 956 0 
-453 737 464 0 
-838 985 102 0 
328 986 -923 0 
-753 455 -20 0 
-641 977 -474 0 
-610 -199 489 0 
235 312 -725 0 
-358 26 670 0 
-752 506 267 0 
-115 814 715 0 
-237 418 -314 0 
-291 -912 -182 0 
367 223 894 0 
-194 53 -152 0 
-877 690 327 0 
949 -601 709 0 
872 912 -757 0 
-385 994 69 0 
-562 -805 -940 0 
672 -644 -814 0 
-610 628 -445 0 
-926 -294 -10 0 
-986 -724 -403 0 
601 152 504 0 
47 -812 -807 0 
-267 -839 -884 0 
-5 -633 -120 0 
915 -43 -307 0 
990 -59 630 0 
106 641 451 0 
437 -41 348 0 
82 -500 -650 0 
941 240 -882 0 
-811 -506 756 0 
288 -43 864 0 
792 866 -101 0 
572 -691 710 0 
-195 -609 384 0 
323 -510 797 0 
782 299 -295 0 
936 396 621 0 
416 770 147 0 
535 -191 424 0 
415 -172 -301 0 
519 -939 50 0 
-477 -610 973 0 
668 -257 877 0 
-309 441 -599 0 
-152 -247 -174 0 
761 -274 -371 0 
-568 -891 11 0 
-596 -215 829 0 
-653 148 -28 0 
-725 934 722 0 
-979 -124 -578 0 
224 207 -14 0 
498 10 -509 0 
676 -220 924 0 
542 -538 -617 0 
-53 861 914 0 
653 -773 794 0 
-9 447 115 0 
324 288 -241 0 
-441 95 514 0 
-736 148 -438 0 
-42 -346 938 0 
-258 802 878 0 
154 211 -113 0 
165 -541 124 0 
577 559 -861 0 
298 -369 937 0 
238 309 135 0 
-937 -515 -246 0 
520 -461 931 0 
-77 63 436 0 
-385 -351 918 0 
-735 -728 -968 0 
932 947 393 0 
-310 405 489 0 
-192 258 -517 0 
-593 -342 -723 0 
-956 508 54 0 
463 559 482 0 
537 806 215 0 
989 633 -133 0 
-995 562 -987 0 
-236 -635 -687 0 
-670 453 732 0 
-899 982 176 0 
830 -111 -727 0 
954 686 414 0 
705 613 573 0 
870 -425 227 0 
746 -776 -385 0 
121 -368 538 0 
723 -288 -433 0 
550 309 -83 0 
-102 -619 531 0 
-596 -559 -810 0 
-913 816 -445 0 
767 -24 -881 0 
-246 79 -83 0 
-490 -493 -504 0 
-344 -484 -315 0 
-252 400 -22 0 
207 645 380 0 
772 -533 -38 0 
651 -903 986 0 
-307 184 -336 0 
-143 -299 -952 0 
832 -655 488 0 
715 -523 261 0 
672 740 300 0 
-595 -664 -396 0 
245 -475 566 0 
-766 -458 495 0 
191 -383 -596 0 
607 289 825 0 
-526 -815 -797 0 
-620 -495 124 0 
-653 735 350 0 
-858 783 983 0 
-284 785 -410 0 
65 -636 -822 0 
410 -647 -532 0 
-242 -831 -691 0 
344 840 61 0 
-493 309 535 0 
-150 167 831 0 
-265 -456 -193 0 
149 138 -579 0 
617 671 -285 0 
-983 -46 48 0 
444 -621 -229 0 
-30 237 -429 0 
-890 512 384 0 
-228 321 -416 0 
630 273 853 0 
-787 669 84 0 
-264 -709 -563 0 
-450 865 20 0 
-518 106 36 0 
218 -863 -513 0 
88 -84 -172 0 
310 847 -150 0 
-205 -786 -203 0 
58 -336 -218 0 
983 -632 615 0 
-647 -796 576 0 
-682 -377 -455 0 
-448 -559 682 0 
251 651 305 0 
361 -774 232 0 
-781 394 -178 0 
-814 59 -532 0 
-241 196 -405 0 
-878 -638 33 0 
589 941 854 0 
-343 -388 741 0 
-298 369 463 0 
-134 -523 -932 0 
693 59 -308 0 
-878 -530 -665 0 
-233 -719 43 0 
957 -944 -491 0 
522 67 -159 0 
669 -915 495 0 
655 -337 73 0 
443 -262 -104 0 
851 298 849 0 
-964 -426 873 0 
348 599 -917 0 
584 -798 -757 0 
-664 -694 -610 0 
-602 544 804 0 
-468 134 528 0 
801 898 457 0 
-56 -308 680 0 
677 146 362 0 
172 500 307 0 
-952 723 -775 0 
87 961 -220 0 
793 286 719 0 
284 -439 530 0 
-907 -486 30 0 
793 -435 638 0 
-851 672 235 0 
601 90 751 0 
592 -490 -936 0 
910 -878 -796 0 
-58 876 -898 0 
293 979 -489 0 
-84 -540 -293 0 
-64 -316 -467 0 
-28 382 -834 0 
-902 -447 816 0 
454 525 -471 0 
514 791 -686 0 
294 -654 759 0 
-228 -642 308 0 
209 -655 -37 0 
901 -622 555 0 
-468 -122 776 0 
880 254 712 0 
-213 -431 -419 0 
535 91 22 0 
-959 554 318 0 
894 -742 949 0 
331 -196 68 0 
41 320 21 0 
313 242 730 0 
-392 503 -793 0 
-436 860 -165 0 
-118 806 -309 0 
-960 360 -874 0 
-833 -152 -583 0 
-364 -136 -39 0 
532 586 -575 0 
-717 412 196 0 
-618 30 682 0 
116 -754 -988 0 
-441 353 -735 0 
197 838 -170 0 
331 996 871 0 
-942 473 -686 0 
-139 -670 718 0 
-793 -384 -799 0 
-36 -723 317 0 
-648 494 476 0 
537 -623 768 0 
-512 -541 916 0 
-249 -236 -191 0 
571 -901 -300 0 
-920 486 -227 0 
-80 198 -351 0 
26 348 789 0 
-978 884 357 0 
-524 -238 749 0 
358 887 274 0 
-662 -458 -173 0 
514 -35 -367 0 
818 -449 -572 0 
115 123 301 0 
-471 94 -409 0 
-511 -664 -623 0 
903 -417 -534 0 
738 -207 165 0 
-647 955 599 0 
-970 -997 205 0 
-674 -645 164 0 
369 507 -883 0 
81 -253 -62 0 
380 -699 -240 0 
-841 638 -838 0 
916 -283 -657 0 
432 -479 -384 0 
-966 -556 -242 0 
-160 -117 -725 0 
840 -181 -534 0 
800 -188 808 0 
-523 -612 -982 0 
-186 -974 -625 0 
438 -851 -513 0 
742 652 574 0 
245 419 210 0 
-434 -941 150 0 
855 413 502 0 
-943 -606 922 0 
356 -699 413 0 
-264 170 532 0 
43 249 -968 0 
204 505 451 0 
363 -513 -117 0 
-540 574 203 0 
571 839 -597 0 
-939 -636 -896 0 
-487 -179 -710 0 
-889 -361 992 0 
-188 803 220 0 
180 449 595 0 
872 -72 -721 0 
-960 266 -724 0 
233 -174 440 0 
-514 645 60 0 
-32 -126 -305 0 
-993 745 -320 0 
-841 424 -741 0 
524 377 -243 0 
-394 695 563 0 
-544 -433 -445 0 
169 -789 698 0 
563 -269 -580 0 
272 -133 276 0 
156 -321 684 0 
327 660 325 0 
-490 -603 740 0 
-354 -476 589 0 
-247 285 -318 0 
787 -989 -996 0 
-983 228 183 0 
253 368 656 0 
-138 -818 -950 0 
-37 -528 469 0 
990 -281 -538 0 
-591 -341 -1 0 
771 -742 626 0 
159 -182 560 0 
-678 805 -760 0 
-803 -120 11 0 
-497 -160 -513 0 
-762 -163 671 0 
-524 -155 -759 0 
943 -135 797 0 
-758 -59 -634 0 
396 -827 44 0 
896 -481 42 0 
858 -28 -709 0 
36 -634 -300 0 
324 -138 1000 0 
463 194 -526 0 
816 830 -19 0 
791 -850 -177 0 
-167 619 867 0 
833 538 -632 0 
698 401 80 0 
-713 -337 931 0 
-785 -487 -998 0 
-672 575 -336 0 
112 -793 -498 0 
-714 -770 629 0 
814 280 816 0 
61 -879 -702 0 
-541 816 250 0 
-156 -103 941 0 
517 -124 459 0 
945 -5 422 0 
303 -852 183 0 
797 -432 96 0 
-840 -14 16 0 
622 -91 -371 0 
207 -514 -607 0 
-228 849 -729 0 
-281 -878 460 0 
-897 117 -8 0 
825 -812 -772 0 
-858 632 671 0 
401 645 520 0 
118 -1 152 0 
-180 204 629 0 
-684 -903 -878 0 
-566 967 -924 0 
396 631 -454 0 
-300 752 -87 0 
648 42 -198 0 
6 998 149 0 
-715 921 -590 0 
561 351 -870 0 
-698 952 -811 0 
787 531 344 0 
146 910 269 0 
-299 -821 -264 0 
871 669 -317 0 
531 -637 -976 0 
778 16 29 0 
-860 83 -711 0 
-257 -99 370 0 
-955 -220 80 0 
87 -78 -926 0 
-841 -874 206 0 
693 610 -542 0 
355 -243 -927 0 
-171 714 826 0 
510 827 -229 0 
-244 174 -984 0 
424 -881 -787 0 
415 -803 995 0 
-13 506 -752 0 
976 -623 449 0 
708 928 -211 0 
-504 -777 -597 0 
742 492 865 0 
-320 437 -692 0 
790 -781 -84 0 
-828 966 -832 0 
-234 266 75 0 
-968 760 -350 0 
-636 -152 -934 0 
241 447 -319 0 
-97 -131 922 0 
367 218 125 0 
300 481 -896 0 
484 -863 881 0 
175 -501 -688 0 
-150 -415 495 0 
219 -117 -443 0 
-78 235 140 0 
108 -421 961 0 
-393 -810 -151 0 
-279 812 844 0 
-172 -4 451 0 
760 164 -831 0 
-233 -972 59 0 
-447 896 305 0 
-47 -999 -74 0 
-524 93 -587 0 
-349 -559 -449 0 
-83 730 96 0 
650 -978 175 0 
-250 -683 -534 0 
772 232 588 0 
780 -339 -426 0 
708 889 -850 0 
-687 -306 -345 0 
598 954 -188 0 
-394 -307 -641 0 
-710 -743 840 0 
850 -64 255 0 
15 868 762 0 
964 -159 -269 0 
67 -670 85 0 
416 -810 248 0 
-436 835 663 0 
-188 807 816 0 
740 117 -406 0 
251 368 -880 0 
-774 -140 74 0 
299 196 777 0 
625 323 208 0 
-843 -936 -111 0 
-7 743 256 0 
577 -947 -187 0 
-243 -561 -213 0 
-247 40 253 0 
-434 -921 169 0 
-500 -629 -469 0 
-351 576 -93 0 
-333 488 -986 0 
175 -32 -269 0 
242 -479 533 0 
-930 -709 -688 0 
997 -345 -730 0 
-622 -649 -646 0 
19 326 -68 0 
-317 176 24 0 
800 -469 913 0 
709 306 43 0 
991 529 -695 0 
206 -153 -887 0 
-923 -431 -423 0 
-247 849 -244 0 
391 -226 -887 0 
810 -65 368 0 
-111 980 710 0 
376 -288 657 0 
795 749 -866 0 
-13 75 824 0 
779 -879 -144 0 
554 734 688 0 
-20 437 592 0 
-331 857 871 0 
563 740 480 0 
-546 540 -760 0 
-699 -6 948 0 
163 -72 -207 0 
59 719 -400 0 
-992 -960 750 0 
911 340 -186 0 
788 -679 -625 0 
451 880 -723 0 
268 826 -727 0 
-125 -639 -602 0 
-523 137 637 0 
924 -247 335 0 
-57 476 184 0 
355 690 557 0 
-738 -872 198 0 
410 383 -984 0 
-910 302 12 0 
-15 -591 891 0 
269 76 778 0 
-743 -388 -158 0 
630 346 843 0 
231 228 101 0 
-177 -40 413 0 
-895 -418 17 0 
670 570 77 0 
531 4 -965 0 
145 594 -249 0 
-64 -33 310 0 
-409 560 -273 0 
-22 847 544 0 
-532 -716 786 0 
-247 772 905 0 
435 -378 -886 0 
216 501 -693 0 
210 -486 607 0 
