p cnf 1000 2000
607 -545 -41 0 
-409 -547 -109 0 
-201 -366 -703 0 
-779 -343 140 0 
951 -367 216 0 
-873 -867 548 0 
-753 -635 -304 0 
185 -560 -708 0 
-839 876 986 0 
443 553 666 0 
380 -486 -893 0 
166 281 13 0 
253 -138 449 0 
-337 -276 145 0 
-749 -816 374 0 
281 -668 326 0 
254 -912 -758 0 
-70 565 -577 0 
790 459 403 0 
855 896 -610 0 
-869 -403 140 0 
-803 911 -79 0 
-748 653 -393 0 
389 538 969 0 
409 729 -941 0 
186 -820 -825 0 
-259 824 238 0 
-857 -909 11 0 
268 687 -710 0 
791 -409 918 0 
607 -761 -58 0 
903 -117 934 0 
-182 -962 -894 0 
-151 -814 636 0 
-718 470 699 0 
119 277 -963 0 
-680 -268 -360 0 
390 252 -18 0 
701 673 -273 0 
82 -661 -35 0 
462 146 -467 0 
-386 334 895 0 
589 492 -377 0 
204 -477 -298 0 
378 891 153 0 
-538 -295 163 0 
211 -791 74 0 
-469 -338 417 0 
869 -731 807 0 
-530 -618 287 0 
536 -156 -699 0 
556 -601 438 0 
319 -370 433 0 
420 -712 -334 0 
-947 -575 286 0 
326 745 -235 0 
354 -236 115 0 
-729 489 588 0 
491 -450 -992 0 
523 -468 900 0 
-696 -463 104 0 
-893 353 115 0 
594 775 -276 0 
33 375 -89 0 
-332 -892 756 0 
-214 942 629 0 
-932 -786 -947 0 
693 -641 204 0 
157 -468 884 0 
590 626 -930 0 
848 -56 -614 0 
772 -534 881 0 
-617 148 659 0 
-522 218 -607 0 
680 -731 487 0 
905 258 381 0 
349 -700 -836 0 
-697 608 597 0 
406 156 -535 0 
-514 979 736 0 
67 -565 -644 0 
-52 91 -849 0 
675 683 775 0 
290 -176 583 0 
-47 -73 150 0 
-750 726 -965 0 
789 -283 -932 0 
-525 637 216 0 
124 -772 -65 0 
157 -498 -864 0 
-57 406 -662 0 
-148 699 -505 0 
10 -434 669 0 
-184 -665 727 0 
915 -791 -115 0 
260 -970 53 0 
852 448 -628 0 
70 417 -342 0 
121 -796 908 0 
224 -214 156 0 
131 -634 408 0 
-526 -269 -846 0 
-431 -909 -510 0 
162 -175 521 0 
-464 871 -564 0 
-734 -31 -698 0 
-29 -76 92 0 
323 268 -868 0 
-251 -682 -905 0 
572 -691 484 0 
-767 -731 -894 0 
-171 -803 -963 0 
742 585 12 0 
914 798 -373 0 
19 270 -752 0 
175 725 -476 0 
-317 -796 749 0 
-559 389 595 0 
900 -254 -769 0 
89 -384 -809 0 
-562 -25 766 0 
-652 841 698 0 
-598 983 362 0 
215 846 -5 0 
-913 -510 167 0 
-498 392 261 0 
189 -722 114 0 
-346 454 764 0 
-461 -208 -931 0 
-508 449 -424 0 
-675 561 -756 0 
-277 -561 -799 0 
-335 769 108 0 
-818 119 -333 0 
-658 -198 -919 0 
277 792 674 0 
-775 -615 460 0 
641 -698 517 0 
-569 737 908 0 
-135 846 -445 0 
944 992 -67 0 
-826 -813 997 0 
-981 997 5 0 
-963 648 -903 0 
939 222 -528 0 
295 15 -881 0 
787 176 522 0 
59 -203 979 0 
885 -388 558 0 
-455 -433 -128 0 
610 -591 -980 0 
-82 800 -396 0 
-798 433 164 0 
-146 -36 -354 0 
782 -82 -181 0 
811 -524 -813 0 
9 -797 -651 0 
-967 -693 -632 0 
484 -771 160 0 
489 -86 -678 0 
-488 293 846 0 
915 -725 374 0 
62 843 122 0 
-539 559 -717 0 
278 101 69 0 
-675 -496 767 0 
-374 433 331 0 
326 120 -143 0 
-6 571 887 0 
848 -610 -828 0 
-735 897 -436 0 
-447 -217 134 0 
259 -422 862 0 
-648 -319 21 0 
-636 381 -677 0 
81 -11 282 0 
-522 -704 -383 0 
130 227 259 0 
452 139 -817 0 
-180 927 204 0 
-186 110 -150 0 
-534 291 -402 0 
35 -814 -676 0 
572 -359 448 0 
-477 -639 385 0 
-89 845 307 0 
250 318 -523 0 
-280 721 -982 0 
-221 -604 -442 0 
868 -65 716 0 
970 997 -497 0 
-781 132 -179 0 
-408 248 -321 0 
-912 -717 233 0 
-256 -319 922 0 
-827 115 534 0 
-440 70 7 0 
324 -429 913 0 
-826 872 562 0 
369 -868 430 0 
-703 -650 -517 0 
-332 -747 264 0 
-975 -453 475 0 
-999 -591 333 0 
-704 429 -746 0 
509 138 332 0 
44 961 -30 0 
613 -447 396 0 
695 -84 -967 0 
256 -80 862 0 
849 -170 517 0 
-378 395 113 0 
105 76 739 0 
-418 397 -763 0 
-732 -316 553 0 
-587 -811 86 0 
574 437 241 0 
942 190 -107 0 
899 -940 196 0 
-678 54 -965 0 
813 -446 -731 0 
68 -940 -900 0 
306 781 950 0 
825 -427 162 0 
494 927 -417 0 
289 628 -78 0 
780 -35 -143 0 
263 -176 -968 0 
-290 -677 956 0 
68 -27 51 0 
-275 -43 185 0 
-496 371 230 0 
-605 354 -588 0 
826 993 755 0 
-272 -481 -254 0 
985 -286 762 0 
728 -163 -5 0 
885 -110 -702 0 
-585 562 502 0 
-358 -337 621 0 
-538 -989 -853 0 
422 966 -859 0 
883 920 -530 0 
-211 -583 -614 0 
-426 -256 -929 0 
524 243 420 0 
-798 118 -130 0 
980 -844 889 0 
-645 927 477 0 
-567 255 -75 0 
-215 -387 -37 0 
-901 755 796 0 
-730 -821 -159 0 
-287 778 296 0 
-848 -995 827 0 
-147 3 -89 0 
-350 -954 510 0 
-258 453 -707 0 
229 232 -368 0 
-285 -647 288 0 
890 293 -329 0 
628 -824 -509 0 
-532 956 -523 0 
190 -333 928 0 
-184 744 91 0 
436 -990 -629 0 
-582 143 960 0 
782 -914 -6 0 
-82 422 -362 0 
-228 797 682 0 
250 -724 -226 0 
-243 914 963 0 
315 648 412 0 
-907 993 742 0 
761 -122 227 0 
541 -53 127 0 
-201 849 538 0 
-566 515 431 0 
878 186 142 0 
-750 372 -276 0 
-557 931 -457 0 
971 811 -184 0 
404 230 80 0 
-915 -533 282 0 
5 -400 -402 0 
-911 -493 837 0 
346 -519 836 0 
-860 -133 369 0 
-751 292 -59 0 
70 559 545 0 
207 -165 -252 0 
-848 -300 562 0 
-48 927 -858 0 
-378 -14 974 0 
-949 405 -353 0 
538 -791 -163 0 
396 -604 -900 0 
980 37 -741 0 
582 -131 -843 0 
-942 -667 190 0 
-374 440 -893 0 
729 48 8 0 
657 736 -414 0 
-743 -54 217 0 
452 739 -780 0 
744 -736 894 0 
-978 -160 -979 0 
-924 -147 -954 0 
369 -209 602 0 
718 -786 -362 0 
851 192 818 0 
-967 680 -579 0 
-777 -629 -272 0 
-557 -24 952 0 
498 -822 -341 0 
415 -35 315 0 
202 735 576 0 
975 -827 287 0 
-729 440 678 0 
-657 928 -325 0 
909 10 508 0 
-49 425 -6 0 
496 412 -380 0 
-783 974 -414 0 
291 -402 -881 0 
219 733 353 0 
256 -332 -177 0 
-145 -479 -52 0 
-796 -91 259 0 
710 523 -527 0 
769 180 -45 0 
-75 817 -47 0 
478 618 425 0 
-598 967 594 0 
-701 519 -277 0 
-583 -167 4 0 
474 757 -439 0 
63 513 975 0 
-329 -878 -801 0 
-661 722 375 0 
-523 606 -826 0 
-454 -241 -378 0 
-707 -101 854 0 
546 -626 -750 0 
-399 -356 584 0 
254 -217 200 0 
-640 814 833 0 
204 72 239 0 
419 382 102 0 
-791 780 -300 0 
-778 275 -568 0 
-653 -67 412 0 
-796 -943 748 0 
488 662 -570 0 
-861 -68 -536 0 
907 -559 255 0 
-240 -669 185 0 
-567 650 463 0 
-955 -896 126 0 
850 443 -63 0 
-932 -848 -237 0 
981 863 -599 0 
-324 650 884 0 
936 736 -800 0 
-142 311 512 0 
822 -449 424 0 
-323 479 159 0 
392 -584 -382 0 
-856 -170 69 0 
-411 919 -776 0 
-328 127 460 0 
-142 22 65 0 
-629 503 -55 0 
-611 586 -518 0 
909 -11 295 0 
402 -652 -585 0 
-618 55 999 0 
950 678 893 0 
-632 508 -791 0 
-923 -913 -863 0 
435 -875 -297 0 
797 329 809 0 
997 -314 -662 0 
796 -41 -913 0 
877 274 -491 0 
830 -941 276 0 
-101 756 219 0 
338 -336 154 0 
230 328 358 0 
-631 -127 792 0 
-288 -429 -698 0 
551 -25 -202 0 
302 -69 366 0 
-489 -498 -79 0 
58 259 -465 0 
266 -183 464 0 
134 -266 213 0 
-23 -490 256 0 
-705 438 616 0 
48 -531 -226 0 
-46 -762 910 0 
-901 -706 419 0 
487 407 -939 0 
-828 -974 200 0 
-829 910 438 0 
688 402 494 0 
909 -383 -366 0 
448 -28 -702 0 
-321 293 573 0 
610 812 -866 0 
488 -256 817 0 
-825 627 -476 0 
871 -816 985 0 
-815 335 630 0 
676 -28 -80 0 
-398 221 280 0 
287 -184 848 0 
-107 -505 -138 0 
25 433 -178 0 
574 159 -306 0 
-123 -479 -463 0 
836 -872 -266 0 
580 -75 -897 0 
-553 -958 -109 0 
-428 -938 -640 0 
-724 327 457 0 
81 875 -580 0 
190 -570 47 0 
898 -869 -123 0 
-217 663 310 0 
-813 -974 819 0 
-311 314 -965 0 
-258 -713 768 0 
-959 136 946 0 
296 -402 -352 0 
-562 176 593 0 
735 323 667 0 
-335 -590 541 0 
-783 -357 -901 0 
-34 -16 -48 0 
-715 -952 -570 0 
-875 31 -437 0 
-842 -324 -911 0 
-445 -1 507 0 
-501 -311 -684 0 
-538 -406 241 0 
44 -377 627 0 
231 -296 -628 0 
-59 -34 692 0 
541 -230 -657 0 
525 -228 192 0 
-145 165 955 0 
-433 769 -329 0 
-647 -717 611 0 
-379 -450 82 0 
-25 755 -44 0 
-801 804 408 0 
155 -843 -583 0 
-532 824 -152 0 
844 942 -186 0 
942 -3 280 0 
654 -824 -436 0 
-685 914 345 0 
375 -618 -167 0 
-95 -533 -550 0 
200 -311 717 0 
-635 236 -570 0 
845 -148 -956 0 
-585 178 -862 0 
220 -443 -945 0 
874 563 702 0 
-855 -748 -916 0 
-360 716 628 0 
852 -426 -560 0 
210 573 848 0 
838 -186 203 0 
-329 -514 -695 0 
-207 -435 -223 0 
-816 484 -714 0 
-225 101 494 0 
959 -279 -495 0 
-993 -613 897 0 
-659 -663 -856 0 
826 -318 -47 0 
697 -938 138 0 
311 -412 -488 0 
-598 260 -988 0 
159 -481 747 0 
246 -921 -584 0 
110 941 535 0 
-531 438 -855 0 
-62 697 180 0 
392 727 313 0 
388 759 -815 0 
-303 816 191 0 
3 -101 166 0 
-24 548 -345 0 
602 263 577 0 
-773 -598 -554 0 
-587 656 -23 0 
-254 10 82 0 
812 403 376 0 
-965 600 931 0 
-45 -958 -873 0 
412 316 -364 0 
-891 587 -640 0 
-479 -272 964 0 
987 81 573 0 
303 -185 6 0 
-68 -59 -427 0 
-211 695 -703 0 
150 155 -483 0 
763 988 168 0 
912 891 502 0 
-703 689 -377 0 
713 211 -601 0 
259 -604 -80 0 
-290 982 -678 0 
966 -654 -541 0 
-82 -435 581 0 
-292 -917 -267 0 
474 -898 -407 0 
194 -774 904 0 
619 -566 -175 0 
-850 999 -216 0 
-739 811 -989 0 
738 -694 532 0 
996 -20 300 0 
-852 -373 -735 0 
550 -626 -523 0 
-204 -189 336 0 
-361 -989 777 0 
63 -725 -346 0 
-798 302 311 0 
998 259 262 0 
-872 256 -747 0 
-799 -652 615 0 
527 751 584 0 
241 -167 -748 0 
-303 712 838 0 
472 980 -115 0 
-601 -580 410 0 
772 943 334 0 
215 -72 -724 0 
571 -720 -791 0 
428 676 154 0 
-149 267 545 0 
630 -278 -580 0 
429 827 -489 0 
-777 491 305 0 
779 578 -544 0 
241 259 -855 0 
-258 751 -88 0 
-188 -906 -189 0 
-517 -760 435 0 
395 904 -409 0 
-36 -402 359 0 
-86 213 -302 0 
-582 -132 -768 0 
-179 960 -571 0 
709 450 888 0 
93 763 -431 0 
142 -753 -903 0 
-609 464 -650 0 
-430 625 47 0 
-12 8 107 0 
-217 312 -966 0 
842 -915 -637 0 
841 747 -840 0 
593 88 -362 0 
585 -797 -386 0 
-113 152 -422 0 
577 -663 -835 0 
996 69 -498 0 
733 756 -796 0 
947 697 -139 0 
409 -921 -991 0 
-837 -391 -806 0 
780 -844 494 0 
750 -509 -577 0 
-682 -471 -171 0 
840 173 -951 0 
-591 -473 -606 0 
-752 -59 -962 0 
-436 485 565 0 
173 467 -431 0 
661 427 765 0 
-126 -427 -79 0 
42 -390 -82 0 
138 -488 -795 0 
-386 6 356 0 
57 907 -762 0 
650 345 -601 0 
-980 -622 -889 0 
-417 727 -317 0 
857 802 -497 0 
-914 537 61 0 
646 603 390 0 
-187 635 748 0 
465 -836 -77 0 
977 433 -430 0 
-912 -87 -625 0 
-303 384 710 0 
498 132 -141 0 
302 -686 399 0 
466 -708 -697 0 
607 -726 -180 0 
690 -411 -413 0 
51 -815 -913 0 
394 -533 472 0 
-118 -783 -8 0 
132 433 -576 0 
537 -632 -747 0 
-265 -485 649 0 
-489 240 561 0 
-515 98 -553 0 
443 -606 905 0 
102 -571 376 0 
319 613 594 0 
426 -57 -418 0 
261 2 334 0 
226 -306 -568 0 
-791 -582 -264 0 
693 432 -538 0 
-531 -964 -767 0 
-551 226 936 0 
-67 -858 849 0 
-291 795 981 0 
729 727 -301 0 
-778 955 501 0 
-315 -448 455 0 
-674 149 -264 0 
997 3 521 0 
-48 641 -368 0 
565 268 395 0 
871 830 -382 0 
363 -221 -155 0 
135 725 -160 0 
390 54 343 0 
-349 -921 363 0 
974 437 -609 0 
316 693 670 0 
-969 -160 -6 0 
-828 -849 -517 0 
322 -473 559 0 
-180 -757 -515 0 
-311 -780 -746 0 
277 231 -499 0 
861 -76 152 0 
560 -114 293 0 
-486 -755 139 0 
-232 -257 -36 0 
187 407 -924 0 
823 82 478 0 
4 -529 -641 0 
625 -862 886 0 
721 240 -997 0 
571 817 -533 0 
380 -265 -890 0 
559 -914 462 0 
-497 399 -280 0 
-321 -574 259 0 
-281 164 -323 0 
23 332 -222 0 
-459 -54 -235 0 
-106 -610 -600 0 
179 -505 -464 0 
-145 -604 -72 0 
346 -809 681 0 
-525 -728 -563 0 
-283 -916 649 0 
-570 -297 -15 0 
-599 -176 992 0 
62 145 211 0 
652 -245 -449 0 
477 749 431 0 
-407 -177 -631 0 
419 -759 555 0 
-238 810 436 0 
882 -979 153 0 
-644 -256 102 0 
-223 -600 758 0 
-607 584 -561 0 
-132 166 -950 0 
857 458 -889 0 
685 554 683 0 
855 398 795 0 
862 849 941 0 
-544 -257 400 0 
252 -834 -577 0 
708 38 -774 0 
-993 608 -739 0 
-333 -138 -103 0 
453 -65 298 0 
880 -435 959 0 
853 -896 -956 0 
495 622 -499 0 
139 -238 -557 0 
-750 -902 240 0 
529 -785 -404 0 
23 -185 183 0 
-180 54 273 0 
-218 551 684 0 
-329 -893 149 0 
-279 874 603 0 
985 446 717 0 
-299 231 -165 0 
-221 -805 -115 0 
851 684 -993 0 
50 -696 233 0 
-621 777 556 0 
-913 544 -894 0 
-50 -83 295 0 
914 -579 431 0 
11 -606 -909 0 
-51 550 -11 0 
808 929 -476 0 
207 983 -98 0 
-552 -241 745 0 
367 -775 785 0 
666 672 700 0 
424 -820 -915 0 
406 -882 -209 0 
500 963 991 0 
-222 -331 225 0 
-958 446 648 0 
-425 -258 -593 0 
-479 -75 -441 0 
-551 -237 566 0 
-516 -497 -878 0 
281 52 -340 0 
908 976 226 0 
-599 908 176 0 
856 -146 -884 0 
514 682 -171 0 
-879 443 464 0 
-465 -383 484 0 
-403 -546 37 0 
393 -194 305 0 
235 -729 -409 0 
-855 -406 307 0 
772 -252 -875 0 
709 -642 193 0 
950 783 429 0 
807 582 -559 0 
896 950 -455 0 
957 332 844 0 
124 -618 -718 0 
-699 -424 -449 0 
450 931 57 0 
665 77 -691 0 
-663 -987 263 0 
-69 -584 87 0 
331 -687 732 0 
-273 365 427 0 
901 -739 918 0 
15 909 737 0 
-399 320 756 0 
-233 206 -12 0 
527 -929 -896 0 
-750 -493 163 0 
928 -77 -819 0 
-404 108 -712 0 
-573 -730 915 0 
-283 -257 -729 0 
-393 -446 -697 0 
-295 150 719 0 
700 126 -564 0 
-909 141 -614 0 
-911 -524 16 0 
-584 782 532 0 
45 -665 -104 0 
797 95 -810 0 
931 892 95 0 
930 -89 -407 0 
812 672 418 0 
717 -738 59 0 
-962 -603 -599 0 
-528 -683 608 0 
-445 615 797 0 
18 732 648 0 
-209 533 -103 0 
-177 75 128 0 
50 735 403 0 
-444 -242 175 0 
-572 117 391 0 
-81 125 -315 0 
6 -826 -449 0 
-585 989 -655 0 
990 994 -241 0 
846 -463 337 0 
-840 893 -305 0 
883 -181 -711 0 
-219 154 606 0 
-528 568 439 0 
970 -921 40 0 
248 45 133 0 
29 282 -416 0 
-237 -154 -703 0 
591 -144 520 0 
-555 -219 -800 0 
74 940 -164 0 
889 -397 651 0 
784 907 -821 0 
-410 -450 -866 0 
-217 933 422 0 
237 -723 -594 0 
991 -792 331 0 
-865 912 147 0 
720 -824 -138 0 
-246 284 -561 0 
781 371 -984 0 
-439 756 -362 0 
-369 -9 685 0 
837 373 -794 0 
-836 938 524 0 
387 -858 -854 0 
-426 -8 651 0 
-651 -762 754 0 
778 -348 647 0 
59 -718 575 0 
552 24 -171 0 
-617 -951 571 0 
13 -217 -152 0 
-440 -883 -24 0 
978 681 -653 0 
787 184 835 0 
519 553 -12 0 
-336 706 471 0 
-378 123 264 0 
-12 882 -3 0 
-756 -78 -335 0 
-779 -390 528 0 
-962 903 681 0 
340 249 -321 0 
-534 145 -937 0 
-747 -577 -376 0 
-511 -722 400 0 
357 -440 118 0 
-645 337 -361 0 
-638 954 134 0 
16 -39 183 0 
42 -181 387 0 
378 155 216 0 
199 259 -288 0 
649 -386 -384 0 
-69 -609 457 0 
591 -130 123 0 
833 -2 -148 0 
364 -994 -960 0 
-329 -802 -512 0 
252 406 -100 0 
-358 176 -580 0 
-346 -349 -850 0 
217 473 -724 0 
-87 -347 410 0 
108 80 536 0 
-642 858 -545 0 
-666 -739 -77 0 
-132 346 201 0 
-743 312 645 0 
-128 -824 -484 0 
820 -776 530 0 
-339 916 905 0 
-592 -322 -884 0 
199 143 -424 0 
570 907 -256 0 
582 -156 -359 0 
-575 313 -262 0 
145 583 817 0 
-448 -301 816 0 
298 103 207 0 
405 -636 544 0 
276 -302 851 0 
46 686 -539 0 
558 -441 -605 0 
-31 706 971 0 
-287 483 472 0 
-667 735 -690 0 
12 -491 -501 0 
586 116 442 0 
280 -427 219 0 
431 745 445 0 
165 563 -23 0 
905 77 50 0 
-871 -548 590 0 
763 -2 -131 0 
-887 -462 509 0 
-39 -366 662 0 
-645 287 954 0 
-664 674 219 0 
962 -584 321 0 
55 -957 629 0 
855 906 51 0 
60 664 360 0 
-613 -308 477 0 
-922 -617 -344 0 
-159 -107 -560 0 
818 964 567 0 
-858 -672 -332 0 
-860 -742 796 0 
-1000 979 -494 0 
-269 -348 75 0 
-183 -163 884 0 
52 -197 382 0 
-223 844 443 0 
-150 -103 -412 0 
569 90 -214 0 
459 70 901 0 
437 -644 665 0 
-620 -119 -83 0 
-201 411 -690 0 
807 -588 922 0 
331 887 188 0 
301 223 129 0 
-366 43 587 0 
-788 -24 -154 0 
-168 -310 805 0 
479 -355 261 0 
-610 898 -547 0 
-187 614 852 0 
682 -702 183 0 
-519 -164 507 0 
782 837 -398 0 
-337 783 438 0 
219 -101 28 0 
800 85 648 0 
-491 -913 91 0 
-831 199 -664 0 
729 -836 -900 0 
-611 996 934 0 
-842 -819 549 0 
360 49 -618 0 
-230 -415 540 0 
166 -510 -7 0 
-423 -175 339 0 
-14 961 596 0 
858 129 -180 0 
-381 -603 75 0 
151 120 359 0 
488 -196 531 0 
243 -225 -937 0 
-890 -617 682 0 
365 -649 791 0 
-855 346 -905 0 
537 -995 853 0 
-696 183 855 0 
464 279 -850 0 
854 137 -470 0 
160 322 847 0 
-260 -247 963 0 
-180 -97 653 0 
111 301 -416 0 
402 -909 335 0 
342 -840 -258 0 
655 -372 -498 0 
769 132 611 0 
980 -479 279 0 
866 809 -851 0 
426 329 -884 0 
374 -873 528 0 
859 -638 -347 0 
870 -875 484 0 
-892 -77 -305 0 
-641 191 79 0 
230 -707 -788 0 
76 -293 -747 0 
387 -773 -304 0 
883 781 -541 0 
-585 -466 894 0 
872 342 -245 0 
-271 989 265 0 
-453 -208 592 0 
-791 406 -941 0 
-43 -865 95 0 
820 881 988 0 
-78 67 89 0 
-605 -682 -152 0 
-570 -119 -271 0 
-176 -55 515 0 
-966 427 -480 0 
786 -521 312 0 
873 450 154 0 
117 338 523 0 
672 118 712 0 
141 299 760 0 
-352 794 703 0 
635 -898 862 0 
-733 467 263 0 
744 631 229 0 
-728 829 419 0 
-546 -11 -640 0 
150 755 -71 0 
-528 -426 42 0 
-62 -833 -69 0 
-186 -986 -293 0 
-433 -686 -990 0 
942 -107 2 0 
901 -696 315 0 
-195 -115 -920 0 
-223 -75 -946 0 
-720 450 221 0 
426 660 -771 0 
521 800 -144 0 
530 -924 491 0 
731 -633 -726 0 
826 -861 -97 0 
27 720 -546 0 
505 289 669 0 
193 -546 882 0 
-999 -589 -688 0 
894 -3 298 0 
-163 533 971 0 
570 393 -707 0 
295 872 -460 0 
-682 -763 -957 0 
-332 470 713 0 
628 -772 242 0 
-34 -206 -98 0 
493 802 253 0 
-52 -773 -304 0 
487 -668 71 0 
43 681 -395 0 
-225 -824 694 0 
519 980 -722 0 
513 66 -165 0 
-653 -858 647 0 
-784 891 531 0 
-272 992 677 0 
-249 -899 919 0 
-859 -744 889 0 
-156 -516 -750 0 
-908 -550 -421 0 
895 377 773 0 
861 -507 -263 0 
-538 -830 507 0 
865 -483 610 0 
-7 254 -330 0 
-189 -797 102 0 
645 -261 -394 0 
-120 -397 -455 0 
-141 735 597 0 
934 -17 -292 0 
-3 -445 -189 0 
-616 -672 -451 0 
325 544 -577 0 
89 756 732 0 
-236 87 -911 0 
142 -19 -798 0 
-850 591 -657 0 
-636 866 -356 0 
-819 -621 -824 0 
314 -47 28 0 
-24 575 163 0 
472 496 874 0 
23 577 25 0 
640 84 -351 0 
906 603 573 0 
203 361 -336 0 
-401 961 300 0 
104 315 661 0 
114 -832 595 0 
812 -682 980 0 
-840 373 -424 0 
869 389 -334 0 
-475 -834 -665 0 
585 -551 -625 0 
-503 874 -565 0 
-28 -725 610 0 
-93 -333 739 0 
285 -942 -201 0 
332 -679 -449 0 
-549 -292 876 0 
-269 -628 486 0 
640 -603 -681 0 
802 784 858 0 
-271 -299 980 0 
-869 -218 -116 0 
216 -142 -942 0 
-303 36 591 0 
731 676 -718 0 
-661 -712 -474 0 
47 510 617 0 
-689 -886 559 0 
-466 545 125 0 
-50 -45 -341 0 
-170 793 909 0 
-694 -811 -982 0 
329 855 237 0 
160 -784 -107 0 
-17 -219 -261 0 
-805 -239 865 0 
-482 -908 888 0 
194 -394 -848 0 
609 442 -466 0 
141 -850 -722 0 
314 -102 -182 0 
467 -817 -702 0 
748 578 -528 0 
-917 -723 -965 0 
-268 622 599 0 
622 -992 -104 0 
578 460 38 0 
-368 -160 -872 0 
957 -667 883 0 
-589 -502 965 0 
283 -441 233 0 
-592 -329 -829 0 
149 513 912 0 
52 -494 -767 0 
147 265 -67 0 
-717 -949 896 0 
-173 250 98 0 
688 -548 119 0 
-934 -320 -379 0 
27 417 -830 0 
423 -480 435 0 
-435 -994 -670 0 
-130 -778 353 0 
956 116 -660 0 
842 340 -115 0 
310 877 768 0 
265 364 296 0 
-378 -745 318 0 
-732 -413 -415 0 
-318 -990 -45 0 
358 535 -204 0 
229 -649 830 0 
567 -411 56 0 
472 -816 -699 0 
670 822 764 0 
-754 153 187 0 
-39 -564 -327 0 
-550 -604 684 0 
188 597 -246 0 
759 698 -344 0 
-467 526 948 0 
610 -419 750 0 
-776 860 964 0 
432 925 -163 0 
400 197 909 0 
-498 -960 270 0 
290 -680 -66 0 
986 673 -492 0 
-642 272 -499 0 
558 -632 -1000 0 
984 -782 519 0 
374 -613 480 0 
-488 -682 -216 0 
-188 817 -774 0 
-337 -906 -283 0 
-897 37 161 0 
-810 793 -945 0 
241 -314 -77 0 
654 -784 -555 0 
-972 56 865 0 
401 296 -178 0 
634 604 -15 0 
-773 -77 -809 0 
291 67 748 0 
162 489 -607 0 
-263 206 478 0 
252 925 924 0 
-942 -744 -571 0 
-886 -428 483 0 
-653 -931 232 0 
25 76 -458 0 
28 -575 631 0 
156 778 -136 0 
414 178 955 0 
-40 -599 -944 0 
-978 408 639 0 
-351 -737 920 0 
-563 156 -444 0 
80 239 339 0 
-455 -973 853 0 
-528 -438 530 0 
82 -694 -737 0 
-710 -895 555 0 
912 -56 522 0 
-17 -3 750 0 
-42 -237 423 0 
-545 -498 732 0 
-362 -764 -619 0 
100 8 564 0 
-981 -279 -399 0 
908 -621 -501 0 
294 -218 869 0 
236 910 -373 0 
493 -925 -783 0 
-378 -530 -991 0 
11 -662 721 0 
-127 894 -700 0 
-398 678 -45 0 
425 -577 278 0 
380 40 -312 0 
551 94 -205 0 
-686 -41 -76 0 
216 -471 -290 0 
71 -837 272 0 
420 -950 -317 0 
-807 117 -934 0 
685 491 405 0 
406 -109 6 0 
551 816 722 0 
67 -586 602 0 
731 589 795 0 
280 307 860 0 
-279 -624 608 0 
-84 -567 -413 0 
78 -904 225 0 
-770 -310 -610 0 
612 -744 354 0 
-889 572 981 0 
307 882 -720 0 
-238 -551 -931 0 
816 788 111 0 
159 -1000 33 0 
-820 -514 -160 0 
600 39 -951 0 
-994 176 583 0 
-622 635 -206 0 
393 339 235 0 
-933 -797 502 0 
-799 600 851 0 
650 945 552 0 
344 -503 -620 0 
333 752 894 0 
872 -730 622 0 
-116 -706 509 0 
-501 701 -986 0 
-638 -16 764 0 
-453 -46 492 0 
-9 -432 891 0 
161 195 492 0 
-796 309 564 0 
-269 -117 934 0 
-348 73 566 0 
-698 208 153 0 
645 -704 628 0 
379 194 797 0 
346 984 -814 0 
893 -662 789 0 
503 962 -972 0 
259 -424 458 0 
593 863 902 0 
-74 123 641 0 
-349 881 379 0 
787 609 -901 0 
-377 -274 549 0 
346 141 939 0 
-439 8 740 0 
192 -163 933 0 
-846 -686 -22 0 
-325 471 87 0 
17 687 -713 0 
-473 478 84 0 
776 -6 -345 0 
845 827 -244 0 
-583 -970 -655 0 
-506 -569 408 0 
-629 -605 -200 0 
631 178 -226 0 
236 576 551 0 
-791 -232 -610 0 
731 -100 -951 0 
-171 558 -179 0 
625 323 186 0 
282 246 374 0 
-417 714 948 0 
629 -993 474 0 
-388 -320 -184 0 
-474 -531 233 0 
916 665 302 0 
456 894 -844 0 
-72 -133 -432 0 
107 969 251 0 
-491 118 565 0 
-466 -165 -655 0 
664 163 612 0 
-782 67 844 0 
-604 -468 -165 0 
910 -689 -400 0 
-482 -537 87 0 
54 452 -797 0 
690 373 584 0 
957 857 101 0 
-759 -138 -840 0 
-256 -278 133 0 
-780 292 99 0 
190 543 -784 0 
510 -808 446 0 
-175 -103 909 0 
-382 -553 261 0 
898 -453 547 0 
-34 764 307 0 
-199 -124 721 0 
9 991 -542 0 
-396 -895 -345 0 
-102 -835 -757 0 
-383 -941 -306 0 
987 57 -447 0 
121 -704 253 0 
-667 -147 -749 0 
156 -376 227 0 
-508 -644 -473 0 
-550 363 389 0 
843 -864 542 0 
-54 -842 -937 0 
-824 -118 -81 0 
-905 974 -595 0 
-577 -811 831 0 
-81 -757 646 0 
-704 602 -835 0 
-182 -605 561 0 
744 901 316 0 
798 -841 286 0 
-407 -661 -342 0 
-748 98 721 0 
-336 -251 -775 0 
-313 813 -796 0 
994 644 50 0 
-676 -849 -30 0 
-948 -198 118 0 
387 -417 818 0 
823 776 1 0 
-929 856 944 0 
871 961 917 0 
-770 736 -98 0 
124 697 180 0 
35 901 -348 0 
819 -293 309 0 
-699 373 650 0 
-768 927 -844 0 
717 -852 829 0 
705 541 166 0 
616 -393 -110 0 
-363 -563 746 0 
757 682 299 0 
90 658 718 0 
-337 905 -62 0 
-76 -365 547 0 
-906 311 -697 0 
-667 -233 -837 0 
-368 653 632 0 
-987 -524 -26 0 
798 -871 -351 0 
604 916 545 0 
505 -305 -327 0 
-479 -778 782 0 
277 -610 392 0 
882 152 -86 0 
394 -894 934 0 
509 -920 -633 0 
-706 494 -842 0 
739 -571 193 0 
47 653 964 0 
580 -248 602 0 
225 183 961 0 
558 627 943 0 
-677 -878 522 0 
86 177 252 0 
-246 -152 -786 0 
447 -735 383 0 
-345 246 -475 0 
-692 -911 -22 0 
639 -981 -497 0 
-15 353 891 0 
-231 455 -247 0 
-252 117 -561 0 
-374 705 -582 0 
-246 981 86 0 
1000 -436 887 0 
-455 -532 -784 0 
-724 -531 235 0 
361 -99 11 0 
250 697 -694 0 
-533 197 998 0 
-555 -127 242 0 
482 196 307 0 
-951 -150 -815 0 
-104 -635 -816 0 
-721 581 -665 0 
370 -390 13 0 
-805 402 -671 0 
994 623 575 0 
-164 262 899 0 
117 826 886 0 
883 570 -725 0 
-386 335 208 0 
58 813 -992 0 
796 659 454 0 
-432 -112 -338 0 
115 -472 -431 0 
475 804 -361 0 
-563 -811 792 0 
910 15 -729 0 
-423 -968 743 0 
-337 743 -14 0 
-5 -1 -540 0 
-118 941 -216 0 
-265 -928 647 0 
994 -367 -954 0 
-488 261 861 0 
-244 -816 -916 0 
461 -436 51 0 
102 383 -902 0 
-868 104 -582 0 
736 -447 627 0 
854 793 -453 0 
828 -852 167 0 
160 350 824 0 
888 104 -556 0 
-385 346 -158 0 
-582 610 -130 0 
-738 -811 286 0 
-82 733 -492 0 
80 356 360 0 
487 -445 492 0 
753 397 294 0 
-681 487 -662 0 
395 -862 -965 0 
-75 -87 589 0 
-895 -816 890 0 
-819 420 349 0 
422 -280 981 0 
551 174 -130 0 
674 323 -596 0 
665 583 -744 0 
-548 -534 -814 0 
-983 -315 -866 0 
-302 746 883 0 
511 -253 56 0 
65 -604 638 0 
9 -49 -523 0 
312 -597 601 0 
-942 240 -349 0 
688 573 135 0 
82 932 -863 0 
359 736 -433 0 
-438 -288 599 0 
846 859 779 0 
-47 866 -534 0 
311 74 -388 0 
73 841 721 0 
-865 593 941 0 
-980 -634 199 0 
-639 -235 512 0 
-197 -846 994 0 
186 -525 547 0 
670 -342 -375 0 
-243 -655 913 0 
-760 105 946 0 
-551 -841 526 0 
-386 580 -391 0 
-688 765 802 0 
413 703 582 0 
377 949 371 0 
-454 -664 -377 0 
735 -552 389 0 
76 442 573 0 
664 -689 -489 0 
-123 -911 -597 0 
356 -230 551 0 
775 -941 34 0 
-729 939 761 0 
276 -182 -995 0 
868 -224 716 0 
-796 684 -726 0 
-964 757 -119 0 
153 423 -135 0 
-760 -519 976 0 
939 755 13 0 
164 489 469 0 
840 -66 11 0 
-243 715 580 0 
301 348 977 0 
-540 -712 40 0 
350 934 421 0 
-487 996 558 0 
22 -62 -446 0 
851 -287 138 0 
-781 824 821 0 
76 502 -177 0 
822 362 -447 0 
369 504 92 0 
436 726 417 0 
680 982 488 0 
-148 52 633 0 
233 -949 -327 0 
-683 143 600 0 
-918 -84 -130 0 
179 955 -299 0 
614 -908 -188 0 
-299 167 -94 0 
-354 440 746 0 
30 -989 154 0 
-624 35 -984 0 
844 66 684 0 
-350 -159 946 0 
800 -980 -6 0 
-918 388 -331 0 
920 -226 -3 0 
-119 235 -959 0 
-689 -433 -920 0 
158 713 385 0 
-173 -731 -828 0 
-664 -486 977 0 
961 -275 -44 0 
-9 -137 914 0 
-256 306 -836 0 
103 -676 -904 0 
-786 -511 330 0 
912 -940 233 0 
-870 -266 -303 0 
-873 -906 815 0 
327 -118 456 0 
-326 760 149 0 
-960 339 279 0 
-504 356 157 0 
-428 -936 -405 0 
713 -765 19 0 
-250 493 -625 0 
-617 -924 105 0 
-554 -34 -391 0 
612 370 -74 0 
-11 544 -182 0 
948 -644 377 0 
359 -440 -302 0 
-237 347 973 0 
-19 439 739 0 
-70 -191 -998 0 
-471 -788 -535 0 
885 954 619 0 
729 296 -681 0 
219 -818 907 0 
815 523 -497 0 
-356 618 637 0 
237 927 218 0 
-574 -156 583 0 
-416 -197 -863 0 
-782 -978 -315 0 
123 174 771 0 
201 656 193 0 
971 -220 -75 0 
-107 -584 -402 0 
-199 384 -103 0 
162 614 731 0 
-572 -821 -871 0 
-437 714 -523 0 
69 -402 90 0 
946 897 943 0 
-43 859 35 0 
-774 894 831 0 
486 752 681 0 
194 -366 470 0 
519 -731 994 0 
714 -509 359 0 
134 962 -715 0 
188 -142 -282 0 
857 -645 480 0 
56 -215 -109 0 
830 -656 918 0 
-893 -848 -894 0 
-6 230 160 0 
634 864 303 0 
-232 291 987 0 
-627 700 836 0 
833 876 -513 0 
-156 -342 -35 0 
401 993 675 0 
914 281 -22 0 
-199 449 120 0 
160 -738 -538 0 
131 -946 -578 0 
249 356 748 0 
302 515 -864 0 
-410 -847 -768 0 
93 639 -552 0 
991 -874 -996 0 
-671 447 -843 0 
11 -101 686 0 
-649 797 -656 0 
-113 -707 743 0 
-368 -28 69 0 
877 231 -874 0 
-810 -909 167 0 
832 -855 313 0 
-320 -823 898 0 
125 904 624 0 
697 508 -567 0 
719 -116 842 0 
-918 -706 -276 0 
-733 451 425 0 
592 -156 -650 0 
-877 -95 -125 0 
-920 -660 235 0 
-865 -795 -134 0 
575 711 759 0 
-658 784 -278 0 
268 -788 308 0 
873 424 648 0 
958 211 -202 0 
922 262 270 0 
-490 834 -682 0 
935 785 -677 0 
508 282 -250 0 
123 -538 521 0 
491 873 -717 0 
-435 -673 -540 0 
-419 -714 943 0 
-865 -550 893 0 
489 -153 440 0 
-926 483 -705 0 
851 -302 -406 0 
-652 -329 516 0 
840 -47 -833 0 
-901 567 245 0 
-215 511 -27 0 
327 -77 -639 0 
-257 169 839 0 
-417 -820 141 0 
-432 -786 -217 0 
423 993 420 0 
64 -244 699 0 
191 -146 -765 0 
933 314 741 0 
-415 951 -101 0 
803 -140 85 0 
562 -557 37 0 
-876 -926 60 0 
372 -317 -246 0 
314 146 857 0 
-497 -35 350 0 
965 51 995 0 
-383 -10 -577 0 
-927 681 -167 0 
-708 -45 776 0 
92 -464 -19 0 
-747 530 -569 0 
-448 -656 -168 0 
662 650 674 0 
-942 -548 111 0 
295 -635 346 0 
495 605 654 0 
-30 -560 642 0 
-870 -711 -161 0 
-122 -221 472 0 
-639 -368 -690 0 
714 -493 -336 0 
497 -263 -950 0 
859 -296 32 0 
-291 -556 -345 0 
-192 -561 369 0 
-215 -8 -485 0 
72 -553 755 0 
299 -856 771 0 
-83 -97 -771 0 
78 2 -219 0 
-596 -690 608 0 
569 -516 273 0 
367 4 64 0 
-524 450 -44 0 
852 427 127 0 
652 -498 -332 0 
-330 871 -526 0 
-278 -215 -603 0 
-910 805 652 0 
-468 534 349 0 
-823 -971 205 0 
332 700 649 0 
-563 -45 -20 0 
-753 -69 537 0 
-420 516 520 0 
491 -90 -979 0 
-4 138 673 0 
-121 153 -207 0 
694 725 -490 0 
-779 -703 -598 0 
-906 -112 824 0 
532 675 -788 0 
242 859 53 0 
-297 407 345 0 
-581 -737 -104 0 
870 815 374 0 
75 -492 -969 0 
114 -755 440 0 
-893 244 -943 0 
393 684 534 0 
-943 -849 396 0 
899 138 -561 0 
434 -644 -143 0 
-629 874 713 0 
351 -758 -316 0 
706 795 -9 0 
-337 -46 -842 0 
-176 278 -342 0 
229 -82 -189 0 
82 -335 -258 0 
374 -311 -825 0 
163 -4 -213 0 
-119 -775 59 0 
102 -121 93 0 
-341 -946 179 0 
459 678 -343 0 
-666 -591 202 0 
131 -391 -729 0 
135 301 158 0 
-593 -142 -598 0 
-432 -107 -62 0 
552 -969 -62 0 
-397 4 -873 0 
-716 -472 229 0 
338 432 -481 0 
352 -586 151 0 
965 838 675 0 
-581 695 592 0 
666 -66 -348 0 
-322 953 -263 0 
-674 -276 475 0 
5 -114 713 0 
-755 76 -976 0 
-615 -595 -191 0 
280 423 211 0 
-882 -701 411 0 
-695 182 -943 0 
376 524 -765 0 
-914 590 266 0 
229 499 367 0 
-883 -422 -490 0 
530 695 -972 0 
810 -926 -23 0 
265 21 458 0 
-947 -851 781 0 
-254 -240 -92 0 
707 998 588 0 
-538 385 -413 0 
-655 870 -94 0 
540 -731 281 0 
19 -636 -984 0 
-790 511 -68 0 
-434 34 -1 0 
-802 -137 -575 0 
-413 272 847 0 
612 602 641 0 
-726 336 284 0 
-668 -488 -843 0 
-231 -448 -105 0 
-860 -748 583 0 
335 641 658 0 
-368 -946 -433 0 
-816 -144 -982 0 
326 -669 -126 0 
-531 -835 -903 0 
-834 930 425 0 
-973 -944 -192 0 
991 -107 -542 0 
857 41 -709 0 
-220 -612 790 0 
315 170 -853 0 
-994 496 928 0 
-39 951 389 0 
93 -309 -314 0 
-925 63 -185 0 
-621 -812 -785 0 
-124 -602 451 0 
-976 139 355 0 
908 827 57 0 
48 349 -634 0 
890 278 527 0 
-64 783 -960 0 
316 -341 832 0 
979 -666 -55 0 
-620 813 -144 0 
539 -164 -643 0 
409 623 56 0 
-87 528 778 0 
-13 -689 675 0 
238 190 -486 0 
-87 601 13 0 
439 -907 94 0 
-249 133 37 0 
557 -635 522 0 
-267 -40 215 0 
9 -176 1 0 
728 130 -985 0 
360 -406 -388 0 
171 -456 -904 0 
969 315 48 0 
579 949 547 0 
-41 508 391 0 
-956 -269 -976 0 
22 -845 24 0 
12 -596 202 0 
628 979 21 0 
465 665 423 0 
-661 663 -473 0 
-833 962 596 0 
-147 552 931 0 
493 569 636 0 
-684 -474 -135 0 
497 214 -583 0 
125 -417 256 0 
334 109 -312 0 
659 349 -892 0 
742 712 -536 0 
-499 485 713 0 
-273 160 -848 0 
-209 -754 88 0 
-130 -202 143 0 
534 -137 -753 0 
553 -977 -253 0 
-735 181 -123 0 
-134 733 -70 0 
-648 127 -408 0 
690 -410 872 0 
113 -865 726 0 
-714 -741 -576 0 
528 736 763 0 
-704 -963 -162 0 
-240 -978 643 0 
471 -68 309 0 
-141 -678 -989 0 
603 403 161 0 
989 -634 770 0 
-74 194 -856 0 
-936 53 178 0 
-790 735 500 0 
-343 -913 11 0 
-706 -799 396 0 
-857 -928 192 0 
79 821 629 0 
564 40 -212 0 
-844 -512 18 0 
125 -565 -712 0 
-406 306 197 0 
113 -305 -940 0 
245 160 487 0 
-937 514 -879 0 
-887 -450 12 0 
423 -307 -366 0 
479 -847 320 0 
-843 293 -682 0 
-846 577 -242 0 
472 338 96 0 
-641 -181 -848 0 
-914 -649 -684 0 
365 557 196 0 
-813 106 341 0 
305 90 709 0 
-172 -334 -317 0 
-650 -848 582 0 
-874 507 616 0 
-23 538 545 0 
-210 587 -365 0 
-915 477 -245 0 
-281 -848 99 0 
-787 -889 -100 0 
786 -584 -895 0 
-214 98 -567 0 
647 -18 111 0 
-911 -755 934 0 
530 183 889 0 
963 -113 -367 0 
414 453 718 0 
558 -184 -486 0 
915 -34 -368 0 
861 289 218 0 
346 -98 -874 0 
128 -586 -830 0 
-302 870 532 0 
-542 -127 -214 0 
284 -843 818 0 
-481 312 96 0 
826 -386 541 0 
-100 841 -605 0 
377 85 -487 0 
299 290 462 0 
834 -184 -73 0 
-34 580 222 0 
-931 -614 -655 0 
680 958 238 0 
181 -894 180 0 
-833 141 -686 0 
634 939 -780 0 
226 -666 932 0 
896 4 952 0 
-114 510 -360 0 
719 -193 825 0 
84 219 -593 0 
-334 -228 -83 0 
-763 -821 925 0 
543 -694 -824 0 
-729 129 -919 0 
133 582 910 0 
425 -814 -269 0 
78 -560 105 0 
-826 -139 -22 0 
-186 -229 853 0 
-791 -349 -300 0 
-494 -206 -856 0 
319 -526 691 0 
-713 -947 -453 0 
452 906 -363 0 
253 127 917 0 
-419 -748 636 0 
589 -87 747 0 
114 842 -669 0 
544 -500 -890 0 
902 -574 -847 0 
-166 -335 -349 0 
-916 -14 544 0 
823 383 -271 0 
214 -159 671 0 
-830 928 944 0 
-122 -414 174 0 
-539 -458 -723 0 
-270 -778 630 0 
228 -252 -50 0 
-120 -292 571 0 
-402 594 355 0 
832 962 611 0 
-952 -611 -911 0 
-639 -891 28 0 
842 9 -387 0 
518 -718 710 0 
9 -210 -374 0 
-873 -388 -488 0 
-312 806 -619 0 
-942 520 -384 0 
193 -14 13 0 
-221 899 -738 0 
617 -939 -34 0 
-874 -37 799 0 
721 -779 35 0 
503 75 -253 0 
793 -481 -602 0 
-284 -917 260 0 
-761 -758 -707 0 
-143 -892 -672 0 
133 804 -101 0 
80 332 -424 0 
947 -620 21 0 
992 -622 -840 0 
-695 -828 -516 0 
-745 -299 -860 0 
-529 945 -365 0 
659 -278 -443 0 
-674 555 -263 0 
-901 762 -641 0 
-608 -528 -635 0 
747 714 -690 0 
208 -514 -112 0 
-297 857 694 0 
-963 -370 381 0 
719 -232 377 0 
731 234 -344 0 
573 -910 -149 0 
492 -832 -651 0 
889 468 -765 0 
749 924 -97 0 
-29 -927 -314 0 
930 679 -554 0 
127 735 131 0 
790 296 -918 0 
-49 -4 -918 0 
759 -136 -521 0 
173 348 -372 0 
-891 -140 693 0 
949 -170 31 0 
518 843 -431 0 
229 821 -872 0 
482 -912 -847 0 
220 262 -84 0 
417 77 -330 0 
794 -562 809 0 
-547 -303 445 0 
-838 438 343 0 
842 362 129 0 
826 -377 -929 0 
273 -240 763 0 
794 -153 234 0 
895 -74 -416 0 
632 647 -865 0 
55 565 700 0 
-473 -526 459 0 
-552 -368 -480 0 
555 616 20 0 
379 -370 -342 0 
-931 -188 32 0 
897 -848 -903 0 
-495 2 -937 0 
-242 -559 -95 0 
-760 990 159 0 
255 923 425 0 
-180 -485 -321 0 
-708 -648 -255 0 
-651 751 -232 0 
-142 29 43 0 
-848 -295 191 0 
