p cnf 1000 3000
484 923 636 0 
-902 430 -751 0 
-404 -675 -941 0 
-912 164 672 0 
-779 827 -656 0 
-133 194 -685 0 
247 -727 604 0 
280 -952 -89 0 
232 848 -177 0 
437 -764 955 0 
-203 -74 232 0 
-982 7 -688 0 
582 -266 -978 0 
-72 -796 486 0 
952 -868 314 0 
889 -257 478 0 
224 -429 -940 0 
-741 -861 685 0 
-350 52 567 0 
115 599 334 0 
-711 -801 -247 0 
525 641 -666 0 
-85 -153 -91 0 
499 -406 187 0 
-647 -355 -40 0 
-856 122 -973 0 
615 934 328 0 
424 -998 824 0 
-526 -175 593 0 
607 -938 680 0 
-684 -186 -781 0 
-597 173 -908 0 
-307 -745 -522 0 
-998 -296 -299 0 
671 260 -356 0 
-910 -697 -427 0 
-316 764 26 0 
686 -721 454 0 
20 -398 376 0 
-830 -508 713 0 
672 363 328 0 
275 463 765 0 
-205 -147 980 0 
-515 -284 195 0 
978 519 296 0 
57 -842 748 0 
-249 -692 -948 0 
403 878 650 0 
273 329 -797 0 
373 181 -445 0 
-660 365 922 0 
877 496 -54 0 
949 693 177 0 
-946 603 -176 0 
-394 600 -693 0 
-101 890 -611 0 
1000 -457 959 0 
422 463 -293 0 
-679 50 -180 0 
-494 200 -217 0 
-910 694 -322 0 
846 85 450 0 
37 -679 -400 0 
-458 721 296 0 
-687 -696 339 0 
368 569 -806 0 
937 -601 784 0 
-116 831 39 0 
849 -208 -201 0 
-940 -998 822 0 
-708 -954 -647 0 
62 -723 527 0 
172 -771 -361 0 
-20 882 655 0 
707 102 -225 0 
659 -816 354 0 
-961 -500 37 0 
-513 -705 616 0 
98 -578 -804 0 
-410 65 44 0 
-835 -124 909 0 
-925 319 978 0 
-667 -376 518 0 
-668 90 775 0 
-447 -835 -122 0 
126 908 423 0 
-509 158 -531 0 
13 -632 -349 0 
711 -309 -415 0 
-988 -84 -774 0 
657 643 -739 0 
-735 -277 739 0 
605 904 614 0 
535 491 435 0 
194 470 577 0 
-449 204 514 0 
509 966 180 0 
843 644 922 0 
284 403 -280 0 
-294 -604 316 0 
662 -772 202 0 
-285 -131 979 0 
534 857 50 0 
-560 917 -519 0 
996 -912 216 0 
-52 -440 183 0 
688 560 -978 0 
578 -832 -435 0 
-649 71 -204 0 
758 -507 -689 0 
-554 277 258 0 
-222 556 -828 0 
-271 797 723 0 
-905 -748 431 0 
236 -845 -340 0 
-604 -48 863 0 
975 -42 -922 0 
-140 -96 205 0 
-312 -741 583 0 
-361 390 1000 0 
-411 -337 297 0 
-975 -404 636 0 
-449 -442 51 0 
-832 -789 188 0 
87 -424 570 0 
787 -841 -946 0 
481 -267 -137 0 
-999 -794 -988 0 
-973 -327 -23 0 
6 -189 -444 0 
-368 -197 -876 0 
-43 -609 892 0 
241 -782 -8 0 
393 -448 -704 0 
148 891 555 0 
701 -761 -420 0 
-199 -661 -178 0 
-700 -162 -359 0 
976 556 65 0 
-754 -888 88 0 
349 -155 -983 0 
352 -106 548 0 
152 730 183 0 
717 -37 -391 0 
-390 -604 -124 0 
-98 -240 -976 0 
598 -409 -9 0 
822 -319 -252 0 
261 -27 901 0 
938 -240 -621 0 
97 8 -85 0 
-360 192 906 0 
177 410 341 0 
116 788 -435 0 
399 186 222 0 
328 20 -275 0 
405 -586 117 0 
758 65 -982 0 
677 -973 -943 0 
-27 371 -132 0 
874 -209 -845 0 
56 -74 402 0 
495 47 -974 0 
272 -938 502 0 
165 -615 903 0 
-391 -34 841 0 
448 -906 59 0 
501 399 -457 0 
-976 -26 355 0 
718 971 -656 0 
-250 -31 -49 0 
614 636 208 0 
818 -275 -618 0 
319 41 -861 0 
-858 -466 -747 0 
878 -103 849 0 
-95 -895 -103 0 
396 -829 172 0 
-969 -57 126 0 
-535 242 -672 0 
779 310 -696 0 
-177 -576 739 0 
315 -790 -994 0 
961 -491 666 0 
-123 -857 -258 0 
363 -37 -605 0 
-909 142 -169 0 
471 555 -352 0 
-571 954 -545 0 
-508 225 892 0 
-868 -397 -563 0 
10 -793 -905 0 
-521 -683 -511 0 
-836 -395 -736 0 
-254 221 -960 0 
519 61 -332 0 
926 -118 987 0 
-176 -616 646 0 
-909 7 -710 0 
-609 915 611 0 
421 959 448 0 
-380 563 -535 0 
139 -485 820 0 
745 881 -224 0 
939 -515 845 0 
-371 488 -282 0 
-711 130 -267 0 
639 424 -715 0 
112 110 196 0 
-691 624 -792 0 
-84 -705 897 0 
-422 -754 -921 0 
-222 -471 -968 0 
-793 -256 -89 0 
-902 944 923 0 
466 910 248 0 
480 -271 501 0 
362 573 326 0 
-943 -512 962 0 
703 -818 -95 0 
-9 -337 -884 0 
592 -463 552 0 
-300 768 -607 0 
26 -227 138 0 
-981 -266 -239 0 
694 882 -67 0 
-281 757 676 0 
382 -722 397 0 
-392 896 -376 0 
785 -867 421 0 
-641 97 -810 0 
-969 96 724 0 
-348 71 -676 0 
155 -23 113 0 
451 -924 -206 0 
-204 -271 187 0 
-125 811 -732 0 
-851 -528 -541 0 
-657 -340 200 0 
17 -287 -508 0 
29 -886 -358 0 
339 383 278 0 
-324 -188 231 0 
125 23 -275 0 
-341 70 -906 0 
-421 -515 453 0 
839 918 499 0 
-58 779 -217 0 
-894 235 667 0 
864 433 -207 0 
449 -812 79 0 
-270 -365 -35 0 
853 793 952 0 
165 -282 -734 0 
-946 -181 -939 0 
795 -288 -335 0 
325 540 -660 0 
557 927 -398 0 
455 641 705 0 
-550 644 -224 0 
-714 -277 -258 0 
-993 43 258 0 
-542 -873 240 0 
-340 -984 110 0 
2 248 987 0 
402 -963 738 0 
-102 -73 218 0 
322 -834 -699 0 
-258 -754 810 0 
-632 -112 -75 0 
-134 -658 -45 0 
-445 -634 -469 0 
902 679 689 0 
-135 940 359 0 
-576 482 224 0 
-611 75 -371 0 
-320 998 247 0 
-234 968 -853 0 
-911 725 -393 0 
-723 372 -599 0 
454 591 -705 0 
-486 441 620 0 
-768 -693 -995 0 
520 -404 -907 0 
-11 -150 -812 0 
-304 -732 204 0 
-395 -275 143 0 
-631 -392 -383 0 
660 678 691 0 
155 282 -352 0 
415 333 -166 0 
-591 -461 -740 0 
463 -642 -601 0 
606 -644 -226 0 
920 -840 -447 0 
-191 509 797 0 
21 776 667 0 
-652 995 -746 0 
-3 -219 -360 0 
-722 162 140 0 
-680 106 937 0 
-992 -171 875 0 
859 -443 900 0 
389 779 -917 0 
212 -816 -616 0 
676 -739 -865 0 
-347 459 658 0 
675 -160 521 0 
746 -269 776 0 
-885 150 -663 0 
674 -253 -636 0 
717 522 -25 0 
-339 -719 -27 0 
140 914 -391 0 
-309 212 -67 0 
20 -293 -130 0 
-622 -909 613 0 
-272 -636 -303 0 
465 183 -438 0 
703 814 -279 0 
-738 318 820 0 
459 648 438 0 
971 -253 375 0 
562 -928 -383 0 
-401 381 -542 0 
131 290 -189 0 
-979 -768 112 0 
-296 -463 -848 0 
643 -869 716 0 
948 39 443 0 
-207 -557 269 0 
952 -986 -867 0 
-25 848 -237 0 
-906 -466 525 0 
723 539 980 0 
-156 -749 -665 0 
414 526 -277 0 
460 -49 106 0 
-168 -536 9 0 
641 -744 -451 0 
-272 770 749 0 
-790 620 -254 0 
-450 -382 945 0 
923 346 710 0 
502 -832 126 0 
-565 561 -111 0 
507 547 -62 0 
-90 471 -381 0 
701 925 403 0 
-58 147 -590 0 
-611 147 719 0 
304 270 609 0 
69 309 -11 0 
-811 878 799 0 
820 535 927 0 
434 -221 425 0 
-589 976 -717 0 
59 -709 800 0 
899 -471 -660 0 
-360 -507 491 0 
751 -409 -490 0 
-576 -987 -473 0 
-255 650 37 0 
252 -450 231 0 
535 949 187 0 
198 767 -250 0 
-727 -730 -986 0 
-909 -942 -629 0 
-750 -781 410 0 
662 555 929 0 
-624 398 107 0 
706 963 755 0 
-209 353 431 0 
901 -546 940 0 
294 843 123 0 
-707 -374 -977 0 
415 473 831 0 
131 -527 -15 0 
133 -43 119 0 
246 881 6 0 
-640 975 -843 0 
-577 -250 240 0 
548 601 -526 0 
935 278 -522 0 
829 -747 229 0 
-491 -327 319 0 
920 821 455 0 
-484 -932 -464 0 
190 -312 -334 0 
746 -1000 454 0 
790 342 -727 0 
689 342 163 0 
676 775 680 0 
324 -312 700 0 
48 536 764 0 
936 498 -493 0 
389 -318 964 0 
-711 739 776 0 
652 -828 -286 0 
-159 112 -187 0 
-976 413 870 0 
-325 14 -293 0 
-339 -294 -823 0 
896 663 367 0 
312 -29 518 0 
683 274 528 0 
-762 -475 59 0 
-388 -892 -475 0 
809 899 352 0 
726 118 -431 0 
-744 797 592 0 
-877 -57 -824 0 
-501 -185 906 0 
-707 -615 -203 0 
-582 -628 -444 0 
-125 -137 352 0 
941 976 -969 0 
430 -160 259 0 
-624 947 -870 0 
33 -869 448 0 
7 -520 486 0 
-248 1 842 0 
685 -620 674 0 
682 132 634 0 
-956 -581 -559 0 
987 772 317 0 
-496 370 317 0 
-820 -430 -321 0 
561 622 79 0 
767 -553 224 0 
-5 695 -335 0 
41 -63 87 0 
367 964 853 0 
427 -996 -898 0 
701 -788 637 0 
-958 296 276 0 
16 971 261 0 
690 540 272 0 
710 -392 542 0 
846 -127 943 0 
-558 514 659 0 
963 237 -744 0 
864 200 212 0 
-602 -136 -811 0 
24 126 -379 0 
-144 -208 -743 0 
23 -953 -417 0 
-648 483 111 0 
617 -602 262 0 
500 302 847 0 
-654 -632 717 0 
-689 -928 -83 0 
-648 105 32 0 
224 821 918 0 
-203 471 -718 0 
75 340 -984 0 
-856 -2 -872 0 
69 -997 111 0 
82 -369 -190 0 
-355 -349 -214 0 
108 690 -989 0 
-273 -234 -631 0 
-396 -19 514 0 
-133 892 -920 0 
616 821 537 0 
-609 639 -469 0 
952 448 518 0 
-746 720 -305 0 
-606 452 674 0 
793 -344 -385 0 
-263 -921 -449 0 
-909 292 -593 0 
-169 381 -557 0 
-922 -63 136 0 
754 818 -93 0 
-553 239 -865 0 
-117 -390 -405 0 
66 554 -240 0 
-336 165 492 0 
-387 636 244 0 
758 -213 767 0 
701 793 348 0 
654 648 -666 0 
458 -738 -787 0 
-90 -831 -513 0 
360 -307 786 0 
156 -190 -452 0 
-96 680 -742 0 
99 490 316 0 
933 706 -559 0 
576 -228 888 0 
477 -287 520 0 
350 675 -453 0 
567 630 -59 0 
-231 -434 867 0 
-190 -410 615 0 
-572 61 -556 0 
950 -639 700 0 
491 951 793 0 
823 44 396 0 
851 -100 -489 0 
-973 320 -924 0 
463 455 -577 0 
-777 573 905 0 
-465 362 904 0 
-811 632 -188 0 
29 -860 -749 0 
-353 473 249 0 
513 719 -393 0 
704 -345 -40 0 
263 -812 -946 0 
378 808 -839 0 
539 351 -345 0 
-323 -902 680 0 
-913 13 -174 0 
-984 -106 -785 0 
-134 -369 -672 0 
-331 337 21 0 
-815 402 224 0 
-538 -919 -483 0 
-194 341 -118 0 
-398 -747 -821 0 
-259 937 -277 0 
-540 -666 -284 0 
434 647 185 0 
283 -500 945 0 
194 531 -85 0 
306 -969 -393 0 
882 -361 622 0 
380 694 -308 0 
359 -944 279 0 
299 790 -666 0 
915 738 -269 0 
873 903 796 0 
825 -525 952 0 
552 -908 -751 0 
268 717 -909 0 
347 932 355 0 
-967 973 124 0 
-338 -908 -91 0 
652 -392 150 0 
195 489 194 0 
386 -963 -855 0 
389 -226 -1000 0 
468 -773 406 0 
-591 -424 -175 0 
135 482 381 0 
778 -561 -346 0 
331 915 -149 0 
82 965 -288 0 
868 -97 719 0 
220 73 690 0 
-605 -539 -805 0 
-521 -592 530 0 
-901 -646 -353 0 
123 -819 -744 0 
-782 579 523 0 
-841 179 515 0 
762 -823 -770 0 
678 -624 -99 0 
541 -367 -13 0 
29 860 -387 0 
322 589 -498 0 
-423 856 -82 0 
838 -826 902 0 
-1 548 32 0 
499 454 -732 0 
-72 318 -650 0 
-875 -198 -805 0 
-512 -254 648 0 
-801 -917 490 0 
611 273 -430 0 
-666 -336 -31 0 
417 -522 669 0 
-461 444 572 0 
1 -120 -190 0 
-71 -540 -995 0 
552 120 -985 0 
-834 -628 571 0 
260 126 546 0 
362 870 -871 0 
334 176 254 0 
179 614 319 0 
-354 -986 -391 0 
-82 874 -659 0 
-868 -28 920 0 
292 437 150 0 
-161 406 -116 0 
-665 678 895 0 
690 56 -93 0 
198 -556 -665 0 
847 297 -261 0 
143 208 -638 0 
147 213 -507 0 
871 397 281 0 
623 349 448 0 
-262 529 -885 0 
759 758 -136 0 
-574 -865 -175 0 
956 -27 -160 0 
-376 -267 -763 0 
-992 48 207 0 
-186 -483 -586 0 
-673 -25 628 0 
964 -676 686 0 
468 55 803 0 
238 -146 816 0 
742 -869 816 0 
381 879 -959 0 
-755 -514 -415 0 
78 307 730 0 
-191 2 -800 0 
-250 456 -520 0 
-677 568 -746 0 
-713 129 -137 0 
95 -529 279 0 
-14 686 -104 0 
868 890 608 0 
299 -725 -581 0 
695 886 185 0 
-131 5 -498 0 
377 -79 -932 0 
-31 643 -123 0 
777 -565 916 0 
505 -366 -131 0 
-133 570 443 0 
-587 -301 153 0 
634 -338 -697 0 
513 -588 -13 0 
-688 975 501 0 
-978 171 -652 0 
290 -231 107 0 
629 -928 -370 0 
-210 774 301 0 
257 -819 -880 0 
-996 -403 -917 0 
-81 431 -665 0 
-482 449 213 0 
-716 -906 878 0 
-338 413 774 0 
545 132 570 0 
225 -998 318 0 
256 -390 139 0 
184 -914 -548 0 
-13 287 -813 0 
901 -315 50 0 
811 -942 -947 0 
-131 975 557 0 
114 523 -800 0 
-358 -629 -64 0 
-806 -323 758 0 
176 215 -363 0 
744 -600 945 0 
-497 -857 -523 0 
-342 -712 -523 0 
-206 395 849 0 
429 -723 -232 0 
659 548 362 0 
298 -923 -751 0 
563 -162 -867 0 
65 495 538 0 
491 -867 -461 0 
458 626 -910 0 
-403 563 725 0 
-410 338 -557 0 
41 -462 948 0 
173 -767 -838 0 
-429 419 -554 0 
-660 -993 -708 0 
606 243 16 0 
328 -202 799 0 
-296 -287 -443 0 
-796 -468 217 0 
-622 -33 581 0 
274 505 -113 0 
710 -393 -503 0 
-944 709 935 0 
-879 -184 727 0 
-425 -577 39 0 
662 76 -585 0 
306 -683 436 0 
-616 861 -383 0 
-316 420 868 0 
-953 -426 -494 0 
386 634 -864 0 
-627 -577 688 0 
-586 953 -331 0 
156 -565 -936 0 
-736 268 587 0 
-930 -98 637 0 
-613 -939 -400 0 
-452 -609 -773 0 
354 -632 -894 0 
202 659 265 0 
-794 892 -599 0 
-342 -778 207 0 
660 -722 74 0 
500 926 -425 0 
936 517 193 0 
-635 -346 9 0 
820 765 -888 0 
170 -36 619 0 
199 -380 185 0 
209 -230 523 0 
-939 -501 -60 0 
-652 -988 -612 0 
-733 527 -135 0 
-219 -179 -290 0 
-557 852 -457 0 
273 837 -496 0 
35 265 309 0 
625 -434 -883 0 
206 -663 609 0 
397 -274 88 0 
500 -229 -647 0 
-903 328 -110 0 
-380 131 163 0 
-223 669 -234 0 
690 88 -619 0 
608 196 592 0 
348 -203 507 0 
-194 187 -675 0 
-566 -297 -447 0 
-805 -503 -427 0 
-99 271 -722 0 
590 -471 -171 0 
-845 -104 -128 0 
-393 378 -253 0 
-427 -406 430 0 
-791 -319 892 0 
263 -670 -482 0 
-419 -67 970 0 
-780 -971 249 0 
-722 281 -37 0 
-172 -696 -136 0 
-498 188 -486 0 
-554 -519 252 0 
-720 -774 -739 0 
-981 82 -704 0 
-673 -868 -73 0 
-371 -230 891 0 
-177 889 -453 0 
-776 -948 -136 0 
246 353 364 0 
-559 667 449 0 
849 -787 -717 0 
-626 -359 -169 0 
736 -960 -525 0 
95 -117 -194 0 
-672 -271 -382 0 
457 -296 929 0 
540 -325 -989 0 
908 -161 694 0 
-948 -130 -169 0 
-623 136 93 0 
-82 -781 -729 0 
-346 -160 513 0 
409 -134 -884 0 
-469 503 14 0 
-713 -947 -774 0 
684 4 -967 0 
-621 262 601 0 
-869 -185 -955 0 
-123 954 -385 0 
-742 -365 50 0 
624 -293 575 0 
922 367 -624 0 
-908 -522 207 0 
-930 -69 471 0 
766 291 384 0 
-970 717 -151 0 
140 -956 -31 0 
-574 310 912 0 
-831 -714 -575 0 
-643 -979 393 0 
487 -672 787 0 
-178 -183 -444 0 
-507 45 -913 0 
-512 123 -619 0 
799 39 434 0 
860 -296 -919 0 
241 860 -802 0 
794 -942 268 0 
992 -636 -745 0 
44 114 480 0 
422 -369 -297 0 
975 -816 -988 0 
-411 -270 527 0 
-857 915 33 0 
-203 729 -176 0 
946 56 807 0 
-70 627 -858 0 
355 -896 241 0 
-193 -408 -828 0 
96 -445 360 0 
-23 -296 235 0 
916 976 -628 0 
983 258 505 0 
-516 -243 -83 0 
141 -339 -530 0 
934 -475 -907 0 
-587 752 922 0 
259 -111 960 0 
259 -691 -781 0 
-680 15 435 0 
406 198 -411 0 
943 -89 393 0 
-401 283 166 0 
657 -624 477 0 
-83 -318 -833 0 
-709 582 407 0 
-865 -989 -559 0 
947 -342 213 0 
243 -495 126 0 
444 513 959 0 
-211 -183 -267 0 
30 843 -815 0 
-355 -834 -751 0 
905 -51 908 0 
-100 -68 -762 0 
-620 -948 -457 0 
307 -633 832 0 
-796 99 -13 0 
769 -613 452 0 
-500 -383 483 0 
-18 -938 535 0 
856 234 -729 0 
305 697 -762 0 
-714 -379 745 0 
383 954 -434 0 
-90 411 296 0 
157 -817 -65 0 
258 -351 455 0 
774 944 159 0 
160 -327 -768 0 
-343 659 629 0 
406 -203 587 0 
-500 567 -141 0 
684 180 -82 0 
284 -851 -646 0 
-298 -50 804 0 
-887 -883 495 0 
848 322 -211 0 
809 -928 57 0 
206 904 459 0 
730 -669 760 0 
272 -115 241 0 
423 985 347 0 
-431 -263 -424 0 
-15 194 824 0 
928 282 332 0 
238 -135 189 0 
451 -288 -302 0 
-39 -732 -762 0 
975 526 -248 0 
-452 -780 234 0 
-203 -944 -686 0 
-881 -616 -105 0 
-637 -949 120 0 
-975 -907 -127 0 
-305 -577 -618 0 
283 493 877 0 
727 395 -387 0 
-734 436 504 0 
857 -158 430 0 
736 85 -896 0 
80 211 732 0 
225 230 494 0 
-818 -901 635 0 
-424 -234 857 0 
-98 -272 31 0 
-18 -674 274 0 
-861 -480 -463 0 
-879 -605 -194 0 
771 -790 -586 0 
526 810 -917 0 
481 629 -599 0 
-44 -221 937 0 
477 469 885 0 
-395 792 757 0 
-78 -424 65 0 
889 320 855 0 
-579 -189 -517 0 
-193 -78 -916 0 
-457 -260 825 0 
452 -744 -955 0 
-253 -146 -662 0 
-682 372 -502 0 
596 -260 -620 0 
-933 -554 498 0 
-613 256 -215 0 
225 -554 -366 0 
498 -168 -328 0 
344 515 420 0 
79 261 -483 0 
-854 620 546 0 
-868 419 -728 0 
41 -537 -162 0 
848 966 930 0 
876 -175 -200 0 
-623 -288 -530 0 
742 606 -566 0 
240 950 353 0 
564 953 643 0 
-882 -683 -435 0 
-773 969 332 0 
-694 -45 -674 0 
-358 -418 43 0 
35 -685 181 0 
-14 -757 -77 0 
-20 -870 934 0 
548 275 -917 0 
-112 890 719 0 
811 -135 881 0 
-766 -53 -27 0 
321 825 336 0 
734 -78 -254 0 
79 -506 911 0 
-73 -580 868 0 
838 -171 537 0 
71 495 -837 0 
-196 36 870 0 
649 -162 -116 0 
401 300 288 0 
-997 -611 666 0 
411 108 931 0 
435 -183 534 0 
805 -667 -146 0 
395 -862 722 0 
-510 968 754 0 
741 824 -633 0 
894 323 -657 0 
738 -136 607 0 
-466 531 546 0 
684 -469 202 0 
-622 698 -732 0 
527 -870 -691 0 
945 -426 163 0 
312 -100 -58 0 
-783 -359 -501 0 
-398 651 359 0 
-440 805 627 0 
-422 -756 -797 0 
880 -193 177 0 
-726 418 633 0 
-970 208 289 0 
-284 -633 -926 0 
812 -575 -217 0 
-51 -9 206 0 
-419 -631 -562 0 
980 -376 460 0 
718 186 336 0 
932 525 -639 0 
423 911 528 0 
234 -421 251 0 
-117 -473 490 0 
-201 -249 -791 0 
639 977 -75 0 
-660 542 -677 0 
-956 864 -269 0 
114 229 340 0 
-935 -702 924 0 
65 -426 -877 0 
73 334 -78 0 
-190 111 -479 0 
372 -407 693 0 
-148 -459 -347 0 
-434 -524 351 0 
-757 -748 571 0 
717 -441 -298 0 
-640 -986 -989 0 
788 216 297 0 
-663 609 -604 0 
846 -506 -586 0 
194 571 -32 0 
276 959 -796 0 
-999 -751 -619 0 
676 775 -918 0 
-522 488 -971 0 
519 518 -303 0 
-848 996 767 0 
-327 880 -20 0 
-348 895 193 0 
985 296 855 0 
-523 705 585 0 
43 -919 -778 0 
166 591 -939 0 
981 -271 889 0 
-169 -988 -58 0 
-119 658 518 0 
-409 955 164 0 
-189 -202 -630 0 
-707 -868 622 0 
-125 -372 995 0 
-758 822 -473 0 
-810 -973 509 0 
587 -116 -347 0 
-307 978 590 0 
773 -546 -842 0 
479 648 490 0 
-26 -586 65 0 
415 -406 906 0 
-992 -847 -981 0 
-567 962 -20 0 
-653 774 449 0 
-307 -722 -482 0 
288 -312 40 0 
-559 -919 -992 0 
-72 492 495 0 
-864 -176 42 0 
-795 618 150 0 
662 -620 234 0 
173 244 83 0 
699 949 689 0 
-557 -176 933 0 
54 554 957 0 
910 225 -974 0 
323 -724 66 0 
652 -966 275 0 
-838 612 -261 0 
-670 -318 -859 0 
32 415 -880 0 
-345 -477 69 0 
-168 -507 -229 0 
-214 -581 846 0 
-497 -824 31 0 
232 -523 -329 0 
989 21 -365 0 
215 -81 -541 0 
191 -891 -505 0 
-365 -445 590 0 
-191 650 -545 0 
364 -856 267 0 
106 44 802 0 
-914 -462 479 0 
-688 44 -992 0 
-203 129 483 0 
-848 -767 -590 0 
-332 -182 333 0 
882 -865 -72 0 
959 -912 383 0 
-624 636 846 0 
173 -833 281 0 
-71 -730 101 0 
-477 584 -294 0 
-471 387 -881 0 
-385 10 -101 0 
-283 183 872 0 
-534 -788 634 0 
345 374 -561 0 
213 -3 -865 0 
955 -845 708 0 
21 997 818 0 
659 765 -206 0 
987 113 620 0 
337 62 99 0 
101 524 212 0 
854 -397 -463 0 
-389 -227 -429 0 
-938 205 -801 0 
-512 -35 -748 0 
448 -758 -327 0 
-904 -652 -657 0 
467 -687 29 0 
96 433 902 0 
492 -278 483 0 
473 -735 450 0 
321 221 361 0 
-974 726 -418 0 
-226 410 59 0 
186 -344 716 0 
17 -763 -331 0 
-884 772 180 0 
696 -795 -755 0 
-537 -492 587 0 
66 -908 -820 0 
-186 -983 443 0 
-920 565 -963 0 
-212 -78 578 0 
-170 558 928 0 
620 107 13 0 
38 574 123 0 
-417 155 -473 0 
-756 799 -791 0 
498 -551 -375 0 
-721 306 -102 0 
-837 284 -374 0 
474 -719 255 0 
-868 -511 -858 0 
993 -593 920 0 
471 426 997 0 
-421 -464 309 0 
-927 273 -628 0 
337 809 806 0 
-663 476 -965 0 
492 475 768 0 
448 876 -628 0 
261 678 -992 0 
-781 -857 -326 0 
541 -853 -19 0 
809 -192 -580 0 
-505 474 305 0 
971 632 -89 0 
146 605 -644 0 
-173 114 -540 0 
-608 863 780 0 
-937 -897 -314 0 
721 843 570 0 
440 -572 -66 0 
76 -327 844 0 
-269 -961 362 0 
230 401 -906 0 
-585 -594 -956 0 
-855 -138 801 0 
315 547 -787 0 
-431 72 -562 0 
251 718 540 0 
-955 586 208 0 
636 -923 -541 0 
-449 -686 682 0 
-99 -94 697 0 
225 885 178 0 
48 -805 84 0 
-937 -387 -62 0 
909 634 718 0 
518 -527 -631 0 
31 799 737 0 
-505 734 587 0 
774 936 607 0 
-709 688 -562 0 
-192 772 -210 0 
261 248 -998 0 
-327 -718 -316 0 
-422 -807 -653 0 
-325 -973 -259 0 
-525 442 491 0 
-922 900 558 0 
-342 62 278 0 
478 307 -598 0 
618 -441 -444 0 
-629 -897 775 0 
-362 791 -581 0 
100 -930 -487 0 
-839 -200 -581 0 
542 128 -818 0 
-760 -656 19 0 
329 -501 -293 0 
448 -746 -39 0 
-260 298 218 0 
513 807 -149 0 
-680 700 769 0 
59 16 350 0 
-436 -858 -642 0 
-715 -174 446 0 
-845 -735 224 0 
-336 44 -926 0 
603 -753 -669 0 
-330 979 160 0 
162 -756 49 0 
723 -821 790 0 
332 432 74 0 
-844 -971 471 0 
784 -601 -561 0 
603 -37 913 0 
-927 272 -934 0 
442 -934 545 0 
422 97 599 0 
-55 -383 376 0 
822 982 -235 0 
-452 -349 -412 0 
674 475 -985 0 
-912 848 13 0 
421 -829 737 0 
781 -4 -761 0 
-341 234 735 0 
-545 305 -550 0 
255 -249 -707 0 
994 -78 -963 0 
-188 478 -58 0 
473 -994 208 0 
516 -904 940 0 
613 -733 -263 0 
872 870 926 0 
-818 -35 458 0 
612 -966 626 0 
-430 567 206 0 
-823 279 302 0 
-138 448 201 0 
-744 9 81 0 
-19 422 305 0 
705 34 55 0 
896 -664 -716 0 
-765 -721 -859 0 
-388 852 -411 0 
-60 334 -979 0 
665 179 111 0 
-673 -339 121 0 
199 -454 -558 0 
-778 643 842 0 
-26 -324 -980 0 
114 873 -226 0 
-976 -919 -480 0 
430 -427 933 0 
881 -968 912 0 
-575 711 462 0 
73 -604 911 0 
-398 -499 525 0 
34 -96 893 0 
7 987 919 0 
-9 -793 -818 0 
154 -793 -503 0 
-834 826 400 0 
276 423 73 0 
477 424 -17 0 
268 48 -427 0 
761 -751 -611 0 
-834 -24 910 0 
-815 689 896 0 
104 141 305 0 
764 -79 -254 0 
-904 -548 -718 0 
282 -27 -356 0 
132 339 -554 0 
-441 -537 409 0 
-945 377 -684 0 
-723 366 3 0 
-158 143 274 0 
-138 990 -684 0 
208 533 73 0 
352 424 745 0 
605 23 735 0 
271 -368 670 0 
-445 79 -844 0 
-299 -689 -453 0 
137 964 -872 0 
688 602 -121 0 
-813 -614 -954 0 
343 -284 -244 0 
-274 -149 941 0 
596 -508 299 0 
898 868 401 0 
-329 -590 -201 0 
-476 -202 528 0 
401 250 400 0 
-921 -822 588 0 
-1000 859 630 0 
-441 455 -690 0 
-216 135 -580 0 
-189 679 550 0 
2 755 964 0 
791 -456 -958 0 
483 -270 964 0 
277 449 348 0 
-952 -593 -503 0 
-85 -792 -777 0 
612 -34 -77 0 
895 211 899 0 
-272 997 -588 0 
-45 206 10 0 
678 714 743 0 
-238 -146 -698 0 
498 517 982 0 
-441 60 347 0 
916 832 905 0 
-804 -66 719 0 
733 784 -903 0 
225 767 381 0 
91 -697 -281 0 
712 122 156 0 
146 228 116 0 
916 847 -422 0 
102 437 402 0 
-223 365 -218 0 
-11 195 -745 0 
788 731 793 0 
281 432 39 0 
-887 998 -888 0 
830 825 632 0 
-826 -228 -727 0 
-517 -42 -429 0 
954 -23 -159 0 
-123 465 -444 0 
973 -521 -726 0 
-549 718 -524 0 
777 -895 593 0 
919 -593 604 0 
117 -843 -368 0 
853 759 672 0 
-498 -525 -754 0 
40 -667 -7 0 
-684 -102 53 0 
929 449 -921 0 
654 365 -167 0 
-743 -300 -724 0 
-273 657 400 0 
656 -649 -615 0 
45 796 970 0 
-614 146 632 0 
54 -111 721 0 
-802 638 -356 0 
617 -279 21 0 
126 -731 734 0 
718 423 -849 0 
137 371 -615 0 
-448 380 790 0 
131 -553 -731 0 
206 879 -29 0 
278 607 -284 0 
387 495 -680 0 
-567 -110 -708 0 
-823 883 17 0 
-769 -409 -677 0 
-635 650 444 0 
609 665 -887 0 
553 -393 -216 0 
-609 200 229 0 
-466 683 -668 0 
287 318 -31 0 
163 362 607 0 
819 -280 876 0 
-785 -277 -31 0 
495 -854 962 0 
354 -264 -994 0 
-773 895 -733 0 
-619 -774 668 0 
-479 600 -755 0 
217 -906 -202 0 
943 -854 262 0 
-63 445 475 0 
666 181 -958 0 
-527 -623 -382 0 
-392 -902 316 0 
-401 -801 -25 0 
212 486 808 0 
-77 -405 -878 0 
-504 451 -427 0 
-56 98 186 0 
395 540 -954 0 
131 100 937 0 
529 -92 198 0 
-136 111 403 0 
764 -32 122 0 
729 -675 -46 0 
199 -137 -326 0 
-341 661 693 0 
-926 898 351 0 
722 246 463 0 
63 -893 -930 0 
342 -430 237 0 
422 493 -300 0 
172 271 28 0 
-466 -653 -164 0 
-400 9 213 0 
-652 107 407 0 
702 -164 884 0 
567 -141 417 0 
-238 565 221 0 
102 484 575 0 
211 957 453 0 
-805 801 -776 0 
-143 702 45 0 
119 412 397 0 
576 228 -967 0 
-378 501 1000 0 
621 330 -628 0 
-552 -531 -986 0 
277 -644 94 0 
383 254 -515 0 
-67 766 453 0 
2 704 30 0 
612 -77 -735 0 
-115 -592 552 0 
987 -914 940 0 
-173 -158 745 0 
-503 -930 -33 0 
957 -956 737 0 
-92 -613 -555 0 
423 762 -691 0 
-974 -586 -23 0 
564 -675 158 0 
-926 872 -935 0 
227 -686 -175 0 
-794 870 -305 0 
590 -764 -884 0 
-203 -721 -343 0 
-829 371 706 0 
-758 -130 666 0 
198 -902 -563 0 
-132 66 156 0 
997 88 -924 0 
324 -159 -624 0 
367 852 71 0 
510 -825 -94 0 
495 435 -482 0 
-832 -821 -639 0 
-666 770 15 0 
-455 588 249 0 
-649 49 97 0 
-494 751 959 0 
-319 478 231 0 
-137 -362 -741 0 
673 507 -777 0 
-629 -399 596 0 
-745 983 921 0 
264 72 897 0 
-358 766 538 0 
-45 -619 -896 0 
-943 577 -2 0 
132 -935 -741 0 
-394 598 184 0 
227 -972 737 0 
193 -990 100 0 
205 791 751 0 
-470 -793 -394 0 
-410 423 -2 0 
262 -738 455 0 
-950 -147 -489 0 
147 43 -955 0 
-891 556 290 0 
740 341 -11 0 
-69 -73 988 0 
-387 -974 -60 0 
881 -11 838 0 
-593 533 -476 0 
-590 -691 -742 0 
40 -911 484 0 
541 -62 620 0 
-808 -666 872 0 
986 84 375 0 
-674 -711 384 0 
-119 -501 -608 0 
-925 823 17 0 
-16 613 -687 0 
746 198 -50 0 
758 847 81 0 
-980 506 739 0 
-83 981 -965 0 
-91 448 411 0 
650 718 -992 0 
-535 -199 127 0 
42 490 13 0 
517 -729 784 0 
-394 209 334 0 
595 -350 823 0 
-179 -401 882 0 
248 -218 94 0 
-963 -444 -12 0 
934 -875 819 0 
-159 -311 161 0 
881 39 -803 0 
-637 916 -678 0 
-615 832 858 0 
501 -848 956 0 
-190 416 730 0 
169 -25 -566 0 
-596 -226 939 0 
219 970 551 0 
698 -196 -528 0 
30 189 428 0 
529 103 -377 0 
974 376 -972 0 
-429 -187 896 0 
-360 593 -167 0 
551 -334 676 0 
-153 -545 -802 0 
-698 -21 -82 0 
-448 515 756 0 
82 -774 141 0 
-581 -205 149 0 
-583 225 -228 0 
147 -634 -515 0 
128 944 963 0 
-287 458 464 0 
267 68 -446 0 
78 -733 745 0 
-186 -819 -200 0 
-830 -262 85 0 
-716 -28 -840 0 
-207 251 130 0 
3 458 -32 0 
418 16 -931 0 
-476 533 832 0 
426 919 -189 0 
768 981 -190 0 
-375 504 -356 0 
-262 -99 545 0 
-732 267 -114 0 
-164 -509 -849 0 
597 -500 143 0 
-743 -655 -867 0 
-599 969 -199 0 
-31 550 705 0 
-912 -246 -800 0 
736 -3 -656 0 
964 -301 -937 0 
298 -167 -632 0 
513 594 -729 0 
269 554 -491 0 
236 -743 -355 0 
-323 -495 -819 0 
259 933 -70 0 
-122 27 286 0 
-263 -815 -738 0 
394 596 431 0 
-658 -849 810 0 
-930 -723 -145 0 
812 474 -520 0 
-728 908 921 0 
-375 462 -882 0 
-394 502 48 0 
-96 95 -186 0 
-580 103 121 0 
940 -737 -580 0 
583 -54 -377 0 
113 -958 725 0 
-435 612 -687 0 
-389 242 -811 0 
491 -653 599 0 
-89 139 387 0 
798 493 128 0 
-789 636 608 0 
782 -705 527 0 
663 -909 372 0 
555 858 714 0 
-129 -450 -713 0 
448 -578 817 0 
636 391 470 0 
369 -975 -606 0 
-743 413 385 0 
395 -882 -794 0 
16 695 130 0 
-573 -93 -859 0 
-703 -263 685 0 
-203 505 870 0 
-274 8 -766 0 
-878 886 -373 0 
987 -104 -869 0 
-586 -463 -413 0 
940 155 -684 0 
-21 -924 -824 0 
-577 686 -993 0 
-658 751 -57 0 
336 183 119 0 
-197 -717 954 0 
-936 626 933 0 
833 85 -439 0 
-299 798 -392 0 
653 219 783 0 
791 125 -66 0 
533 -469 -972 0 
169 778 729 0 
-837 -414 836 0 
-173 346 763 0 
-843 -827 -996 0 
-853 -358 251 0 
94 -914 658 0 
-216 -662 920 0 
-910 922 841 0 
-466 -17 59 0 
929 -371 -307 0 
472 305 21 0 
-366 805 457 0 
-366 403 -175 0 
65 -279 633 0 
-541 -172 101 0 
-179 709 -684 0 
-470 -570 993 0 
-916 -315 -477 0 
-428 -486 851 0 
942 -456 -237 0 
689 -88 -414 0 
-961 554 -684 0 
707 -322 -794 0 
-108 145 -230 0 
562 -880 886 0 
507 631 938 0 
-697 -418 -966 0 
-679 -171 562 0 
774 -341 -755 0 
-644 413 -500 0 
-214 -953 -878 0 
-292 871 -311 0 
280 122 -138 0 
-763 -769 -654 0 
151 943 -411 0 
760 820 620 0 
-358 -509 -629 0 
663 -299 180 0 
-79 -962 288 0 
736 -303 -315 0 
-932 828 547 0 
823 -1 -761 0 
-985 591 801 0 
-708 -373 -623 0 
-270 -939 -461 0 
162 -20 -86 0 
289 732 -303 0 
642 836 -9 0 
-79 672 884 0 
991 -74 174 0 
285 595 -705 0 
900 -486 461 0 
-526 -718 877 0 
687 591 950 0 
567 -605 857 0 
264 68 -532 0 
-244 -387 438 0 
-82 630 -450 0 
-995 -88 -890 0 
-125 320 -462 0 
-39 -418 -894 0 
-66 70 4 0 
523 -544 -804 0 
-379 787 -297 0 
-469 927 -692 0 
714 -269 -76 0 
989 -982 462 0 
-200 -979 393 0 
-475 -568 -161 0 
138 209 -804 0 
304 580 893 0 
-470 -171 -262 0 
-189 952 -373 0 
836 898 511 0 
-543 -794 -881 0 
-981 -525 -527 0 
-883 715 669 0 
-508 -253 955 0 
868 376 -599 0 
844 -458 788 0 
657 355 236 0 
874 235 60 0 
-740 -759 128 0 
694 669 336 0 
-31 -391 -117 0 
-687 69 -525 0 
-484 657 -249 0 
715 205 -130 0 
521 -618 858 0 
817 -273 417 0 
-59 623 -975 0 
-840 527 673 0 
417 -985 -902 0 
-362 -954 855 0 
761 -42 -142 0 
290 880 -857 0 
52 -847 -926 0 
-929 374 991 0 
948 -736 -70 0 
-709 592 -32 0 
-586 262 108 0 
614 528 3 0 
-848 685 -983 0 
201 594 -625 0 
694 -688 989 0 
340 182 -435 0 
896 402 636 0 
650 -729 -876 0 
161 495 644 0 
988 127 949 0 
815 842 219 0 
-959 118 -935 0 
349 -293 -698 0 
-122 -174 -108 0 
-461 -722 604 0 
-103 49 406 0 
22 -283 -235 0 
528 -640 -408 0 
360 -848 412 0 
21 -778 -604 0 
-151 -762 -461 0 
404 704 311 0 
-879 966 449 0 
758 -429 597 0 
-663 977 523 0 
-574 739 169 0 
44 -199 -796 0 
-749 -39 -401 0 
492 -852 901 0 
-594 158 -708 0 
197 763 453 0 
-895 -636 -512 0 
80 511 313 0 
346 179 154 0 
-837 -281 894 0 
-526 -330 515 0 
456 940 -814 0 
-149 -563 342 0 
-851 -226 432 0 
-652 -413 -61 0 
-19 -476 807 0 
-724 337 167 0 
-712 653 28 0 
421 876 388 0 
680 742 837 0 
-523 -646 592 0 
-658 -615 754 0 
-898 66 305 0 
-355 859 554 0 
695 154 821 0 
-876 258 -389 0 
-26 104 -515 0 
792 855 -429 0 
-126 773 -266 0 
-834 360 -552 0 
-658 224 -651 0 
916 -136 -342 0 
-881 301 -430 0 
-474 -714 980 0 
-455 -753 -463 0 
249 -434 -217 0 
173 -198 -507 0 
918 491 -138 0 
152 -869 -377 0 
100 -877 -342 0 
-623 -887 -202 0 
575 983 -948 0 
-313 -175 -760 0 
205 83 49 0 
297 -765 342 0 
-488 -470 878 0 
-169 -781 870 0 
785 -995 831 0 
798 360 847 0 
932 -196 290 0 
-899 18 -426 0 
687 -161 902 0 
-646 -618 835 0 
284 908 808 0 
-767 -466 -353 0 
287 397 -835 0 
751 -649 477 0 
664 -922 -357 0 
-782 321 582 0 
711 588 978 0 
597 581 -717 0 
386 168 -582 0 
-932 599 399 0 
-673 33 895 0 
-437 76 685 0 
-402 11 -833 0 
-26 549 314 0 
-977 962 -275 0 
-932 525 919 0 
-445 701 383 0 
858 -514 449 0 
-883 44 748 0 
-518 -28 415 0 
850 -231 525 0 
265 725 -480 0 
270 210 -681 0 
-476 25 -385 0 
626 -812 -464 0 
490 531 -891 0 
889 907 586 0 
688 42 -277 0 
-465 -341 942 0 
782 -587 -346 0 
-817 -316 -870 0 
-990 91 40 0 
68 -563 -792 0 
-230 -351 -673 0 
891 973 -1 0 
-842 850 376 0 
417 -484 -637 0 
379 -487 229 0 
981 786 524 0 
-632 -378 -863 0 
323 241 -125 0 
323 117 974 0 
-730 404 765 0 
-353 135 394 0 
688 -789 -461 0 
117 -636 860 0 
212 -465 -878 0 
-313 395 -517 0 
592 257 -253 0 
-468 -974 -414 0 
-395 -560 524 0 
-120 -253 258 0 
314 629 20 0 
-801 909 664 0 
205 935 -952 0 
-445 488 834 0 
466 736 -203 0 
325 -483 -170 0 
582 725 -767 0 
532 -546 79 0 
-943 851 783 0 
-369 -251 -683 0 
-819 387 965 0 
-993 -541 -689 0 
-162 -761 385 0 
140 461 605 0 
481 744 155 0 
143 -690 -337 0 
128 890 -606 0 
72 955 -814 0 
897 -529 92 0 
367 -981 940 0 
-876 -756 -827 0 
-456 -214 861 0 
786 -129 -590 0 
502 862 46 0 
-654 -980 -961 0 
-426 -19 747 0 
-187 822 915 0 
30 -595 -507 0 
-603 -275 408 0 
108 117 816 0 
-729 -367 -185 0 
-876 820 836 0 
908 176 -102 0 
923 511 149 0 
-281 -998 621 0 
982 -945 -919 0 
431 -560 -973 0 
904 -733 159 0 
696 -79 364 0 
955 -120 573 0 
-547 214 877 0 
422 -243 -825 0 
-747 11 -993 0 
356 -160 982 0 
-999 -438 -833 0 
488 -667 655 0 
914 245 -758 0 
627 -35 176 0 
97 -472 126 0 
-819 -514 490 0 
-334 520 244 0 
437 936 329 0 
880 788 -236 0 
253 67 931 0 
462 764 -322 0 
-462 -18 -721 0 
-652 -528 -424 0 
591 -736 306 0 
380 238 -200 0 
-866 814 789 0 
-668 678 -187 0 
100 759 154 0 
32 519 -496 0 
-937 69 -259 0 
-376 -563 -284 0 
796 -574 370 0 
-303 -784 505 0 
-342 881 -554 0 
-139 -684 16 0 
173 -207 -216 0 
643 394 704 0 
605 -389 -325 0 
765 458 752 0 
-799 -207 838 0 
-359 217 -785 0 
-450 -668 -808 0 
934 -265 -399 0 
778 -748 814 0 
-937 -507 964 0 
123 -439 3 0 
-148 107 786 0 
-453 -204 -207 0 
212 568 616 0 
163 -311 -323 0 
-69 -762 -823 0 
281 454 -510 0 
956 127 -424 0 
548 302 39 0 
-124 428 533 0 
680 -449 751 0 
-931 606 97 0 
195 7 563 0 
-27 306 905 0 
797 409 639 0 
581 793 -57 0 
-293 -354 358 0 
68 -919 555 0 
77 -106 -567 0 
-739 599 169 0 
912 834 -27 0 
-332 -623 44 0 
-359 -239 -695 0 
-644 -184 -760 0 
-454 -878 -711 0 
-292 -64 -34 0 
-596 -232 441 0 
120 599 145 0 
-989 273 -944 0 
529 777 795 0 
-223 731 997 0 
-30 824 -380 0 
907 -487 -917 0 
-866 753 -189 0 
-368 -151 914 0 
618 751 -916 0 
986 -220 -344 0 
-926 702 -9 0 
-953 -355 -977 0 
-267 -915 39 0 
460 -506 -938 0 
-973 -56 948 0 
433 466 -621 0 
-305 445 -876 0 
329 272 -114 0 
-630 -564 263 0 
631 -158 493 0 
76 244 -315 0 
16 400 -381 0 
917 794 -496 0 
-50 -292 799 0 
-615 875 -994 0 
-135 198 -58 0 
327 157 -732 0 
-515 -578 -154 0 
-742 724 -452 0 
-177 745 -703 0 
-157 -29 885 0 
765 -736 486 0 
-204 520 80 0 
-126 900 -172 0 
213 590 328 0 
731 375 -649 0 
98 -693 749 0 
480 517 532 0 
245 -265 283 0 
606 -698 845 0 
386 272 -985 0 
683 769 -393 0 
-780 448 -755 0 
100 586 755 0 
-124 20 -855 0 
-995 -171 -46 0 
-473 -407 834 0 
395 -94 336 0 
306 -333 -177 0 
87 -508 784 0 
-861 -300 -149 0 
312 353 603 0 
500 -793 518 0 
-329 911 220 0 
-947 -981 -179 0 
861 -396 84 0 
-730 -293 -107 0 
-987 654 -580 0 
-118 -478 173 0 
854 -129 -792 0 
-889 753 -976 0 
185 759 -663 0 
-775 -341 145 0 
884 -624 -165 0 
-516 972 -524 0 
707 916 666 0 
90 -128 -12 0 
287 120 -504 0 
-548 -739 -608 0 
700 -980 -789 0 
131 -246 658 0 
-402 -46 520 0 
871 222 -447 0 
753 667 256 0 
-724 143 371 0 
127 -524 -77 0 
639 -438 854 0 
-49 -545 691 0 
-409 930 -451 0 
51 -640 236 0 
701 951 756 0 
418 186 911 0 
-256 -699 -660 0 
-745 -377 867 0 
-894 -358 -696 0 
-221 28 495 0 
250 690 455 0 
-664 831 -624 0 
-31 254 -452 0 
673 896 293 0 
-750 -125 420 0 
-908 -846 330 0 
889 380 68 0 
-610 285 -68 0 
-665 -581 -310 0 
219 -240 -600 0 
37 -439 -119 0 
-539 545 -617 0 
-124 272 -643 0 
132 -770 867 0 
309 151 399 0 
-39 -607 -206 0 
570 777 39 0 
-795 -468 860 0 
-760 262 355 0 
171 -40 -66 0 
196 -412 818 0 
896 169 165 0 
204 -977 727 0 
496 905 -640 0 
575 -137 825 0 
42 -569 -581 0 
-444 -921 -350 0 
339 403 -358 0 
660 -890 570 0 
-506 473 -633 0 
-790 535 -696 0 
388 -845 -480 0 
-763 620 926 0 
461 755 85 0 
199 -609 941 0 
-463 -670 -567 0 
703 -15 -393 0 
-642 -53 450 0 
-121 -793 432 0 
-832 330 -392 0 
106 -163 583 0 
-491 66 -2 0 
-341 32 -27 0 
-21 392 -54 0 
375 755 330 0 
488 -996 190 0 
91 -790 169 0 
87 -346 725 0 
-592 -246 339 0 
-532 -359 304 0 
-994 756 101 0 
-886 734 -819 0 
-295 661 -811 0 
34 -638 570 0 
-115 -842 -194 0 
443 -160 136 0 
-841 284 140 0 
-476 -614 306 0 
-53 -589 181 0 
-193 -285 689 0 
534 527 -390 0 
225 -352 -220 0 
502 -268 -877 0 
-267 -590 544 0 
-391 -253 -421 0 
673 -884 214 0 
883 254 -788 0 
978 -311 591 0 
606 -400 315 0 
-385 975 564 0 
196 -352 -393 0 
-491 871 -362 0 
332 -41 703 0 
717 200 -83 0 
-21 -323 -290 0 
-707 671 -428 0 
888 629 -515 0 
21 689 863 0 
-266 800 807 0 
437 824 942 0 
374 -884 964 0 
530 724 -262 0 
337 336 677 0 
-54 639 -834 0 
196 665 -543 0 
316 -830 -982 0 
987 615 988 0 
467 486 336 0 
-624 -863 -37 0 
-1000 592 176 0 
57 -327 -164 0 
-107 -750 -259 0 
805 -874 870 0 
-780 642 874 0 
-857 -544 527 0 
-835 -259 379 0 
328 427 -95 0 
-241 169 -401 0 
-931 698 591 0 
-153 -592 -285 0 
904 -338 -616 0 
-407 900 756 0 
829 510 315 0 
-398 827 967 0 
970 893 865 0 
-147 235 404 0 
-711 252 -242 0 
-610 887 885 0 
518 483 -792 0 
-538 -816 627 0 
-479 595 282 0 
959 262 -174 0 
-967 421 -933 0 
144 -505 -493 0 
-241 615 -925 0 
-592 868 831 0 
-979 682 -817 0 
-416 803 -717 0 
954 31 -523 0 
248 -91 -388 0 
-813 -509 826 0 
388 227 -265 0 
-220 -68 400 0 
357 843 732 0 
-509 573 703 0 
589 221 -35 0 
621 601 -845 0 
-760 637 299 0 
521 -990 -411 0 
433 196 446 0 
-5 519 -521 0 
-861 856 15 0 
19 -549 -461 0 
-53 122 941 0 
-275 16 -119 0 
103 -974 838 0 
-418 678 631 0 
899 474 -89 0 
148 -666 200 0 
-203 -401 207 0 
-296 279 907 0 
-673 867 118 0 
741 -614 -715 0 
377 -36 744 0 
-858 -169 -465 0 
-627 -678 -130 0 
-652 -995 -283 0 
-280 -3 329 0 
-870 500 553 0 
-930 992 -394 0 
-881 -651 683 0 
-980 470 -95 0 
-178 229 -308 0 
-467 -212 837 0 
148 -165 -308 0 
128 640 -355 0 
293 -255 977 0 
235 200 -610 0 
497 797 -863 0 
-754 566 649 0 
887 -151 892 0 
-20 653 -716 0 
-912 852 -903 0 
560 -718 -241 0 
596 -461 -197 0 
130 107 644 0 
177 -207 -617 0 
7 -862 -461 0 
-516 918 -173 0 
-400 30 311 0 
-741 177 -2 0 
69 -119 -596 0 
-796 722 251 0 
-526 88 -763 0 
-591 561 -332 0 
-388 -282 -237 0 
698 -13 749 0 
181 -465 -708 0 
700 -133 -552 0 
-817 648 -644 0 
909 741 -316 0 
-982 -670 -996 0 
393 -292 723 0 
-835 -853 785 0 
989 -639 -272 0 
776 -521 -921 0 
767 -984 558 0 
712 -216 -589 0 
-149 732 550 0 
885 -773 -931 0 
-918 -342 -121 0 
360 -208 -643 0 
-920 539 -875 0 
-952 -323 -38 0 
830 970 620 0 
865 681 -62 0 
556 578 -875 0 
-403 -440 204 0 
89 -421 4 0 
-373 146 -573 0 
259 -730 -302 0 
-360 915 738 0 
816 -440 828 0 
724 -98 410 0 
-964 -946 -447 0 
788 868 -841 0 
-861 842 -60 0 
-318 -954 -711 0 
877 -863 -215 0 
568 224 -284 0 
-451 -26 -326 0 
-236 295 625 0 
577 -261 235 0 
774 -386 743 0 
109 334 984 0 
41 -137 184 0 
-835 -884 370 0 
-327 -719 629 0 
710 669 -297 0 
810 -287 -876 0 
548 -355 254 0 
860 677 -444 0 
-663 64 -351 0 
-792 129 -65 0 
678 567 -100 0 
447 -412 -824 0 
204 -187 88 0 
220 -619 650 0 
797 294 81 0 
-694 357 554 0 
553 -898 706 0 
108 505 875 0 
281 626 650 0 
191 794 271 0 
728 -140 25 0 
-836 947 -421 0 
155 917 233 0 
-914 -138 136 0 
-508 455 -448 0 
-397 904 733 0 
-913 -708 757 0 
668 -611 243 0 
-591 321 303 0 
623 85 -835 0 
446 361 -114 0 
-452 989 213 0 
320 -777 -580 0 
217 869 396 0 
-712 -607 -193 0 
-773 -642 -266 0 
-882 -450 -458 0 
714 536 -867 0 
516 944 5 0 
423 -556 -411 0 
-221 88 -643 0 
-698 886 888 0 
-984 -898 -320 0 
-552 466 744 0 
-367 -657 912 0 
-682 -848 -548 0 
-43 117 -784 0 
-304 -106 -987 0 
907 -500 -859 0 
-970 834 -906 0 
663 935 815 0 
-982 749 -468 0 
961 -371 678 0 
205 -588 -751 0 
589 690 860 0 
619 774 351 0 
746 -547 63 0 
886 350 -718 0 
896 862 -978 0 
-143 60 -825 0 
283 694 894 0 
875 845 197 0 
523 775 -244 0 
206 -265 -783 0 
-697 247 -845 0 
-79 270 -369 0 
-313 -180 -818 0 
-577 -814 -919 0 
-328 269 231 0 
806 -700 533 0 
-574 -42 -529 0 
539 617 -972 0 
-197 163 818 0 
-953 995 264 0 
-474 913 -953 0 
-951 933 -776 0 
-342 -536 -186 0 
147 -666 342 0 
-928 -781 -969 0 
764 -3 -193 0 
550 -333 -743 0 
482 -91 602 0 
903 835 -141 0 
-530 -84 -867 0 
-510 139 -506 0 
-482 -111 -961 0 
-715 -485 104 0 
-191 -789 -158 0 
762 244 825 0 
94 -833 783 0 
350 714 -367 0 
-325 -944 827 0 
48 820 -723 0 
247 -42 793 0 
911 622 765 0 
904 185 -224 0 
781 174 705 0 
804 721 249 0 
681 28 -187 0 
-118 -253 -553 0 
-419 -808 998 0 
240 -479 877 0 
-544 -973 -45 0 
243 924 455 0 
718 -177 -84 0 
-708 645 676 0 
-633 534 -503 0 
-785 489 979 0 
1000 -143 -336 0 
862 899 -649 0 
784 582 -748 0 
244 -674 -135 0 
-622 792 508 0 
674 -434 -599 0 
-6 -504 -458 0 
-244 -639 114 0 
460 -714 -966 0 
-812 -867 -401 0 
205 857 -455 0 
-907 -985 395 0 
700 562 -734 0 
-601 397 -395 0 
-157 819 -359 0 
-509 368 -994 0 
-774 -374 748 0 
-691 -888 792 0 
-404 302 -69 0 
416 -913 -329 0 
728 368 938 0 
-356 -999 -378 0 
30 -57 -250 0 
572 -111 -350 0 
873 420 -989 0 
688 464 -211 0 
28 -189 759 0 
-248 131 205 0 
119 -6 -761 0 
-626 -704 84 0 
-1000 -46 -599 0 
648 821 244 0 
905 743 546 0 
896 311 -835 0 
-168 -147 936 0 
332 680 -477 0 
273 104 900 0 
915 -473 -750 0 
-200 367 133 0 
-349 223 -963 0 
-47 -414 -157 0 
-800 -707 165 0 
-682 459 350 0 
-624 295 71 0 
310 478 636 0 
942 -748 205 0 
866 427 -787 0 
702 -761 60 0 
-692 -730 533 0 
110 977 692 0 
535 381 741 0 
-941 394 38 0 
-924 -937 883 0 
268 722 656 0 
333 -994 -541 0 
-919 389 -162 0 
-546 -202 204 0 
272 -987 69 0 
801 407 409 0 
552 -988 118 0 
967 -120 -64 0 
-983 -890 24 0 
547 388 148 0 
-283 271 96 0 
-921 723 186 0 
-930 454 516 0 
-207 -279 -98 0 
-33 452 309 0 
-400 328 -418 0 
783 -486 29 0 
-237 174 -899 0 
746 377 537 0 
-780 -108 970 0 
598 -834 16 0 
-525 -849 994 0 
746 -209 -360 0 
583 -937 -366 0 
-627 520 142 0 
-263 -379 -859 0 
-567 -303 391 0 
-899 -40 480 0 
-269 -433 216 0 
353 680 -449 0 
62 294 321 0 
3 -294 813 0 
698 650 689 0 
911 -245 -817 0 
-556 969 318 0 
-319 -725 493 0 
720 -934 -128 0 
-56 -349 -252 0 
883 5 632 0 
528 659 483 0 
-889 921 -195 0 
497 515 171 0 
130 970 -870 0 
929 374 266 0 
-146 -245 139 0 
-816 387 416 0 
-528 -638 802 0 
-302 46 367 0 
220 898 78 0 
-151 85 -121 0 
175 -579 -123 0 
-496 473 -891 0 
-713 417 45 0 
790 270 477 0 
-684 -300 349 0 
-692 744 221 0 
646 -450 -18 0 
-39 -25 -520 0 
-959 207 -105 0 
394 816 10 0 
-91 878 592 0 
-961 13 -303 0 
-74 708 258 0 
-643 920 19 0 
988 566 378 0 
688 -927 359 0 
-991 -141 -274 0 
-441 445 -69 0 
50 -510 893 0 
-244 -544 -263 0 
-720 481 -873 0 
231 980 -608 0 
-678 -92 692 0 
958 -954 -387 0 
804 -86 -197 0 
114 -594 283 0 
-992 981 -681 0 
-54 -766 850 0 
481 806 171 0 
-723 775 519 0 
-977 -885 -195 0 
-156 389 -237 0 
-965 -286 946 0 
172 764 -489 0 
-765 -784 -607 0 
337 576 17 0 
-628 997 177 0 
-812 961 170 0 
147 300 -514 0 
-162 -679 -682 0 
-619 584 316 0 
-128 655 431 0 
46 -393 -640 0 
-884 204 -380 0 
858 -876 479 0 
-353 -356 274 0 
-957 26 887 0 
684 488 417 0 
736 387 620 0 
243 307 -600 0 
-135 -727 644 0 
-451 529 -437 0 
469 -181 797 0 
-134 -508 385 0 
-117 890 -179 0 
-89 165 -813 0 
-624 -531 -139 0 
-440 -619 -892 0 
-249 -642 -70 0 
-207 446 742 0 
115 -489 949 0 
-748 265 595 0 
513 -237 99 0 
357 999 892 0 
222 521 -469 0 
-747 424 360 0 
-327 -225 288 0 
28 800 -269 0 
825 -911 -326 0 
-480 -88 436 0 
-874 548 -903 0 
858 653 968 0 
528 507 -753 0 
457 738 595 0 
472 -444 873 0 
45 568 -608 0 
21 539 -830 0 
36 436 823 0 
-433 420 938 0 
780 -32 -153 0 
-940 879 612 0 
-174 -317 -812 0 
570 -862 -953 0 
-564 -365 -773 0 
-963 -316 -295 0 
985 -898 380 0 
-734 -49 718 0 
956 843 899 0 
-37 339 -483 0 
515 -914 547 0 
-445 -239 563 0 
-937 -281 608 0 
933 -472 221 0 
-487 15 -820 0 
742 -707 582 0 
429 -773 908 0 
778 -288 -684 0 
235 -207 453 0 
542 924 826 0 
565 -800 -611 0 
986 -651 -805 0 
806 -506 -294 0 
-66 -968 998 0 
99 444 -243 0 
312 324 -147 0 
859 -933 565 0 
828 -539 -24 0 
773 392 -444 0 
-694 833 -898 0 
965 167 673 0 
149 -631 -527 0 
451 610 -539 0 
594 -712 177 0 
-154 -520 -641 0 
-416 945 129 0 
-915 -455 -755 0 
-4 -576 -128 0 
-777 -400 579 0 
354 533 388 0 
958 633 422 0 
-25 -206 597 0 
-762 67 -559 0 
286 -712 359 0 
-599 -964 337 0 
698 -728 -691 0 
-603 -79 -155 0 
363 563 762 0 
815 -891 936 0 
647 64 -897 0 
220 -623 99 0 
-785 -350 -649 0 
981 251 -752 0 
541 -113 934 0 
997 840 -684 0 
850 -82 -697 0 
860 -597 -530 0 
-611 -679 -729 0 
718 392 -190 0 
777 86 -944 0 
754 122 -632 0 
191 -162 -893 0 
-486 895 358 0 
-336 168 -318 0 
448 410 -411 0 
-281 196 257 0 
66 -334 578 0 
-849 687 73 0 
164 -594 -18 0 
-830 15 179 0 
613 362 929 0 
-514 -773 501 0 
44 175 575 0 
-123 -914 -33 0 
-794 1000 -622 0 
-844 379 238 0 
-251 -277 970 0 
232 -767 683 0 
-438 416 648 0 
375 87 657 0 
272 -478 446 0 
903 702 185 0 
464 -600 -291 0 
-663 -682 92 0 
883 744 -453 0 
833 285 842 0 
-353 971 721 0 
-802 992 140 0 
-251 393 -573 0 
110 -1000 951 0 
-718 -4 621 0 
-301 -566 62 0 
-637 606 309 0 
-116 205 330 0 
510 328 850 0 
377 -215 -603 0 
-975 887 -345 0 
515 862 568 0 
89 476 -156 0 
986 -206 -292 0 
-294 846 -269 0 
438 -910 140 0 
-908 -751 -449 0 
872 873 763 0 
335 144 803 0 
-510 933 -617 0 
-756 -264 -921 0 
863 -325 -587 0 
881 950 -601 0 
-282 860 483 0 
732 487 115 0 
203 -439 146 0 
-62 523 -795 0 
-17 54 182 0 
881 -465 595 0 
939 -418 420 0 
-927 -168 -464 0 
733 -165 295 0 
-293 -976 -275 0 
-224 694 652 0 
-613 -738 -386 0 
982 349 113 0 
-84 595 -630 0 
-620 256 -375 0 
-894 -51 -331 0 
-202 -383 49 0 
-852 -343 -594 0 
507 308 977 0 
313 396 151 0 
753 679 -148 0 
348 -791 100 0 
229 656 788 0 
319 -967 114 0 
-399 569 -346 0 
-110 998 537 0 
923 -953 641 0 
927 313 703 0 
851 -103 27 0 
-577 949 -536 0 
596 943 -720 0 
881 -10 -695 0 
501 -957 -7 0 
-96 551 756 0 
-153 -578 248 0 
-491 -687 -45 0 
23 274 73 0 
961 -448 978 0 
-133 -75 -715 0 
677 366 226 0 
-254 712 -483 0 
598 -33 -887 0 
424 -106 619 0 
362 56 -434 0 
-432 451 730 0 
-434 843 -118 0 
-144 110 -111 0 
-495 318 -848 0 
-241 267 543 0 
736 -140 -714 0 
694 961 174 0 
-519 425 -775 0 
-982 -253 782 0 
702 -24 44 0 
345 510 -606 0 
229 -81 -664 0 
205 -657 443 0 
-167 380 744 0 
367 707 -368 0 
296 -406 -613 0 
266 289 -767 0 
64 186 335 0 
-416 339 -782 0 
282 -254 -726 0 
798 -350 34 0 
-18 830 -604 0 
-576 956 301 0 
595 -331 10 0 
-150 -400 -344 0 
904 908 -151 0 
-93 -362 -764 0 
571 -873 14 0 
540 -226 399 0 
188 151 -614 0 
-357 -988 -468 0 
-239 -509 211 0 
-667 658 549 0 
-189 -522 -428 0 
518 -287 -920 0 
-683 -992 -831 0 
-995 100 -176 0 
108 177 671 0 
830 423 506 0 
-284 169 -437 0 
-239 257 536 0 
700 499 624 0 
233 93 339 0 
-136 -526 -795 0 
913 -769 453 0 
593 -325 -530 0 
298 -873 -742 0 
-971 -813 -674 0 
-246 -55 -556 0 
-842 -281 -624 0 
-245 -263 -83 0 
-223 -30 138 0 
-286 886 548 0 
115 -394 805 0 
-385 -473 -537 0 
-487 902 -454 0 
-561 -448 666 0 
-211 -72 15 0 
264 172 920 0 
-891 -184 -729 0 
-235 390 402 0 
124 -952 -250 0 
-936 -860 193 0 
262 778 801 0 
-908 150 213 0 
-589 -181 -521 0 
-755 283 -101 0 
808 999 483 0 
127 855 -385 0 
498 -189 524 0 
-948 904 412 0 
-879 755 80 0 
624 -934 740 0 
469 -627 -576 0 
-94 817 870 0 
131 -458 -436 0 
851 221 -267 0 
742 -340 -17 0 
-718 -807 -476 0 
-946 898 -188 0 
297 -645 -393 0 
366 -528 -573 0 
378 728 350 0 
858 -625 632 0 
-458 -579 369 0 
-570 -558 658 0 
-156 -689 -567 0 
-882 -378 965 0 
-393 -687 818 0 
273 -149 141 0 
-413 599 -327 0 
641 484 -438 0 
529 -433 376 0 
696 434 8 0 
-899 -992 514 0 
170 -325 540 0 
-247 -255 -32 0 
227 -406 218 0 
815 -624 926 0 
-364 -43 424 0 
-996 146 150 0 
-101 824 856 0 
563 825 -81 0 
-740 -242 736 0 
-741 -192 667 0 
-100 315 75 0 
-915 -516 260 0 
891 -447 595 0 
-871 866 -645 0 
-433 627 125 0 
924 516 -699 0 
-85 112 -544 0 
-382 769 -876 0 
-388 565 82 0 
-446 -332 -989 0 
264 252 376 0 
494 175 378 0 
571 -945 -421 0 
321 49 599 0 
-936 436 746 0 
-865 -58 -227 0 
-763 37 -758 0 
984 -631 -280 0 
312 382 -812 0 
869 -841 -958 0 
-898 621 168 0 
124 928 -425 0 
-235 102 -94 0 
392 940 -336 0 
781 366 335 0 
859 -379 -157 0 
54 59 772 0 
490 -412 -162 0 
270 613 -819 0 
846 -173 -307 0 
-224 153 266 0 
-583 -970 304 0 
-858 140 358 0 
989 -453 913 0 
-619 -20 201 0 
-137 126 105 0 
341 -436 703 0 
953 -340 235 0 
-496 -430 -735 0 
-674 -14 -658 0 
426 -974 -990 0 
-725 -189 -75 0 
260 221 883 0 
-726 233 387 0 
958 804 -597 0 
556 780 -772 0 
-947 29 123 0 
-481 -285 -726 0 
-255 34 -631 0 
165 -695 46 0 
-517 -668 -69 0 
935 -952 122 0 
544 -364 346 0 
-439 -396 153 0 
9 526 -70 0 
469 -440 56 0 
883 70 -232 0 
-809 -74 456 0 
-158 -952 253 0 
-430 -517 764 0 
280 902 336 0 
-980 -5 -841 0 
-96 669 619 0 
-54 -906 -490 0 
-49 -23 342 0 
690 152 -251 0 
171 439 722 0 
776 -394 242 0 
689 908 852 0 
926 -70 302 0 
367 -39 -451 0 
832 247 149 0 
-209 -914 -425 0 
-295 -508 256 0 
-965 -933 627 0 
-695 -848 -866 0 
-301 -611 -52 0 
697 693 65 0 
-951 -105 -323 0 
186 -538 -343 0 
-879 -565 -86 0 
-205 -817 422 0 
-638 663 412 0 
-749 -947 991 0 
-1000 -73 -820 0 
127 -494 942 0 
-153 -501 -852 0 
831 -476 -722 0 
538 -847 478 0 
-3 -809 -654 0 
696 -597 538 0 
-179 -481 -200 0 
-485 -241 200 0 
825 382 194 0 
-4 -631 -685 0 
-524 883 -513 0 
998 -59 793 0 
362 -611 969 0 
-773 -790 250 0 
534 481 770 0 
-148 724 -625 0 
610 -902 -211 0 
740 817 -852 0 
-21 -642 -847 0 
-409 -272 79 0 
5 651 977 0 
-327 -639 -79 0 
175 937 -448 0 
469 -535 -724 0 
850 -711 926 0 
898 137 800 0 
-398 -232 758 0 
-439 756 -119 0 
-887 -5 -739 0 
259 -851 200 0 
904 -440 866 0 
425 -858 256 0 
431 984 -695 0 
691 821 -437 0 
947 962 -744 0 
304 -155 -36 0 
291 -397 -813 0 
329 44 953 0 
-323 241 -579 0 
944 838 -6 0 
972 366 121 0 
-594 -361 -78 0 
-95 -295 -730 0 
562 -21 -760 0 
828 10 152 0 
-186 -215 517 0 
878 117 271 0 
697 759 878 0 
365 -95 738 0 
-454 821 570 0 
828 -271 752 0 
80 -867 326 0 
467 -364 663 0 
289 -862 -941 0 
-892 68 -741 0 
614 -29 -601 0 
-529 -107 53 0 
-300 657 -62 0 
-91 -480 -476 0 
585 -39 437 0 
-587 -920 -332 0 
-980 722 -371 0 
316 -361 -105 0 
539 -259 778 0 
-126 -648 -860 0 
-339 -645 -79 0 
-471 -236 561 0 
-135 193 -433 0 
595 -560 175 0 
-85 826 283 0 
806 597 927 0 
-485 -319 -437 0 
-430 83 339 0 
-685 140 191 0 
-563 522 582 0 
607 237 673 0 
-509 22 -252 0 
649 -255 -653 0 
-336 581 -831 0 
-98 -93 39 0 
-508 -568 682 0 
-56 442 -197 0 
141 359 -584 0 
35 114 77 0 
-266 -468 327 0 
-348 -611 -695 0 
-274 288 -554 0 
159 612 -63 0 
-687 847 -142 0 
569 384 -158 0 
621 -703 159 0 
-359 652 852 0 
411 -594 -201 0 
-191 744 -80 0 
-256 -600 949 0 
656 -796 -732 0 
611 279 960 0 
-836 261 855 0 
423 638 496 0 
911 -185 -668 0 
-82 -86 854 0 
-160 -237 -67 0 
-17 2 784 0 
351 -765 637 0 
159 -725 233 0 
-706 -136 115 0 
-656 -893 902 0 
886 -724 -993 0 
-810 -347 -409 0 
943 999 -811 0 
-528 690 -492 0 
-193 177 941 0 
-930 784 -709 0 
981 -572 -765 0 
879 372 715 0 
-108 135 274 0 
404 -735 415 0 
666 -40 -598 0 
276 345 -204 0 
889 399 569 0 
-463 -887 -172 0 
556 -222 702 0 
-122 577 -184 0 
801 518 -615 0 
187 -194 -114 0 
24 53 -13 0 
879 -21 650 0 
52 -27 -980 0 
535 -896 246 0 
916 736 924 0 
165 925 453 0 
976 970 742 0 
-91 -893 -231 0 
-572 592 92 0 
-689 -88 128 0 
572 503 -591 0 
963 -169 822 0 
101 91 -356 0 
-273 535 958 0 
161 204 966 0 
89 -969 -241 0 
-405 771 -286 0 
807 170 95 0 
-7 -440 782 0 
577 -897 55 0 
881 434 887 0 
727 690 -786 0 
498 285 181 0 
254 11 890 0 
-579 994 -688 0 
-295 -636 387 0 
-855 656 615 0 
-376 -752 710 0 
723 -17 -961 0 
-682 -595 -27 0 
848 -556 -775 0 
192 -697 407 0 
654 -252 675 0 
377 670 -769 0 
480 -285 -668 0 
97 576 756 0 
867 -637 -584 0 
824 -326 -879 0 
211 555 -95 0 
-408 903 268 0 
151 92 401 0 
908 -360 777 0 
-731 683 -128 0 
149 -38 -526 0 
-472 165 717 0 
155 -469 161 0 
-652 90 -716 0 
-155 -854 998 0 
890 524 -37 0 
-748 -297 -784 0 
84 -361 844 0 
937 452 571 0 
-724 695 415 0 
349 -230 -758 0 
441 851 -318 0 
-259 -661 321 0 
