p cnf 1000 1800
-627 420 434 0 
-310 712 134 0 
-483 151 441 0 
286 -127 -251 0 
396 641 592 0 
83 843 606 0 
442 563 738 0 
-186 -509 909 0 
761 -766 465 0 
-572 271 587 0 
-580 -718 -472 0 
-928 917 111 0 
355 149 -323 0 
626 554 -321 0 
-824 681 -355 0 
208 348 256 0 
-901 -498 -58 0 
932 -634 626 0 
158 505 605 0 
-226 983 190 0 
484 -425 600 0 
973 881 -678 0 
-775 -727 802 0 
819 -523 -268 0 
-386 -815 868 0 
-884 285 -300 0 
-160 938 791 0 
-561 530 -533 0 
-107 202 -284 0 
317 -228 781 0 
29 -930 -23 0 
-280 701 591 0 
-140 -915 -230 0 
-322 664 -762 0 
-960 -67 -106 0 
-110 406 287 0 
45 -44 -730 0 
291 -396 -529 0 
-137 533 -325 0 
817 331 847 0 
126 -71 195 0 
-316 -836 850 0 
-891 -468 -122 0 
324 829 710 0 
-903 274 -70 0 
-436 816 792 0 
-170 165 455 0 
259 563 470 0 
-108 894 -387 0 
542 982 -768 0 
729 -318 -721 0 
796 80 -114 0 
984 263 374 0 
-744 156 -399 0 
670 144 268 0 
-526 -999 -903 0 
-199 -402 121 0 
230 -852 -841 0 
-828 -926 687 0 
-721 -949 -902 0 
-358 -570 -966 0 
-314 89 325 0 
-819 -204 -901 0 
-234 -399 839 0 
556 869 682 0 
-729 310 -111 0 
-26 988 168 0 
-989 539 946 0 
-239 -680 415 0 
279 -315 481 0 
117 -226 209 0 
-506 -419 180 0 
424 20 -118 0 
-520 -619 136 0 
-372 783 -384 0 
588 -765 -358 0 
617 490 -24 0 
468 -250 -367 0 
-267 -733 -704 0 
-758 599 178 0 
-284 -721 287 0 
-946 739 67 0 
103 -705 -410 0 
-86 794 105 0 
-929 963 -219 0 
119 961 24 0 
-869 440 685 0 
-798 51 583 0 
-911 627 -665 0 
340 648 914 0 
-54 -4 -487 0 
-66 562 630 0 
379 -777 497 0 
349 323 24 0 
699 -150 174 0 
-913 -217 527 0 
112 730 -356 0 
-465 -268 -897 0 
150 323 157 0 
-838 -418 -519 0 
626 944 32 0 
-312 607 -737 0 
35 -954 -197 0 
-799 -823 892 0 
441 691 -85 0 
866 -3 -432 0 
385 -973 416 0 
402 -822 -899 0 
873 -290 39 0 
-630 320 288 0 
-893 247 -732 0 
236 944 52 0 
541 -340 984 0 
107 643 172 0 
788 -813 878 0 
-422 -62 -662 0 
-140 908 703 0 
623 675 412 0 
579 12 -261 0 
686 -35 774 0 
119 796 -482 0 
631 -925 375 0 
905 371 990 0 
476 359 597 0 
-643 -757 -153 0 
-263 -862 750 0 
692 207 390 0 
-521 -410 519 0 
-27 -294 -957 0 
23 9 -114 0 
578 630 790 0 
512 -35 -824 0 
110 -463 462 0 
297 -888 182 0 
650 779 -164 0 
5 261 -509 0 
-242 -551 618 0 
-629 -138 -575 0 
985 -65 847 0 
338 -859 -428 0 
649 -588 525 0 
-713 64 -956 0 
-738 -475 -700 0 
-562 -766 677 0 
-700 -162 889 0 
525 -594 -581 0 
660 937 -9 0 
-785 46 137 0 
-15 826 878 0 
-378 -426 -81 0 
68 442 -338 0 
966 195 -186 0 
-97 849 -139 0 
34 81 392 0 
301 -625 663 0 
-970 -615 -913 0 
-356 -66 -59 0 
956 232 -222 0 
-335 199 96 0 
268 -956 -702 0 
110 908 -982 0 
-27 150 -239 0 
-599 -489 358 0 
-597 -432 89 0 
-119 153 672 0 
-648 -70 688 0 
-634 130 27 0 
-7 -339 804 0 
884 -392 -859 0 
-20 143 -666 0 
433 186 -705 0 
-588 355 -89 0 
963 -953 742 0 
558 -638 -654 0 
-545 -689 -525 0 
842 963 -849 0 
-182 891 836 0 
-968 -212 -514 0 
833 506 -359 0 
811 -607 -552 0 
450 647 720 0 
-560 694 729 0 
-67 -795 256 0 
-160 -65 735 0 
799 -276 306 0 
385 935 -503 0 
886 -209 -654 0 
-96 699 11 0 
784 -699 -320 0 
-903 -403 386 0 
907 -727 986 0 
364 -984 367 0 
-945 -32 -106 0 
-760 -558 254 0 
693 -569 -284 0 
-304 -826 242 0 
-911 672 923 0 
433 902 495 0 
819 894 223 0 
-452 195 -250 0 
-848 -452 976 0 
-147 152 -925 0 
-172 -147 347 0 
-432 -133 -572 0 
225 379 711 0 
-527 -998 784 0 
769 104 68 0 
-95 864 748 0 
9 928 -31 0 
-293 301 -850 0 
-973 234 976 0 
871 485 -804 0 
-316 407 -36 0 
-415 437 641 0 
-378 -481 -42 0 
-789 -655 -63 0 
274 495 -544 0 
-715 795 943 0 
744 531 468 0 
108 77 -593 0 
576 -503 -800 0 
-195 -117 -336 0 
-612 -981 -871 0 
468 -523 -219 0 
468 -803 -512 0 
-46 307 -22 0 
961 -985 -117 0 
-544 982 535 0 
421 300 73 0 
-331 392 -548 0 
121 556 101 0 
928 463 337 0 
-263 40 601 0 
-71 727 -37 0 
-864 -681 811 0 
-852 -784 -752 0 
209 452 611 0 
872 220 -100 0 
302 -251 287 0 
580 -657 -771 0 
862 982 450 0 
317 -946 -132 0 
310 -202 -12 0 
554 -271 -101 0 
-614 -94 -971 0 
-577 -699 -322 0 
-714 -686 39 0 
-687 686 -500 0 
-521 246 45 0 
-106 -6 90 0 
828 -515 79 0 
316 -480 317 0 
-109 -823 716 0 
87 -871 -238 0 
416 982 564 0 
51 -932 -562 0 
902 -176 -604 0 
665 -127 -710 0 
263 -730 540 0 
-985 -962 642 0 
317 -475 173 0 
-949 815 -624 0 
93 536 -450 0 
-830 -106 -419 0 
-782 -182 -184 0 
-25 330 -6 0 
-290 -884 -356 0 
-330 659 215 0 
-671 -86 458 0 
-962 -729 -520 0 
-84 684 87 0 
-729 227 -739 0 
-688 324 -340 0 
-28 687 -468 0 
960 -159 -505 0 
-390 83 -309 0 
-888 -30 -57 0 
-765 -198 538 0 
395 86 992 0 
-269 230 -779 0 
-33 -437 -757 0 
46 343 388 0 
393 -846 -867 0 
-40 42 -341 0 
-656 -596 859 0 
945 -399 -17 0 
364 383 -399 0 
-913 -199 42 0 
-218 -265 -475 0 
-668 -562 -503 0 
-436 369 615 0 
237 665 397 0 
-172 835 270 0 
-664 -859 -914 0 
-987 -754 -860 0 
167 -156 -796 0 
476 -649 -310 0 
-457 502 782 0 
-164 -674 719 0 
291 -905 -551 0 
983 849 80 0 
-827 -675 -685 0 
-918 213 58 0 
-534 -268 -194 0 
126 -778 -81 0 
-838 468 222 0 
-570 326 -286 0 
-894 -973 -335 0 
170 363 932 0 
475 -50 824 0 
180 612 -893 0 
507 -843 450 0 
902 -104 -594 0 
363 908 868 0 
995 289 586 0 
-386 -833 869 0 
120 879 -123 0 
-307 -376 -452 0 
218 821 -966 0 
99 730 724 0 
117 721 -832 0 
240 -479 -860 0 
620 -528 -100 0 
-293 242 -352 0 
830 -653 202 0 
201 -327 581 0 
-233 617 455 0 
45 791 363 0 
408 902 703 0 
193 -651 -261 0 
728 754 766 0 
-901 -259 545 0 
-652 -432 -457 0 
-193 265 147 0 
182 83 808 0 
-258 -824 474 0 
-376 -391 -883 0 
900 -165 615 0 
-772 568 -339 0 
66 -475 17 0 
-269 -692 662 0 
-961 -768 -682 0 
981 -905 -9 0 
380 -849 -289 0 
-504 -982 -52 0 
750 -688 -195 0 
137 -214 -924 0 
893 726 821 0 
627 654 -854 0 
795 647 -864 0 
445 728 -56 0 
75 300 -761 0 
677 -689 -45 0 
-917 604 -454 0 
818 -45 -261 0 
-723 -39 -594 0 
277 916 513 0 
362 -543 -731 0 
-741 -437 247 0 
-999 810 412 0 
-986 364 720 0 
-47 -429 408 0 
30 408 -873 0 
-918 709 -563 0 
241 279 640 0 
-760 581 -236 0 
-221 652 252 0 
123 947 -722 0 
-892 -793 721 0 
-385 491 -15 0 
721 -15 -790 0 
-15 820 835 0 
996 705 140 0 
446 988 -593 0 
-540 -407 290 0 
139 -216 -660 0 
363 392 -6 0 
168 -178 -408 0 
199 618 68 0 
258 -748 356 0 
-315 58 292 0 
910 632 302 0 
-917 726 -487 0 
-167 446 105 0 
-370 417 -832 0 
616 -347 654 0 
-1 852 -143 0 
-831 600 54 0 
43 -939 -868 0 
955 -509 -472 0 
-623 958 845 0 
-836 -280 909 0 
-651 916 482 0 
-874 602 -249 0 
-894 -604 742 0 
500 -708 -642 0 
384 -646 -95 0 
45 -316 149 0 
456 -2 11 0 
685 185 107 0 
-293 -964 -763 0 
512 -509 553 0 
890 244 -855 0 
-84 312 -414 0 
-934 -803 -871 0 
-335 -961 -315 0 
-192 -1000 455 0 
-343 -182 -136 0 
-448 303 -267 0 
-933 -459 912 0 
-544 -191 676 0 
-795 -466 194 0 
-677 601 6 0 
-118 768 -497 0 
302 457 -436 0 
194 -562 940 0 
677 790 730 0 
-491 346 991 0 
-237 -394 730 0 
942 -796 917 0 
63 -700 967 0 
862 -199 -213 0 
283 -504 -152 0 
220 504 -444 0 
-296 946 696 0 
-262 -776 -810 0 
-920 -808 383 0 
-152 126 889 0 
469 715 677 0 
-910 -694 672 0 
210 488 282 0 
-183 -296 222 0 
435 510 -112 0 
-659 820 635 0 
-427 -448 669 0 
918 -394 -492 0 
-926 -775 24 0 
-583 235 -848 0 
251 -750 -413 0 
-746 319 488 0 
-732 -859 710 0 
84 272 916 0 
691 34 269 0 
-933 751 -825 0 
375 719 -155 0 
199 -311 977 0 
204 -265 -101 0 
315 -620 -393 0 
971 -198 -363 0 
-49 716 184 0 
779 -130 735 0 
417 -391 519 0 
18 -253 -980 0 
-475 -957 -381 0 
-162 926 -630 0 
539 186 -427 0 
-29 -126 996 0 
149 242 987 0 
639 -773 104 0 
-276 -628 -202 0 
839 698 -981 0 
-700 427 703 0 
512 529 918 0 
-324 797 489 0 
-761 -101 567 0 
62 522 385 0 
-203 126 -119 0 
-872 -296 193 0 
479 985 821 0 
-570 -631 639 0 
-13 530 258 0 
-21 -788 -561 0 
880 642 -428 0 
132 461 -434 0 
442 -376 -320 0 
-181 -349 -576 0 
-635 -195 418 0 
329 77 -979 0 
-914 -507 505 0 
24 -885 -569 0 
-97 -879 196 0 
1 -165 668 0 
-864 372 739 0 
691 488 -169 0 
759 275 -463 0 
-654 861 906 0 
25 497 564 0 
-753 -60 889 0 
158 482 413 0 
210 573 -712 0 
718 -492 -866 0 
-14 -308 -108 0 
180 185 639 0 
-86 -665 -5 0 
-156 -735 -341 0 
-490 -352 834 0 
-462 -511 -724 0 
-137 813 -850 0 
-435 -769 -696 0 
247 49 537 0 
-939 287 -237 0 
-987 42 -824 0 
815 392 -828 0 
-475 -2 -193 0 
-358 814 -232 0 
284 974 -461 0 
-516 549 397 0 
439 -682 897 0 
-268 875 -796 0 
-567 552 152 0 
-977 -9 489 0 
-783 -696 -665 0 
-83 -169 -790 0 
-735 907 -794 0 
247 -364 -464 0 
214 -710 -360 0 
-514 680 357 0 
-840 -184 726 0 
-967 402 921 0 
-724 -270 -996 0 
-963 683 868 0 
-595 -859 800 0 
84 945 -2 0 
225 -14 129 0 
88 -839 932 0 
935 618 374 0 
-315 -281 259 0 
66 762 -625 0 
-335 -194 -120 0 
-397 293 -71 0 
-721 -410 426 0 
-687 -234 -820 0 
690 -677 465 0 
80 -356 -857 0 
670 623 944 0 
-529 880 251 0 
7 -976 -39 0 
731 205 -447 0 
611 -640 -169 0 
-756 -845 199 0 
-614 65 -843 0 
-511 102 491 0 
-249 65 -437 0 
166 107 -333 0 
188 72 495 0 
-404 981 718 0 
233 645 888 0 
-494 -821 -982 0 
289 8 -176 0 
423 650 -393 0 
787 893 -163 0 
422 41 350 0 
587 -623 -346 0 
384 718 -613 0 
956 124 -215 0 
-473 897 690 0 
743 -941 36 0 
-340 925 -407 0 
-486 -524 -361 0 
-645 588 658 0 
-889 662 -437 0 
668 -358 -883 0 
589 202 700 0 
374 -551 -438 0 
297 -763 -838 0 
869 682 924 0 
-46 -219 971 0 
436 688 996 0 
693 -914 942 0 
-615 -867 584 0 
-957 -872 -228 0 
687 -697 33 0 
947 -214 -21 0 
49 -570 346 0 
-672 588 -653 0 
-296 194 505 0 
128 236 -189 0 
56 292 -728 0 
-61 -334 699 0 
-62 525 208 0 
-778 -259 -62 0 
139 -43 814 0 
545 736 656 0 
31 394 330 0 
-222 233 689 0 
196 992 140 0 
-869 844 320 0 
213 443 -16 0 
-266 776 -605 0 
529 668 667 0 
733 711 267 0 
-957 -392 453 0 
-425 -400 916 0 
245 318 905 0 
-472 -661 668 0 
-725 381 243 0 
-556 -406 -121 0 
704 48 -491 0 
147 -183 -819 0 
-221 319 215 0 
-345 -101 964 0 
-883 -399 244 0 
12 194 369 0 
-713 394 -404 0 
-814 -84 -826 0 
353 286 736 0 
957 -614 616 0 
-998 -845 794 0 
-221 415 443 0 
524 -683 -585 0 
-19 553 -389 0 
820 83 239 0 
-372 942 -859 0 
-401 -138 770 0 
514 -497 250 0 
449 -498 600 0 
-802 589 156 0 
94 -439 -895 0 
956 649 -650 0 
477 -731 36 0 
7 227 922 0 
-127 -726 339 0 
-133 191 547 0 
708 113 827 0 
979 -105 -78 0 
-372 -880 557 0 
331 420 882 0 
-365 926 -381 0 
-362 -24 -613 0 
-117 806 996 0 
-774 -841 226 0 
-249 -123 -32 0 
-174 -297 -863 0 
-824 470 -280 0 
-359 -37 841 0 
-719 -613 84 0 
-558 -242 383 0 
-701 -331 820 0 
-188 -371 -586 0 
-74 -886 -472 0 
930 -756 420 0 
91 756 -652 0 
947 424 869 0 
257 -869 -867 0 
-761 571 213 0 
500 296 -217 0 
347 -753 -520 0 
767 753 406 0 
-623 280 -239 0 
322 -893 147 0 
979 109 -882 0 
-247 -580 953 0 
-519 -468 -657 0 
362 -370 1000 0 
-106 -267 23 0 
919 -836 -379 0 
-713 178 -986 0 
419 69 -312 0 
-703 -135 900 0 
-762 792 236 0 
703 997 215 0 
764 39 -55 0 
-60 -272 -266 0 
684 -135 -499 0 
-197 -597 -9 0 
631 373 470 0 
783 137 -668 0 
606 922 872 0 
-805 148 388 0 
662 127 900 0 
-110 10 475 0 
329 577 782 0 
38 -176 -725 0 
673 -176 882 0 
-965 162 607 0 
-68 -123 19 0 
423 -115 -429 0 
376 -565 985 0 
-273 372 986 0 
568 -57 -160 0 
347 265 -441 0 
439 -395 -693 0 
575 -15 -76 0 
977 -662 -285 0 
-940 -754 -862 0 
-736 -515 -891 0 
-660 -829 312 0 
382 883 -348 0 
-735 305 27 0 
-913 -402 706 0 
-155 -975 161 0 
-764 -165 367 0 
-37 -307 102 0 
58 20 -299 0 
808 768 -701 0 
-455 -36 -211 0 
-83 758 446 0 
-963 -509 921 0 
-33 988 739 0 
633 684 -537 0 
67 44 854 0 
451 673 -726 0 
682 585 -14 0 
-491 468 725 0 
-416 311 -20 0 
647 -759 -190 0 
-966 45 874 0 
-623 -500 370 0 
-819 919 -274 0 
-393 -639 -199 0 
-230 318 716 0 
-758 865 -268 0 
-767 452 -937 0 
20 103 -151 0 
-823 -784 -767 0 
359 985 5 0 
384 245 563 0 
133 162 -696 0 
440 114 -252 0 
-127 -783 -135 0 
-81 -854 828 0 
217 333 96 0 
136 64 593 0 
-294 -309 839 0 
934 25 -106 0 
49 -852 -819 0 
310 861 674 0 
-496 533 -236 0 
-696 -875 49 0 
15 -327 -908 0 
-358 563 -975 0 
-68 -977 -323 0 
988 847 -856 0 
119 475 966 0 
-906 -275 -649 0 
257 -241 489 0 
-68 661 -710 0 
15 870 498 0 
195 23 611 0 
-279 -951 747 0 
720 -535 -375 0 
6 -912 -602 0 
-364 476 474 0 
-565 -268 892 0 
309 221 320 0 
-878 -821 -836 0 
-389 -354 817 0 
-708 813 -56 0 
-945 408 130 0 
568 632 60 0 
150 -239 -624 0 
30 674 977 0 
-851 -298 -535 0 
558 -946 293 0 
-980 107 -468 0 
995 70 967 0 
926 889 -790 0 
-912 702 -995 0 
-871 888 128 0 
-790 944 587 0 
354 -447 501 0 
335 -378 -622 0 
-696 334 838 0 
874 -330 469 0 
442 764 -354 0 
-411 -831 -601 0 
802 997 -927 0 
-936 -251 233 0 
83 169 -168 0 
783 -470 -749 0 
39 802 52 0 
-500 -325 -287 0 
-506 -733 54 0 
-495 -434 970 0 
388 726 69 0 
358 161 -495 0 
557 878 490 0 
374 937 -939 0 
994 295 -730 0 
-247 -236 256 0 
328 -591 840 0 
-706 401 313 0 
799 19 -214 0 
-99 -638 -606 0 
229 398 549 0 
588 -549 870 0 
-909 -754 669 0 
383 106 -69 0 
697 402 591 0 
14 -388 618 0 
-483 888 -882 0 
344 297 -151 0 
-290 745 -634 0 
-756 121 -824 0 
-990 -814 -506 0 
-478 -594 -702 0 
496 809 -988 0 
-503 445 -22 0 
-835 -523 919 0 
369 -936 909 0 
-844 683 255 0 
-704 -508 986 0 
-450 -686 322 0 
-647 -955 943 0 
-17 975 938 0 
-293 450 654 0 
934 -226 691 0 
440 -975 -24 0 
-800 734 -297 0 
-914 -516 315 0 
723 -221 -390 0 
-626 125 422 0 
443 -11 -39 0 
-129 329 -516 0 
-180 -482 -495 0 
576 777 425 0 
957 598 -131 0 
687 -810 487 0 
745 662 -743 0 
812 -630 -171 0 
-60 -206 811 0 
-258 964 -435 0 
812 -172 -662 0 
-405 -942 -280 0 
31 -156 -700 0 
-632 98 -230 0 
354 -248 815 0 
312 -300 430 0 
610 -601 -777 0 
175 546 411 0 
-340 -571 461 0 
-428 934 -864 0 
-264 668 -775 0 
771 -959 -509 0 
-897 -375 192 0 
-379 629 -531 0 
270 67 -387 0 
-186 161 825 0 
359 997 551 0 
580 980 370 0 
-564 -920 691 0 
-14 520 -456 0 
-758 32 936 0 
-236 -977 358 0 
956 637 521 0 
-98 -319 -308 0 
317 -937 666 0 
-98 166 859 0 
-763 -4 368 0 
-936 386 969 0 
965 -911 675 0 
-733 -943 -291 0 
309 451 -442 0 
838 -67 583 0 
737 402 875 0 
264 -632 524 0 
-283 227 858 0 
-82 -445 560 0 
-602 -419 -758 0 
351 -416 -401 0 
11 -845 248 0 
-724 43 -420 0 
-47 100 -761 0 
-111 -414 189 0 
-729 -28 846 0 
493 92 381 0 
393 -309 -943 0 
135 -435 -283 0 
859 -470 127 0 
624 -525 -299 0 
559 258 -171 0 
-119 377 -230 0 
661 -480 -198 0 
-766 -40 -163 0 
705 132 -823 0 
535 -176 372 0 
-268 459 718 0 
-369 166 260 0 
-295 232 -539 0 
927 -409 593 0 
901 699 203 0 
401 -123 81 0 
-870 -324 -39 0 
178 -762 968 0 
-330 114 886 0 
741 -191 -38 0 
220 28 -740 0 
-534 -895 -827 0 
276 -697 186 0 
388 85 588 0 
-544 -158 -671 0 
617 -577 -385 0 
-854 -724 -14 0 
542 -51 -323 0 
269 227 816 0 
-307 -37 -216 0 
30 90 246 0 
889 -461 -182 0 
-54 712 708 0 
-505 370 465 0 
113 -258 594 0 
-456 116 878 0 
-23 72 18 0 
526 -721 -820 0 
834 -789 -532 0 
207 834 547 0 
-615 355 -287 0 
727 -275 -53 0 
590 330 -605 0 
594 89 829 0 
-397 -542 -124 0 
-253 -719 -900 0 
-988 -91 -697 0 
-567 56 -275 0 
-375 -486 877 0 
-184 -579 -8 0 
-624 -169 820 0 
-431 -956 -43 0 
535 300 -255 0 
-69 469 -630 0 
-325 -188 163 0 
547 549 242 0 
-428 -249 -399 0 
-277 500 53 0 
139 350 -944 0 
668 494 947 0 
-11 -461 969 0 
-496 102 892 0 
801 741 -672 0 
1000 120 174 0 
-251 894 657 0 
453 463 916 0 
-66 640 460 0 
-939 793 27 0 
897 58 -114 0 
-807 47 -23 0 
-929 -110 993 0 
981 -256 416 0 
-565 -842 153 0 
805 -766 -561 0 
406 -39 -271 0 
19 -813 317 0 
-676 425 259 0 
200 -503 81 0 
-297 44 615 0 
772 510 48 0 
-318 80 311 0 
-636 -623 -220 0 
374 -740 -549 0 
252 -886 -481 0 
-125 -838 257 0 
-479 577 -137 0 
-277 -3 328 0 
-404 -574 -375 0 
-603 -413 991 0 
-30 -727 79 0 
-316 -939 -1000 0 
-853 -921 495 0 
892 -405 458 0 
-786 440 -597 0 
-12 -874 425 0 
724 643 -657 0 
711 -611 -277 0 
161 248 263 0 
-510 571 966 0 
-616 42 534 0 
-295 13 10 0 
762 529 -582 0 
520 18 -991 0 
-740 -142 61 0 
-611 -77 369 0 
-705 -678 -135 0 
-25 848 329 0 
-53 -852 -131 0 
-376 -411 -454 0 
534 498 -209 0 
57 -261 146 0 
-356 112 261 0 
-626 -9 703 0 
-154 640 464 0 
329 351 -186 0 
-882 82 -550 0 
537 321 -908 0 
-877 -659 743 0 
-430 -570 -434 0 
516 -182 -153 0 
481 -12 299 0 
308 612 -557 0 
406 33 999 0 
-815 837 -527 0 
-753 98 473 0 
-109 -147 885 0 
298 -502 -960 0 
-307 -642 820 0 
596 246 -608 0 
50 -335 267 0 
-602 81 -230 0 
677 -382 966 0 
923 125 974 0 
-889 181 -974 0 
6 483 -661 0 
-653 196 -417 0 
232 -741 -290 0 
-817 -89 943 0 
804 -757 645 0 
-637 444 -891 0 
-991 -926 -655 0 
-882 -909 72 0 
-271 -608 -752 0 
146 89 934 0 
774 -718 675 0 
-77 -274 -776 0 
634 -254 124 0 
-918 -882 -654 0 
910 193 409 0 
-801 641 -793 0 
753 703 739 0 
-247 -422 421 0 
79 -83 965 0 
207 -882 -254 0 
-603 879 691 0 
952 786 -608 0 
457 323 501 0 
642 -740 -318 0 
-52 -341 615 0 
47 -333 -938 0 
960 227 971 0 
-937 -445 639 0 
85 751 -893 0 
649 -964 314 0 
639 -240 956 0 
541 562 -771 0 
248 442 -604 0 
136 430 -682 0 
289 -931 119 0 
667 494 365 0 
-467 -642 -966 0 
-142 -875 -392 0 
-520 -524 -132 0 
-2 288 -11 0 
-581 127 847 0 
-687 -885 -889 0 
999 -984 -621 0 
-711 849 -567 0 
-883 139 -138 0 
324 345 361 0 
-684 523 -735 0 
-156 298 579 0 
630 848 -53 0 
-369 -832 10 0 
-548 -731 -530 0 
295 828 -708 0 
-475 384 21 0 
-71 519 -93 0 
-988 554 272 0 
-671 178 -589 0 
1000 -694 -936 0 
-655 862 -651 0 
315 762 78 0 
591 17 288 0 
-529 134 299 0 
-958 927 -697 0 
-84 524 -980 0 
-883 -343 -582 0 
202 407 537 0 
1 -778 -556 0 
613 -310 -321 0 
-997 678 665 0 
941 -993 318 0 
-323 318 455 0 
906 -530 -189 0 
925 -775 532 0 
-645 -309 -605 0 
-835 37 -698 0 
939 -502 320 0 
264 -543 -112 0 
196 425 32 0 
438 444 -126 0 
-901 93 132 0 
-73 933 -641 0 
96 -830 -660 0 
155 500 -931 0 
786 -646 825 0 
741 822 326 0 
-467 374 -589 0 
706 -806 -782 0 
773 219 -398 0 
-246 16 -223 0 
531 -843 -33 0 
-574 246 294 0 
-38 54 620 0 
-625 -834 934 0 
44 -982 7 0 
-159 834 -157 0 
679 959 29 0 
-618 -387 727 0 
-544 -372 86 0 
912 -156 -503 0 
556 896 263 0 
333 -440 -360 0 
-753 923 -790 0 
-894 -936 836 0 
-408 768 -143 0 
541 -668 307 0 
-689 723 146 0 
-381 920 62 0 
-66 -334 499 0 
-666 -860 995 0 
-554 -585 -177 0 
242 -776 -598 0 
767 -229 101 0 
742 976 -414 0 
-157 -319 -639 0 
885 133 -642 0 
-314 -60 68 0 
-988 296 -92 0 
-9 -317 154 0 
249 -517 270 0 
277 311 -838 0 
824 103 -866 0 
415 -975 -698 0 
-171 -704 -983 0 
518 -882 -672 0 
744 -426 -803 0 
-494 787 -449 0 
-856 519 -111 0 
-11 85 447 0 
555 -105 450 0 
-380 -858 -873 0 
-351 -367 431 0 
675 -118 482 0 
343 214 294 0 
-235 717 -539 0 
287 260 279 0 
-269 -104 128 0 
-345 -240 -569 0 
235 462 -683 0 
-37 -588 -443 0 
258 268 96 0 
544 -319 -989 0 
786 -205 140 0 
-53 -451 -876 0 
782 533 31 0 
-442 -663 826 0 
152 691 -745 0 
988 -887 216 0 
-320 -315 -587 0 
354 256 651 0 
21 -709 -427 0 
-100 -484 -844 0 
-493 -970 -741 0 
-490 -487 908 0 
-517 142 175 0 
-891 273 -662 0 
-555 143 62 0 
-916 -70 -446 0 
617 -922 618 0 
-74 -393 -854 0 
-468 130 331 0 
777 -729 -544 0 
660 -881 -213 0 
-707 -853 523 0 
-145 -700 596 0 
-29 -581 -311 0 
358 600 590 0 
-632 388 -693 0 
-263 130 974 0 
743 -259 406 0 
973 -554 695 0 
-744 318 973 0 
437 -47 -622 0 
822 215 158 0 
-856 827 575 0 
-428 794 -669 0 
-266 970 506 0 
-139 -359 -933 0 
-542 557 533 0 
150 53 -892 0 
-254 797 -521 0 
798 -218 -9 0 
-764 188 -497 0 
-805 -93 229 0 
785 -708 -720 0 
-290 -999 -492 0 
954 -243 354 0 
463 874 -923 0 
-837 112 -943 0 
-687 -956 312 0 
-721 -680 8 0 
-301 -208 -65 0 
724 -941 -145 0 
-717 -559 -558 0 
314 412 905 0 
-881 -229 520 0 
-852 775 493 0 
-384 -760 967 0 
-923 259 747 0 
-362 961 652 0 
-955 999 -364 0 
202 607 572 0 
7 237 172 0 
622 -386 -261 0 
-257 490 -907 0 
581 -110 -186 0 
-927 -588 123 0 
966 985 -252 0 
430 58 -480 0 
-806 318 611 0 
871 -582 -20 0 
-879 -81 69 0 
-457 -678 -622 0 
312 -233 -119 0 
-728 838 -69 0 
-890 -603 -365 0 
169 -931 577 0 
-692 197 910 0 
760 311 -29 0 
-611 -75 -176 0 
71 -913 -793 0 
-679 329 374 0 
-300 390 130 0 
-301 -742 762 0 
-327 -200 -130 0 
-296 -961 650 0 
1 817 -322 0 
-101 -110 -474 0 
497 849 317 0 
-965 -82 -863 0 
-214 162 -732 0 
148 -497 -93 0 
-491 -602 523 0 
-975 -422 -840 0 
941 672 732 0 
-717 182 266 0 
-180 820 971 0 
71 409 204 0 
-162 -742 -706 0 
369 -123 -267 0 
-893 545 897 0 
-496 -101 273 0 
973 755 -250 0 
-592 665 97 0 
851 737 506 0 
580 -822 15 0 
595 582 847 0 
979 528 -400 0 
-54 -214 898 0 
-315 -64 768 0 
429 592 202 0 
641 143 -240 0 
311 -327 -649 0 
-222 -925 -179 0 
-533 121 741 0 
128 159 832 0 
379 781 -727 0 
812 -175 -848 0 
-387 -946 863 0 
-167 198 493 0 
87 511 -972 0 
415 -349 -267 0 
433 -616 621 0 
577 432 -872 0 
495 -949 -639 0 
-739 107 49 0 
-454 646 -69 0 
710 883 -590 0 
518 207 -424 0 
483 205 407 0 
-315 -564 -711 0 
-197 510 -552 0 
599 -24 -767 0 
419 735 -130 0 
259 1 216 0 
522 -251 109 0 
-236 576 222 0 
672 999 431 0 
-707 -911 -451 0 
-946 687 -928 0 
300 215 248 0 
808 -133 -476 0 
-208 813 748 0 
634 -708 -872 0 
-69 156 -424 0 
621 532 -668 0 
887 718 -382 0 
926 -387 950 0 
383 380 735 0 
948 867 761 0 
-893 -478 114 0 
-902 -224 174 0 
916 -373 570 0 
-186 563 -489 0 
-182 715 -357 0 
387 -483 852 0 
-339 -68 -44 0 
51 -829 -881 0 
-827 205 -602 0 
701 801 -293 0 
-113 -336 740 0 
458 -800 757 0 
-961 10 796 0 
100 787 -999 0 
889 -247 925 0 
813 -693 -725 0 
-743 477 82 0 
307 -571 241 0 
-376 202 -212 0 
670 999 -482 0 
979 221 644 0 
-959 -872 822 0 
-641 -923 -741 0 
218 -431 945 0 
661 378 767 0 
-868 -700 -85 0 
-424 637 921 0 
-348 14 778 0 
-589 -885 -446 0 
-506 645 -844 0 
-992 -965 -569 0 
-170 -197 269 0 
-422 -750 418 0 
810 -90 -945 0 
570 752 28 0 
-299 -695 392 0 
-505 407 932 0 
211 -144 125 0 
352 595 -103 0 
-176 -272 -320 0 
829 70 274 0 
-877 -669 -73 0 
738 514 281 0 
726 -244 -226 0 
657 -274 188 0 
-381 -14 -500 0 
-591 -142 -89 0 
483 -223 503 0 
543 -604 106 0 
528 -322 -168 0 
-818 578 -681 0 
853 -395 696 0 
-202 186 254 0 
-575 -121 882 0 
-508 138 886 0 
-661 499 -777 0 
972 -393 -242 0 
202 -739 696 0 
702 -926 -761 0 
410 -938 686 0 
685 -958 -53 0 
-367 766 734 0 
-248 -577 -984 0 
-414 130 916 0 
68 9 -744 0 
765 416 6 0 
-852 -437 -663 0 
-646 -871 -37 0 
972 258 136 0 
88 -118 -557 0 
-308 833 -167 0 
-627 -119 471 0 
531 353 -734 0 
-139 595 -369 0 
610 -847 -244 0 
46 -641 -707 0 
-38 165 -959 0 
104 783 691 0 
390 618 414 0 
948 237 151 0 
695 747 -712 0 
633 -21 594 0 
489 -509 -883 0 
-939 623 -369 0 
-670 82 -475 0 
-842 -572 746 0 
-402 635 -286 0 
886 -985 747 0 
462 -116 -467 0 
-503 924 909 0 
908 -678 287 0 
607 -721 260 0 
89 -753 782 0 
732 -419 -705 0 
414 865 -50 0 
-184 -206 401 0 
193 -868 707 0 
523 209 -736 0 
605 495 -646 0 
-124 58 -902 0 
138 85 310 0 
190 -945 141 0 
348 -766 -577 0 
-279 -762 -370 0 
629 298 -146 0 
-418 -901 -315 0 
92 981 -805 0 
-15 360 533 0 
-627 251 34 0 
835 -890 -92 0 
-830 -864 -579 0 
-18 -213 784 0 
-878 349 965 0 
572 -347 -336 0 
875 -996 250 0 
-385 579 -56 0 
-905 567 755 0 
761 88 -713 0 
39 -637 -881 0 
126 -282 416 0 
-583 723 -138 0 
-97 -513 -39 0 
-326 -388 561 0 
-317 32 603 0 
-852 660 987 0 
-347 -604 -647 0 
310 -738 -66 0 
-447 754 876 0 
795 -404 995 0 
-780 254 -108 0 
316 -702 -348 0 
305 725 -709 0 
-462 142 94 0 
-853 -415 -46 0 
925 -249 -706 0 
-30 -952 -495 0 
892 -893 -806 0 
-777 854 -621 0 
-452 417 782 0 
-383 -480 -638 0 
-604 -791 -574 0 
208 -312 258 0 
-212 -409 -291 0 
-795 25 -875 0 
481 267 370 0 
-260 -936 -84 0 
521 269 832 0 
511 265 627 0 
-595 241 -138 0 
46 -828 398 0 
932 -417 304 0 
21 560 872 0 
806 -452 -973 0 
862 -312 -2 0 
-557 623 -900 0 
-850 -798 83 0 
442 -946 -15 0 
-970 -245 876 0 
258 710 975 0 
-701 417 -953 0 
-601 841 -553 0 
848 854 -439 0 
-41 -110 896 0 
368 188 -580 0 
-151 -279 330 0 
788 456 222 0 
371 25 480 0 
2 818 819 0 
937 -383 -854 0 
-189 -701 490 0 
697 561 822 0 
-941 -661 -67 0 
1000 305 575 0 
-930 -920 -822 0 
120 680 -279 0 
-197 550 -721 0 
-558 286 -482 0 
-752 -82 11 0 
-257 -400 638 0 
744 277 -747 0 
193 -128 410 0 
14 -601 -250 0 
371 293 -669 0 
-691 805 -717 0 
339 735 -482 0 
-747 -465 496 0 
517 -450 159 0 
-470 459 -212 0 
553 -1000 -782 0 
289 572 559 0 
-913 852 345 0 
-754 -722 -576 0 
656 579 -660 0 
538 -462 85 0 
505 140 357 0 
131 418 756 0 
792 -664 27 0 
-921 310 -470 0 
-832 -198 -812 0 
-303 -239 217 0 
-672 -101 -782 0 
152 952 672 0 
-812 -494 -557 0 
-47 953 -566 0 
697 458 813 0 
707 -830 -292 0 
842 616 -201 0 
931 834 -804 0 
-516 890 -981 0 
-232 553 -629 0 
-52 166 -11 0 
702 314 -181 0 
-604 339 -430 0 
334 801 775 0 
903 404 880 0 
777 -147 691 0 
-978 -415 -636 0 
881 -819 -447 0 
-522 -524 -14 0 
-878 651 -636 0 
627 -601 -421 0 
245 882 -670 0 
-529 681 813 0 
-802 391 -751 0 
-723 -443 483 0 
-91 724 933 0 
-745 267 -458 0 
-662 -42 -17 0 
-537 -379 -297 0 
-382 -521 -788 0 
769 -831 -790 0 
743 -260 936 0 
-435 814 -700 0 
-537 -49 -427 0 
261 -778 -616 0 
838 185 -642 0 
-180 854 -944 0 
653 -219 -528 0 
-30 578 994 0 
-155 715 856 0 
350 840 890 0 
-268 -26 -123 0 
-998 -161 -376 0 
572 -13 -991 0 
959 -349 -253 0 
-737 -72 560 0 
-270 -245 -953 0 
-195 327 898 0 
-484 987 -73 0 
740 155 909 0 
900 -772 -291 0 
343 -20 -55 0 
-605 -802 -452 0 
-515 134 -272 0 
815 -174 960 0 
-877 197 800 0 
990 168 53 0 
-763 498 894 0 
316 -452 -98 0 
862 905 -854 0 
591 -988 -783 0 
114 641 154 0 
-254 315 725 0 
-257 -180 635 0 
-631 373 273 0 
-943 574 -182 0 
930 557 913 0 
-619 -845 -917 0 
-982 657 -26 0 
-681 -292 348 0 
832 219 83 0 
315 18 203 0 
-65 289 -257 0 
-573 -719 -953 0 
892 -642 746 0 
688 -883 -677 0 
-731 341 -411 0 
-233 -497 -728 0 
-5 26 -815 0 
-464 -199 -254 0 
318 773 430 0 
443 729 925 0 
-139 -605 998 0 
-295 -259 -851 0 
-533 526 -482 0 
-501 -89 -102 0 
471 -587 169 0 
-810 531 -269 0 
922 399 820 0 
292 614 845 0 
-797 -597 536 0 
46 572 -736 0 
259 553 -124 0 
-183 904 106 0 
501 -593 985 0 
824 375 91 0 
-879 399 -308 0 
25 -779 597 0 
71 393 -185 0 
91 -210 -672 0 
14 -660 557 0 
58 729 71 0 
478 581 26 0 
886 652 760 0 
-458 -158 447 0 
785 -420 -349 0 
-663 224 590 0 
-583 904 -903 0 
-659 851 254 0 
-119 -102 -711 0 
45 -698 -96 0 
821 -916 -158 0 
581 126 -419 0 
161 664 799 0 
888 -5 -408 0 
557 -80 72 0 
-400 323 -582 0 
-370 165 403 0 
543 -261 290 0 
700 -417 -353 0 
-527 -54 534 0 
-364 -319 642 0 
534 -163 26 0 
-81 -741 -175 0 
-820 -209 322 0 
-101 304 255 0 
80 -922 -308 0 
-91 314 836 0 
152 -229 142 0 
259 227 663 0 
215 751 998 0 
-384 759 -177 0 
-773 -831 190 0 
577 401 -865 0 
-755 -30 90 0 
-113 854 -668 0 
135 -394 -691 0 
-62 -897 -696 0 
-695 237 48 0 
231 565 -279 0 
-811 -293 646 0 
961 -481 975 0 
400 -811 805 0 
189 754 -196 0 
-416 156 641 0 
-278 -141 -70 0 
-596 36 -855 0 
-27 428 449 0 
604 -899 6 0 
-175 -117 -263 0 
-363 923 970 0 
113 -979 -66 0 
780 -163 160 0 
170 -315 -688 0 
919 490 -139 0 
-860 358 -89 0 
545 429 -349 0 
786 180 -546 0 
998 -958 54 0 
105 -69 523 0 
385 -645 537 0 
530 -444 450 0 
325 -913 995 0 
368 -431 -528 0 
241 888 -660 0 
2 -389 583 0 
-24 440 -577 0 
189 -498 991 0 
471 -736 977 0 
-454 775 813 0 
-845 26 456 0 
985 -774 472 0 
223 -763 -262 0 
-579 73 764 0 
198 886 867 0 
759 -331 -869 0 
348 -751 375 0 
432 -180 591 0 
552 33 -628 0 
-391 -558 -404 0 
649 727 -753 0 
-783 -852 -53 0 
-597 870 -500 0 
-89 160 552 0 
-130 -319 646 0 
-345 -142 510 0 
6 -501 -783 0 
-430 -918 181 0 
-960 536 -256 0 
132 862 181 0 
-199 -861 647 0 
644 803 -958 0 
242 776 -262 0 
-719 229 -341 0 
-858 -728 -1 0 
870 843 416 0 
887 875 979 0 
102 -836 -287 0 
267 -754 -579 0 
146 -41 -412 0 
-155 -900 -342 0 
188 502 306 0 
-782 -40 -34 0 
-229 -891 -505 0 
651 671 -117 0 
219 -837 -57 0 
896 265 858 0 
444 304 -918 0 
94 933 345 0 
-210 -257 856 0 
-310 412 -993 0 
506 -666 -745 0 
318 108 -465 0 
-89 -134 648 0 
173 990 -537 0 
-392 578 623 0 
778 -529 -885 0 
38 -637 329 0 
844 434 291 0 
-365 -746 892 0 
820 -474 -102 0 
-825 -63 -267 0 
-794 -438 911 0 
673 -963 -492 0 
-625 408 17 0 
-21 496 -327 0 
-791 -32 -409 0 
298 228 433 0 
-475 448 148 0 
-791 518 -224 0 
167 -883 76 0 
-909 -850 -534 0 
986 373 -697 0 
996 447 -510 0 
747 550 395 0 
-716 116 -910 0 
-676 -950 -133 0 
921 240 -522 0 
954 -127 107 0 
259 660 -452 0 
-680 453 224 0 
-627 353 -725 0 
-302 -258 128 0 
988 248 -52 0 
-353 -626 -792 0 
-252 -148 66 0 
-359 659 -848 0 
-769 -760 300 0 
-166 -582 502 0 
-930 -222 896 0 
-87 48 -794 0 
109 -969 -597 0 
-989 -239 -808 0 
784 -657 -427 0 
-169 -557 457 0 
744 307 -30 0 
-659 16 424 0 
-10 -621 968 0 
-653 822 -666 0 
998 -220 759 0 
-396 651 464 0 
-525 766 -398 0 
-420 -180 -489 0 
-712 -880 -885 0 
52 913 -67 0 
251 89 -80 0 
-956 -940 380 0 
-18 417 659 0 
266 415 -643 0 
528 -309 269 0 
536 334 506 0 
-708 19 -92 0 
-837 -714 -425 0 
279 -654 -505 0 
595 791 -869 0 
-621 -879 130 0 
-290 -861 -66 0 
-615 -602 246 0 
840 -249 975 0 
-940 117 -574 0 
976 -653 -311 0 
455 -750 -423 0 
-56 660 511 0 
-538 -89 260 0 
-656 -534 -350 0 
700 515 829 0 
406 -175 -523 0 
922 616 654 0 
40 44 545 0 
695 762 -749 0 
-406 -747 152 0 
566 -652 -544 0 
-133 -681 -1 0 
-359 -86 917 0 
-254 50 -844 0 
-766 -819 960 0 
821 861 -957 0 
763 -284 -797 0 
78 -722 340 0 
935 810 -178 0 
-412 669 -18 0 
-867 952 636 0 
470 761 -544 0 
918 -232 259 0 
-288 -714 -625 0 
-238 -822 340 0 
-675 -286 -487 0 
-327 329 -271 0 
443 457 868 0 
232 -654 596 0 
-85 255 794 0 
-546 -618 362 0 
