p cnf 1000 3400
27 23 -810 0 
920 827 -223 0 
-21 -433 -377 0 
670 188 225 0 
-140 -470 -417 0 
567 -291 801 0 
610 741 884 0 
915 400 -926 0 
-933 786 -999 0 
-266 -41 507 0 
55 -312 -967 0 
-767 321 57 0 
-528 745 15 0 
618 844 833 0 
-700 586 446 0 
-564 199 -924 0 
-195 -699 -266 0 
222 -406 666 0 
311 -761 967 0 
410 406 186 0 
927 925 -952 0 
155 -92 -190 0 
-750 -278 857 0 
361 922 -439 0 
-876 -705 -406 0 
512 -823 550 0 
817 256 -210 0 
-930 -28 -276 0 
734 -473 -505 0 
306 -577 -554 0 
168 378 68 0 
-517 -173 -285 0 
-626 -355 834 0 
-883 101 -804 0 
-566 -35 153 0 
-513 -980 -776 0 
-654 845 1 0 
-176 387 -234 0 
-657 718 644 0 
459 -918 -380 0 
-912 887 687 0 
-579 -906 470 0 
168 -822 291 0 
129 -627 53 0 
418 -414 916 0 
-199 -640 398 0 
-952 506 -384 0 
866 -206 -162 0 
246 -267 -855 0 
-31 258 41 0 
-611 -898 493 0 
-323 -471 -776 0 
-596 -30 297 0 
542 917 649 0 
733 254 -793 0 
-233 -649 -786 0 
557 -681 -993 0 
-856 389 496 0 
791 -831 123 0 
-583 -868 450 0 
957 606 674 0 
-326 508 -80 0 
761 -292 492 0 
-331 -848 -137 0 
-896 664 138 0 
520 773 500 0 
419 551 707 0 
270 -132 380 0 
713 60 -572 0 
-462 992 706 0 
183 252 817 0 
-645 604 609 0 
-520 -325 -947 0 
38 -322 931 0 
-69 -133 -53 0 
75 133 -625 0 
164 -920 759 0 
-813 946 -39 0 
-660 886 -791 0 
-229 115 856 0 
-704 993 -74 0 
-139 184 -236 0 
-225 -639 -269 0 
135 834 -260 0 
-286 -91 523 0 
897 -131 -224 0 
70 823 -913 0 
-930 -751 -739 0 
-737 -336 -104 0 
642 289 780 0 
73 333 500 0 
353 24 143 0 
-862 -835 535 0 
703 198 170 0 
-515 -980 -514 0 
-86 -198 -433 0 
-58 -487 -524 0 
-460 -287 -17 0 
62 -492 89 0 
365 169 408 0 
-602 -913 591 0 
-536 -476 561 0 
-560 576 -102 0 
-145 -806 761 0 
16 293 35 0 
-323 766 37 0 
188 591 -461 0 
-699 -985 117 0 
-410 -440 448 0 
-707 -161 396 0 
-105 508 33 0 
982 994 -196 0 
61 -229 379 0 
-650 310 56 0 
357 557 810 0 
-550 -358 665 0 
709 85 -684 0 
-576 -553 -989 0 
-824 556 490 0 
-203 -682 -631 0 
-430 123 202 0 
-708 378 -137 0 
-946 757 306 0 
-741 955 -428 0 
138 -570 -159 0 
331 -726 -19 0 
80 177 -583 0 
607 537 230 0 
485 741 -532 0 
-237 21 -440 0 
-460 922 74 0 
841 713 -233 0 
634 -183 -444 0 
-518 -24 -957 0 
33 -989 16 0 
-279 -627 493 0 
685 882 -790 0 
-582 -559 -584 0 
842 -890 -862 0 
-974 -489 67 0 
-594 -555 484 0 
-21 -459 367 0 
-118 -217 490 0 
-106 -138 -546 0 
70 -265 201 0 
-191 394 390 0 
46 -603 888 0 
-434 596 -994 0 
71 -262 -320 0 
691 -955 582 0 
313 296 823 0 
248 957 802 0 
-774 491 299 0 
-470 144 -771 0 
774 705 -610 0 
-852 36 190 0 
766 -673 -509 0 
-997 866 -296 0 
984 698 924 0 
83 658 751 0 
-14 967 787 0 
-246 618 -20 0 
-430 -713 156 0 
963 62 -97 0 
-225 -479 895 0 
-496 -427 -933 0 
833 965 244 0 
830 -904 126 0 
-862 -993 -676 0 
251 76 -417 0 
-841 135 268 0 
-842 -542 661 0 
15 -585 -70 0 
656 458 641 0 
828 921 -769 0 
-299 621 -702 0 
128 331 926 0 
415 -341 183 0 
-880 268 -633 0 
-784 720 -790 0 
-776 799 -794 0 
652 569 545 0 
621 -118 -898 0 
-414 -533 -312 0 
-403 932 332 0 
-437 -190 651 0 
-474 -412 943 0 
216 242 -286 0 
-972 -672 -438 0 
535 -404 -833 0 
-329 502 -964 0 
-923 108 -366 0 
966 -778 -932 0 
385 804 599 0 
-832 74 725 0 
479 -195 133 0 
-987 875 740 0 
-169 -68 -998 0 
-734 555 596 0 
-716 105 392 0 
473 126 -210 0 
-503 -457 -963 0 
-46 918 -738 0 
24 -70 -302 0 
342 -795 -170 0 
-420 497 -760 0 
-964 67 207 0 
665 547 631 0 
-269 148 203 0 
961 -110 -184 0 
-616 -511 583 0 
467 671 -217 0 
35 233 -544 0 
967 414 498 0 
-2 -978 -837 0 
445 -492 352 0 
-280 412 -657 0 
110 -328 -282 0 
699 996 650 0 
-810 246 -530 0 
577 -478 -430 0 
200 -153 -684 0 
-61 -984 863 0 
248 -638 -432 0 
9 334 -936 0 
774 584 853 0 
873 927 -122 0 
-130 -997 279 0 
-807 987 -693 0 
713 -551 316 0 
-548 601 278 0 
-295 978 -239 0 
738 -91 -181 0 
807 648 -608 0 
472 -635 -572 0 
735 -390 -77 0 
-416 -567 -739 0 
414 107 731 0 
-470 -522 -483 0 
672 -833 213 0 
-882 773 284 0 
-282 697 -334 0 
-287 757 171 0 
-918 -215 303 0 
394 -963 -35 0 
984 -278 -297 0 
192 216 -808 0 
316 -542 -273 0 
-268 636 -938 0 
-931 -889 241 0 
340 -518 211 0 
-38 529 -313 0 
170 292 -893 0 
383 -130 350 0 
-847 497 -546 0 
628 -422 -886 0 
771 253 -23 0 
-16 -359 896 0 
-520 -630 32 0 
-100 -600 -889 0 
-858 353 -267 0 
757 -498 869 0 
700 -927 -115 0 
-675 -767 -795 0 
-165 -383 -341 0 
-264 -998 -111 0 
-519 305 -624 0 
-802 -825 -683 0 
875 446 -962 0 
98 195 -365 0 
-470 -498 -136 0 
-248 -563 66 0 
-891 60 -225 0 
995 -92 -303 0 
-483 338 164 0 
-952 -672 820 0 
-186 -659 -687 0 
952 -686 406 0 
391 650 412 0 
834 690 -10 0 
691 -419 218 0 
745 -976 163 0 
-947 297 -427 0 
-439 -403 -927 0 
-637 244 -974 0 
-666 -307 -867 0 
-94 -14 781 0 
499 -758 -341 0 
973 -980 -30 0 
-218 935 227 0 
-423 -483 -460 0 
-246 -525 52 0 
218 191 -870 0 
-161 -178 9 0 
-636 425 788 0 
-177 114 25 0 
591 782 354 0 
-71 224 -461 0 
690 -8 -973 0 
877 -136 -837 0 
777 518 -639 0 
-632 -39 129 0 
399 740 398 0 
-871 314 578 0 
-397 -848 -682 0 
531 196 -354 0 
759 -536 696 0 
430 293 393 0 
-338 -292 -946 0 
356 -905 -82 0 
-422 -577 916 0 
297 -419 431 0 
-539 121 757 0 
483 -466 -600 0 
227 -125 -301 0 
661 201 800 0 
305 -869 102 0 
869 -912 123 0 
-996 -897 -758 0 
-425 868 -597 0 
638 861 157 0 
677 652 436 0 
481 10 -639 0 
-242 -527 28 0 
984 -641 -102 0 
107 864 -415 0 
647 -412 -629 0 
-539 -565 -764 0 
-787 -756 -814 0 
-239 188 -683 0 
-721 -79 873 0 
467 607 -264 0 
23 -732 -704 0 
202 -399 582 0 
-286 754 -784 0 
-1000 779 -591 0 
-72 -482 -828 0 
-534 -482 30 0 
-16 -342 450 0 
111 404 121 0 
169 529 476 0 
151 265 -534 0 
-153 -855 -529 0 
571 -914 -600 0 
-114 -415 -879 0 
582 347 -788 0 
-662 161 -580 0 
403 11 215 0 
-323 41 294 0 
20 -189 -79 0 
467 928 -664 0 
-206 686 570 0 
-325 -943 -526 0 
-80 -828 825 0 
90 -961 123 0 
192 -58 -674 0 
330 231 -525 0 
-329 -641 792 0 
-495 -1 -408 0 
503 217 -29 0 
-96 634 901 0 
-792 -610 -868 0 
346 663 78 0 
-449 949 -780 0 
-481 222 187 0 
-937 381 398 0 
196 291 -864 0 
724 -771 -675 0 
19 -433 905 0 
95 -995 442 0 
-143 672 293 0 
-559 580 -310 0 
973 450 185 0 
918 -784 -176 0 
433 -406 -222 0 
-346 -61 792 0 
804 309 858 0 
706 198 -787 0 
932 440 510 0 
-536 -717 458 0 
71 380 -132 0 
-973 830 -532 0 
172 -566 -629 0 
622 -716 -871 0 
99 -558 568 0 
-46 798 705 0 
-305 -433 -277 0 
70 342 23 0 
229 -454 133 0 
-709 706 -923 0 
796 -907 -106 0 
656 -161 378 0 
-283 -963 -754 0 
-577 514 -607 0 
645 -117 -260 0 
-227 223 -663 0 
905 -280 -243 0 
-539 -284 816 0 
-896 -276 2 0 
-356 -198 -507 0 
520 -295 651 0 
-692 -284 -681 0 
-579 119 877 0 
-378 317 -466 0 
-229 880 -477 0 
-668 435 -509 0 
-485 392 -942 0 
-896 -235 581 0 
-794 873 -619 0 
291 438 89 0 
-21 -574 -178 0 
186 155 165 0 
82 -734 994 0 
-263 -526 531 0 
265 -345 -742 0 
-191 -659 -374 0 
912 143 488 0 
-217 -336 435 0 
568 153 -924 0 
586 -508 755 0 
-89 -349 493 0 
-931 384 38 0 
508 429 -280 0 
-768 773 -198 0 
503 -571 -437 0 
-985 -108 -690 0 
134 -553 577 0 
-451 -979 -10 0 
-291 948 278 0 
585 40 292 0 
141 472 -934 0 
-605 -13 321 0 
-575 -103 -435 0 
-46 468 105 0 
853 -507 -190 0 
-735 -208 -432 0 
-897 -312 524 0 
626 280 -550 0 
168 -424 958 0 
-336 -420 80 0 
-724 364 -841 0 
-963 78 -516 0 
122 705 -391 0 
-640 1 -918 0 
545 -700 183 0 
174 647 -498 0 
-312 782 -445 0 
349 314 91 0 
739 -811 -299 0 
513 -791 -240 0 
-774 -560 91 0 
-108 -618 -55 0 
-542 -203 950 0 
-844 583 670 0 
-329 -759 -767 0 
-341 -41 -426 0 
568 166 -949 0 
709 -98 134 0 
960 192 936 0 
-288 784 478 0 
-478 445 -87 0 
5 -218 -307 0 
650 -945 269 0 
-784 -953 593 0 
-722 11 645 0 
-7 -589 93 0 
669 -659 136 0 
-248 -364 -682 0 
-549 808 -925 0 
712 -295 -989 0 
942 -489 -636 0 
416 402 849 0 
389 -263 -771 0 
684 -773 -146 0 
663 378 285 0 
919 -706 -899 0 
827 -551 463 0 
-970 123 -54 0 
647 538 452 0 
-215 966 100 0 
13 -629 447 0 
444 706 -697 0 
32 -485 235 0 
-745 214 -925 0 
-484 -910 -160 0 
-949 8 -488 0 
819 -80 518 0 
493 671 551 0 
597 -292 -887 0 
-328 663 355 0 
530 646 -37 0 
50 -336 -583 0 
-94 433 -901 0 
939 -126 209 0 
-41 522 503 0 
618 -570 334 0 
954 -228 102 0 
-739 -267 450 0 
216 74 776 0 
999 -318 154 0 
696 705 -634 0 
-32 -293 161 0 
-326 649 717 0 
206 -256 -96 0 
-333 -736 697 0 
-148 -817 247 0 
-671 848 996 0 
773 -345 -526 0 
32 117 821 0 
904 -5 100 0 
785 177 854 0 
376 -187 390 0 
-394 -378 -626 0 
-913 -142 -815 0 
571 -376 -260 0 
6 -772 -16 0 
308 -670 -629 0 
327 445 239 0 
-869 471 -583 0 
640 -992 363 0 
863 -806 -403 0 
-874 554 57 0 
893 -545 -402 0 
530 240 740 0 
-36 573 -430 0 
575 -361 250 0 
283 -641 -162 0 
-21 -241 211 0 
-158 -257 997 0 
-834 614 733 0 
672 -328 56 0 
346 -312 -24 0 
-609 994 81 0 
227 914 -599 0 
-289 788 -738 0 
-379 -852 23 0 
784 -443 -557 0 
-511 567 768 0 
98 479 -272 0 
739 744 831 0 
785 -678 -78 0 
-766 535 861 0 
-567 685 821 0 
-622 -601 -106 0 
124 567 743 0 
-458 88 -620 0 
184 430 752 0 
176 638 859 0 
-31 -569 -385 0 
-255 -425 263 0 
57 402 -910 0 
-617 460 70 0 
-242 -575 -481 0 
-152 305 34 0 
198 886 735 0 
-844 -99 -976 0 
-526 953 -380 0 
104 850 -432 0 
-694 509 590 0 
-779 -716 516 0 
967 -388 7 0 
-702 292 391 0 
-865 646 821 0 
413 -572 -517 0 
-727 293 -460 0 
-627 518 328 0 
60 654 -565 0 
-205 86 -245 0 
306 697 968 0 
-873 -152 434 0 
-594 325 924 0 
-678 -888 -414 0 
-885 -19 715 0 
-866 -755 -606 0 
-425 -284 -551 0 
938 857 -826 0 
838 285 883 0 
-476 304 -198 0 
-688 -271 -610 0 
511 25 -590 0 
-867 889 -657 0 
-661 431 -321 0 
-994 -915 577 0 
638 210 -541 0 
-937 -461 292 0 
-88 695 341 0 
733 -883 -62 0 
-629 -863 888 0 
-558 -819 -233 0 
597 -329 751 0 
796 195 -59 0 
-814 385 609 0 
137 860 -678 0 
979 -308 -275 0 
329 -258 -541 0 
795 562 210 0 
-501 -952 32 0 
-699 311 598 0 
-163 510 -896 0 
-58 451 -792 0 
-537 -895 659 0 
-792 -235 -346 0 
-467 734 -945 0 
-476 11 -675 0 
-604 -945 -218 0 
78 -750 245 0 
308 -210 -13 0 
-102 761 31 0 
-751 -506 -853 0 
-9 -481 -24 0 
-34 -949 -368 0 
103 -104 -45 0 
-35 -727 169 0 
-192 -220 -765 0 
-633 -168 -863 0 
875 -103 774 0 
292 -213 6 0 
945 872 11 0 
221 -924 619 0 
241 -458 601 0 
459 -972 -991 0 
576 -239 -272 0 
-925 -501 -437 0 
876 -978 76 0 
412 -739 -726 0 
-298 496 630 0 
684 -262 733 0 
668 -376 16 0 
121 -325 191 0 
-823 -902 -186 0 
852 -701 150 0 
-69 850 743 0 
-338 272 789 0 
-796 -166 228 0 
946 -613 -921 0 
-579 951 728 0 
-350 -397 347 0 
-519 -481 343 0 
-553 -27 -351 0 
-999 632 -438 0 
655 -65 -280 0 
-589 829 -2 0 
780 -239 -523 0 
482 -292 -156 0 
-993 900 -423 0 
-717 347 -84 0 
-948 -583 -608 0 
-7 804 402 0 
515 782 671 0 
182 -659 -774 0 
285 -280 -834 0 
-543 -516 149 0 
986 -7 -600 0 
-601 319 -338 0 
-124 -98 269 0 
458 735 -51 0 
-386 377 945 0 
656 -272 -778 0 
765 887 -511 0 
-292 -161 38 0 
298 -334 351 0 
-881 -328 -298 0 
-61 -993 -849 0 
872 -531 585 0 
-919 461 -559 0 
-929 426 -673 0 
242 64 105 0 
-170 -847 838 0 
-880 -500 -631 0 
107 35 -953 0 
-611 -391 -861 0 
973 -635 -1000 0 
985 68 601 0 
186 -139 168 0 
-204 -415 -716 0 
614 -515 -356 0 
-626 -334 482 0 
988 774 107 0 
353 -118 922 0 
782 313 -945 0 
-597 723 -726 0 
3 -498 -391 0 
442 -25 -547 0 
927 -387 -506 0 
819 416 -459 0 
-936 -766 101 0 
-152 652 -857 0 
125 -426 -153 0 
-645 828 -369 0 
291 -769 -78 0 
987 -253 768 0 
-408 842 608 0 
-246 958 -942 0 
-354 176 -522 0 
-808 94 457 0 
516 -845 518 0 
964 -562 -633 0 
317 -157 537 0 
-808 -166 934 0 
-269 -798 182 0 
692 -999 -202 0 
186 399 -20 0 
-488 108 -660 0 
281 328 152 0 
946 -745 -930 0 
-574 749 -341 0 
583 465 -666 0 
885 -51 168 0 
-635 -681 -864 0 
647 -921 -209 0 
898 -889 -243 0 
-643 -501 973 0 
364 -532 369 0 
-601 68 -125 0 
-393 -717 -799 0 
-642 242 -749 0 
-581 -234 438 0 
-612 27 -872 0 
539 -868 258 0 
-989 270 538 0 
318 -640 -342 0 
139 932 135 0 
-255 -755 387 0 
-131 137 753 0 
-328 825 -794 0 
973 77 -216 0 
-353 182 780 0 
377 736 269 0 
774 945 227 0 
308 896 935 0 
676 455 78 0 
-481 -887 -571 0 
-359 950 69 0 
859 -740 121 0 
505 47 -492 0 
732 -444 -780 0 
225 -797 -759 0 
-589 -368 -532 0 
911 -860 -505 0 
-116 81 71 0 
66 -685 -415 0 
-809 -605 233 0 
-629 -401 957 0 
-303 -471 876 0 
238 -221 825 0 
-97 875 508 0 
64 493 40 0 
-214 -651 -429 0 
-51 -216 -819 0 
550 232 590 0 
458 874 -92 0 
753 618 320 0 
-480 861 -60 0 
502 333 673 0 
-551 -295 -661 0 
752 -580 -808 0 
888 -887 493 0 
19 223 524 0 
-98 908 -855 0 
-49 -431 -541 0 
-539 67 294 0 
-319 490 -552 0 
-926 -405 196 0 
-757 -379 838 0 
250 888 -654 0 
682 917 441 0 
-761 330 -570 0 
439 852 885 0 
681 -918 363 0 
-759 638 -440 0 
328 450 -897 0 
778 -305 96 0 
-682 -867 471 0 
286 744 -153 0 
-112 -811 -564 0 
-842 -146 798 0 
960 -577 928 0 
603 -893 -389 0 
-574 -544 -296 0 
680 -682 -926 0 
-573 448 -33 0 
-711 420 243 0 
314 41 -348 0 
812 955 -46 0 
-544 -460 759 0 
907 -529 169 0 
-712 -854 -582 0 
-868 874 -653 0 
253 759 999 0 
725 169 574 0 
691 993 -555 0 
-751 901 -768 0 
-837 61 741 0 
-389 644 931 0 
-367 -142 -28 0 
291 -693 -421 0 
522 -579 761 0 
-228 391 -310 0 
139 -162 873 0 
916 4 166 0 
-779 -960 852 0 
756 991 -812 0 
-112 -234 375 0 
-44 115 -71 0 
984 -947 -468 0 
229 -543 -629 0 
-351 777 837 0 
-39 -72 41 0 
673 -916 -192 0 
915 -59 556 0 
274 -285 517 0 
709 29 -63 0 
-319 -5 602 0 
-913 -729 948 0 
-566 -245 -923 0 
-712 -72 126 0 
136 -440 -705 0 
-731 -129 -210 0 
66 -320 -773 0 
-956 -916 -278 0 
-763 -268 231 0 
-401 316 327 0 
827 -392 561 0 
858 573 12 0 
651 -463 865 0 
247 826 627 0 
784 665 -314 0 
557 -50 33 0 
732 -491 190 0 
-834 -441 -309 0 
764 -490 -547 0 
858 -148 -208 0 
749 762 -975 0 
710 482 41 0 
507 -350 -201 0 
536 -49 780 0 
-926 -138 714 0 
537 -771 438 0 
-512 304 -951 0 
-136 -96 -811 0 
-583 401 -531 0 
117 874 -566 0 
-781 -241 5 0 
-66 908 -183 0 
490 24 681 0 
129 -935 184 0 
-476 -863 730 0 
284 301 -174 0 
-464 -144 18 0 
134 -267 -912 0 
-532 -468 545 0 
-641 293 705 0 
-130 737 979 0 
573 48 506 0 
518 501 -811 0 
-347 824 845 0 
-516 -699 966 0 
803 -5 506 0 
-27 -358 -635 0 
7 183 -184 0 
-596 683 507 0 
658 -755 663 0 
-588 572 -561 0 
-189 181 -322 0 
-803 385 -182 0 
-37 421 23 0 
-667 -309 162 0 
-187 -182 485 0 
-284 117 -719 0 
21 156 11 0 
-352 509 -959 0 
-77 343 437 0 
-86 -253 961 0 
276 -128 434 0 
-839 999 -304 0 
83 -391 -309 0 
367 365 802 0 
952 -490 272 0 
771 800 252 0 
-26 -336 -7 0 
-395 99 -77 0 
769 -130 -645 0 
-723 -132 431 0 
262 -44 -221 0 
-584 -248 -748 0 
983 477 -122 0 
-801 12 -578 0 
564 433 357 0 
-616 -474 -457 0 
-389 -139 -715 0 
-519 -49 783 0 
-912 397 -984 0 
787 288 740 0 
-706 -549 857 0 
-962 -689 -881 0 
19 83 -275 0 
878 -997 430 0 
-798 246 813 0 
-39 -284 721 0 
-306 -753 -770 0 
-142 614 -443 0 
-662 -169 159 0 
3 -405 751 0 
-316 -464 295 0 
842 884 -905 0 
238 968 189 0 
-39 877 -121 0 
170 -257 583 0 
-634 202 -5 0 
355 186 -344 0 
-286 -392 383 0 
-510 979 988 0 
-486 -36 978 0 
838 268 -987 0 
900 -591 239 0 
864 -997 477 0 
251 -49 -780 0 
-668 -915 394 0 
367 672 81 0 
-737 497 612 0 
562 -627 -96 0 
915 947 319 0 
603 484 -377 0 
182 -17 -742 0 
534 163 580 0 
293 697 329 0 
-955 -500 -683 0 
503 282 -267 0 
-59 330 758 0 
-393 -589 345 0 
162 -157 101 0 
-55 -293 321 0 
-850 -143 475 0 
-495 591 517 0 
-794 633 859 0 
-898 271 177 0 
-213 -618 305 0 
741 -368 -725 0 
-622 -874 556 0 
147 973 996 0 
438 -578 -572 0 
-885 756 -432 0 
753 -809 322 0 
-861 87 926 0 
422 -898 -320 0 
-361 -55 -662 0 
-432 294 232 0 
711 -162 852 0 
-988 -151 410 0 
924 455 405 0 
-790 -679 -311 0 
-928 -685 175 0 
-609 -142 -163 0 
884 -656 194 0 
540 -538 -151 0 
-653 837 -890 0 
-682 613 -796 0 
-313 -146 -788 0 
-383 106 -126 0 
74 -358 887 0 
143 -117 153 0 
-467 581 676 0 
-488 982 457 0 
-958 272 -531 0 
-453 974 532 0 
-769 125 -542 0 
214 783 16 0 
89 193 -459 0 
826 48 -387 0 
-911 182 562 0 
845 617 -107 0 
-900 267 -725 0 
990 -564 236 0 
-886 -512 -582 0 
-282 814 99 0 
-864 819 357 0 
-402 -908 -320 0 
-194 -696 -544 0 
-697 833 -7 0 
-557 696 -7 0 
-707 -626 296 0 
475 770 -495 0 
-755 -215 -788 0 
871 226 -991 0 
-127 283 -728 0 
322 -698 -936 0 
904 -239 92 0 
551 58 -797 0 
-469 572 -855 0 
58 743 -15 0 
712 -50 -612 0 
-994 -272 313 0 
969 -368 572 0 
-299 575 -157 0 
-241 2 416 0 
-851 -365 -321 0 
-984 -453 -297 0 
977 742 -483 0 
844 -132 -373 0 
-712 -226 481 0 
262 25 780 0 
-73 469 722 0 
848 -644 -886 0 
64 359 523 0 
-122 -468 -708 0 
171 892 -503 0 
-177 661 -239 0 
728 -401 -745 0 
-288 -497 -996 0 
94 257 8 0 
231 -818 -409 0 
-887 -473 735 0 
768 356 -914 0 
546 177 692 0 
209 471 -274 0 
-707 -545 -874 0 
141 -301 -299 0 
-449 556 667 0 
119 -60 593 0 
-321 801 -464 0 
678 123 -948 0 
99 -100 -129 0 
873 -376 888 0 
600 -693 807 0 
598 951 -682 0 
860 -811 637 0 
622 507 567 0 
706 -772 152 0 
988 -221 -51 0 
207 -246 -127 0 
-538 -55 253 0 
-95 -30 -111 0 
-186 375 -370 0 
-324 -562 407 0 
-48 -349 -132 0 
776 -230 -161 0 
-769 -686 -164 0 
601 -179 -517 0 
-846 -958 782 0 
294 -581 -824 0 
-322 -425 36 0 
-655 30 840 0 
-88 97 129 0 
890 -407 467 0 
-154 -982 823 0 
606 66 -806 0 
-518 65 -597 0 
90 873 -48 0 
-55 701 -816 0 
693 641 -675 0 
-22 -515 645 0 
-4 -677 808 0 
-577 162 -756 0 
222 650 -849 0 
-905 530 -825 0 
329 -156 -579 0 
-551 -256 -640 0 
863 881 -177 0 
-765 -531 894 0 
165 -509 -414 0 
-940 -581 -432 0 
877 954 -230 0 
927 22 880 0 
720 134 -639 0 
95 -340 319 0 
265 -745 -696 0 
715 796 -960 0 
-919 -990 989 0 
-840 -773 93 0 
506 106 -373 0 
-721 -533 -905 0 
-36 945 -563 0 
425 591 90 0 
658 -846 134 0 
766 845 -411 0 
-984 -146 -29 0 
706 -905 971 0 
636 -611 228 0 
-241 -491 -482 0 
781 -921 325 0 
-25 812 598 0 
841 542 301 0 
-781 -475 -178 0 
233 -583 112 0 
768 726 91 0 
-594 -37 -945 0 
573 202 457 0 
519 -148 692 0 
72 -297 -955 0 
-265 226 -933 0 
-827 -975 -842 0 
926 -982 -381 0 
455 657 230 0 
-925 363 417 0 
707 444 945 0 
-451 -511 -943 0 
-186 -517 -108 0 
909 -250 -807 0 
639 -385 -110 0 
432 -828 -795 0 
149 -126 703 0 
-26 365 525 0 
-650 -766 444 0 
265 -451 736 0 
-933 -108 319 0 
-671 974 835 0 
549 -964 -219 0 
-45 809 32 0 
-858 126 424 0 
-898 964 720 0 
97 -587 -894 0 
616 -428 88 0 
-959 740 25 0 
-599 -886 789 0 
-523 -6 135 0 
-310 -233 -432 0 
-927 445 731 0 
732 887 71 0 
59 -76 671 0 
340 837 -34 0 
386 -47 -321 0 
-830 876 -71 0 
-522 244 -860 0 
-32 -5 -551 0 
311 559 162 0 
360 514 181 0 
-493 60 95 0 
-872 683 -473 0 
438 530 941 0 
624 -865 -649 0 
-331 95 722 0 
619 -117 -795 0 
-58 156 -338 0 
-591 850 727 0 
20 942 -260 0 
633 171 -19 0 
549 -357 -889 0 
-631 -685 -321 0 
314 -705 30 0 
334 594 -159 0 
-801 -984 -76 0 
-680 372 545 0 
578 -935 -750 0 
452 -437 435 0 
921 926 -100 0 
-814 -91 375 0 
-752 -399 262 0 
-867 -607 328 0 
-494 480 -429 0 
981 375 -734 0 
-624 -618 -546 0 
-67 436 897 0 
990 567 -295 0 
-848 -962 33 0 
-76 -579 -320 0 
-229 -62 779 0 
368 862 528 0 
283 -393 976 0 
476 57 -584 0 
894 986 247 0 
725 -666 -870 0 
858 79 153 0 
-600 831 568 0 
619 273 290 0 
119 98 -372 0 
113 -369 145 0 
-73 269 -732 0 
-737 -981 -688 0 
657 -95 357 0 
950 193 413 0 
149 -994 636 0 
-55 -545 821 0 
335 -779 608 0 
787 -796 615 0 
732 -205 713 0 
347 -886 267 0 
487 611 783 0 
-816 148 -745 0 
-925 -575 57 0 
-153 505 673 0 
658 -81 -200 0 
-715 933 -336 0 
-635 -596 834 0 
728 515 7 0 
982 -616 961 0 
181 -827 -754 0 
-793 155 -627 0 
450 804 826 0 
818 349 56 0 
862 -354 983 0 
-178 -394 -387 0 
-662 476 193 0 
895 56 782 0 
-812 -112 -898 0 
216 239 653 0 
-977 -508 924 0 
910 -5 251 0 
-208 211 -334 0 
-889 354 -535 0 
873 114 -88 0 
251 -129 -118 0 
991 366 -536 0 
-327 -253 -603 0 
315 598 -786 0 
38 -308 177 0 
-391 285 -603 0 
8 -528 15 0 
591 -372 -395 0 
96 255 508 0 
584 594 816 0 
842 121 377 0 
683 -779 260 0 
688 -78 -706 0 
848 77 417 0 
71 -367 979 0 
846 810 -202 0 
333 84 132 0 
849 -30 -80 0 
-525 384 257 0 
-241 -873 44 0 
-417 -605 209 0 
-948 444 -975 0 
487 15 593 0 
120 -853 946 0 
650 746 -703 0 
-496 -799 779 0 
-727 -456 413 0 
-79 -773 -268 0 
201 -804 505 0 
-608 508 -187 0 
-62 291 428 0 
802 99 -228 0 
401 890 -814 0 
-28 702 -577 0 
64 -867 154 0 
-593 870 111 0 
-21 492 -634 0 
983 673 988 0 
-597 -605 329 0 
-423 -740 -781 0 
268 848 138 0 
-378 50 -914 0 
586 181 101 0 
707 -209 528 0 
287 175 25 0 
-929 167 405 0 
139 448 825 0 
-79 -420 72 0 
-44 109 -8 0 
-205 -202 -23 0 
59 -791 239 0 
430 -238 34 0 
-306 517 285 0 
-205 -892 -2 0 
617 -483 118 0 
-730 194 818 0 
274 494 213 0 
-677 -743 364 0 
479 480 -472 0 
-631 -328 657 0 
176 -385 37 0 
555 -337 -806 0 
122 -406 124 0 
-47 116 887 0 
716 -206 -121 0 
758 -673 164 0 
-174 -558 776 0 
-967 -441 -985 0 
821 -688 19 0 
-30 569 629 0 
550 -439 674 0 
-119 817 -87 0 
-121 824 335 0 
287 -181 -138 0 
-411 562 585 0 
863 175 687 0 
436 385 -863 0 
37 -65 -755 0 
-242 123 447 0 
40 -133 -173 0 
115 -527 -851 0 
-762 -168 -292 0 
-75 -124 -643 0 
-706 930 -50 0 
-254 165 663 0 
414 124 -93 0 
135 -92 -258 0 
902 651 221 0 
-470 842 150 0 
-540 173 -944 0 
-5 -791 951 0 
-112 563 -263 0 
-774 284 -156 0 
413 -190 414 0 
47 -616 138 0 
586 -923 212 0 
667 921 -844 0 
-25 -826 -667 0 
-618 -991 -942 0 
582 404 -694 0 
423 773 -466 0 
155 289 7 0 
5 -413 28 0 
-635 -849 -682 0 
-257 -385 389 0 
-797 -299 66 0 
-159 -170 437 0 
407 -853 992 0 
706 129 916 0 
191 791 -322 0 
-470 749 32 0 
-1 -88 -461 0 
-631 -995 21 0 
-377 -383 492 0 
-720 -778 -61 0 
684 979 -801 0 
748 241 133 0 
-790 -145 -558 0 
-440 291 890 0 
-41 271 -29 0 
-244 713 402 0 
832 469 -272 0 
274 -833 -874 0 
-192 -566 576 0 
371 -438 185 0 
-711 761 -103 0 
-142 -355 60 0 
801 -932 828 0 
-306 887 866 0 
-842 -893 -36 0 
-61 617 192 0 
-648 -646 -577 0 
-348 779 380 0 
-400 -569 391 0 
221 -795 274 0 
-49 757 66 0 
480 -10 288 0 
-79 820 -58 0 
-118 883 20 0 
367 9 667 0 
-887 -819 -899 0 
850 287 940 0 
-440 -153 65 0 
-610 875 -927 0 
-311 -638 -242 0 
826 713 -489 0 
267 575 -863 0 
-720 668 -786 0 
-2 409 333 0 
-385 -984 -32 0 
724 940 -6 0 
-502 556 -996 0 
405 -830 -247 0 
701 -294 -587 0 
776 -788 -170 0 
617 299 6 0 
653 -888 -762 0 
228 321 -544 0 
556 384 483 0 
-907 -383 369 0 
746 -660 -522 0 
-937 -145 -172 0 
-845 923 773 0 
468 219 348 0 
-187 -182 -329 0 
-551 -83 -939 0 
-851 -121 127 0 
400 987 7 0 
840 -295 359 0 
-339 208 -263 0 
241 -561 -186 0 
653 560 -217 0 
-532 936 -28 0 
295 883 -944 0 
50 -729 -392 0 
-118 3 572 0 
-541 -366 -736 0 
217 -414 -41 0 
42 863 414 0 
-581 -830 -976 0 
302 -672 -902 0 
-785 597 -517 0 
-477 -656 454 0 
571 543 -194 0 
-915 589 725 0 
364 640 -231 0 
662 144 -102 0 
788 213 6 0 
-848 948 64 0 
592 -540 -1000 0 
-147 263 405 0 
308 802 -352 0 
676 159 559 0 
-292 832 -737 0 
-264 344 -184 0 
-154 -72 674 0 
-798 -631 229 0 
194 -100 -668 0 
-153 372 618 0 
-883 -587 975 0 
731 -232 340 0 
-328 -438 294 0 
-61 -54 227 0 
973 793 967 0 
-622 85 857 0 
-720 205 -766 0 
245 -804 83 0 
132 -599 86 0 
-627 -967 213 0 
-519 -198 -856 0 
752 -873 -91 0 
815 -108 -528 0 
257 -683 507 0 
-657 -146 943 0 
537 -18 -955 0 
957 -323 -964 0 
446 -563 -209 0 
508 634 974 0 
98 532 664 0 
-481 142 807 0 
-56 903 215 0 
143 280 -954 0 
437 893 -316 0 
774 110 320 0 
437 540 716 0 
-41 -651 420 0 
-915 -90 144 0 
186 -10 -627 0 
-519 -713 -934 0 
415 101 -578 0 
600 858 -519 0 
631 42 356 0 
-831 555 697 0 
796 -695 142 0 
-194 894 -348 0 
241 156 -883 0 
-753 448 22 0 
-170 -732 338 0 
685 -581 -140 0 
-676 -754 387 0 
-877 723 -360 0 
-564 415 90 0 
-532 -187 39 0 
-229 -357 323 0 
484 -974 604 0 
-682 370 224 0 
-966 26 938 0 
-979 855 -459 0 
-399 -455 150 0 
-731 -928 875 0 
323 -338 -886 0 
264 -470 -290 0 
500 445 796 0 
-762 534 471 0 
-393 338 -529 0 
-95 536 324 0 
319 340 -582 0 
322 660 -894 0 
222 490 514 0 
-473 -771 166 0 
-747 975 -468 0 
-89 352 405 0 
993 -950 -329 0 
199 268 -484 0 
77 -374 -328 0 
653 175 633 0 
702 424 -490 0 
93 -467 -837 0 
784 895 567 0 
503 953 809 0 
-854 -38 -751 0 
529 -593 -667 0 
743 937 318 0 
671 -970 -687 0 
-856 -670 -448 0 
687 932 -328 0 
718 950 719 0 
-404 198 -23 0 
-49 -411 221 0 
148 -912 -12 0 
619 444 -23 0 
723 -985 698 0 
55 765 342 0 
708 90 527 0 
-51 301 -604 0 
400 881 -431 0 
-729 831 -282 0 
531 238 566 0 
-838 510 799 0 
-275 -730 -696 0 
998 -526 -965 0 
-438 -395 -720 0 
28 -326 224 0 
177 -135 -568 0 
83 161 450 0 
-937 94 930 0 
-160 -534 657 0 
527 -831 588 0 
527 -879 991 0 
241 625 383 0 
502 928 -944 0 
-661 228 -604 0 
-256 635 266 0 
-203 -469 194 0 
789 663 -538 0 
-215 -995 40 0 
-573 -487 266 0 
990 215 68 0 
912 -493 -940 0 
653 559 673 0 
-772 -823 625 0 
-781 -974 944 0 
-271 -697 109 0 
-533 464 -460 0 
869 -836 597 0 
23 -352 -4 0 
843 -287 -72 0 
34 -699 992 0 
72 763 -413 0 
-996 -242 718 0 
177 -676 -378 0 
-61 863 642 0 
582 209 -244 0 
-670 -678 554 0 
-797 277 -770 0 
448 916 946 0 
216 -405 802 0 
-212 421 -142 0 
-570 -845 174 0 
-82 847 -597 0 
-6 -588 117 0 
74 896 -99 0 
-575 -130 124 0 
113 -633 320 0 
680 418 -91 0 
-171 150 -406 0 
147 -853 -379 0 
625 -913 515 0 
-329 -837 -273 0 
-469 523 897 0 
378 -918 -664 0 
-176 382 -298 0 
-1 684 -106 0 
-116 225 988 0 
604 -376 -3 0 
-683 -488 526 0 
785 -139 963 0 
-448 -475 -556 0 
-162 441 -12 0 
463 -165 -269 0 
-465 -900 968 0 
76 -951 802 0 
-866 -275 -442 0 
371 653 690 0 
558 -15 -673 0 
475 629 782 0 
70 -866 785 0 
-987 -284 -377 0 
-419 -589 370 0 
857 546 296 0 
132 710 -150 0 
-603 -600 -492 0 
929 115 -100 0 
-714 802 216 0 
924 2 227 0 
703 98 -45 0 
-917 740 -559 0 
959 -397 507 0 
551 -323 -185 0 
861 -352 -242 0 
-424 764 -405 0 
-643 -871 71 0 
807 27 216 0 
436 -556 77 0 
604 -472 -357 0 
151 -179 392 0 
512 470 -640 0 
741 417 711 0 
-856 449 472 0 
-787 501 -579 0 
-388 194 -715 0 
866 -337 907 0 
512 -361 756 0 
-662 920 -465 0 
-25 823 495 0 
-817 -581 920 0 
-121 590 280 0 
418 686 -783 0 
703 403 983 0 
-667 976 379 0 
362 714 17 0 
-427 -438 209 0 
341 971 -220 0 
907 -93 361 0 
-861 -27 -804 0 
196 673 967 0 
727 253 -845 0 
563 -633 21 0 
-421 -495 -726 0 
40 439 28 0 
-929 -207 -870 0 
539 421 364 0 
787 -765 -445 0 
-548 -125 -882 0 
160 -226 -520 0 
-568 761 -718 0 
-757 400 -198 0 
-210 -463 306 0 
257 451 140 0 
258 755 434 0 
708 -139 880 0 
-580 835 -754 0 
595 282 -666 0 
-605 331 271 0 
448 -716 147 0 
8 919 108 0 
-753 -545 -546 0 
682 -964 927 0 
322 435 371 0 
480 202 964 0 
-448 549 -742 0 
231 -712 858 0 
-949 684 -763 0 
301 -521 -551 0 
361 -548 46 0 
708 -760 315 0 
-427 351 465 0 
632 493 -252 0 
227 -84 -540 0 
-518 931 -852 0 
-363 -428 962 0 
609 -255 378 0 
183 -103 -738 0 
977 652 -828 0 
-563 119 -306 0 
-473 -275 -388 0 
-624 -984 -790 0 
-383 -114 578 0 
-927 -51 266 0 
419 119 947 0 
-909 471 254 0 
-638 -909 640 0 
-5 -411 -701 0 
-826 -748 774 0 
63 942 -79 0 
187 -927 270 0 
874 -898 -574 0 
816 550 -237 0 
771 11 -379 0 
620 493 -240 0 
865 990 516 0 
647 961 334 0 
271 521 -459 0 
-362 -884 -207 0 
-999 238 826 0 
-571 61 509 0 
749 855 27 0 
237 570 329 0 
567 -903 -681 0 
-49 229 -536 0 
313 -836 -768 0 
638 -266 -990 0 
-65 607 -467 0 
889 -283 36 0 
742 -862 853 0 
972 -501 402 0 
75 858 -431 0 
336 -675 890 0 
-693 -541 -325 0 
-540 691 -296 0 
-884 -117 -802 0 
207 -152 133 0 
-839 490 173 0 
-783 -397 771 0 
996 29 932 0 
-33 168 392 0 
233 -105 -144 0 
-980 580 -112 0 
97 122 -899 0 
-743 -528 -945 0 
-852 -446 228 0 
-798 304 1000 0 
968 -525 679 0 
181 -831 738 0 
-353 287 59 0 
-808 578 -935 0 
829 178 -111 0 
360 -479 -595 0 
-931 -759 161 0 
-632 381 -274 0 
754 621 985 0 
622 145 281 0 
847 -92 -810 0 
36 -644 -23 0 
-283 -975 -875 0 
-443 -532 364 0 
-181 -353 -871 0 
736 409 -295 0 
7 -947 977 0 
-186 -655 -479 0 
284 469 450 0 
-709 -234 -4 0 
-877 -776 749 0 
-48 117 913 0 
-222 -433 560 0 
577 -624 412 0 
885 -590 -146 0 
-55 -747 -323 0 
-453 -153 -92 0 
108 -76 163 0 
-60 942 121 0 
-5 -502 68 0 
978 -2 -183 0 
658 -174 -599 0 
-574 -668 -3 0 
820 -120 285 0 
-773 -976 -490 0 
867 854 162 0 
768 -292 -751 0 
-880 -729 -866 0 
-983 461 -751 0 
155 485 -909 0 
85 -242 -16 0 
315 250 -86 0 
-285 -232 300 0 
-640 -703 -608 0 
183 -881 -511 0 
594 72 460 0 
-126 -966 -543 0 
-104 -344 -933 0 
-515 305 803 0 
786 -193 -952 0 
-776 -336 107 0 
-614 -185 212 0 
958 -337 795 0 
-97 -271 388 0 
873 -48 -378 0 
926 -199 115 0 
398 158 462 0 
-834 267 -528 0 
686 419 -442 0 
755 -95 801 0 
466 -949 998 0 
-526 -200 118 0 
925 -542 -739 0 
-733 197 220 0 
222 -320 180 0 
727 -962 -234 0 
444 52 46 0 
-810 407 -941 0 
-950 -479 -965 0 
417 -396 -54 0 
-749 -313 982 0 
-143 228 288 0 
310 -511 27 0 
25 802 -341 0 
-298 -793 964 0 
-833 -389 -69 0 
229 709 -581 0 
-507 -826 -948 0 
893 -796 -329 0 
-240 -147 307 0 
774 -47 426 0 
662 289 950 0 
-391 -105 -502 0 
398 673 547 0 
34 -44 -567 0 
790 700 969 0 
-729 -842 387 0 
531 -149 -449 0 
206 -891 -957 0 
949 118 688 0 
977 -684 547 0 
79 993 838 0 
905 517 -209 0 
-225 -207 912 0 
201 -837 -603 0 
-517 198 749 0 
630 475 -142 0 
-752 -301 831 0 
253 70 86 0 
700 -689 -424 0 
151 184 444 0 
698 -928 -969 0 
-750 328 -882 0 
333 550 -893 0 
-934 594 -865 0 
604 -636 27 0 
252 -3 -335 0 
-510 807 -217 0 
-39 -420 895 0 
460 771 -729 0 
-655 320 -170 0 
569 103 583 0 
-666 564 -193 0 
-308 -24 910 0 
581 -189 959 0 
-15 982 996 0 
924 -559 -823 0 
-752 793 452 0 
-561 214 -362 0 
-744 789 618 0 
-387 597 253 0 
-746 360 -979 0 
-361 549 -162 0 
-851 437 -927 0 
450 967 390 0 
859 -973 64 0 
735 678 -236 0 
-40 584 -490 0 
-663 -19 -51 0 
124 245 547 0 
-319 -846 311 0 
-775 911 -589 0 
-630 -913 -786 0 
570 -62 9 0 
795 -260 272 0 
-348 500 -592 0 
135 793 536 0 
776 11 -352 0 
644 -417 328 0 
938 151 833 0 
-182 484 -68 0 
562 -812 579 0 
361 390 67 0 
-774 289 -956 0 
124 -340 -308 0 
-58 -137 229 0 
-420 -689 373 0 
-783 324 -719 0 
219 -969 677 0 
-327 -98 -643 0 
679 -806 -863 0 
-538 -688 754 0 
705 979 721 0 
-590 -513 401 0 
-100 -743 -243 0 
189 761 301 0 
-112 212 -309 0 
-15 -190 -741 0 
-250 -88 203 0 
-864 -299 227 0 
-519 262 -976 0 
931 588 481 0 
950 768 967 0 
559 818 594 0 
119 229 614 0 
631 216 -552 0 
86 106 380 0 
-267 -788 56 0 
678 697 -509 0 
-353 954 416 0 
-158 748 -443 0 
103 783 93 0 
-778 566 -702 0 
-686 477 920 0 
-179 -657 474 0 
-982 -958 -695 0 
870 377 -380 0 
-600 -553 96 0 
25 795 -613 0 
463 213 -292 0 
-920 -77 -563 0 
428 481 -397 0 
-929 416 672 0 
925 -220 -699 0 
-764 -989 818 0 
416 970 569 0 
155 -267 247 0 
494 -306 -564 0 
664 36 -118 0 
-910 48 -5 0 
-986 85 610 0 
672 959 -207 0 
-685 -220 -261 0 
498 -999 976 0 
-191 298 605 0 
196 995 -959 0 
173 592 -717 0 
-736 -410 -257 0 
63 771 -489 0 
153 302 -947 0 
792 -753 310 0 
-47 -659 54 0 
-799 167 -577 0 
-601 575 -14 0 
-488 598 265 0 
765 966 174 0 
915 -826 993 0 
-666 292 38 0 
-795 72 724 0 
723 421 524 0 
-179 125 946 0 
13 52 -77 0 
111 -636 867 0 
-230 589 -994 0 
170 542 87 0 
-979 839 -206 0 
-501 251 112 0 
279 -490 787 0 
447 -969 -503 0 
809 -701 784 0 
-453 -356 562 0 
-842 -741 359 0 
-893 -744 -866 0 
-84 -334 -706 0 
-593 -749 -871 0 
813 -617 -645 0 
-401 947 303 0 
-672 -589 856 0 
20 -426 -562 0 
-355 6 693 0 
950 -211 556 0 
-767 -750 405 0 
-139 264 795 0 
328 291 -561 0 
-613 394 855 0 
-134 508 -872 0 
-604 336 -354 0 
-558 325 301 0 
136 760 37 0 
-226 -969 -291 0 
118 261 596 0 
655 -342 515 0 
623 886 747 0 
366 -280 191 0 
758 389 -10 0 
635 -487 331 0 
-316 -490 -279 0 
-908 698 72 0 
-679 -105 913 0 
377 975 -319 0 
-486 -470 -975 0 
873 -888 -903 0 
973 901 371 0 
504 -147 368 0 
32 -300 555 0 
330 -560 -944 0 
295 -458 221 0 
-790 712 348 0 
-104 -955 176 0 
-984 -505 -413 0 
-997 -307 -564 0 
-786 -323 823 0 
-377 738 524 0 
-808 364 336 0 
-102 256 -416 0 
194 910 928 0 
-329 88 684 0 
322 -513 4 0 
428 122 161 0 
-258 262 -421 0 
250 219 533 0 
-365 -403 -712 0 
-701 -244 755 0 
553 856 56 0 
-117 -959 -205 0 
715 469 -482 0 
-686 745 -349 0 
-197 -646 -695 0 
-429 -170 747 0 
177 178 73 0 
274 -726 452 0 
377 -996 661 0 
730 668 -493 0 
279 -151 976 0 
565 716 390 0 
47 -701 -910 0 
-292 273 -302 0 
58 455 -118 0 
-890 -684 -374 0 
-801 -928 220 0 
586 625 -507 0 
252 314 -410 0 
883 467 -262 0 
-672 301 -608 0 
-287 -949 90 0 
99 -249 262 0 
766 607 -967 0 
491 -698 -920 0 
86 779 139 0 
56 -403 -161 0 
-82 270 62 0 
-637 952 583 0 
-640 804 -982 0 
417 475 731 0 
393 605 601 0 
-691 362 518 0 
452 684 -406 0 
954 790 -293 0 
-266 -401 -785 0 
775 -64 148 0 
231 70 -919 0 
-701 -325 310 0 
682 -927 342 0 
326 620 -310 0 
339 -129 -94 0 
297 548 -269 0 
727 302 -542 0 
-113 -299 -92 0 
630 549 -591 0 
-754 -355 645 0 
-993 558 795 0 
687 -350 941 0 
600 -686 26 0 
754 31 -310 0 
-385 477 113 0 
784 -279 402 0 
-829 -120 -535 0 
190 -940 394 0 
744 -53 832 0 
39 -672 661 0 
-309 276 -67 0 
-123 321 -623 0 
85 672 221 0 
-493 608 290 0 
-878 -288 -200 0 
842 24 -661 0 
463 135 -899 0 
-600 625 766 0 
-175 304 -540 0 
306 821 -471 0 
458 218 522 0 
190 -76 694 0 
566 414 128 0 
11 219 449 0 
412 663 99 0 
55 -594 445 0 
284 485 57 0 
-415 -119 -37 0 
130 -295 75 0 
203 -978 132 0 
-18 -233 -463 0 
-1 -347 747 0 
886 -885 789 0 
-663 -115 -424 0 
682 -64 -887 0 
531 -593 -568 0 
-795 -751 -714 0 
868 -562 615 0 
-60 -382 676 0 
78 781 828 0 
-920 573 419 0 
745 -274 -739 0 
91 502 599 0 
643 -505 797 0 
834 -161 588 0 
934 -17 535 0 
-4 -627 -642 0 
-944 -69 101 0 
-469 -155 -854 0 
-113 -980 -594 0 
624 -640 475 0 
185 857 787 0 
-933 -360 320 0 
493 -635 542 0 
-683 -345 -847 0 
619 -808 -596 0 
-247 -875 110 0 
-173 420 -666 0 
-638 -464 908 0 
-334 -470 -363 0 
468 282 578 0 
-901 462 218 0 
256 39 663 0 
-425 -887 67 0 
637 -763 491 0 
-609 -394 213 0 
-12 908 580 0 
-325 -526 -482 0 
-570 405 532 0 
-527 -173 -52 0 
594 303 -607 0 
805 396 655 0 
-184 850 -539 0 
71 -9 118 0 
-603 891 -638 0 
877 382 948 0 
-330 693 943 0 
-318 -489 569 0 
5 401 469 0 
-91 -827 -709 0 
628 -4 654 0 
-662 -422 839 0 
-115 417 75 0 
-727 -362 -749 0 
-52 634 51 0 
-614 571 -832 0 
132 614 758 0 
107 -1000 727 0 
-684 -73 745 0 
977 389 812 0 
202 -839 -261 0 
-376 -965 -637 0 
-565 -924 -533 0 
354 443 626 0 
849 -883 873 0 
-103 -489 425 0 
690 203 970 0 
-177 642 -226 0 
215 -516 -321 0 
788 603 -464 0 
-765 -961 -430 0 
-584 476 -37 0 
391 425 -533 0 
563 969 -352 0 
-93 131 -170 0 
706 48 -815 0 
-716 -403 191 0 
-539 390 62 0 
22 770 -391 0 
-408 -608 488 0 
28 -296 -941 0 
474 835 -161 0 
-354 -754 389 0 
-128 -498 -808 0 
-600 748 725 0 
312 -331 261 0 
-118 -452 486 0 
-182 359 527 0 
426 788 518 0 
259 -209 -94 0 
478 689 -672 0 
270 914 -353 0 
-311 98 662 0 
-307 -808 19 0 
926 917 452 0 
122 944 512 0 
-897 -852 -723 0 
519 136 -809 0 
-407 -558 163 0 
808 -321 -431 0 
-703 874 -695 0 
943 -553 949 0 
-980 710 209 0 
565 -408 16 0 
216 7 583 0 
-206 963 185 0 
114 237 978 0 
-139 533 672 0 
-849 -593 -131 0 
-683 115 -42 0 
-899 323 594 0 
-750 -544 318 0 
-918 -318 556 0 
891 -834 -58 0 
857 -326 -86 0 
-770 -714 -372 0 
507 232 -276 0 
-61 209 -452 0 
-871 -886 -36 0 
-89 -248 -118 0 
-658 -400 501 0 
430 689 -647 0 
449 137 46 0 
961 606 -890 0 
386 -163 184 0 
125 -786 747 0 
546 870 -191 0 
931 153 -574 0 
413 340 -520 0 
-697 806 497 0 
636 -373 -7 0 
-665 943 -46 0 
316 -818 871 0 
568 836 -409 0 
-130 48 -683 0 
462 237 -422 0 
-671 543 437 0 
512 638 330 0 
-810 -485 -758 0 
-448 805 508 0 
-658 -686 880 0 
-580 156 688 0 
426 -7 -910 0 
692 855 33 0 
191 -259 754 0 
-891 -839 -326 0 
995 302 -279 0 
371 -917 -843 0 
-706 -107 155 0 
86 -487 -102 0 
789 -653 -589 0 
33 5 740 0 
448 355 860 0 
141 -532 710 0 
29 -631 -735 0 
763 30 -53 0 
-565 -120 -182 0 
962 -122 922 0 
287 739 411 0 
-525 -995 510 0 
479 -503 -979 0 
-248 870 847 0 
670 -192 858 0 
-839 -614 77 0 
586 400 -669 0 
901 -929 961 0 
409 719 934 0 
-926 -335 102 0 
-861 -503 -669 0 
-886 -404 -34 0 
-535 898 -854 0 
-689 -704 889 0 
-222 433 910 0 
85 -960 -228 0 
-16 -389 253 0 
-560 402 -832 0 
-449 -372 801 0 
-442 -666 -861 0 
853 -802 -790 0 
249 -261 -920 0 
-350 896 474 0 
-364 2 93 0 
-317 -631 -944 0 
339 -3 -905 0 
-791 -492 504 0 
745 751 66 0 
789 -362 421 0 
-25 870 -257 0 
-485 -961 -233 0 
-870 -493 -825 0 
-414 -423 667 0 
-523 285 -177 0 
-285 -779 -333 0 
-700 -887 -366 0 
-424 -108 -707 0 
-229 206 838 0 
337 681 834 0 
-532 383 -176 0 
-699 -881 -956 0 
-812 -285 -793 0 
-173 46 32 0 
-301 -866 143 0 
920 -537 -485 0 
289 -159 -954 0 
893 323 -801 0 
395 -446 -348 0 
-206 74 612 0 
866 394 -649 0 
-213 -303 -245 0 
-340 379 818 0 
-418 -671 973 0 
-825 647 -184 0 
20 183 -800 0 
-814 656 -220 0 
477 -561 551 0 
550 -467 -270 0 
165 -521 237 0 
734 -455 386 0 
-777 -686 -701 0 
611 -462 263 0 
-789 -194 702 0 
263 -75 532 0 
-466 809 463 0 
49 -181 -28 0 
-61 -385 340 0 
-710 127 375 0 
-53 -946 -20 0 
-614 28 -214 0 
-516 -23 -437 0 
-158 941 816 0 
-535 979 395 0 
-379 -169 338 0 
-82 689 -512 0 
-522 433 -570 0 
-548 -804 -747 0 
-811 -463 967 0 
-64 638 473 0 
658 -886 774 0 
844 241 -102 0 
478 445 264 0 
-277 121 -151 0 
-513 -975 -215 0 
-869 387 28 0 
739 330 -106 0 
514 529 480 0 
-152 -643 228 0 
684 992 -654 0 
-994 157 990 0 
215 -489 880 0 
-69 -881 148 0 
128 94 723 0 
-173 438 -188 0 
-701 354 254 0 
-355 867 215 0 
659 -282 -512 0 
138 880 785 0 
524 -825 702 0 
-542 84 -310 0 
-836 989 903 0 
758 -730 -340 0 
165 -232 -193 0 
-290 -473 424 0 
-329 674 837 0 
385 -899 821 0 
686 606 -885 0 
735 -501 -714 0 
-523 -831 231 0 
-910 244 847 0 
910 724 -506 0 
-357 -273 199 0 
804 171 -819 0 
375 -211 -135 0 
-452 327 -183 0 
95 2 539 0 
639 535 -505 0 
835 563 785 0 
-977 60 699 0 
468 -783 359 0 
771 -526 -494 0 
873 -650 -500 0 
775 -166 -832 0 
-618 -778 -251 0 
-435 -468 -766 0 
-236 719 29 0 
476 -183 -179 0 
-578 114 -373 0 
660 315 58 0 
127 -728 -688 0 
425 659 -387 0 
-666 -130 88 0 
-635 -96 694 0 
-903 -994 -781 0 
715 -749 -595 0 
-649 -664 714 0 
-691 61 -196 0 
18 402 44 0 
-194 -16 -652 0 
901 -792 437 0 
-630 883 -598 0 
-773 -147 164 0 
701 -621 -870 0 
880 138 -820 0 
-999 -972 -531 0 
-675 -84 -881 0 
232 172 11 0 
-577 450 696 0 
-857 679 16 0 
512 406 480 0 
598 635 654 0 
-853 -249 661 0 
-93 50 -598 0 
927 389 -407 0 
-6 -56 557 0 
597 862 401 0 
-928 904 968 0 
441 698 282 0 
944 -621 39 0 
710 722 -111 0 
7 581 371 0 
442 601 -774 0 
-466 -933 208 0 
589 688 -791 0 
575 255 -662 0 
-964 -21 -279 0 
-742 -227 396 0 
-30 -884 211 0 
556 -727 -661 0 
-763 -68 674 0 
109 -611 -646 0 
580 868 6 0 
981 -11 234 0 
-577 -196 70 0 
516 958 658 0 
-700 -413 835 0 
633 158 836 0 
-303 -93 -532 0 
-700 -865 367 0 
-811 -127 529 0 
812 -145 322 0 
538 -390 -737 0 
-491 834 777 0 
94 -400 -184 0 
2 -239 984 0 
-510 65 383 0 
292 -584 -92 0 
526 -102 49 0 
-739 414 653 0 
-293 -992 -884 0 
-694 -609 503 0 
674 896 856 0 
900 876 203 0 
236 -909 929 0 
39 622 -816 0 
-780 229 -87 0 
-761 400 549 0 
-87 121 -147 0 
-17 -465 -989 0 
234 -999 -524 0 
-292 570 806 0 
613 389 422 0 
-846 766 -96 0 
-35 575 -936 0 
674 -687 -992 0 
-86 -560 237 0 
879 771 317 0 
348 -364 402 0 
569 -120 -17 0 
-600 -983 -778 0 
-68 126 -663 0 
-144 -733 995 0 
500 -238 -971 0 
-262 619 -778 0 
446 -894 521 0 
116 -266 910 0 
-27 -606 961 0 
-546 -140 -943 0 
681 215 496 0 
600 -680 262 0 
-1000 972 868 0 
-591 -430 714 0 
-386 963 108 0 
882 360 -809 0 
201 -917 858 0 
-367 428 -385 0 
642 30 -423 0 
-706 445 -326 0 
815 634 -938 0 
-677 590 699 0 
-156 -357 272 0 
-919 -223 237 0 
696 -461 256 0 
672 38 -17 0 
-250 -76 487 0 
-795 -309 -706 0 
976 -196 -340 0 
787 -434 348 0 
229 -552 482 0 
-859 -762 403 0 
-912 89 997 0 
-473 -958 -890 0 
-487 312 615 0 
24 561 -45 0 
904 692 156 0 
984 -888 324 0 
-365 498 305 0 
-687 -946 -71 0 
333 -194 663 0 
-569 -845 -840 0 
895 204 16 0 
299 494 876 0 
-880 573 903 0 
861 626 889 0 
-370 -710 541 0 
-842 -810 932 0 
-255 171 921 0 
-298 -797 866 0 
716 -57 495 0 
508 272 -824 0 
941 -270 -251 0 
-978 -803 239 0 
-539 -565 -814 0 
-325 509 892 0 
-661 878 -60 0 
667 -327 657 0 
-222 884 -962 0 
446 505 -539 0 
327 -766 703 0 
-530 -764 -83 0 
-947 762 -551 0 
-495 10 150 0 
-620 980 642 0 
-10 737 -979 0 
-501 -982 535 0 
488 155 99 0 
-256 537 171 0 
959 146 257 0 
804 554 -570 0 
-263 -342 -908 0 
377 688 -892 0 
-546 858 253 0 
-882 -565 3 0 
146 338 80 0 
102 353 311 0 
-769 -846 -284 0 
147 -344 644 0 
-786 675 -739 0 
-790 -623 -585 0 
841 -125 211 0 
503 -962 970 0 
-605 978 -922 0 
987 416 568 0 
-249 -979 -790 0 
-210 546 171 0 
675 401 811 0 
-530 477 -606 0 
417 102 185 0 
230 -741 -117 0 
282 125 -466 0 
6 829 -718 0 
-489 -415 370 0 
126 -511 841 0 
-146 -731 650 0 
-343 -18 822 0 
101 -645 -241 0 
16 -306 984 0 
-812 -890 675 0 
989 -947 263 0 
896 841 99 0 
288 -501 8 0 
-233 622 -279 0 
-530 -46 959 0 
-630 -152 835 0 
427 59 -581 0 
604 616 -642 0 
-468 -862 845 0 
435 -800 618 0 
391 -374 417 0 
-201 -428 -895 0 
-133 -27 -237 0 
476 -752 -600 0 
578 857 -277 0 
432 -297 -604 0 
564 670 237 0 
-552 -622 -907 0 
-61 -33 612 0 
2 -569 850 0 
824 646 988 0 
13 154 992 0 
569 31 -400 0 
-333 -526 -441 0 
304 652 1000 0 
641 -550 955 0 
759 923 -910 0 
918 628 -872 0 
-554 410 109 0 
-88 416 889 0 
710 742 -706 0 
-3 405 -55 0 
201 935 763 0 
-883 -414 -398 0 
-87 842 -688 0 
828 -302 -488 0 
-395 130 -847 0 
475 98 338 0 
-186 331 56 0 
137 -453 -795 0 
-665 574 698 0 
-776 305 989 0 
470 525 -797 0 
86 591 -202 0 
304 269 422 0 
53 339 -410 0 
523 -367 -770 0 
241 937 623 0 
-311 -649 235 0 
-618 634 -805 0 
-4 -37 -223 0 
-891 -478 -764 0 
-766 -612 466 0 
969 294 20 0 
930 58 -265 0 
-946 179 669 0 
-986 -451 -95 0 
-199 -596 -779 0 
-517 -667 -765 0 
868 -979 -712 0 
352 748 369 0 
-422 -892 -286 0 
162 594 834 0 
171 366 -87 0 
-377 -137 715 0 
500 -745 -686 0 
-644 165 -285 0 
-800 -902 130 0 
-457 828 687 0 
-446 -358 750 0 
301 -468 -603 0 
772 -162 73 0 
-950 700 593 0 
-774 -264 -605 0 
59 93 -468 0 
367 826 -329 0 
452 -761 -187 0 
-519 -275 -838 0 
-723 -518 -606 0 
203 -939 -926 0 
-569 -313 -985 0 
-103 -74 -400 0 
-267 957 50 0 
-885 -616 586 0 
-588 -66 375 0 
-702 -733 -439 0 
-636 845 805 0 
780 971 202 0 
-483 689 455 0 
358 -153 306 0 
359 -751 -491 0 
370 44 -426 0 
871 845 -238 0 
-767 -643 838 0 
-228 -587 -179 0 
211 -231 524 0 
-119 -896 -533 0 
738 239 -462 0 
338 351 -62 0 
-744 -63 -755 0 
948 -684 488 0 
167 567 -991 0 
721 773 -996 0 
104 -765 27 0 
676 -327 631 0 
-447 -770 530 0 
-476 923 -497 0 
-670 3 307 0 
407 -1 -185 0 
894 90 -680 0 
-590 72 -429 0 
-403 268 603 0 
708 -749 -286 0 
-890 -160 811 0 
163 558 732 0 
359 -542 664 0 
916 -975 639 0 
891 -874 -810 0 
236 598 273 0 
-37 624 237 0 
-605 -913 969 0 
-30 -919 -184 0 
502 336 -888 0 
887 872 806 0 
-194 -739 67 0 
-855 -776 -616 0 
343 -885 483 0 
781 203 -46 0 
85 -473 242 0 
-81 -923 -657 0 
378 -242 199 0 
-514 -473 205 0 
-219 940 595 0 
-213 -272 194 0 
-495 724 -940 0 
-531 513 655 0 
-470 -780 -406 0 
-944 893 -8 0 
-29 303 -958 0 
-141 -212 673 0 
918 -587 -24 0 
782 -343 926 0 
630 865 500 0 
998 955 987 0 
668 -810 184 0 
578 -465 -458 0 
-693 -141 -531 0 
111 -552 832 0 
-68 -559 866 0 
447 -752 999 0 
79 -529 71 0 
627 -575 -315 0 
995 -870 693 0 
-880 -432 -534 0 
-336 293 556 0 
-358 470 -484 0 
-60 -230 58 0 
693 -137 388 0 
-977 924 -688 0 
536 157 -769 0 
-468 636 -979 0 
-781 876 -484 0 
571 -886 101 0 
-223 -771 -300 0 
-603 -839 629 0 
-246 604 220 0 
-805 -597 -353 0 
499 -383 -423 0 
194 -312 540 0 
-257 -242 -271 0 
-185 -499 -91 0 
430 96 -924 0 
862 574 435 0 
693 -44 -753 0 
-884 415 712 0 
713 999 103 0 
-690 777 -456 0 
513 938 -506 0 
-321 192 -373 0 
589 -65 -597 0 
-677 -920 -475 0 
-779 867 156 0 
785 753 966 0 
573 -820 -251 0 
738 -525 -354 0 
-245 704 106 0 
-389 290 96 0 
981 488 16 0 
-194 847 -664 0 
238 -890 -815 0 
-618 598 885 0 
-547 -821 276 0 
-294 119 -229 0 
801 829 64 0 
-256 127 -586 0 
778 227 951 0 
4 792 1 0 
-81 813 -416 0 
210 339 -99 0 
-479 -211 942 0 
-508 -886 461 0 
-895 -783 619 0 
-794 739 589 0 
-631 69 -746 0 
403 186 -837 0 
-107 916 122 0 
554 -280 362 0 
-698 -214 -565 0 
-725 860 -714 0 
-500 -749 556 0 
-248 212 200 0 
484 61 -615 0 
729 -50 -187 0 
391 317 -643 0 
-698 -20 -859 0 
-850 -59 -82 0 
218 264 240 0 
892 -614 -701 0 
771 -734 -355 0 
542 796 35 0 
-664 -332 -523 0 
-230 542 -95 0 
553 158 -829 0 
-894 -841 565 0 
516 -981 -923 0 
473 1 -377 0 
-350 -932 237 0 
-841 729 879 0 
-14 -285 416 0 
-122 -539 -655 0 
-650 329 273 0 
-980 533 -722 0 
201 495 242 0 
-433 -968 -516 0 
591 -39 210 0 
17 577 -125 0 
486 354 -926 0 
69 -868 -702 0 
-134 721 400 0 
-932 992 -267 0 
179 846 -982 0 
664 679 335 0 
-672 728 184 0 
314 -653 -571 0 
841 549 463 0 
979 374 89 0 
-946 187 80 0 
-610 317 -965 0 
-762 516 -184 0 
-549 -406 -404 0 
-393 -558 947 0 
-366 96 436 0 
61 -650 -499 0 
-460 -270 243 0 
755 758 -941 0 
375 -111 782 0 
148 -649 -587 0 
-443 -854 573 0 
248 -739 39 0 
-998 91 465 0 
516 800 -718 0 
-313 703 -687 0 
-305 509 65 0 
-775 645 117 0 
457 -455 -62 0 
-483 -467 495 0 
-584 -681 230 0 
-690 -864 649 0 
26 -914 601 0 
322 268 616 0 
-255 -976 -507 0 
399 -346 -223 0 
186 -290 -129 0 
-373 743 396 0 
-800 866 -83 0 
-148 467 -504 0 
-331 -512 200 0 
-926 -289 -848 0 
373 608 -693 0 
282 -956 -585 0 
269 -469 -554 0 
321 585 705 0 
153 -546 -740 0 
-55 768 64 0 
-9 -235 -244 0 
890 -689 146 0 
768 -912 35 0 
-733 854 -464 0 
-288 276 -592 0 
308 113 234 0 
214 282 -215 0 
-531 -377 782 0 
-738 25 -864 0 
231 -684 812 0 
-156 -8 -583 0 
-664 748 166 0 
990 -937 -340 0 
-997 276 764 0 
-355 -366 -193 0 
824 76 264 0 
-503 -420 435 0 
464 208 352 0 
837 -482 212 0 
-212 549 -556 0 
976 91 798 0 
19 921 -282 0 
-277 -971 486 0 
-127 684 -308 0 
-20 -251 165 0 
758 868 -556 0 
-560 768 -754 0 
-299 -605 509 0 
38 -182 59 0 
666 -356 -164 0 
-475 -276 -488 0 
877 -487 471 0 
-120 225 583 0 
-320 642 -202 0 
-1 -319 527 0 
719 241 506 0 
-817 -710 -206 0 
-450 201 -810 0 
-516 995 104 0 
564 -898 623 0 
399 85 239 0 
-312 297 223 0 
271 12 428 0 
-862 -327 -778 0 
-179 575 -857 0 
-445 643 -947 0 
-148 -549 -301 0 
-452 -703 744 0 
228 -202 811 0 
645 -622 -497 0 
-287 609 -458 0 
784 -377 14 0 
-928 -447 142 0 
-555 29 -2 0 
-682 745 402 0 
-732 786 515 0 
455 950 10 0 
-610 -463 731 0 
-987 -200 -188 0 
-900 98 46 0 
991 253 -769 0 
-105 795 -694 0 
-292 -318 -547 0 
497 388 779 0 
225 243 611 0 
-935 724 -20 0 
-893 577 495 0 
233 -134 -459 0 
350 8 855 0 
-376 413 508 0 
-664 -830 -262 0 
881 -100 5 0 
-597 -28 -788 0 
850 -203 330 0 
-666 36 48 0 
458 71 369 0 
-125 -645 24 0 
-644 925 540 0 
-275 644 499 0 
-398 462 -159 0 
735 -307 -40 0 
-197 68 5 0 
983 736 -470 0 
300 -669 629 0 
92 -363 -875 0 
47 -50 -132 0 
-629 -276 816 0 
926 -34 815 0 
870 764 861 0 
818 -291 -395 0 
4 -29 -333 0 
-841 727 39 0 
831 -415 645 0 
840 347 -143 0 
159 -177 296 0 
4 -877 179 0 
-49 -269 925 0 
-645 568 -372 0 
-636 -368 599 0 
-421 883 436 0 
-889 -385 659 0 
882 980 437 0 
-728 69 -899 0 
217 -582 -309 0 
461 -318 32 0 
30 -871 -525 0 
761 796 243 0 
85 166 -285 0 
175 442 675 0 
168 -494 -569 0 
-639 -261 262 0 
-313 -371 -77 0 
706 144 721 0 
-791 549 463 0 
-854 591 -786 0 
542 810 -421 0 
-567 -893 -359 0 
820 925 -333 0 
155 258 965 0 
2 -712 -928 0 
-482 78 519 0 
671 238 144 0 
-46 459 894 0 
646 -612 808 0 
-200 -234 -303 0 
460 -3 708 0 
693 429 955 0 
710 -946 949 0 
-782 166 509 0 
-171 390 868 0 
-569 277 332 0 
864 -457 746 0 
-126 766 355 0 
865 -960 235 0 
-93 207 -179 0 
-437 195 -981 0 
201 -807 -993 0 
-1 -174 -89 0 
-373 -857 -412 0 
485 50 30 0 
-118 -259 668 0 
-207 808 852 0 
270 398 677 0 
253 312 517 0 
695 809 430 0 
-151 347 661 0 
-928 839 -16 0 
-811 512 -798 0 
771 -432 -745 0 
-545 -158 -525 0 
-56 899 -360 0 
-728 -629 802 0 
-55 -552 865 0 
540 950 990 0 
-873 333 -168 0 
-897 794 693 0 
812 -849 635 0 
-738 -911 146 0 
824 367 -349 0 
5 -419 -101 0 
-137 842 499 0 
-41 925 344 0 
-414 305 574 0 
126 306 738 0 
116 -622 -995 0 
-147 -153 580 0 
-176 -970 617 0 
-991 -492 994 0 
16 -359 -673 0 
-731 202 531 0 
905 -766 -410 0 
-721 -284 912 0 
214 -384 -438 0 
646 -946 -311 0 
-6 -22 162 0 
-500 -624 -387 0 
-982 -565 -62 0 
557 708 320 0 
117 -932 700 0 
12 405 -662 0 
-278 187 -45 0 
-421 894 -340 0 
750 -631 581 0 
-687 -987 606 0 
-948 795 773 0 
843 433 -827 0 
-186 -791 392 0 
-658 77 446 0 
-470 698 293 0 
-971 702 843 0 
-778 -42 576 0 
696 983 545 0 
447 16 -194 0 
175 662 222 0 
-510 -195 599 0 
-593 924 -415 0 
-275 926 22 0 
929 -35 415 0 
72 457 -648 0 
713 861 -718 0 
-870 359 -553 0 
-498 -588 -695 0 
554 567 -814 0 
15 -765 -136 0 
-182 -958 894 0 
-317 704 49 0 
442 -631 389 0 
388 -901 219 0 
-845 -737 990 0 
-246 -650 -800 0 
601 569 -570 0 
-532 223 -677 0 
-605 76 -658 0 
-567 -65 245 0 
-694 -68 490 0 
-566 818 695 0 
-105 803 469 0 
502 820 -265 0 
-93 -672 367 0 
-549 918 -556 0 
-846 9 -697 0 
-742 -594 292 0 
-651 587 -752 0 
-362 978 -112 0 
634 619 273 0 
-785 -933 -102 0 
-637 -997 859 0 
-415 684 506 0 
911 286 917 0 
322 -904 -806 0 
-218 -247 54 0 
-234 -474 252 0 
-533 702 -892 0 
-418 32 473 0 
-480 986 606 0 
744 -3 -870 0 
-130 298 896 0 
-205 335 -655 0 
-410 -980 -477 0 
453 857 490 0 
760 -185 809 0 
-16 470 510 0 
-961 172 900 0 
843 461 -203 0 
-929 -963 -687 0 
277 267 357 0 
528 -347 452 0 
-495 -907 -47 0 
-226 194 80 0 
779 -655 -799 0 
940 -263 -212 0 
136 22 -964 0 
-930 141 879 0 
903 -298 -482 0 
-633 -730 -675 0 
801 818 563 0 
413 -279 293 0 
313 843 -406 0 
-746 -812 -678 0 
-614 -68 188 0 
180 -444 -480 0 
598 -692 -31 0 
-868 -166 737 0 
187 270 390 0 
-417 719 134 0 
123 -852 -47 0 
-729 -530 -253 0 
339 173 -863 0 
-315 -133 -213 0 
-860 -481 614 0 
136 -380 -178 0 
-94 384 407 0 
977 500 -23 0 
-393 59 458 0 
524 -141 -746 0 
123 -857 585 0 
-616 -64 796 0 
-122 772 -2 0 
-752 -30 208 0 
-523 587 -553 0 
-241 -261 721 0 
649 971 714 0 
239 553 -56 0 
-885 364 -587 0 
857 -489 -529 0 
-359 -155 148 0 
377 368 329 0 
-893 518 -543 0 
-428 165 -178 0 
-574 637 -516 0 
140 -909 -80 0 
-867 539 -89 0 
-897 -901 -342 0 
-552 -874 733 0 
647 898 -505 0 
-80 -193 -146 0 
-808 585 62 0 
-624 707 -301 0 
75 198 196 0 
701 -90 -658 0 
534 -411 -838 0 
-852 -960 -591 0 
203 929 565 0 
396 568 575 0 
735 865 -546 0 
630 296 833 0 
231 54 -457 0 
883 -479 448 0 
-435 -700 156 0 
400 936 237 0 
-996 -226 -857 0 
407 118 -615 0 
-915 -515 324 0 
-32 -1000 288 0 
43 -795 272 0 
564 17 37 0 
-870 -673 5 0 
940 -815 -30 0 
384 803 -457 0 
-373 -864 10 0 
50 188 710 0 
-297 576 590 0 
-266 883 -797 0 
-550 -698 -274 0 
439 125 588 0 
-466 -711 -70 0 
-734 252 472 0 
-146 963 -145 0 
317 705 -232 0 
722 -43 896 0 
-294 18 -824 0 
186 467 -469 0 
679 -412 -536 0 
466 826 -631 0 
166 433 245 0 
-906 41 198 0 
679 -342 -608 0 
-690 -619 -746 0 
255 721 -109 0 
-343 426 521 0 
569 -357 -385 0 
-160 -412 -333 0 
710 -847 -335 0 
-20 -948 -828 0 
391 -94 -235 0 
-647 217 560 0 
-776 -890 -94 0 
393 956 771 0 
555 -99 624 0 
829 -7 301 0 
140 660 -837 0 
860 508 -87 0 
-722 -301 907 0 
762 -677 868 0 
13 -146 220 0 
78 468 -188 0 
72 -441 133 0 
768 -3 134 0 
104 -463 -970 0 
880 -857 -895 0 
-65 6 -545 0 
-338 564 797 0 
877 -963 455 0 
946 -976 -991 0 
636 -904 127 0 
-992 -336 69 0 
-750 278 -445 0 
631 -652 -262 0 
-767 -773 499 0 
26 86 164 0 
-18 -118 -967 0 
695 631 344 0 
750 910 626 0 
495 -773 201 0 
691 -926 -975 0 
-881 -642 880 0 
-970 -390 92 0 
-339 493 -289 0 
-895 288 395 0 
366 959 887 0 
-130 279 249 0 
-77 -454 -152 0 
229 -606 -635 0 
598 -671 -580 0 
852 853 -989 0 
-895 -508 161 0 
723 -261 194 0 
451 304 -195 0 
-78 998 -652 0 
776 -700 -367 0 
814 -10 28 0 
-525 520 -76 0 
158 -937 500 0 
822 308 -985 0 
82 573 -96 0 
840 533 -496 0 
-403 -604 -119 0 
-84 -501 690 0 
374 680 501 0 
218 -843 64 0 
-694 845 940 0 
328 563 -462 0 
-226 -620 -117 0 
-897 -943 564 0 
-263 552 -738 0 
-780 -537 -617 0 
-185 -19 141 0 
-725 114 290 0 
890 -901 -659 0 
338 386 -250 0 
-818 66 -987 0 
-684 861 -579 0 
-363 -69 989 0 
-690 620 845 0 
-690 576 -900 0 
734 -238 -257 0 
617 -590 481 0 
146 -161 920 0 
352 -547 470 0 
64 394 -405 0 
-841 -801 718 0 
-321 -722 603 0 
92 504 587 0 
-966 614 90 0 
184 189 -403 0 
-844 -651 318 0 
19 232 766 0 
215 264 402 0 
-681 -263 -79 0 
143 942 -571 0 
-964 -974 -272 0 
-508 -717 -80 0 
-955 161 823 0 
979 355 -611 0 
-134 475 -909 0 
490 245 -816 0 
324 -278 -445 0 
639 326 40 0 
-154 454 868 0 
-835 206 -489 0 
-291 394 996 0 
134 -186 -867 0 
478 777 -70 0 
363 701 -660 0 
-813 -993 647 0 
551 670 -831 0 
-107 204 277 0 
648 551 -721 0 
108 130 -431 0 
-168 274 -801 0 
-41 -223 -23 0 
409 -613 -356 0 
-623 892 203 0 
-624 788 -233 0 
-56 264 21 0 
-448 -209 -955 0 
225 -160 -547 0 
218 159 376 0 
-121 625 219 0 
895 -290 -750 0 
987 -913 -551 0 
608 -137 241 0 
507 343 -767 0 
424 -139 -971 0 
-332 679 72 0 
708 -160 -232 0 
-596 363 -570 0 
343 -99 402 0 
-745 -76 -119 0 
566 -857 -596 0 
712 -743 723 0 
868 547 -826 0 
-571 817 83 0 
452 -410 260 0 
326 -206 -549 0 
820 -983 316 0 
386 271 49 0 
-740 -336 587 0 
-108 692 948 0 
-683 662 -82 0 
-715 65 582 0 
725 972 -894 0 
-542 -343 278 0 
100 228 -145 0 
553 -348 910 0 
-670 -764 606 0 
176 418 -330 0 
-172 -960 754 0 
718 257 250 0 
130 -217 -60 0 
909 -395 313 0 
514 637 42 0 
-38 901 652 0 
-345 383 -169 0 
-33 -212 -520 0 
-624 167 -906 0 
-638 561 -851 0 
-382 65 -414 0 
310 204 80 0 
521 954 719 0 
70 163 -271 0 
-434 791 -298 0 
388 142 -799 0 
598 -92 -116 0 
-896 375 -397 0 
-276 929 681 0 
-279 11 82 0 
-5 58 -455 0 
-244 -260 561 0 
842 3 814 0 
424 297 9 0 
838 -211 23 0 
-279 -573 379 0 
-278 -714 -543 0 
908 560 579 0 
432 206 -998 0 
-84 -888 -129 0 
-597 638 -801 0 
-115 -372 513 0 
-830 818 -96 0 
923 -279 654 0 
-502 -130 -258 0 
-323 -548 392 0 
-642 -253 -203 0 
-506 -815 7 0 
-45 790 -609 0 
-954 -658 -9 0 
364 470 -3 0 
729 -323 -366 0 
559 -416 179 0 
992 790 -663 0 
354 -379 -184 0 
201 -811 -941 0 
-127 139 -520 0 
79 -294 -567 0 
-538 -364 -609 0 
-199 778 302 0 
-497 825 691 0 
640 -551 -199 0 
857 -991 779 0 
-927 -405 123 0 
-603 979 -936 0 
721 -779 496 0 
509 156 -154 0 
-881 379 -109 0 
-334 -215 469 0 
295 -893 929 0 
537 95 -500 0 
-126 -733 690 0 
149 -547 294 0 
782 -541 327 0 
441 -366 576 0 
131 -257 -937 0 
-563 613 14 0 
-370 472 617 0 
139 778 947 0 
-71 330 472 0 
680 -656 593 0 
322 -47 490 0 
-714 -978 -758 0 
-355 -188 -936 0 
-790 55 793 0 
298 891 674 0 
-823 138 270 0 
697 542 -537 0 
-477 -466 -109 0 
-485 -439 635 0 
227 751 -714 0 
507 284 925 0 
-29 -727 -947 0 
730 -340 505 0 
-757 152 902 0 
-834 168 -785 0 
-2 432 451 0 
-137 -940 -963 0 
752 -552 -618 0 
-537 -252 -237 0 
124 665 -303 0 
-606 871 -312 0 
911 346 -918 0 
-335 -968 128 0 
-9 -525 621 0 
350 -125 317 0 
61 917 -946 0 
307 1 99 0 
-654 738 -638 0 
-765 -138 422 0 
233 44 -997 0 
171 -852 586 0 
-505 414 -867 0 
-848 252 503 0 
667 -117 -787 0 
991 891 -915 0 
-538 -642 -418 0 
333 -869 -876 0 
233 850 -830 0 
51 -346 360 0 
-303 501 396 0 
-24 993 155 0 
423 -131 -785 0 
396 659 861 0 
-237 763 -686 0 
-396 381 -290 0 
-407 -21 422 0 
-984 -718 863 0 
-247 966 716 0 
897 610 258 0 
-922 -756 -745 0 
434 -773 -986 0 
-656 373 -203 0 
200 -188 855 0 
911 -751 562 0 
375 -102 -630 0 
745 62 -249 0 
118 138 698 0 
578 -574 -799 0 
650 -820 -579 0 
-676 -686 282 0 
