p cnf 1000 2400
635 976 107 0 
671 -895 -725 0 
-619 747 -780 0 
633 320 345 0 
-784 318 -861 0 
-535 -396 16 0 
881 655 -459 0 
-483 -629 -731 0 
-15 -584 736 0 
-111 -322 -389 0 
941 -633 -898 0 
-507 439 -446 0 
864 -889 -946 0 
650 657 761 0 
967 68 -315 0 
661 -205 585 0 
-500 160 914 0 
-512 574 740 0 
221 701 207 0 
-508 651 247 0 
322 -391 509 0 
-350 -306 -599 0 
450 27 -65 0 
932 808 601 0 
-528 -686 -422 0 
-497 299 -280 0 
-367 968 644 0 
-152 375 -471 0 
-628 159 922 0 
997 -630 549 0 
342 490 517 0 
-222 -572 -301 0 
802 601 -651 0 
-444 531 807 0 
-268 835 736 0 
432 -83 -515 0 
458 -903 -566 0 
633 -104 -10 0 
840 203 241 0 
178 -820 462 0 
237 -673 -712 0 
-846 129 -820 0 
304 938 169 0 
-561 -342 -726 0 
-568 -746 -664 0 
-64 53 -289 0 
314 -188 455 0 
867 -564 641 0 
-910 820 -161 0 
616 -333 -100 0 
929 372 -645 0 
545 728 610 0 
680 171 -672 0 
-89 -360 808 0 
404 774 -980 0 
412 323 -830 0 
-548 -942 416 0 
733 71 529 0 
-165 558 -729 0 
-704 -999 -390 0 
385 545 777 0 
-801 645 576 0 
266 -493 -954 0 
-374 432 -409 0 
-945 920 -715 0 
285 -463 65 0 
57 296 -707 0 
632 -110 -246 0 
602 -741 -724 0 
213 -460 419 0 
-61 -172 228 0 
-636 557 708 0 
-351 669 -432 0 
257 708 102 0 
-895 -230 175 0 
-65 -351 -640 0 
116 -873 911 0 
-906 -149 -31 0 
-307 -495 -462 0 
-786 -971 902 0 
281 -150 270 0 
-394 772 322 0 
-242 529 -96 0 
312 157 344 0 
81 -976 -147 0 
-943 415 710 0 
288 800 352 0 
170 -399 609 0 
-273 242 -406 0 
735 96 559 0 
68 -340 105 0 
612 184 106 0 
782 691 -90 0 
1000 -96 -624 0 
13 -835 -322 0 
-101 384 -63 0 
-657 -261 -24 0 
436 -681 -318 0 
106 830 -941 0 
-715 -28 328 0 
-293 45 530 0 
187 457 71 0 
-9 872 983 0 
207 -626 991 0 
180 773 -476 0 
609 -572 23 0 
999 949 -359 0 
295 711 -714 0 
95 -35 54 0 
-731 -715 176 0 
551 261 14 0 
-142 -544 299 0 
-821 -153 568 0 
-829 -178 696 0 
990 -732 492 0 
-896 -593 434 0 
907 68 821 0 
14 -550 283 0 
438 -103 -420 0 
-637 -47 828 0 
-584 751 821 0 
-874 801 53 0 
440 402 968 0 
-100 -445 730 0 
-344 788 -353 0 
-27 786 -152 0 
-612 522 -318 0 
861 671 652 0 
774 693 -344 0 
-877 594 614 0 
-135 -568 949 0 
-528 -904 -404 0 
779 -67 -950 0 
-773 -470 436 0 
229 372 470 0 
-814 48 341 0 
-523 -827 -27 0 
-745 -357 990 0 
-275 -913 -652 0 
973 -668 -291 0 
-551 989 625 0 
194 -979 652 0 
-705 -426 -433 0 
892 -469 116 0 
587 -368 689 0 
-742 -310 -485 0 
-36 -517 971 0 
-867 -135 93 0 
-548 820 -149 0 
281 -651 -978 0 
-6 -24 658 0 
51 352 963 0 
-918 748 504 0 
336 39 7 0 
-694 -714 196 0 
-865 902 245 0 
-367 30 190 0 
428 290 -249 0 
361 -444 -215 0 
-235 723 -5 0 
50 -440 620 0 
-876 270 698 0 
-326 -139 700 0 
-955 322 214 0 
-718 600 5 0 
-523 -68 -853 0 
207 808 174 0 
-430 716 -677 0 
-372 405 -417 0 
468 586 -746 0 
-776 -973 -221 0 
-138 -383 -818 0 
-920 -808 -715 0 
535 975 -433 0 
392 651 -917 0 
-957 -105 298 0 
465 -618 66 0 
909 765 -199 0 
-680 853 -168 0 
-590 -749 883 0 
-618 944 -746 0 
305 260 54 0 
164 -86 846 0 
188 41 -206 0 
-576 742 -389 0 
470 -611 -119 0 
946 -879 -991 0 
-95 -402 -311 0 
76 951 755 0 
464 -692 -795 0 
281 119 989 0 
-375 885 -799 0 
916 -443 -68 0 
689 638 67 0 
359 682 -886 0 
-939 -31 616 0 
-624 816 481 0 
659 903 -97 0 
763 -225 -112 0 
-885 -82 342 0 
-405 275 -601 0 
965 472 353 0 
614 -853 -610 0 
-813 343 -107 0 
800 -653 687 0 
-227 492 77 0 
553 659 580 0 
-21 -248 -971 0 
194 -941 -401 0 
-480 746 41 0 
-422 -402 15 0 
-493 808 383 0 
-573 683 -881 0 
769 -960 -603 0 
-65 -106 981 0 
546 572 989 0 
778 577 -213 0 
655 236 873 0 
640 526 48 0 
64 40 -408 0 
821 423 190 0 
726 672 -935 0 
-12 -298 -275 0 
-794 867 539 0 
-209 -521 893 0 
-994 -417 -951 0 
-590 797 -684 0 
-44 -935 -577 0 
729 -873 366 0 
524 5 417 0 
-535 987 790 0 
-709 -996 221 0 
894 98 -781 0 
-125 -908 616 0 
73 -628 55 0 
856 602 227 0 
379 302 156 0 
735 -172 481 0 
-12 171 69 0 
-603 460 671 0 
983 -40 963 0 
-213 -135 725 0 
-252 396 690 0 
961 -704 -946 0 
-714 551 -362 0 
638 -444 -49 0 
-16 -736 4 0 
-803 573 -154 0 
611 -759 827 0 
-621 -629 -233 0 
935 -498 703 0 
-412 871 245 0 
-948 823 -679 0 
373 -430 637 0 
313 -560 -284 0 
-6 763 -393 0 
871 53 -190 0 
-594 346 1 0 
-536 358 392 0 
940 -438 702 0 
110 -795 532 0 
-479 864 -508 0 
-990 -775 -783 0 
839 -122 443 0 
-401 772 936 0 
701 -684 -313 0 
-716 927 -134 0 
-815 -78 -21 0 
-400 25 -77 0 
286 -733 -509 0 
961 -762 -707 0 
260 247 -463 0 
140 -946 -822 0 
-395 -600 -921 0 
-191 94 511 0 
82 594 -872 0 
71 -104 926 0 
-764 262 -40 0 
-204 779 -296 0 
490 -42 571 0 
-811 769 -35 0 
-498 500 428 0 
658 921 675 0 
105 -883 357 0 
464 709 11 0 
889 368 384 0 
-2 -667 -652 0 
-726 -842 948 0 
944 -52 -493 0 
-117 631 -851 0 
76 -261 -249 0 
-960 35 -737 0 
546 419 271 0 
-268 -560 504 0 
-667 98 379 0 
543 947 228 0 
-878 -540 -434 0 
944 463 -442 0 
993 119 881 0 
346 -687 -643 0 
-174 -965 -188 0 
-78 -254 -174 0 
563 -220 -350 0 
982 -268 -839 0 
702 -749 -379 0 
719 -333 -258 0 
24 -15 493 0 
-603 -445 -256 0 
27 -306 -567 0 
-430 -923 -295 0 
735 -20 -586 0 
-601 958 -359 0 
-685 -267 328 0 
553 863 602 0 
-66 307 383 0 
-691 4 -646 0 
-21 685 -703 0 
-445 -668 -774 0 
-261 525 517 0 
-219 336 890 0 
136 -719 -296 0 
-649 -626 788 0 
-878 266 -678 0 
327 231 -862 0 
-30 -488 -255 0 
-82 -491 -637 0 
-493 -319 -917 0 
-181 -825 -485 0 
908 -664 871 0 
-754 -559 -909 0 
-515 -921 540 0 
345 -658 305 0 
663 3 -689 0 
510 -62 303 0 
-565 -972 -118 0 
676 -148 665 0 
-101 -40 -44 0 
454 183 -393 0 
521 774 721 0 
-869 174 339 0 
900 -959 593 0 
935 743 -403 0 
632 -304 -5 0 
886 -62 -61 0 
340 -457 430 0 
-442 53 882 0 
534 -244 660 0 
496 -115 573 0 
-740 803 1000 0 
-820 -967 -675 0 
918 -886 483 0 
-362 822 632 0 
871 990 928 0 
345 -717 -156 0 
-488 -247 -846 0 
91 -649 -402 0 
328 -362 -962 0 
-822 -59 507 0 
-519 559 66 0 
901 -433 -554 0 
-877 -838 -206 0 
126 -595 906 0 
283 -329 588 0 
64 485 -282 0 
-818 594 949 0 
94 690 -784 0 
-511 -136 218 0 
-62 603 -210 0 
423 -213 554 0 
997 -446 231 0 
-368 480 -683 0 
-294 610 548 0 
-789 76 127 0 
-64 -577 -638 0 
143 348 -436 0 
658 166 -209 0 
-107 955 -399 0 
-675 -565 788 0 
688 -389 891 0 
182 -644 -426 0 
-665 -128 441 0 
-736 232 974 0 
640 707 -495 0 
280 -462 683 0 
527 362 -726 0 
495 -783 471 0 
641 591 940 0 
412 -936 999 0 
-885 -155 -113 0 
-308 -519 615 0 
-281 -727 -992 0 
364 -525 873 0 
89 -324 -364 0 
-25 339 875 0 
-76 -698 -771 0 
489 -198 76 0 
-36 -619 -958 0 
-487 894 -673 0 
-985 833 420 0 
619 -871 174 0 
-731 -633 -670 0 
341 -986 -717 0 
874 797 -8 0 
-170 309 235 0 
352 -787 -651 0 
100 -810 -198 0 
-368 856 -783 0 
415 -502 -812 0 
-281 -145 402 0 
343 618 9 0 
-915 152 299 0 
-968 -793 551 0 
410 -887 597 0 
-523 332 692 0 
-830 -300 -628 0 
279 62 695 0 
612 -63 -890 0 
-278 487 -932 0 
-661 -366 -390 0 
-434 -143 408 0 
770 576 -167 0 
-298 -228 -249 0 
831 -757 -467 0 
207 -718 89 0 
-830 653 776 0 
-780 -911 -594 0 
-180 -777 -276 0 
-271 -244 189 0 
26 213 -384 0 
-102 -844 -141 0 
723 380 -476 0 
-55 -650 -884 0 
487 -315 -412 0 
-447 21 768 0 
526 -738 -723 0 
976 -697 -215 0 
-555 -831 -865 0 
545 872 -487 0 
-937 -354 77 0 
-617 469 686 0 
808 215 -27 0 
288 163 918 0 
-548 -477 666 0 
14 -755 406 0 
-276 351 649 0 
681 -998 -432 0 
-140 -220 -963 0 
443 311 -924 0 
-221 -396 41 0 
-732 -247 -985 0 
-986 -138 112 0 
746 982 -160 0 
87 56 -76 0 
-834 -513 718 0 
-606 653 -403 0 
-286 -960 228 0 
499 281 656 0 
454 -192 -917 0 
-870 -823 428 0 
-232 10 172 0 
-213 337 998 0 
-722 829 184 0 
790 724 -967 0 
-195 636 285 0 
47 -899 -210 0 
974 -343 130 0 
600 615 128 0 
185 400 -207 0 
577 200 95 0 
-202 -782 824 0 
-320 -863 132 0 
498 641 13 0 
956 532 157 0 
495 561 167 0 
258 -960 -211 0 
-891 530 -757 0 
502 -886 12 0 
-304 -673 -156 0 
45 586 853 0 
-600 -655 -35 0 
-843 -655 590 0 
-691 -192 -211 0 
937 130 539 0 
-438 -299 303 0 
14 286 -57 0 
-6 -297 -689 0 
-297 -852 379 0 
-204 882 -188 0 
102 117 -927 0 
565 538 -411 0 
-417 150 -421 0 
-477 800 -579 0 
-312 630 -227 0 
-193 -240 949 0 
31 814 19 0 
502 -984 -104 0 
847 -474 673 0 
677 -195 740 0 
365 168 481 0 
934 822 -536 0 
16 166 -225 0 
286 154 854 0 
-391 -646 -388 0 
614 537 -935 0 
-546 410 248 0 
681 -975 -361 0 
-392 -596 -494 0 
-1000 691 -679 0 
-662 -758 119 0 
-830 -680 -538 0 
333 701 -922 0 
-8 -863 -668 0 
529 181 600 0 
-519 -379 801 0 
235 955 -816 0 
-27 -827 105 0 
824 371 -269 0 
-407 -390 17 0 
713 716 -698 0 
-257 25 -969 0 
-103 143 -827 0 
-657 -833 341 0 
-660 -538 -320 0 
354 -965 191 0 
-467 47 -720 0 
-911 384 -175 0 
-227 774 -836 0 
-696 920 -747 0 
-892 -583 -115 0 
161 -9 157 0 
105 207 -199 0 
601 750 677 0 
458 -449 519 0 
-612 -56 -484 0 
-578 -69 -284 0 
83 399 763 0 
-360 -549 460 0 
-285 547 703 0 
69 426 -173 0 
433 -530 -602 0 
-725 981 -854 0 
-111 -70 -19 0 
-382 847 95 0 
-726 817 908 0 
-351 -877 -979 0 
785 10 337 0 
958 -801 -726 0 
238 -304 -543 0 
-948 238 -851 0 
-119 -28 442 0 
358 103 387 0 
-81 395 799 0 
-529 310 52 0 
-235 -306 339 0 
-210 -67 81 0 
118 419 421 0 
67 -199 -296 0 
380 729 -290 0 
829 -993 -333 0 
699 -534 -284 0 
697 194 -447 0 
565 -641 -453 0 
-991 510 791 0 
-395 -417 -194 0 
118 -238 -548 0 
956 654 -683 0 
668 -584 206 0 
-364 890 -87 0 
-90 82 504 0 
-912 357 -378 0 
-982 -702 -892 0 
-192 508 -754 0 
-745 -159 826 0 
-160 708 -414 0 
-367 -282 -434 0 
91 585 180 0 
76 -705 255 0 
-1 -988 888 0 
502 -307 -479 0 
812 -529 150 0 
58 -357 989 0 
878 -316 -259 0 
-851 397 514 0 
19 -972 595 0 
-265 -503 106 0 
-918 -428 399 0 
-248 -453 -319 0 
528 -813 -121 0 
423 -659 856 0 
-608 -330 361 0 
-533 270 -938 0 
197 -995 -764 0 
-766 -450 -647 0 
-702 -988 -417 0 
-728 -818 765 0 
609 -249 -224 0 
251 -41 382 0 
-9 694 -759 0 
-808 504 604 0 
493 240 -358 0 
-157 570 591 0 
241 11 -868 0 
-160 -234 237 0 
990 728 -842 0 
-455 341 417 0 
-833 591 918 0 
-712 -296 603 0 
-450 820 913 0 
309 -638 -826 0 
-906 -734 642 0 
-875 -356 -818 0 
278 968 -405 0 
481 -797 411 0 
672 -654 -896 0 
-26 -284 2 0 
349 -50 168 0 
-914 -166 -538 0 
-75 489 324 0 
590 438 -113 0 
-600 -580 151 0 
-444 -71 -16 0 
321 -201 885 0 
-770 -36 483 0 
365 -439 244 0 
-985 434 65 0 
500 -502 -429 0 
-632 -290 147 0 
-575 -779 -138 0 
578 369 -396 0 
-132 -627 -941 0 
886 -704 -444 0 
232 891 -254 0 
-330 -599 169 0 
-221 -750 -451 0 
949 138 720 0 
132 -47 892 0 
-736 311 -796 0 
-581 132 784 0 
-882 -911 -769 0 
-107 -564 -499 0 
9 -470 306 0 
-59 -437 -683 0 
-25 -563 825 0 
-925 -944 -990 0 
-520 -641 43 0 
119 661 846 0 
639 -220 -811 0 
-359 -239 776 0 
835 -242 913 0 
-271 -825 -928 0 
628 -871 928 0 
-989 862 -361 0 
542 311 -817 0 
401 513 -335 0 
-758 -451 -684 0 
518 294 -313 0 
-21 743 -625 0 
-293 -645 119 0 
566 -316 959 0 
917 812 580 0 
450 950 -756 0 
443 -731 635 0 
-802 -531 647 0 
-713 -610 -614 0 
526 524 -563 0 
-276 -934 -511 0 
-204 -600 963 0 
-705 310 650 0 
562 -559 594 0 
-307 -669 51 0 
789 -725 -469 0 
799 -10 -877 0 
695 606 204 0 
293 -810 560 0 
-830 -976 -737 0 
478 534 -428 0 
-88 -524 542 0 
632 -475 -21 0 
-521 -955 -952 0 
-524 53 -717 0 
-100 -476 419 0 
892 996 579 0 
-244 931 359 0 
-191 -655 -35 0 
712 9 -394 0 
-999 -287 -189 0 
-87 -348 862 0 
-106 -394 -680 0 
763 226 -153 0 
904 602 655 0 
-623 -296 -771 0 
-8 -848 -559 0 
-383 777 -540 0 
110 -142 -191 0 
514 125 -140 0 
918 457 100 0 
-805 -809 377 0 
-579 978 -817 0 
189 811 -774 0 
-72 -508 -55 0 
-246 215 -624 0 
-989 -208 -215 0 
-848 -256 -253 0 
585 -659 950 0 
68 -588 454 0 
407 -777 335 0 
-918 166 -109 0 
-382 -660 702 0 
943 -399 -996 0 
53 -822 128 0 
-688 -54 445 0 
-395 -183 833 0 
-362 200 -316 0 
461 623 -691 0 
206 906 -96 0 
76 400 -866 0 
754 554 332 0 
6 384 -611 0 
-328 516 261 0 
-176 -820 -13 0 
357 473 -387 0 
-648 843 584 0 
-48 -918 -498 0 
-594 438 206 0 
-883 -754 -786 0 
464 -949 479 0 
-379 632 -413 0 
992 137 -966 0 
-689 86 -353 0 
-948 -732 -116 0 
-326 966 165 0 
-192 -500 -363 0 
-588 -865 -625 0 
-319 -839 -959 0 
-261 730 747 0 
5 -692 -426 0 
561 50 -324 0 
893 52 -17 0 
513 -143 81 0 
699 952 -476 0 
447 420 304 0 
-703 -577 999 0 
618 -753 -646 0 
-336 -654 452 0 
-95 113 -958 0 
414 773 -745 0 
923 -331 285 0 
-471 -717 -943 0 
740 498 242 0 
-549 -514 951 0 
-346 892 -682 0 
-68 600 47 0 
205 -871 -548 0 
987 -648 -317 0 
633 282 -318 0 
-231 879 -931 0 
911 560 -249 0 
-649 -496 687 0 
724 961 -359 0 
-126 -616 -575 0 
531 694 885 0 
651 826 400 0 
65 -372 239 0 
-292 -812 -275 0 
-809 54 1000 0 
626 451 -137 0 
378 -970 331 0 
452 551 646 0 
-447 654 -391 0 
262 -73 260 0 
-14 721 67 0 
266 -876 -975 0 
99 -89 313 0 
172 -248 -921 0 
-63 600 495 0 
56 444 924 0 
44 -994 -915 0 
-453 -89 820 0 
-457 722 -48 0 
-816 -695 652 0 
426 -957 -220 0 
-870 -551 -504 0 
-760 700 204 0 
-129 338 -304 0 
341 -461 482 0 
752 152 -314 0 
406 92 52 0 
-19 556 -376 0 
-70 188 -323 0 
866 -936 -412 0 
-797 531 750 0 
-884 -863 -305 0 
826 407 -535 0 
51 753 575 0 
-127 212 -1 0 
251 354 -462 0 
150 362 -525 0 
-202 912 -179 0 
818 -268 471 0 
84 940 -943 0 
671 -132 234 0 
362 155 -361 0 
638 -452 340 0 
-805 -306 -573 0 
753 -670 -468 0 
454 -802 -373 0 
295 -859 784 0 
-494 371 -827 0 
34 192 -739 0 
94 786 538 0 
-863 -66 -812 0 
-362 -249 -543 0 
-815 -129 -331 0 
728 926 165 0 
-469 844 -146 0 
898 979 892 0 
-715 173 -283 0 
-180 -987 -895 0 
799 268 -207 0 
391 -356 -968 0 
390 975 -489 0 
-781 -452 -888 0 
406 868 933 0 
135 640 -722 0 
693 965 144 0 
16 -475 930 0 
98 329 690 0 
-133 -554 21 0 
-684 443 964 0 
-604 -863 -921 0 
72 203 -224 0 
-604 -543 -25 0 
-32 -567 -703 0 
138 -200 -783 0 
-373 -558 257 0 
-540 375 745 0 
815 -586 511 0 
515 -452 887 0 
919 -934 395 0 
673 -747 -959 0 
-653 -773 -645 0 
967 125 646 0 
187 -434 -815 0 
520 -192 -808 0 
318 -533 -810 0 
-127 -140 236 0 
176 508 -693 0 
-641 -873 945 0 
-125 -845 -723 0 
-587 22 394 0 
-583 866 506 0 
127 -18 -814 0 
-881 798 309 0 
866 613 -978 0 
480 -286 391 0 
761 -39 341 0 
298 376 684 0 
-66 565 472 0 
100 177 791 0 
138 -253 87 0 
-926 39 -93 0 
36 682 297 0 
872 638 49 0 
-833 -64 268 0 
-12 933 -614 0 
-921 326 671 0 
173 -116 307 0 
210 -131 362 0 
963 235 -622 0 
270 854 941 0 
-885 -351 35 0 
680 -687 489 0 
640 48 -60 0 
603 -797 -651 0 
-714 -461 741 0 
-34 133 -883 0 
952 -931 -684 0 
415 -845 -778 0 
-156 -564 280 0 
304 -849 -599 0 
94 777 -997 0 
727 322 129 0 
949 -703 -2 0 
422 270 -775 0 
-968 -20 725 0 
-306 426 9 0 
578 105 -658 0 
885 -168 420 0 
288 -320 224 0 
-743 769 -669 0 
-238 255 310 0 
-48 -776 -188 0 
580 965 744 0 
53 -583 -37 0 
-299 -8 592 0 
263 716 -496 0 
-42 -180 -930 0 
-431 986 641 0 
-852 913 407 0 
-91 929 -339 0 
456 -408 551 0 
-249 469 -303 0 
-887 -468 133 0 
50 851 334 0 
-439 254 387 0 
-128 -491 193 0 
-870 621 -69 0 
607 345 49 0 
451 259 -750 0 
-461 -133 436 0 
825 -765 156 0 
-758 -815 653 0 
857 -501 746 0 
-991 -91 -634 0 
-598 -825 -58 0 
-92 -118 478 0 
-332 -989 -588 0 
983 417 -131 0 
-640 107 143 0 
-782 422 559 0 
-727 -327 -822 0 
49 -477 -221 0 
-348 -85 -420 0 
-455 731 758 0 
-365 -405 814 0 
299 116 309 0 
287 77 -845 0 
883 -787 714 0 
-738 -455 -326 0 
-423 595 112 0 
-345 756 127 0 
-196 -238 -110 0 
216 -891 269 0 
7 690 185 0 
123 -860 -551 0 
509 -528 573 0 
743 461 885 0 
195 38 -683 0 
-421 -689 -974 0 
978 591 -269 0 
-438 625 -78 0 
-95 984 89 0 
330 273 -713 0 
18 23 -980 0 
281 -932 266 0 
877 -150 -18 0 
-808 525 -680 0 
-611 916 906 0 
-38 -428 -384 0 
-879 259 525 0 
718 -883 463 0 
-217 891 443 0 
-455 483 398 0 
817 308 422 0 
-835 739 -171 0 
-426 460 482 0 
-915 -652 777 0 
-540 425 850 0 
-232 -77 -137 0 
243 300 246 0 
577 -937 -343 0 
-805 784 -949 0 
698 -660 43 0 
-676 -281 722 0 
931 830 -378 0 
-318 589 487 0 
-916 405 -618 0 
243 -556 690 0 
-835 -141 557 0 
-560 361 -16 0 
-563 580 -407 0 
-582 799 -677 0 
813 707 762 0 
-753 -360 -890 0 
-229 -501 -680 0 
542 246 45 0 
740 770 887 0 
-912 -934 -625 0 
74 -991 -685 0 
961 -318 -785 0 
-605 -336 115 0 
-106 663 968 0 
575 -103 -363 0 
656 -329 -754 0 
-335 -559 -437 0 
-462 -265 -510 0 
160 -700 -730 0 
904 -646 -426 0 
-25 -979 640 0 
111 -336 -984 0 
-540 565 709 0 
529 -234 -184 0 
677 -262 453 0 
-447 872 -55 0 
-238 116 822 0 
786 -398 -991 0 
505 578 972 0 
539 -873 -827 0 
966 653 -988 0 
-665 11 -890 0 
-804 712 -557 0 
-956 836 270 0 
887 275 325 0 
215 -672 -299 0 
-763 199 -236 0 
414 808 -220 0 
-311 -435 860 0 
-940 -395 694 0 
53 -349 103 0 
892 621 792 0 
-759 -152 -209 0 
68 209 546 0 
-268 855 -513 0 
218 -421 794 0 
594 -566 -500 0 
659 -230 24 0 
567 967 -637 0 
-172 562 -498 0 
-807 780 686 0 
-667 125 231 0 
143 116 -144 0 
480 -794 -21 0 
399 56 -196 0 
832 395 -171 0 
-169 524 473 0 
231 964 828 0 
411 946 -277 0 
-981 -436 360 0 
738 281 525 0 
-366 -612 227 0 
-301 -408 -401 0 
-488 -117 -936 0 
-341 -251 -436 0 
375 287 958 0 
48 -934 498 0 
955 992 143 0 
-509 -216 951 0 
-512 181 132 0 
-441 -205 383 0 
481 -124 114 0 
400 -61 -251 0 
-294 607 35 0 
-882 19 -635 0 
704 647 -250 0 
-951 -144 -770 0 
283 -511 92 0 
-963 -750 70 0 
449 945 671 0 
665 452 -623 0 
269 -734 346 0 
866 -406 -951 0 
690 -327 447 0 
-265 -645 -159 0 
707 414 134 0 
73 -668 -344 0 
641 446 433 0 
213 672 -950 0 
136 403 -478 0 
337 257 824 0 
-450 951 -308 0 
125 -655 750 0 
317 959 152 0 
310 561 -636 0 
-467 -628 -742 0 
140 923 -486 0 
185 -804 -644 0 
68 300 -121 0 
-6 -43 890 0 
845 641 984 0 
396 -78 -925 0 
-135 -475 671 0 
857 -841 -994 0 
872 2 348 0 
564 193 -826 0 
-175 544 -284 0 
416 99 380 0 
54 853 -132 0 
-453 -553 127 0 
-131 -649 861 0 
996 -681 818 0 
-515 680 -813 0 
962 315 257 0 
-559 -230 869 0 
-27 271 352 0 
156 565 100 0 
581 -164 -541 0 
892 653 -158 0 
658 818 618 0 
266 -721 498 0 
-961 -29 -221 0 
570 491 -667 0 
244 81 492 0 
787 52 -395 0 
654 -813 30 0 
704 81 45 0 
733 -950 -49 0 
-531 535 371 0 
-700 181 917 0 
827 674 -719 0 
793 -18 -480 0 
-164 -810 390 0 
-944 -563 746 0 
691 -524 -167 0 
-589 -157 706 0 
-616 -118 -686 0 
-891 -954 914 0 
548 130 709 0 
-987 437 983 0 
397 967 101 0 
220 156 846 0 
339 -567 753 0 
830 -254 -304 0 
-280 -904 -144 0 
810 679 853 0 
708 23 521 0 
517 993 -537 0 
31 401 -354 0 
-120 -753 -596 0 
736 -964 -740 0 
394 -194 -382 0 
-42 -962 445 0 
-366 -654 996 0 
721 -966 46 0 
-708 303 35 0 
-960 -527 119 0 
160 153 217 0 
-153 -185 838 0 
932 -518 -219 0 
282 202 492 0 
-697 -748 -457 0 
-240 -526 -335 0 
-122 985 -781 0 
-350 395 957 0 
101 -326 -496 0 
-16 -762 739 0 
116 340 -686 0 
345 -458 996 0 
604 -14 -774 0 
972 509 382 0 
191 839 -849 0 
-926 214 -763 0 
-47 -716 -524 0 
422 -449 552 0 
-32 668 -136 0 
-43 901 172 0 
-650 422 389 0 
-829 -309 998 0 
-549 129 -614 0 
-286 643 -443 0 
637 134 -519 0 
371 -247 814 0 
-802 873 284 0 
151 -114 627 0 
963 -162 374 0 
277 392 900 0 
771 577 -211 0 
-660 -225 -287 0 
-925 -88 559 0 
138 -303 114 0 
-67 205 929 0 
801 5 460 0 
707 519 63 0 
-192 420 98 0 
193 513 -882 0 
-317 -772 -503 0 
-877 568 -793 0 
215 84 -790 0 
-627 696 827 0 
120 131 -205 0 
-186 462 540 0 
-31 758 1 0 
96 -293 911 0 
-97 -29 -156 0 
583 -156 -502 0 
-831 939 -718 0 
-808 214 440 0 
661 -38 -139 0 
135 -245 -90 0 
791 -299 752 0 
872 -918 -378 0 
-650 -683 61 0 
144 134 -438 0 
289 -536 237 0 
621 377 614 0 
761 -686 950 0 
639 83 822 0 
-563 964 -253 0 
469 -95 -536 0 
924 -457 -836 0 
513 617 -531 0 
589 -877 -835 0 
-777 253 545 0 
-56 -254 760 0 
793 -269 166 0 
624 -861 133 0 
909 -985 663 0 
-645 -605 -579 0 
-150 -819 -787 0 
909 -544 -1 0 
648 196 754 0 
-537 -272 293 0 
-187 -839 554 0 
-110 -503 -736 0 
-768 517 557 0 
22 -18 153 0 
114 304 -227 0 
554 808 659 0 
880 264 552 0 
155 543 987 0 
-748 175 116 0 
418 115 -908 0 
9 -239 -527 0 
44 -932 816 0 
-64 -59 607 0 
737 975 -631 0 
525 400 658 0 
562 -568 102 0 
-894 -135 563 0 
-74 248 808 0 
383 969 425 0 
438 -20 756 0 
952 -292 -935 0 
-807 630 755 0 
926 -879 -949 0 
-698 646 -216 0 
611 558 -761 0 
635 -927 -845 0 
126 -663 -282 0 
-655 -217 -171 0 
-757 -454 -747 0 
-446 823 -120 0 
59 488 -40 0 
-735 -269 -144 0 
-637 847 -793 0 
987 967 171 0 
700 -927 -762 0 
-648 919 950 0 
-971 -820 604 0 
321 -993 110 0 
-474 -411 -951 0 
565 -354 -773 0 
-624 971 328 0 
432 -199 979 0 
881 400 -600 0 
-401 961 -711 0 
-39 368 -793 0 
-560 86 -914 0 
-799 96 89 0 
949 -107 -665 0 
617 -262 787 0 
952 345 346 0 
908 -978 627 0 
-248 -510 -856 0 
-954 219 526 0 
131 -287 506 0 
-226 734 316 0 
943 -924 683 0 
101 518 962 0 
-243 399 -340 0 
178 413 451 0 
447 347 -627 0 
460 415 101 0 
-55 -615 597 0 
-448 2 -474 0 
679 -275 -11 0 
-780 -378 -771 0 
-202 422 688 0 
90 604 744 0 
-784 -119 655 0 
-201 79 -70 0 
555 -302 836 0 
153 -798 259 0 
-82 -158 -899 0 
-327 113 -991 0 
273 -215 -447 0 
-23 357 -346 0 
821 -995 -23 0 
-127 471 418 0 
-743 625 443 0 
284 16 -24 0 
929 -638 -611 0 
64 256 -672 0 
-462 301 -676 0 
-98 -314 -354 0 
457 -502 -588 0 
-815 805 754 0 
507 -457 -738 0 
-260 753 229 0 
418 -923 -464 0 
301 -502 -217 0 
895 692 -840 0 
927 -395 560 0 
-143 523 -757 0 
-220 -100 559 0 
580 -308 -99 0 
-685 -427 -916 0 
836 911 364 0 
-700 625 888 0 
599 -972 -295 0 
-951 -279 235 0 
114 292 555 0 
561 974 475 0 
-830 -451 -848 0 
-203 -777 766 0 
-913 554 573 0 
-411 406 397 0 
-900 -402 611 0 
-64 -398 -111 0 
-252 199 143 0 
766 667 792 0 
-237 860 685 0 
119 240 -719 0 
105 973 -840 0 
-477 -922 -54 0 
779 -823 -294 0 
-934 -358 390 0 
-879 -54 -312 0 
-824 -421 951 0 
77 -22 827 0 
548 853 836 0 
24 -282 602 0 
-325 846 314 0 
-340 222 885 0 
-585 -436 -799 0 
-931 797 111 0 
-357 -177 641 0 
606 198 -710 0 
-797 589 -63 0 
-22 458 -949 0 
348 -663 133 0 
11 -33 15 0 
-372 -170 293 0 
628 -819 560 0 
-267 -332 -423 0 
585 35 -67 0 
-431 367 55 0 
-82 -365 423 0 
-179 326 -799 0 
-229 960 987 0 
-588 758 -430 0 
-893 -592 -313 0 
26 222 -887 0 
-408 345 -763 0 
-1 854 -429 0 
888 -667 45 0 
188 -799 664 0 
790 -516 -812 0 
-61 -289 -140 0 
-114 482 -736 0 
-455 573 71 0 
418 975 -14 0 
-897 283 -941 0 
-693 954 31 0 
672 -144 313 0 
867 -266 250 0 
544 190 96 0 
-246 -378 -868 0 
938 886 983 0 
281 691 73 0 
-840 -636 868 0 
-73 725 422 0 
-4 687 747 0 
-193 524 885 0 
535 322 383 0 
-681 473 -657 0 
-134 -191 40 0 
-937 387 -854 0 
186 -567 194 0 
197 -211 260 0 
-724 -321 -854 0 
253 246 445 0 
567 645 -878 0 
-39 -755 790 0 
186 -19 103 0 
912 -87 580 0 
-792 -735 430 0 
363 550 -837 0 
-779 771 -515 0 
-499 -826 -99 0 
-986 -873 -404 0 
691 168 -232 0 
-730 -884 907 0 
-242 -68 -574 0 
-361 -19 -507 0 
-95 91 -853 0 
902 997 -520 0 
869 73 -730 0 
-573 -886 226 0 
361 -235 -515 0 
538 252 64 0 
690 -867 969 0 
-763 883 -897 0 
113 -98 -580 0 
-363 105 -559 0 
253 -597 333 0 
-344 566 -954 0 
283 -127 -798 0 
-758 -985 -428 0 
430 516 697 0 
-708 -818 854 0 
554 471 602 0 
-620 394 445 0 
656 545 671 0 
189 92 -379 0 
-245 -226 -782 0 
812 72 88 0 
-889 203 518 0 
633 -432 280 0 
296 -41 -281 0 
942 -134 -44 0 
68 826 507 0 
559 850 789 0 
388 -690 -702 0 
-344 -226 -542 0 
407 -505 253 0 
-594 206 196 0 
-803 -170 611 0 
925 478 75 0 
-202 385 634 0 
-700 -522 166 0 
258 -447 375 0 
187 -600 -952 0 
706 -996 -339 0 
7 -658 20 0 
2 583 -743 0 
72 910 -852 0 
660 231 -917 0 
650 -367 -407 0 
-125 417 401 0 
-127 814 69 0 
832 338 -778 0 
-866 490 550 0 
558 184 770 0 
641 -849 347 0 
-746 604 -70 0 
-909 -515 872 0 
-725 794 914 0 
-662 536 -499 0 
-626 1000 -201 0 
462 -321 -4 0 
621 804 513 0 
-165 884 -996 0 
345 -590 43 0 
-437 444 478 0 
-244 -769 912 0 
-786 571 -19 0 
532 255 -291 0 
866 744 170 0 
-632 378 -706 0 
-579 -376 -636 0 
-859 122 -884 0 
-806 -115 469 0 
966 286 44 0 
338 -595 -48 0 
-109 657 -611 0 
721 908 -833 0 
898 637 518 0 
-504 375 -487 0 
590 -814 -593 0 
323 -212 -890 0 
397 443 919 0 
-219 253 343 0 
-76 -113 -117 0 
353 84 -869 0 
-390 88 -438 0 
-283 827 -619 0 
767 -673 592 0 
-639 -729 -628 0 
-769 -435 -767 0 
-982 26 932 0 
777 -770 -366 0 
86 -762 382 0 
156 -745 442 0 
-294 -217 -886 0 
-563 136 -959 0 
-869 906 370 0 
-460 364 430 0 
192 -735 871 0 
367 422 52 0 
310 664 955 0 
415 487 717 0 
-767 -702 -185 0 
-815 -112 29 0 
829 147 -649 0 
-288 -187 519 0 
-618 444 738 0 
-9 429 -629 0 
46 -830 -490 0 
514 863 -990 0 
898 253 -118 0 
-706 808 -844 0 
928 -418 623 0 
255 23 -525 0 
582 -325 -122 0 
-653 -632 -768 0 
-263 611 296 0 
-669 684 -705 0 
-630 -527 -624 0 
-445 -329 407 0 
613 155 -352 0 
436 675 930 0 
717 -529 -552 0 
660 913 -273 0 
-50 -78 -732 0 
-874 795 -10 0 
109 650 -576 0 
-179 114 763 0 
310 -109 45 0 
-831 -983 -162 0 
-690 -49 366 0 
208 -539 -499 0 
516 -710 715 0 
-285 93 -53 0 
-962 585 957 0 
703 27 253 0 
-897 -754 -689 0 
-997 -735 -880 0 
680 -24 -723 0 
-87 201 -649 0 
473 20 -553 0 
-503 1 89 0 
911 -52 -789 0 
905 -282 -139 0 
690 -490 -439 0 
239 223 42 0 
795 900 -694 0 
-121 -557 492 0 
-566 -104 901 0 
-269 448 401 0 
-794 -55 -902 0 
315 -339 -413 0 
634 278 -695 0 
-932 -235 -303 0 
660 221 -506 0 
766 653 428 0 
-694 -269 295 0 
-220 -695 254 0 
-203 -861 -716 0 
-31 61 -427 0 
377 -639 724 0 
477 -686 -948 0 
-863 745 -587 0 
-745 859 -726 0 
-909 612 76 0 
-300 -722 -312 0 
-665 498 -689 0 
481 -506 -336 0 
-439 330 -209 0 
-196 -687 136 0 
587 -743 673 0 
-188 -269 357 0 
-506 -901 704 0 
-960 437 -567 0 
-259 790 -883 0 
193 -563 -181 0 
906 123 875 0 
94 -520 596 0 
-736 940 -483 0 
-966 640 -655 0 
-936 -925 845 0 
495 -357 -960 0 
339 464 245 0 
-57 720 -784 0 
473 -829 624 0 
-886 943 -812 0 
-703 -254 503 0 
-309 61 -120 0 
350 57 -747 0 
371 815 -164 0 
-760 -448 -979 0 
103 -510 642 0 
130 254 -115 0 
-615 342 -187 0 
665 -334 -362 0 
393 -348 137 0 
494 216 -379 0 
854 -514 -566 0 
-730 703 -171 0 
43 800 -287 0 
869 443 -641 0 
-84 -380 -321 0 
-420 915 -734 0 
786 -583 586 0 
-463 963 -285 0 
-356 -137 -462 0 
400 465 5 0 
-259 -829 10 0 
727 741 -591 0 
330 163 -129 0 
-870 577 377 0 
292 390 -25 0 
-773 -325 666 0 
-344 150 218 0 
478 -854 761 0 
-120 963 -200 0 
-47 586 4 0 
786 -313 339 0 
-165 453 -130 0 
-302 545 915 0 
-67 237 -993 0 
-63 -218 266 0 
-609 894 80 0 
531 -217 -74 0 
-511 -991 140 0 
-471 -798 -771 0 
-251 -625 321 0 
-918 210 814 0 
-508 -203 813 0 
698 420 -908 0 
858 -497 -651 0 
79 -627 -164 0 
-310 289 -353 0 
-976 56 94 0 
696 -665 575 0 
-927 73 -187 0 
549 -352 422 0 
-513 -787 449 0 
170 769 -304 0 
428 -698 -879 0 
732 -173 -460 0 
190 492 92 0 
-436 929 124 0 
359 329 -923 0 
-479 -945 336 0 
312 -557 -172 0 
-20 917 -844 0 
397 -939 -303 0 
916 -720 132 0 
545 103 -620 0 
488 883 -597 0 
-34 -470 924 0 
-283 -635 -196 0 
201 -709 414 0 
752 -471 -582 0 
7 -312 -138 0 
174 -916 -624 0 
538 -795 -677 0 
-871 569 -602 0 
754 158 -91 0 
900 -580 690 0 
-158 539 291 0 
-531 -308 -192 0 
-242 -172 836 0 
481 287 291 0 
469 909 661 0 
995 -782 -717 0 
455 -218 -551 0 
-383 -302 43 0 
62 804 647 0 
431 -444 -703 0 
308 925 -868 0 
553 -803 -648 0 
-828 -554 238 0 
903 483 -223 0 
31 -455 -9 0 
-412 -602 633 0 
-695 822 421 0 
-450 987 325 0 
-957 478 530 0 
-21 560 456 0 
-118 685 899 0 
750 -51 776 0 
-124 437 936 0 
752 43 229 0 
621 -20 -502 0 
-989 836 957 0 
-385 794 940 0 
-210 599 467 0 
102 95 -558 0 
-247 -426 455 0 
152 -781 -782 0 
-383 253 971 0 
-629 568 508 0 
108 986 919 0 
464 -686 -779 0 
-456 876 -894 0 
-948 68 504 0 
115 -332 54 0 
-25 -632 -218 0 
507 -255 -865 0 
417 666 228 0 
465 679 -413 0 
699 -762 821 0 
-440 786 -507 0 
910 338 -595 0 
-358 936 638 0 
606 -275 763 0 
-908 -156 -138 0 
-947 357 292 0 
382 -80 760 0 
-779 757 832 0 
612 -423 921 0 
-210 42 -942 0 
-458 -437 844 0 
138 -207 -638 0 
456 317 -431 0 
518 606 446 0 
641 579 -345 0 
-311 4 -176 0 
-695 -919 192 0 
-574 759 -16 0 
-665 -977 -982 0 
757 908 -368 0 
-449 970 121 0 
704 -81 -267 0 
-865 -581 -70 0 
319 576 1 0 
21 203 -265 0 
-557 484 -817 0 
-659 777 111 0 
-134 -374 -995 0 
-878 -795 990 0 
813 -451 -710 0 
68 -337 -806 0 
-968 763 -321 0 
-979 -605 396 0 
-284 826 -799 0 
-437 -908 -615 0 
-180 117 367 0 
21 522 615 0 
901 -402 21 0 
-822 408 -65 0 
-736 -701 -812 0 
-355 51 3 0 
17 -961 608 0 
359 665 218 0 
466 -660 -907 0 
-53 75 -390 0 
501 -699 -261 0 
-956 305 -632 0 
217 705 -938 0 
308 909 -56 0 
-91 -442 710 0 
150 -991 -565 0 
281 -845 268 0 
88 83 277 0 
-2 -812 209 0 
75 841 570 0 
721 294 20 0 
-10 -668 -167 0 
-654 911 -695 0 
76 -328 336 0 
694 35 542 0 
621 622 -761 0 
-431 -495 709 0 
48 427 -952 0 
333 27 -309 0 
836 -746 526 0 
-237 -728 -457 0 
968 -731 -55 0 
-393 196 -546 0 
674 420 -513 0 
478 -695 601 0 
-749 -644 84 0 
323 -309 -412 0 
-134 237 452 0 
-393 209 -828 0 
659 244 -982 0 
453 846 -734 0 
-688 -889 -856 0 
-527 876 -346 0 
-167 -808 -677 0 
46 -533 -650 0 
430 664 -403 0 
-429 574 580 0 
89 834 842 0 
465 200 24 0 
-489 624 792 0 
396 969 380 0 
984 -87 -65 0 
-121 -347 376 0 
745 215 -459 0 
-34 -857 708 0 
-9 -660 -887 0 
-637 529 -764 0 
836 -476 810 0 
-73 -222 -645 0 
-744 370 758 0 
-581 -968 530 0 
-102 -496 742 0 
-781 221 -807 0 
-889 -842 395 0 
774 626 -644 0 
-146 548 646 0 
583 -89 836 0 
401 -39 126 0 
569 -994 162 0 
964 924 -829 0 
-524 -270 -860 0 
-396 40 371 0 
-27 -544 -306 0 
873 -867 229 0 
749 -921 195 0 
768 448 360 0 
-516 505 916 0 
155 422 16 0 
876 -236 -56 0 
899 642 173 0 
836 -824 5 0 
-295 -107 855 0 
-372 -328 -105 0 
642 267 584 0 
-515 12 906 0 
340 -37 -9 0 
115 -295 795 0 
-247 -803 786 0 
-572 -439 406 0 
989 -57 -266 0 
328 216 17 0 
569 -593 940 0 
397 -892 275 0 
-222 127 893 0 
304 824 386 0 
-645 -637 -900 0 
-476 -217 417 0 
130 975 311 0 
576 154 385 0 
95 -423 432 0 
51 763 -883 0 
91 67 177 0 
480 -105 -77 0 
-876 482 219 0 
827 333 -462 0 
868 689 390 0 
-832 -933 263 0 
-229 -53 -192 0 
-61 -666 -190 0 
-432 296 411 0 
118 230 -692 0 
700 257 -721 0 
287 364 367 0 
430 78 -863 0 
693 310 -324 0 
228 -443 536 0 
204 429 -40 0 
992 -745 -613 0 
512 -452 -141 0 
-153 203 -540 0 
266 157 -507 0 
-683 -253 983 0 
712 -545 -740 0 
-766 612 -597 0 
253 29 129 0 
-194 494 -314 0 
-216 -359 -394 0 
639 -849 -399 0 
-66 -730 582 0 
413 298 798 0 
416 560 -31 0 
-481 347 -876 0 
-713 832 655 0 
-484 162 -221 0 
996 -439 488 0 
-620 -223 949 0 
-23 -726 -929 0 
-53 311 -60 0 
837 -780 -591 0 
-755 802 971 0 
485 -565 -757 0 
431 24 799 0 
4 -750 -462 0 
140 -31 329 0 
811 -871 -776 0 
-891 -149 -167 0 
-222 -89 -844 0 
595 971 -151 0 
-222 -452 794 0 
470 906 -864 0 
321 -50 -622 0 
-625 416 -411 0 
445 -840 -116 0 
684 447 252 0 
-454 341 -820 0 
-682 460 -43 0 
-852 904 122 0 
-872 478 -102 0 
610 -769 -24 0 
-217 891 427 0 
911 -752 418 0 
-934 905 -314 0 
666 285 -978 0 
209 -370 -805 0 
962 629 42 0 
554 888 -841 0 
511 -108 -322 0 
-219 540 -594 0 
-792 -987 -673 0 
758 1 566 0 
-602 -576 -648 0 
946 8 222 0 
524 -105 -743 0 
753 -195 -655 0 
-585 -624 96 0 
756 208 627 0 
-102 -545 59 0 
-862 734 -412 0 
141 105 744 0 
-215 821 934 0 
-231 496 -161 0 
264 -18 -209 0 
-823 -640 -446 0 
-742 -307 560 0 
-921 19 334 0 
370 -365 -873 0 
-721 -118 579 0 
-792 -840 -422 0 
-288 411 834 0 
3 -934 240 0 
-427 829 -971 0 
-451 -887 -988 0 
-196 -776 359 0 
-747 289 572 0 
-588 -780 174 0 
-97 573 -880 0 
-289 -927 -274 0 
641 -338 196 0 
371 -139 -514 0 
92 524 -604 0 
686 611 -684 0 
-701 32 583 0 
-573 666 163 0 
-955 749 333 0 
-285 101 -258 0 
-749 244 -67 0 
-74 400 -109 0 
534 -30 906 0 
568 444 126 0 
613 -45 884 0 
210 762 -624 0 
-473 -981 555 0 
-694 -66 636 0 
-894 -411 -439 0 
243 -241 747 0 
-12 407 -367 0 
17 521 -831 0 
-685 -760 136 0 
454 -229 -176 0 
502 -100 -132 0 
-977 521 416 0 
113 -481 294 0 
-668 309 -154 0 
-595 -6 822 0 
-909 601 -449 0 
261 626 865 0 
89 224 -178 0 
-94 -72 414 0 
-104 669 -432 0 
-794 -122 448 0 
-267 979 -331 0 
728 -369 298 0 
-856 -262 -67 0 
-306 576 783 0 
740 -567 -338 0 
9 972 725 0 
-329 194 -909 0 
385 371 -704 0 
-683 457 366 0 
-973 160 -305 0 
-71 -62 -860 0 
-264 539 -489 0 
-902 664 -828 0 
-787 802 972 0 
689 720 -849 0 
949 866 759 0 
-467 321 858 0 
671 582 -201 0 
-238 53 -647 0 
237 -66 -388 0 
660 -947 707 0 
-617 137 389 0 
107 -184 727 0 
-658 206 -117 0 
504 -410 -754 0 
529 -768 497 0 
762 -301 994 0 
-171 -360 -905 0 
-543 335 -147 0 
43 -668 -345 0 
939 854 315 0 
352 -752 663 0 
-920 -478 679 0 
41 -218 524 0 
952 -647 -658 0 
-267 -909 762 0 
-546 419 -32 0 
-679 -713 -975 0 
-269 -21 -843 0 
-604 -805 -497 0 
-173 131 110 0 
-760 963 266 0 
-414 312 -902 0 
-519 660 -789 0 
-304 300 -911 0 
-520 -47 721 0 
747 -310 -689 0 
877 -674 -829 0 
153 -184 -823 0 
-452 525 -962 0 
-93 -23 903 0 
17 362 274 0 
-699 989 318 0 
880 725 -746 0 
-520 -20 -71 0 
-209 -970 676 0 
219 -651 -98 0 
775 503 -652 0 
496 606 552 0 
798 230 258 0 
509 -538 -886 0 
126 828 -40 0 
144 -319 -135 0 
561 89 491 0 
-22 -920 826 0 
361 809 37 0 
180 297 397 0 
-56 -88 697 0 
351 441 398 0 
675 -115 719 0 
-884 91 -112 0 
-142 399 -259 0 
694 -191 467 0 
631 -554 -587 0 
-386 204 -260 0 
-96 244 821 0 
-376 -465 281 0 
-133 -77 177 0 
899 -346 371 0 
-262 352 643 0 
-87 150 -118 0 
-28 -53 262 0 
-984 -328 127 0 
-956 642 271 0 
-126 -715 -851 0 
-785 -396 899 0 
940 237 -9 0 
770 -717 -271 0 
400 877 980 0 
167 604 318 0 
-152 -10 -600 0 
-724 -715 277 0 
354 7 79 0 
-129 595 -961 0 
736 -966 328 0 
780 -238 -61 0 
-424 194 -13 0 
-520 -668 -127 0 
-616 309 -891 0 
-127 -346 -808 0 
617 281 950 0 
692 941 333 0 
189 -27 -444 0 
348 -264 357 0 
931 613 881 0 
-121 -30 -767 0 
-50 215 47 0 
-212 198 954 0 
-744 -638 -297 0 
-580 -555 279 0 
-134 -628 -4 0 
-754 -649 -780 0 
665 -134 356 0 
-18 -724 -44 0 
702 557 704 0 
-896 486 112 0 
-19 603 848 0 
980 -746 -70 0 
556 337 150 0 
276 428 570 0 
-452 -482 -272 0 
-42 -519 19 0 
11 816 -648 0 
-425 375 -972 0 
911 356 972 0 
-649 -521 432 0 
-356 -477 861 0 
488 -954 -584 0 
484 -781 -18 0 
729 713 -392 0 
324 506 -445 0 
-289 228 199 0 
-937 846 -863 0 
422 -482 -280 0 
-423 -220 872 0 
-39 512 907 0 
813 534 -533 0 
751 -141 -289 0 
914 -966 821 0 
-407 221 754 0 
435 408 -298 0 
899 -871 -265 0 
239 279 -951 0 
118 478 522 0 
226 224 -191 0 
-558 -704 -162 0 
-463 823 -791 0 
335 -78 990 0 
-528 718 -838 0 
-50 -474 -35 0 
377 -612 925 0 
-572 -592 922 0 
-218 284 982 0 
-493 -786 -938 0 
-238 -422 -163 0 
972 -432 -721 0 
99 426 -9 0 
-289 863 636 0 
393 713 265 0 
486 607 638 0 
-288 589 -141 0 
283 -168 -452 0 
751 275 -71 0 
120 526 763 0 
-204 957 -296 0 
380 371 -730 0 
842 -689 729 0 
860 -138 -333 0 
-534 103 -877 0 
-872 -819 911 0 
69 -705 4 0 
769 -475 450 0 
-861 -934 628 0 
746 938 -313 0 
322 -327 -369 0 
-550 633 702 0 
-768 447 -289 0 
-964 -931 -599 0 
-474 759 -480 0 
832 809 -753 0 
-884 -992 -219 0 
-584 -210 183 0 
171 690 285 0 
140 874 858 0 
912 -557 814 0 
-834 708 -11 0 
826 102 -404 0 
-337 365 845 0 
995 -463 -162 0 
554 -227 468 0 
-990 518 450 0 
831 -883 -320 0 
672 -66 -461 0 
-897 445 603 0 
990 -337 -838 0 
102 79 -44 0 
320 -121 66 0 
-728 -111 -168 0 
-233 40 365 0 
773 500 -762 0 
-519 -559 783 0 
589 -433 1000 0 
-458 -780 -21 0 
855 454 952 0 
-533 736 49 0 
-169 854 419 0 
392 560 96 0 
363 -51 -567 0 
-30 -150 165 0 
-118 -74 24 0 
98 86 -627 0 
-201 920 940 0 
-201 38 280 0 
-687 -107 -299 0 
-473 -519 -961 0 
270 523 -473 0 
-830 404 -89 0 
-634 67 288 0 
-927 -257 457 0 
520 875 -507 0 
897 -265 -682 0 
-380 26 222 0 
-418 -608 778 0 
535 -71 -966 0 
-262 -916 -233 0 
221 40 -477 0 
-24 701 890 0 
-998 -988 223 0 
-657 72 -650 0 
661 -349 -296 0 
-30 -423 -440 0 
462 925 465 0 
-928 400 -923 0 
-780 -461 -195 0 
910 -726 -293 0 
395 -940 786 0 
192 969 59 0 
313 -335 -740 0 
-176 -914 -661 0 
972 887 906 0 
489 -951 302 0 
442 -559 945 0 
-809 -89 -717 0 
-454 -626 -122 0 
191 68 674 0 
-793 487 -286 0 
-558 206 578 0 
560 -930 40 0 
294 131 -335 0 
360 277 -558 0 
-15 -227 691 0 
922 675 848 0 
513 599 751 0 
563 -766 -745 0 
388 381 -679 0 
-993 -143 -681 0 
390 104 -746 0 
-315 -597 685 0 
293 569 418 0 
-69 -493 552 0 
304 -419 259 0 
-419 -140 -208 0 
522 580 957 0 
836 -695 762 0 
-952 933 531 0 
-248 -999 -794 0 
957 -314 -500 0 
180 454 506 0 
307 -232 -633 0 
-810 -403 -73 0 
785 -214 887 0 
662 -361 -735 0 
196 -59 712 0 
-474 729 -101 0 
185 -703 223 0 
-383 938 732 0 
-983 -771 -671 0 
912 -383 -641 0 
-847 312 -591 0 
-384 -996 308 0 
597 136 30 0 
623 -917 1000 0 
432 996 -551 0 
794 837 -319 0 
474 784 -435 0 
-301 529 -696 0 
-943 -53 521 0 
-205 522 -476 0 
-64 -342 -595 0 
-219 -938 745 0 
-146 494 409 0 
-950 -73 641 0 
-944 -376 90 0 
704 440 634 0 
868 598 -141 0 
212 420 113 0 
-511 -42 -675 0 
111 -356 86 0 
137 843 547 0 
434 308 -185 0 
776 -757 -397 0 
861 -723 -813 0 
-653 -846 877 0 
452 -818 -889 0 
769 -972 986 0 
-150 -454 659 0 
946 502 229 0 
-507 -327 -395 0 
-731 -233 853 0 
-488 570 -469 0 
108 -646 879 0 
-994 387 -964 0 
996 132 15 0 
757 339 -486 0 
-981 753 580 0 
-475 -836 509 0 
-325 -347 496 0 
24 384 -119 0 
-421 -154 488 0 
855 -384 -409 0 
-330 414 -80 0 
-677 -43 -896 0 
-19 -643 362 0 
590 -864 -236 0 
74 -45 838 0 
900 -8 -455 0 
742 28 863 0 
176 -574 -769 0 
-143 615 -331 0 
-594 622 -162 0 
500 718 512 0 
-99 778 -678 0 
-1000 -536 649 0 
800 -740 -480 0 
-414 -892 -552 0 
330 568 695 0 
-520 647 108 0 
757 45 194 0 
196 -302 -830 0 
108 -635 -122 0 
859 -490 -883 0 
-284 855 121 0 
320 -293 -989 0 
-344 -803 922 0 
192 -938 -72 0 
-499 953 274 0 
224 746 -547 0 
673 -575 45 0 
-456 100 281 0 
-782 -778 -120 0 
-927 -915 -675 0 
405 -490 76 0 
625 969 -337 0 
-626 236 518 0 
-733 414 -629 0 
-337 -464 -618 0 
-62 -491 -663 0 
-818 127 -272 0 
-801 234 100 0 
-414 66 777 0 
362 -113 230 0 
-442 -757 -983 0 
-610 -608 63 0 
772 59 307 0 
81 940 -498 0 
-8 249 -396 0 
235 -120 -874 0 
-690 -322 925 0 
-156 -502 -481 0 
710 -277 -523 0 
-146 -917 -806 0 
388 -291 -790 0 
988 974 -931 0 
508 439 870 0 
515 -930 -413 0 
-472 560 831 0 
948 628 578 0 
471 915 -425 0 
-240 -857 513 0 
-700 -469 -395 0 
-717 -609 -178 0 
-346 477 -494 0 
390 521 -171 0 
-929 267 -493 0 
-267 -594 -685 0 
-72 382 -119 0 
28 -593 405 0 
857 378 -58 0 
-527 201 -399 0 
-809 147 319 0 
-548 62 94 0 
514 -644 633 0 
726 -835 424 0 
900 -657 870 0 
-892 -320 -612 0 
857 398 896 0 
192 821 126 0 
452 803 -377 0 
230 -932 -823 0 
100 -33 -645 0 
866 81 633 0 
654 -532 560 0 
650 -152 655 0 
-196 893 531 0 
-1000 482 -415 0 
332 -665 910 0 
63 -282 -58 0 
-678 -416 -890 0 
81 977 -448 0 
-589 453 874 0 
237 67 728 0 
87 6 661 0 
-24 959 -524 0 
575 -509 224 0 
187 244 613 0 
-161 -619 5 0 
49 -311 -115 0 
720 -155 875 0 
-116 446 -656 0 
-533 -324 -789 0 
259 -122 178 0 
-87 -23 -443 0 
364 -499 -699 0 
938 -238 -605 0 
-85 580 412 0 
513 65 41 0 
-575 -702 264 0 
-475 915 421 0 
-760 533 -98 0 
-119 717 -923 0 
-290 701 -131 0 
650 -272 -856 0 
88 -815 -263 0 
559 175 39 0 
616 -598 -777 0 
-570 -620 839 0 
490 -983 377 0 
-56 -902 -103 0 
266 -746 -17 0 
-528 -897 997 0 
-677 576 446 0 
-394 -74 -561 0 
954 714 807 0 
498 304 -329 0 
804 5 614 0 
3 832 -883 0 
570 247 641 0 
-796 -407 -307 0 
653 -784 -391 0 
-817 -300 885 0 
245 -526 459 0 
345 505 -716 0 
