p cnf 1000 3200
415 -123 827 0 
-150 -636 -397 0 
773 -481 -13 0 
-448 -104 641 0 
-167 -597 -600 0 
-510 -12 -389 0 
-277 769 7 0 
-588 388 -127 0 
-558 -125 -549 0 
521 32 283 0 
170 -246 -70 0 
321 -430 772 0 
776 43 -360 0 
-998 355 552 0 
917 459 -931 0 
-537 -200 -611 0 
-152 892 756 0 
538 -461 945 0 
-348 -503 275 0 
139 321 -593 0 
-550 -260 42 0 
-141 -945 -635 0 
762 386 460 0 
952 -731 352 0 
-77 608 -90 0 
-227 -450 924 0 
-249 481 -795 0 
-221 514 615 0 
123 -87 727 0 
23 825 28 0 
756 -3 883 0 
-168 -266 316 0 
15 458 817 0 
342 961 864 0 
175 174 51 0 
-428 429 604 0 
240 -646 159 0 
-905 -665 -844 0 
-574 136 -275 0 
845 -821 -493 0 
-610 153 606 0 
-375 -825 -39 0 
-104 903 -317 0 
-279 -175 -799 0 
-680 228 -471 0 
633 2 65 0 
-197 152 9 0 
-497 -146 -669 0 
-872 -627 314 0 
652 200 -558 0 
-31 -272 -821 0 
863 334 894 0 
-214 110 689 0 
259 -48 -177 0 
-821 710 -811 0 
-845 142 -986 0 
384 -767 -915 0 
-510 -741 -723 0 
631 497 -837 0 
-731 50 -633 0 
271 -29 -595 0 
620 -824 202 0 
-907 749 -805 0 
-915 98 857 0 
936 434 241 0 
-261 78 656 0 
429 40 806 0 
33 -373 61 0 
515 999 281 0 
-548 -786 724 0 
266 -213 4 0 
842 216 -900 0 
401 908 -927 0 
-931 189 935 0 
308 -942 -471 0 
801 -995 -565 0 
-23 -784 390 0 
-3 -921 -772 0 
-986 37 -670 0 
923 265 235 0 
-702 -641 815 0 
898 -432 372 0 
-419 934 906 0 
755 -851 -418 0 
-729 641 -869 0 
-867 814 242 0 
340 -686 530 0 
-785 948 629 0 
-147 -253 -620 0 
693 245 -220 0 
972 609 558 0 
573 -505 -319 0 
386 -2 -615 0 
257 -120 531 0 
467 697 -817 0 
962 -296 826 0 
-732 -986 -332 0 
115 62 144 0 
-345 694 -7 0 
455 138 396 0 
471 -535 808 0 
799 226 529 0 
-848 271 -555 0 
-265 -995 -280 0 
-798 346 333 0 
73 -391 -668 0 
84 39 -95 0 
-804 -740 290 0 
964 312 -548 0 
-885 676 816 0 
-970 142 208 0 
-538 -775 -91 0 
-304 631 628 0 
449 -915 -811 0 
-980 343 -803 0 
-57 759 -429 0 
739 -805 -80 0 
-845 -487 -335 0 
814 -538 -987 0 
-759 -101 -179 0 
-495 -634 985 0 
363 -697 857 0 
-670 398 133 0 
-988 -131 -855 0 
-895 477 101 0 
-945 543 37 0 
-82 899 830 0 
269 393 -900 0 
-158 -616 744 0 
96 992 -183 0 
-512 69 490 0 
577 738 -980 0 
680 98 311 0 
-815 53 239 0 
-755 187 34 0 
93 134 215 0 
-481 -624 -695 0 
-46 281 -430 0 
777 3 -819 0 
547 953 -393 0 
-502 -527 650 0 
-883 738 -465 0 
-96 457 279 0 
727 359 -804 0 
643 -541 198 0 
239 17 -51 0 
255 846 -481 0 
741 8 -432 0 
835 -272 839 0 
-760 76 539 0 
283 640 -842 0 
-378 705 -176 0 
476 -897 673 0 
789 -84 723 0 
-917 666 305 0 
725 353 -205 0 
510 694 570 0 
-560 447 -864 0 
-289 -296 -948 0 
-670 851 420 0 
163 846 -515 0 
-868 527 -762 0 
156 247 454 0 
879 -301 -60 0 
-631 379 -663 0 
-518 289 -53 0 
-565 212 217 0 
-532 -990 546 0 
-161 -26 95 0 
-804 682 -27 0 
334 -875 217 0 
76 -406 90 0 
-852 97 437 0 
-861 -485 -882 0 
-240 609 -381 0 
-228 -77 -3 0 
-97 280 489 0 
838 -464 -577 0 
-724 525 -994 0 
-821 339 977 0 
628 -280 -332 0 
746 12 729 0 
-699 596 -365 0 
34 -467 890 0 
-895 -815 -841 0 
598 479 -528 0 
-934 809 467 0 
-433 399 625 0 
266 -664 -816 0 
564 -753 659 0 
629 761 -467 0 
-649 303 -313 0 
-624 -354 302 0 
169 -432 691 0 
-591 80 -305 0 
-426 878 -328 0 
990 346 620 0 
-786 498 298 0 
-527 -759 -53 0 
798 655 -644 0 
361 290 388 0 
535 757 -581 0 
840 -433 893 0 
-517 1 -112 0 
-896 -52 -323 0 
961 279 314 0 
805 464 527 0 
269 96 -175 0 
-14 882 -190 0 
324 332 -409 0 
-806 -813 -712 0 
-559 870 -952 0 
-16 -263 -533 0 
-441 732 -689 0 
-384 6 990 0 
525 329 951 0 
523 -990 489 0 
501 -490 851 0 
256 698 -103 0 
526 863 -539 0 
871 -617 518 0 
-778 447 -404 0 
388 154 -494 0 
-371 342 -292 0 
-773 375 -398 0 
756 512 -178 0 
-463 946 604 0 
305 -150 -608 0 
425 502 -503 0 
349 652 -139 0 
26 -453 347 0 
378 92 -986 0 
-646 -33 -114 0 
610 -27 -634 0 
93 985 -358 0 
373 710 -831 0 
213 -579 -781 0 
611 608 -148 0 
-819 616 -997 0 
-548 -126 -638 0 
-467 -41 -869 0 
-55 291 643 0 
-782 -410 439 0 
197 -551 -87 0 
-73 65 -345 0 
-556 842 251 0 
302 -166 -536 0 
590 839 975 0 
-740 -594 -426 0 
124 337 626 0 
450 959 -553 0 
-383 968 -832 0 
-465 -644 238 0 
-550 207 680 0 
758 -894 -457 0 
-461 829 -324 0 
527 122 660 0 
150 -944 -199 0 
-947 874 -812 0 
735 -240 -209 0 
-15 -77 -315 0 
-697 -896 -828 0 
-754 315 553 0 
522 109 -101 0 
-248 634 324 0 
250 -911 457 0 
-672 -574 981 0 
-842 -273 -847 0 
550 443 -781 0 
50 103 -656 0 
-810 282 -889 0 
-336 -819 -367 0 
-101 -517 -616 0 
471 -76 893 0 
-82 -332 444 0 
-116 -101 805 0 
-290 387 -507 0 
-735 857 386 0 
258 994 302 0 
-212 472 964 0 
14 -855 476 0 
-176 -554 -884 0 
245 -866 -876 0 
-861 965 -319 0 
374 -189 -984 0 
293 685 -444 0 
631 -543 -534 0 
-396 -346 604 0 
142 254 -69 0 
782 -248 17 0 
-555 381 958 0 
-279 961 639 0 
-118 245 -607 0 
-246 -770 37 0 
-614 -140 -578 0 
-475 -873 820 0 
-945 115 -998 0 
522 389 978 0 
461 326 632 0 
948 915 473 0 
413 322 153 0 
-983 916 -733 0 
460 625 -291 0 
297 -10 767 0 
-243 -848 779 0 
662 -910 926 0 
347 73 748 0 
-509 830 -755 0 
878 592 -439 0 
181 633 274 0 
14 -645 -806 0 
621 -389 -753 0 
-210 -849 -804 0 
-218 -36 -427 0 
8 967 597 0 
542 679 -985 0 
-984 974 -816 0 
454 894 227 0 
-741 -531 -648 0 
325 -540 -976 0 
-201 -959 56 0 
136 636 -633 0 
-692 -884 -696 0 
452 999 -191 0 
726 -438 851 0 
620 -354 -777 0 
-587 -296 102 0 
382 761 -547 0 
546 692 38 0 
31 798 849 0 
-510 -307 -482 0 
774 294 707 0 
914 -900 -167 0 
864 -893 63 0 
-43 75 751 0 
694 884 926 0 
-68 -736 267 0 
-889 -364 666 0 
139 -514 -42 0 
-245 14 626 0 
-701 -657 247 0 
-419 298 392 0 
878 -520 -847 0 
-267 100 22 0 
-221 134 167 0 
677 -720 324 0 
-183 -314 -966 0 
-258 -616 -52 0 
77 802 14 0 
757 434 150 0 
-504 -185 -662 0 
-331 586 765 0 
641 854 -439 0 
664 -39 -370 0 
56 -755 787 0 
131 165 -132 0 
-279 256 -834 0 
-268 378 85 0 
-28 343 971 0 
-398 -204 118 0 
-874 244 306 0 
-952 944 -804 0 
-669 -576 707 0 
71 -444 -712 0 
-56 945 -313 0 
-948 644 -4 0 
-730 -142 -336 0 
-132 -394 -571 0 
457 -43 -193 0 
-62 -645 -222 0 
19 -871 729 0 
962 -452 -261 0 
870 456 -385 0 
797 -494 -507 0 
803 -245 251 0 
-974 879 613 0 
776 169 -671 0 
-145 220 -531 0 
-518 921 624 0 
-558 -539 54 0 
-922 244 -139 0 
-871 228 717 0 
573 674 -992 0 
-696 -407 459 0 
-634 -626 -166 0 
-874 -302 -736 0 
561 -433 -440 0 
194 -151 -963 0 
828 205 635 0 
44 -84 540 0 
-660 8 -543 0 
-4 508 291 0 
239 -842 360 0 
380 149 -532 0 
-654 -749 -564 0 
-617 193 370 0 
-834 145 366 0 
861 -933 -341 0 
-525 137 -182 0 
-206 -168 582 0 
625 -951 752 0 
950 790 -955 0 
526 186 359 0 
-926 57 714 0 
-634 -544 -528 0 
36 525 -327 0 
740 -2 -288 0 
38 -892 880 0 
-231 461 -856 0 
-387 880 -721 0 
-129 813 -839 0 
699 -58 -421 0 
752 519 -221 0 
-564 -986 249 0 
934 -579 698 0 
-214 573 -942 0 
-536 376 -679 0 
232 -968 -563 0 
-663 644 -682 0 
857 -541 -765 0 
-186 546 845 0 
-312 -96 -44 0 
96 474 -514 0 
-133 700 777 0 
-831 -964 331 0 
-623 701 43 0 
-13 39 -189 0 
-707 661 795 0 
-530 -566 303 0 
-291 531 -306 0 
965 -39 -632 0 
-419 -482 -714 0 
-874 250 -531 0 
191 646 766 0 
-232 -811 79 0 
-370 -413 843 0 
432 311 594 0 
245 -558 632 0 
-681 27 -17 0 
-738 -823 868 0 
-413 229 -917 0 
-693 97 571 0 
-245 339 310 0 
-844 195 141 0 
-174 883 -95 0 
724 -578 -739 0 
-511 863 182 0 
-370 -856 -784 0 
-236 -484 105 0 
405 -254 -267 0 
767 188 896 0 
-559 26 797 0 
-895 744 -560 0 
244 -378 629 0 
927 421 387 0 
-833 588 -569 0 
-830 439 138 0 
-550 875 849 0 
-495 229 630 0 
-948 826 376 0 
964 558 677 0 
78 -814 968 0 
98 990 -4 0 
-624 326 -419 0 
-65 -635 511 0 
-515 -886 -811 0 
-975 959 26 0 
339 -732 938 0 
-653 677 -811 0 
-863 453 -231 0 
1000 524 -301 0 
-605 531 707 0 
-58 359 -572 0 
-142 -276 -217 0 
-704 -514 940 0 
-769 -825 611 0 
-703 -103 -793 0 
707 -36 294 0 
-445 140 -495 0 
-688 -99 -961 0 
-908 -161 373 0 
-389 989 939 0 
608 -708 -798 0 
-809 -406 -140 0 
173 345 -305 0 
108 591 -819 0 
-579 -825 26 0 
-486 -47 -262 0 
-22 -267 890 0 
610 -752 -152 0 
145 -726 -683 0 
403 80 -2 0 
-40 188 865 0 
-601 -773 690 0 
-703 -615 139 0 
810 -176 702 0 
740 -984 307 0 
-473 -255 807 0 
41 924 320 0 
-606 -295 -288 0 
461 -345 80 0 
-957 300 891 0 
-399 -524 586 0 
219 453 673 0 
-123 332 441 0 
-369 232 297 0 
-103 -21 -220 0 
-713 -718 895 0 
-51 -636 -113 0 
25 848 -801 0 
140 421 -730 0 
530 441 617 0 
267 934 535 0 
329 936 681 0 
-577 878 202 0 
570 -14 465 0 
506 -159 -169 0 
902 -514 727 0 
-760 -938 -388 0 
-826 72 -672 0 
886 -819 559 0 
443 -109 622 0 
-634 -173 -213 0 
-960 77 188 0 
675 797 -403 0 
910 -595 945 0 
514 308 -701 0 
446 88 -136 0 
325 740 919 0 
-130 -467 -877 0 
173 968 436 0 
150 220 -708 0 
638 884 -694 0 
34 -746 431 0 
-179 31 433 0 
292 236 -928 0 
-721 339 -104 0 
-657 -825 -407 0 
-690 241 -161 0 
45 274 -377 0 
-202 888 226 0 
84 488 -955 0 
-88 -940 528 0 
-364 -791 -899 0 
709 -280 -973 0 
-166 83 429 0 
-408 -39 385 0 
-247 -117 -147 0 
-45 247 -258 0 
95 -891 575 0 
-94 648 300 0 
-276 730 -844 0 
-496 781 -185 0 
-65 -469 -133 0 
790 -380 39 0 
-637 437 -66 0 
256 157 -221 0 
-301 766 -143 0 
943 -734 79 0 
-278 965 169 0 
52 -165 -535 0 
688 198 -907 0 
105 -95 602 0 
-460 -948 696 0 
-51 436 837 0 
775 128 -301 0 
229 -871 -70 0 
-570 212 -466 0 
-623 -713 554 0 
215 -640 -235 0 
-180 -629 736 0 
18 -836 755 0 
784 329 19 0 
979 -434 -687 0 
-470 903 786 0 
-615 -519 -231 0 
625 -713 -637 0 
972 -610 -464 0 
837 -490 148 0 
-419 -977 507 0 
-291 962 -779 0 
621 401 204 0 
444 217 -908 0 
-848 -916 99 0 
-10 -737 89 0 
-291 474 -544 0 
-416 346 713 0 
-450 538 904 0 
802 357 305 0 
-60 -609 -717 0 
272 -827 797 0 
-792 159 725 0 
-851 -163 827 0 
900 -513 -585 0 
-446 -863 996 0 
-69 132 -932 0 
325 257 198 0 
149 -845 707 0 
-932 -452 191 0 
-155 690 233 0 
153 -718 -676 0 
-289 973 258 0 
103 831 -978 0 
-253 108 -712 0 
-736 301 307 0 
405 7 535 0 
787 -574 -407 0 
-609 624 155 0 
733 -286 102 0 
400 -263 356 0 
-345 -389 -691 0 
-147 -115 697 0 
-697 436 79 0 
808 -77 -556 0 
-312 -541 617 0 
34 -917 -801 0 
-741 130 -209 0 
333 17 148 0 
-808 554 84 0 
-802 759 -280 0 
-337 -166 493 0 
794 -684 -298 0 
-34 793 347 0 
362 -753 800 0 
225 -772 651 0 
783 59 453 0 
378 961 740 0 
543 -586 383 0 
322 -388 455 0 
-391 743 127 0 
-266 -719 894 0 
-597 90 -661 0 
-80 467 -696 0 
-81 -32 -825 0 
940 -479 -476 0 
77 158 304 0 
197 -622 763 0 
-621 -686 862 0 
-418 -300 -87 0 
995 -598 -829 0 
-320 -165 -208 0 
-678 -716 -782 0 
-628 -627 536 0 
250 -674 925 0 
-356 -884 807 0 
403 -43 -966 0 
-70 391 545 0 
-256 -522 935 0 
-197 -156 660 0 
499 516 -947 0 
203 -54 -112 0 
-580 765 -70 0 
-642 565 -885 0 
425 300 174 0 
656 -934 -337 0 
468 881 -744 0 
189 803 20 0 
560 -664 275 0 
762 -755 81 0 
858 470 -940 0 
-931 -549 871 0 
-238 -113 914 0 
141 415 530 0 
-930 -387 -297 0 
939 -425 -108 0 
-793 2 806 0 
-559 -76 277 0 
634 610 283 0 
724 175 848 0 
233 46 -607 0 
-535 -317 -474 0 
-829 892 -120 0 
-518 618 310 0 
747 -705 -299 0 
786 -652 99 0 
-980 -644 703 0 
167 801 8 0 
-852 437 32 0 
293 481 437 0 
-326 -482 106 0 
240 -295 597 0 
-672 -198 -156 0 
430 206 144 0 
750 344 -540 0 
871 -579 945 0 
-270 -970 -818 0 
-403 813 221 0 
-975 383 281 0 
273 134 464 0 
643 544 683 0 
-77 -61 -224 0 
347 256 -122 0 
-730 -366 -926 0 
792 -673 643 0 
-852 794 815 0 
-307 -939 222 0 
-850 175 -986 0 
-15 58 224 0 
659 -629 562 0 
543 891 531 0 
532 906 118 0 
-520 -606 -770 0 
579 -823 942 0 
86 -945 -441 0 
283 155 -639 0 
167 733 117 0 
503 289 240 0 
-233 -264 -621 0 
222 -519 -586 0 
57 -254 -166 0 
962 -379 -569 0 
500 772 -296 0 
-553 144 924 0 
-81 -191 763 0 
750 221 689 0 
861 -342 56 0 
-226 -244 850 0 
591 603 604 0 
131 -246 -672 0 
168 -178 -206 0 
-726 766 475 0 
-899 206 571 0 
-250 646 -362 0 
-562 -243 -194 0 
-367 662 -196 0 
339 670 473 0 
-846 448 -994 0 
458 -16 -72 0 
47 -448 368 0 
882 793 724 0 
-895 783 139 0 
682 -16 622 0 
820 281 -481 0 
-729 471 -23 0 
24 -282 628 0 
491 -556 892 0 
-166 -150 -812 0 
-30 817 -840 0 
-541 233 55 0 
842 439 -383 0 
827 -296 829 0 
735 -8 222 0 
-785 -632 -408 0 
-462 -706 996 0 
796 283 -116 0 
40 331 -49 0 
581 -438 -268 0 
-579 -940 -468 0 
641 -627 475 0 
-952 114 318 0 
-815 -687 508 0 
-399 504 -824 0 
605 -320 421 0 
-184 -283 -668 0 
836 250 -606 0 
-524 -224 -921 0 
-130 -924 -63 0 
893 235 322 0 
-584 -924 -707 0 
-463 -502 694 0 
-666 947 352 0 
-790 643 -561 0 
-851 850 -686 0 
-292 134 381 0 
335 537 747 0 
144 -790 -565 0 
-687 -399 723 0 
-16 427 296 0 
-94 560 338 0 
708 -237 -712 0 
458 -127 144 0 
466 340 -521 0 
-39 447 -974 0 
959 695 41 0 
-226 430 -30 0 
-605 -43 840 0 
999 401 761 0 
-977 135 -265 0 
661 -712 -424 0 
270 -271 -611 0 
-528 -546 125 0 
616 -344 -520 0 
-914 246 -826 0 
390 -949 921 0 
-748 -253 -450 0 
275 -764 690 0 
-479 305 804 0 
177 780 -876 0 
-754 733 -856 0 
-237 139 -222 0 
119 579 707 0 
595 295 177 0 
-67 329 817 0 
-127 -779 868 0 
976 -471 -118 0 
195 357 -428 0 
673 -287 704 0 
646 -207 227 0 
-56 -369 -636 0 
-162 -165 -243 0 
671 686 -97 0 
-538 -112 -565 0 
405 435 -986 0 
967 639 -320 0 
-38 -682 488 0 
747 741 448 0 
672 103 539 0 
887 912 874 0 
104 717 511 0 
-976 67 652 0 
361 -758 -983 0 
-573 -759 -21 0 
-403 -260 -365 0 
-98 -935 837 0 
-363 -607 -642 0 
-317 -366 353 0 
-244 -572 96 0 
-72 472 230 0 
161 -140 -59 0 
-664 123 8 0 
351 858 -854 0 
73 506 -159 0 
349 873 -420 0 
-133 470 -707 0 
245 86 -450 0 
31 -375 359 0 
-124 -86 -177 0 
-173 -415 958 0 
-269 988 -870 0 
-256 833 -704 0 
90 570 240 0 
302 -392 824 0 
314 -786 -270 0 
-273 -240 685 0 
75 -627 -746 0 
-11 -928 -444 0 
963 -700 -479 0 
-397 -409 -909 0 
492 860 -107 0 
-437 -668 -946 0 
-563 583 187 0 
812 -362 -906 0 
759 -721 -238 0 
869 956 621 0 
873 485 -795 0 
852 279 161 0 
-638 -796 862 0 
-430 467 -461 0 
473 381 -918 0 
-909 -974 -177 0 
-527 617 -365 0 
-704 -71 -713 0 
792 134 -605 0 
-581 121 -98 0 
-103 597 -672 0 
-616 -13 991 0 
916 514 -754 0 
-975 -524 -362 0 
621 127 -680 0 
202 -493 550 0 
77 868 -877 0 
608 -36 475 0 
-879 -519 482 0 
215 528 842 0 
-913 -293 762 0 
558 824 -385 0 
-654 -159 -171 0 
-704 -763 -594 0 
259 -412 614 0 
-414 243 553 0 
735 -149 472 0 
-184 -559 -943 0 
116 240 -321 0 
322 429 487 0 
917 -373 72 0 
-628 -615 -844 0 
-366 198 -623 0 
876 -928 -583 0 
-374 820 494 0 
-573 -98 487 0 
-950 -474 -760 0 
-620 -355 -164 0 
-498 -823 371 0 
583 20 660 0 
-298 563 -202 0 
114 231 -257 0 
-308 -916 637 0 
63 841 416 0 
-533 -461 384 0 
644 815 228 0 
448 -707 254 0 
-744 -8 875 0 
-183 -200 -4 0 
-235 14 310 0 
116 869 -210 0 
-765 408 -81 0 
755 -898 174 0 
-988 -870 523 0 
-14 -430 119 0 
99 117 456 0 
-367 -111 874 0 
-923 50 -288 0 
-746 662 -930 0 
-163 -496 181 0 
-391 387 177 0 
267 933 885 0 
-17 10 -152 0 
-225 875 7 0 
681 -341 129 0 
927 -564 -315 0 
537 -972 737 0 
-644 -350 -333 0 
976 -543 353 0 
745 759 -997 0 
-789 -982 -877 0 
-453 -35 422 0 
-429 -927 774 0 
-981 -251 302 0 
319 998 668 0 
-936 398 -1000 0 
174 -310 540 0 
-443 -134 50 0 
825 -436 -285 0 
-324 667 384 0 
-47 -311 928 0 
-390 -733 -111 0 
767 807 -286 0 
712 -235 -310 0 
821 -157 -948 0 
-869 388 -131 0 
-346 -63 -16 0 
264 808 11 0 
-185 -888 512 0 
-675 -711 718 0 
613 104 586 0 
928 827 -839 0 
825 286 -858 0 
597 -839 335 0 
755 -297 -12 0 
20 -185 -584 0 
-566 312 -36 0 
-968 37 -838 0 
717 713 -570 0 
-509 -573 128 0 
774 69 431 0 
-893 -454 -433 0 
160 -256 -170 0 
356 -40 13 0 
703 -778 -781 0 
-912 220 738 0 
269 196 762 0 
-456 -379 679 0 
-217 -30 -761 0 
-925 -831 -895 0 
-992 -708 -446 0 
10 407 808 0 
496 445 -595 0 
-273 -122 666 0 
40 -121 -28 0 
915 5 -514 0 
368 -86 -558 0 
94 -653 -710 0 
-922 -571 -362 0 
96 -359 -621 0 
-367 -932 113 0 
-738 449 -367 0 
-884 -850 -284 0 
-1 -701 -258 0 
-116 492 -469 0 
10 -619 -420 0 
-660 -524 -288 0 
-647 -187 490 0 
568 636 508 0 
509 695 970 0 
91 -518 990 0 
-506 -431 -300 0 
-271 633 -321 0 
45 169 -738 0 
762 226 -278 0 
447 -853 -470 0 
853 540 488 0 
993 748 66 0 
-526 -907 325 0 
-59 -116 -838 0 
371 -15 472 0 
950 570 699 0 
652 -880 878 0 
500 -685 -891 0 
528 -453 -915 0 
-100 -164 166 0 
356 955 170 0 
515 -502 966 0 
733 111 302 0 
965 791 784 0 
-344 134 614 0 
-260 109 638 0 
-538 -416 978 0 
778 499 97 0 
913 -195 953 0 
-537 396 692 0 
614 -788 21 0 
104 461 173 0 
-545 351 -126 0 
-657 -159 814 0 
300 -682 229 0 
-900 -703 822 0 
-95 -314 2 0 
290 785 352 0 
-561 987 33 0 
509 958 610 0 
-218 -682 912 0 
761 168 -434 0 
479 863 -946 0 
-598 57 62 0 
-988 -955 322 0 
-470 698 -914 0 
-291 317 616 0 
-195 244 -334 0 
976 267 -67 0 
-15 -104 -225 0 
780 -646 770 0 
-895 -432 -606 0 
-991 422 -660 0 
145 169 236 0 
-411 -81 83 0 
831 -276 926 0 
-327 -237 71 0 
-275 526 978 0 
-646 -467 54 0 
-601 472 -635 0 
-3 193 -731 0 
222 265 204 0 
-555 -559 346 0 
577 861 528 0 
185 491 344 0 
-161 -312 923 0 
-87 961 -762 0 
-480 -508 -456 0 
-864 -351 775 0 
372 239 -396 0 
159 -18 -931 0 
-602 -541 897 0 
-832 -437 -25 0 
-442 190 -476 0 
-493 171 982 0 
935 59 -141 0 
-154 -649 -296 0 
-748 -815 -869 0 
-398 482 130 0 
197 -580 839 0 
177 -998 889 0 
557 474 366 0 
-155 407 392 0 
-236 752 -781 0 
541 -744 44 0 
135 -879 477 0 
885 -671 82 0 
-407 680 -231 0 
427 441 -995 0 
-879 93 -951 0 
-780 -703 -51 0 
-837 604 28 0 
-233 -278 638 0 
118 776 864 0 
700 646 653 0 
-734 -796 -793 0 
147 820 424 0 
421 943 694 0 
529 709 864 0 
268 -491 -214 0 
294 996 778 0 
187 351 -115 0 
-290 -186 -563 0 
-312 234 294 0 
695 -974 832 0 
944 233 -820 0 
42 413 861 0 
317 196 -419 0 
-764 -946 -461 0 
-536 135 908 0 
-280 -852 -421 0 
-800 -218 861 0 
219 -82 -87 0 
586 -318 170 0 
74 865 -770 0 
790 887 -538 0 
178 520 243 0 
-521 -510 -922 0 
-580 800 -738 0 
-129 845 -520 0 
-739 -754 -673 0 
-463 -933 -261 0 
-113 236 805 0 
47 -810 -345 0 
785 -828 23 0 
549 665 -262 0 
754 57 -705 0 
848 902 -768 0 
-787 -62 -228 0 
903 -109 -511 0 
-166 510 -432 0 
-916 -988 -237 0 
995 34 -454 0 
530 -437 -132 0 
246 -370 -301 0 
293 -159 257 0 
-183 -921 -362 0 
-751 684 162 0 
-626 539 413 0 
-747 484 -256 0 
-292 -500 538 0 
-927 -46 686 0 
-18 89 236 0 
390 164 -723 0 
805 652 -242 0 
990 956 -433 0 
120 -975 478 0 
-633 -691 -489 0 
720 422 318 0 
738 845 -83 0 
-600 644 -246 0 
-800 -575 -556 0 
-365 604 -458 0 
-643 178 974 0 
-597 584 -125 0 
-931 810 -31 0 
216 -760 153 0 
-548 -753 233 0 
-168 -852 -447 0 
837 784 -128 0 
-495 -570 551 0 
360 -962 -905 0 
84 -501 95 0 
-811 -856 810 0 
512 960 -94 0 
512 401 912 0 
432 -1000 -804 0 
-890 -415 -970 0 
941 -540 -289 0 
-481 -276 -502 0 
935 363 584 0 
-884 -668 555 0 
-174 -459 420 0 
-270 477 -31 0 
354 -524 -675 0 
515 105 -887 0 
459 809 -147 0 
-957 -730 987 0 
-712 647 402 0 
995 -240 948 0 
279 -818 -173 0 
-615 -781 609 0 
-557 829 112 0 
-18 -409 -66 0 
943 -218 -269 0 
-862 -422 -650 0 
509 381 437 0 
-713 -472 545 0 
128 -501 -74 0 
-113 5 -355 0 
995 -607 -864 0 
-341 350 148 0 
-876 -142 -348 0 
-940 -928 587 0 
-673 413 -290 0 
755 395 929 0 
-745 -307 775 0 
616 -734 894 0 
776 647 738 0 
-998 67 295 0 
-252 844 -135 0 
952 569 -256 0 
180 -922 -344 0 
519 -417 -659 0 
-723 -429 811 0 
301 -903 -767 0 
-735 585 -924 0 
184 -813 -530 0 
-303 -880 602 0 
137 756 735 0 
-884 -862 903 0 
-774 690 -548 0 
576 547 -14 0 
453 -976 -722 0 
331 -193 514 0 
783 421 -410 0 
490 -275 678 0 
-977 534 -961 0 
802 -317 -540 0 
184 -759 -30 0 
-202 -255 185 0 
-860 -813 309 0 
35 -640 13 0 
-774 461 47 0 
230 351 653 0 
666 136 -278 0 
298 -621 310 0 
-974 488 -614 0 
-808 -457 652 0 
-71 -18 -604 0 
-676 -978 -635 0 
521 78 607 0 
-838 -88 -842 0 
734 -512 470 0 
-639 -775 361 0 
359 -190 -690 0 
-364 687 152 0 
-961 -318 -342 0 
-570 -946 578 0 
-173 206 -427 0 
716 817 847 0 
-996 797 -358 0 
219 221 608 0 
-461 -686 396 0 
-801 285 -318 0 
905 80 -405 0 
-595 -976 327 0 
506 -342 562 0 
-562 -753 894 0 
-105 -284 -700 0 
276 -20 599 0 
-20 -228 486 0 
-921 -142 522 0 
-256 697 -393 0 
-509 169 -142 0 
-984 -893 637 0 
16 320 -224 0 
-991 569 709 0 
860 647 359 0 
-751 -238 -201 0 
271 -64 317 0 
519 -295 813 0 
553 -633 -623 0 
560 -410 -84 0 
-48 154 -731 0 
-723 -797 -928 0 
80 605 -3 0 
-510 587 -661 0 
-871 -384 -2 0 
124 942 112 0 
118 651 -13 0 
-748 565 774 0 
658 -653 389 0 
813 150 -111 0 
775 -827 -291 0 
946 990 490 0 
-69 114 -129 0 
641 -209 731 0 
-879 -118 -237 0 
926 -492 -988 0 
-773 -912 -41 0 
488 -480 391 0 
-618 -616 133 0 
385 415 -95 0 
534 -155 123 0 
-731 -562 527 0 
245 854 54 0 
-271 -477 539 0 
769 211 -499 0 
126 -488 605 0 
702 -147 263 0 
-246 -56 886 0 
4 885 583 0 
-388 -925 -754 0 
-674 -192 -549 0 
-909 -52 622 0 
-913 -470 461 0 
256 271 -944 0 
484 897 454 0 
817 -880 415 0 
-377 -517 -486 0 
622 -788 -60 0 
135 879 439 0 
132 482 970 0 
351 423 -486 0 
459 -967 426 0 
15 471 -538 0 
-172 -832 87 0 
-959 742 81 0 
-330 864 -823 0 
-932 -614 412 0 
-859 161 -429 0 
188 -644 541 0 
965 -263 923 0 
-4 352 -344 0 
663 419 -614 0 
375 -823 78 0 
933 -891 -358 0 
-452 -220 831 0 
647 98 -366 0 
-392 -528 -984 0 
-819 900 -197 0 
776 -309 -227 0 
-565 -90 -597 0 
-519 650 985 0 
578 368 -870 0 
-417 465 416 0 
401 293 -991 0 
-734 225 726 0 
-755 818 188 0 
178 161 520 0 
-275 658 -880 0 
-836 -926 906 0 
290 -989 -146 0 
790 -259 -166 0 
-101 541 -832 0 
-271 93 376 0 
-46 -310 -742 0 
-220 -111 340 0 
-991 911 -612 0 
631 -691 -242 0 
-60 207 281 0 
389 825 -770 0 
306 -888 554 0 
-788 -766 -770 0 
-673 -964 -760 0 
-366 -291 -52 0 
954 923 -907 0 
910 909 -817 0 
-299 653 -347 0 
407 188 361 0 
895 -463 -763 0 
43 -283 -448 0 
95 -576 -90 0 
143 568 -848 0 
788 -923 -77 0 
871 -981 685 0 
-115 -522 -193 0 
-348 9 830 0 
-677 -258 765 0 
408 325 -581 0 
-859 625 228 0 
187 977 476 0 
-629 -198 645 0 
858 -806 -827 0 
734 -78 -890 0 
781 -812 -890 0 
-824 -232 669 0 
400 791 -42 0 
-488 808 -707 0 
225 770 251 0 
137 -67 477 0 
-207 33 -638 0 
-929 744 174 0 
-300 -383 -360 0 
-331 -910 458 0 
-351 -725 317 0 
761 598 -535 0 
271 -643 -173 0 
746 -860 433 0 
-926 953 877 0 
576 -639 -275 0 
428 -35 248 0 
988 282 332 0 
938 -238 577 0 
-170 25 -403 0 
-602 -351 813 0 
509 -104 -174 0 
953 -494 219 0 
-252 -166 -949 0 
985 -325 902 0 
-399 813 -388 0 
971 316 -935 0 
201 791 -278 0 
24 9 -960 0 
-514 132 648 0 
-15 150 354 0 
-838 656 -795 0 
674 -280 -740 0 
287 820 14 0 
-34 450 -779 0 
710 890 -212 0 
529 -600 808 0 
916 734 103 0 
-973 -97 82 0 
543 -317 -386 0 
36 997 963 0 
-238 -1000 -208 0 
-5 -817 -531 0 
-736 -561 -71 0 
-580 -924 -519 0 
806 -395 -637 0 
-414 648 -447 0 
-23 -480 -382 0 
207 -141 -657 0 
-756 318 -925 0 
344 708 279 0 
188 329 207 0 
320 801 -907 0 
-122 -298 474 0 
56 703 878 0 
569 -676 688 0 
-299 -835 -372 0 
-524 -314 -706 0 
-105 118 -401 0 
-893 246 -267 0 
33 -282 332 0 
-982 371 -746 0 
315 69 -711 0 
-427 587 -861 0 
978 787 276 0 
-192 -772 664 0 
-128 237 315 0 
570 71 521 0 
354 -873 440 0 
-887 -39 -174 0 
632 -244 -148 0 
-792 -741 -397 0 
-68 -590 -609 0 
555 210 320 0 
-216 921 640 0 
-816 -975 308 0 
-729 -273 -290 0 
159 410 585 0 
-693 -278 375 0 
-320 325 -246 0 
-588 -463 -83 0 
186 85 -986 0 
188 103 655 0 
39 -507 -1000 0 
35 -243 -913 0 
-921 -944 812 0 
-964 410 12 0 
291 244 -976 0 
-435 301 -739 0 
336 322 354 0 
-211 -548 -611 0 
-832 369 19 0 
533 193 -776 0 
-397 530 -534 0 
-862 -550 629 0 
-681 673 -380 0 
34 259 163 0 
883 -871 231 0 
808 461 -46 0 
-400 584 62 0 
-197 -163 -549 0 
355 -153 -694 0 
263 -470 815 0 
-239 -270 884 0 
-509 77 -923 0 
-166 847 130 0 
-955 -241 806 0 
-638 591 251 0 
459 580 720 0 
478 275 -885 0 
-42 -453 274 0 
-215 -821 -772 0 
615 874 -675 0 
886 -989 427 0 
904 -27 40 0 
-669 236 455 0 
-936 290 -912 0 
479 -572 -488 0 
228 -418 699 0 
-589 424 715 0 
-137 -90 -373 0 
-865 -105 443 0 
-690 -677 -977 0 
240 417 -982 0 
-610 69 -575 0 
504 952 -550 0 
-943 269 -989 0 
-3 -994 -483 0 
111 99 866 0 
735 -222 714 0 
-384 -889 -695 0 
239 144 435 0 
-343 770 -676 0 
-875 570 870 0 
297 98 -673 0 
648 738 3 0 
-731 -77 848 0 
-168 512 443 0 
-387 657 414 0 
-118 634 873 0 
-366 119 692 0 
801 -507 1 0 
907 253 776 0 
-938 -443 -589 0 
-638 208 855 0 
365 -645 -830 0 
503 818 -767 0 
-187 380 -280 0 
-903 48 -268 0 
82 601 101 0 
-832 486 839 0 
409 350 -905 0 
863 600 -568 0 
738 -279 32 0 
-271 731 267 0 
-697 774 284 0 
-956 493 -798 0 
255 290 456 0 
526 -729 -380 0 
-523 488 212 0 
-858 -281 888 0 
-795 -798 50 0 
259 678 -465 0 
933 -578 643 0 
-686 436 114 0 
-28 110 -572 0 
851 295 692 0 
-890 -913 598 0 
-162 -794 -728 0 
906 855 163 0 
-803 -801 155 0 
175 -32 -323 0 
-10 557 -610 0 
-393 -981 -972 0 
185 395 -203 0 
-528 -641 -535 0 
948 -3 929 0 
800 134 43 0 
-923 -102 816 0 
-60 713 -818 0 
530 -861 754 0 
841 860 194 0 
-632 433 715 0 
-91 -898 934 0 
245 979 -717 0 
-920 -963 422 0 
-149 -603 -942 0 
-752 617 182 0 
523 278 906 0 
288 401 126 0 
-57 747 -638 0 
-490 -171 -467 0 
-80 962 -321 0 
-909 894 -303 0 
554 908 735 0 
-512 444 -195 0 
-462 498 444 0 
348 639 101 0 
-560 545 26 0 
488 413 484 0 
989 801 -312 0 
-530 961 -443 0 
-17 -101 -117 0 
-560 875 -996 0 
-968 -381 514 0 
-525 530 -409 0 
-215 -638 -961 0 
-793 710 856 0 
-158 -268 382 0 
197 966 -150 0 
412 -399 -849 0 
-558 993 84 0 
-412 249 814 0 
275 -673 407 0 
313 -959 873 0 
471 -159 -456 0 
831 -143 725 0 
-85 14 -152 0 
-868 -110 277 0 
139 -986 31 0 
-328 -118 -418 0 
-615 -599 589 0 
-309 711 104 0 
-20 -708 279 0 
399 -106 -694 0 
483 -332 -56 0 
382 -935 -516 0 
34 -362 -930 0 
47 -997 -717 0 
553 -540 -719 0 
-293 -770 -195 0 
721 637 159 0 
-373 555 293 0 
-88 986 767 0 
124 420 -418 0 
114 225 851 0 
851 634 20 0 
-94 -201 700 0 
987 449 87 0 
-669 -364 -144 0 
-178 -117 618 0 
-90 640 985 0 
-356 742 -67 0 
-99 -380 30 0 
-941 -616 -532 0 
-497 246 67 0 
158 396 836 0 
996 -836 474 0 
-117 984 -497 0 
285 703 -29 0 
-292 674 524 0 
224 -489 -190 0 
-86 -781 -11 0 
258 702 76 0 
-282 -188 -642 0 
-496 987 -483 0 
-727 -34 602 0 
-396 411 291 0 
597 -963 -906 0 
85 486 859 0 
-360 -124 94 0 
-528 218 -579 0 
232 238 -801 0 
90 -250 -32 0 
444 752 -497 0 
-211 815 456 0 
98 -695 -922 0 
-61 -722 537 0 
-734 890 -564 0 
608 425 -377 0 
-555 -449 902 0 
-843 -809 453 0 
-783 -707 -642 0 
954 -315 743 0 
704 352 -935 0 
-849 619 928 0 
-32 -100 4 0 
796 -4 202 0 
584 128 414 0 
-350 -649 263 0 
-238 865 -880 0 
562 -981 965 0 
-939 654 -507 0 
-607 -637 -977 0 
30 55 685 0 
486 -334 381 0 
354 -206 756 0 
844 664 537 0 
766 -703 14 0 
-412 -75 262 0 
-532 -506 714 0 
-444 -902 881 0 
484 -355 419 0 
-901 611 -378 0 
-127 -888 -50 0 
-550 -703 -606 0 
-183 543 -121 0 
347 -522 -537 0 
-659 697 -945 0 
640 -286 -366 0 
-688 -806 -544 0 
-605 -208 -40 0 
-895 659 597 0 
983 -672 480 0 
-28 -430 566 0 
969 860 365 0 
119 927 931 0 
-274 -109 706 0 
656 624 -948 0 
598 67 952 0 
56 22 -119 0 
-769 555 536 0 
-428 -266 -391 0 
-227 710 -697 0 
398 138 -979 0 
196 973 429 0 
963 124 921 0 
314 18 797 0 
331 -617 -659 0 
-196 904 -584 0 
-95 -207 210 0 
-7 305 -588 0 
773 -191 200 0 
-759 541 891 0 
-625 166 314 0 
-768 -431 942 0 
359 345 989 0 
919 -535 -139 0 
-342 -201 932 0 
-28 -533 -157 0 
803 57 -934 0 
-678 -797 -223 0 
729 -441 318 0 
-509 100 789 0 
-477 -921 -865 0 
-412 430 757 0 
-517 -600 114 0 
-627 -33 670 0 
-490 -900 525 0 
353 871 -313 0 
761 38 650 0 
-642 82 394 0 
298 651 -746 0 
-888 573 -460 0 
86 -225 -874 0 
-833 942 709 0 
-534 -536 -972 0 
555 403 -667 0 
-399 74 -143 0 
-417 -348 -178 0 
-17 387 524 0 
-830 271 806 0 
-193 -705 -210 0 
-537 -615 601 0 
228 -246 -289 0 
155 515 -648 0 
880 -132 198 0 
41 76 -893 0 
633 305 -429 0 
-289 367 -2 0 
-830 -529 -386 0 
-792 991 -638 0 
439 -286 -190 0 
966 538 -240 0 
-332 -65 184 0 
-569 32 -116 0 
395 680 977 0 
987 169 -24 0 
374 -385 -230 0 
-215 -650 -40 0 
129 -670 784 0 
797 -896 -908 0 
895 349 567 0 
809 444 306 0 
-89 44 -932 0 
-548 530 627 0 
961 205 -695 0 
151 -102 -167 0 
-765 -225 748 0 
439 -706 -571 0 
987 703 975 0 
-474 803 662 0 
-330 -823 362 0 
198 382 -779 0 
-703 -738 113 0 
140 -381 -412 0 
585 -961 -212 0 
-918 526 217 0 
995 46 551 0 
80 -21 185 0 
761 -69 -176 0 
384 -942 289 0 
-313 -391 -154 0 
346 938 977 0 
875 -617 361 0 
-579 -161 809 0 
-822 -763 -932 0 
623 58 -1000 0 
387 178 -633 0 
-387 217 519 0 
419 -332 -658 0 
444 -281 536 0 
427 -908 686 0 
-794 -1000 566 0 
678 41 718 0 
774 -338 -725 0 
142 847 -33 0 
-720 -996 536 0 
731 253 687 0 
-458 -487 66 0 
-522 757 -774 0 
-56 939 -899 0 
-358 214 484 0 
-194 471 -405 0 
336 -797 497 0 
-112 770 -974 0 
-712 -346 -858 0 
-282 -16 572 0 
27 225 -641 0 
-287 -501 515 0 
-346 492 -978 0 
-802 -56 495 0 
-461 -179 469 0 
380 564 161 0 
-118 -410 785 0 
723 -51 -114 0 
169 133 -251 0 
577 648 -374 0 
-596 -103 183 0 
-333 -856 -417 0 
717 -836 275 0 
-431 -963 -107 0 
-998 -306 896 0 
-5 -13 562 0 
167 843 -355 0 
227 -778 38 0 
-575 -274 523 0 
-16 -465 -248 0 
781 -751 -924 0 
652 287 -263 0 
-356 -37 -616 0 
634 -319 168 0 
706 -392 517 0 
606 731 590 0 
-233 -762 -934 0 
126 -434 -26 0 
532 440 918 0 
984 -459 -33 0 
262 232 -25 0 
371 603 950 0 
-492 -698 -385 0 
-761 505 831 0 
540 866 480 0 
577 -391 -499 0 
398 -603 -283 0 
-745 -172 873 0 
-113 68 -390 0 
537 -930 572 0 
-251 903 470 0 
582 -985 503 0 
251 -335 644 0 
588 957 116 0 
693 -699 321 0 
528 570 699 0 
-213 998 616 0 
35 808 -482 0 
695 -264 -653 0 
418 335 -494 0 
-343 -281 285 0 
-312 534 467 0 
-780 -849 436 0 
-189 199 950 0 
498 250 -42 0 
376 -475 185 0 
-975 318 61 0 
-713 -373 658 0 
79 -321 -689 0 
-94 862 313 0 
-74 655 -899 0 
655 -773 -543 0 
647 595 471 0 
710 282 -160 0 
682 -736 923 0 
-779 859 -979 0 
-326 498 750 0 
-203 -148 -162 0 
-568 422 162 0 
789 544 -674 0 
838 -165 555 0 
824 -900 -376 0 
704 -357 565 0 
28 353 669 0 
-457 276 -526 0 
493 -978 -927 0 
582 -693 937 0 
-503 -737 -395 0 
362 498 -591 0 
-565 -21 -837 0 
-796 -454 894 0 
515 -251 -442 0 
211 88 664 0 
383 -619 968 0 
200 893 936 0 
-124 -810 -87 0 
-182 375 487 0 
-632 -455 -158 0 
-241 284 -967 0 
315 -783 910 0 
-243 922 -981 0 
-617 -891 -5 0 
536 -13 -591 0 
945 -427 -238 0 
-583 -763 -195 0 
921 107 509 0 
-885 259 592 0 
-110 -856 959 0 
893 -166 -6 0 
101 -437 -649 0 
73 282 964 0 
-146 700 33 0 
-229 373 817 0 
581 -582 75 0 
-955 194 -286 0 
-303 187 -210 0 
-252 -305 853 0 
-695 914 958 0 
-429 -739 -189 0 
864 33 571 0 
-673 623 743 0 
-991 550 -456 0 
-668 -772 510 0 
-553 -609 -735 0 
131 827 404 0 
-757 -900 297 0 
-891 446 139 0 
406 -656 923 0 
28 -58 -291 0 
-86 497 -597 0 
-86 -295 -720 0 
-758 88 573 0 
290 610 -772 0 
343 -635 885 0 
-418 -595 -783 0 
-549 -353 193 0 
824 -14 98 0 
-865 -236 -852 0 
682 611 -89 0 
-816 -244 -821 0 
-182 338 -109 0 
978 -882 -186 0 
744 -514 24 0 
-417 -397 -459 0 
737 790 -240 0 
768 951 -631 0 
-100 -502 -366 0 
602 478 -128 0 
179 -277 583 0 
968 806 -910 0 
934 530 -992 0 
92 670 -90 0 
378 41 39 0 
336 -961 784 0 
646 119 195 0 
376 746 -461 0 
-242 334 -51 0 
-809 -120 -380 0 
-263 -441 414 0 
638 -492 300 0 
-765 693 90 0 
171 410 549 0 
-91 39 -754 0 
-973 999 -711 0 
251 -394 -365 0 
738 243 598 0 
-242 467 275 0 
729 719 -347 0 
180 -101 -176 0 
-982 -865 549 0 
212 100 91 0 
212 -888 674 0 
-585 -310 756 0 
646 -332 -895 0 
-480 653 695 0 
-285 348 360 0 
-194 769 -214 0 
-908 -820 -999 0 
-497 971 -705 0 
814 115 591 0 
155 193 396 0 
791 119 -193 0 
519 -190 368 0 
418 -370 840 0 
-362 235 230 0 
794 902 -367 0 
664 -332 -128 0 
-461 454 -158 0 
179 949 -243 0 
-581 -90 302 0 
829 -529 -808 0 
-998 898 356 0 
-738 -592 96 0 
338 893 -233 0 
81 -842 -197 0 
571 -619 -752 0 
173 563 542 0 
-619 138 -957 0 
771 252 258 0 
608 160 272 0 
-965 -880 -603 0 
789 893 967 0 
917 -949 -714 0 
321 -138 -324 0 
-854 -338 797 0 
393 -915 -227 0 
617 -962 632 0 
-115 -22 305 0 
-600 106 420 0 
-140 641 865 0 
-329 -23 -660 0 
-74 847 -218 0 
987 532 551 0 
206 594 367 0 
511 662 -228 0 
796 -945 -317 0 
560 285 671 0 
318 -495 74 0 
491 -586 -128 0 
-378 -45 -527 0 
-717 758 -84 0 
-986 73 766 0 
121 329 443 0 
-939 871 -145 0 
824 23 -810 0 
-455 -595 -246 0 
620 455 400 0 
811 -956 -558 0 
455 245 -49 0 
-229 -692 295 0 
261 -969 147 0 
-742 326 924 0 
-1000 -23 709 0 
173 727 33 0 
-110 -673 -666 0 
-961 -550 787 0 
483 404 -350 0 
211 -444 231 0 
57 -75 563 0 
-216 676 820 0 
772 -266 -85 0 
-283 354 -897 0 
-705 -892 430 0 
623 78 191 0 
-880 872 636 0 
834 -829 -708 0 
588 70 -621 0 
85 -642 754 0 
-271 -608 -679 0 
348 506 623 0 
264 -236 200 0 
282 -19 121 0 
892 874 -951 0 
-721 962 430 0 
-950 980 725 0 
859 524 -65 0 
-649 537 -767 0 
386 120 617 0 
-361 704 760 0 
109 -182 170 0 
645 341 364 0 
-202 -497 548 0 
-711 307 -964 0 
-763 548 -456 0 
716 741 106 0 
114 474 -136 0 
427 929 -384 0 
859 -830 759 0 
677 785 642 0 
-372 -611 -271 0 
11 -513 982 0 
-737 -898 980 0 
961 -728 245 0 
229 -467 772 0 
632 512 -544 0 
814 -971 -304 0 
-353 -358 -221 0 
69 51 -25 0 
-663 402 -337 0 
281 983 738 0 
495 612 438 0 
-400 -415 -846 0 
669 199 -504 0 
350 -705 585 0 
275 320 281 0 
913 -33 543 0 
525 -693 -972 0 
-136 -252 -453 0 
102 754 641 0 
156 -193 -967 0 
-870 -779 220 0 
271 908 89 0 
77 632 -394 0 
-946 592 240 0 
87 810 -746 0 
-293 -558 -118 0 
790 571 -519 0 
-462 909 760 0 
-110 -104 772 0 
-139 -327 -843 0 
-66 285 742 0 
145 127 -309 0 
849 223 -503 0 
861 39 322 0 
-434 -649 570 0 
102 651 -758 0 
-557 -221 -626 0 
-275 634 940 0 
318 173 -484 0 
-282 584 -363 0 
-16 -676 -697 0 
-862 -672 824 0 
753 301 517 0 
411 -755 943 0 
-281 -602 -616 0 
-732 -650 333 0 
-324 672 992 0 
-510 -678 230 0 
244 940 -699 0 
138 -919 -317 0 
682 293 -201 0 
-854 -308 -642 0 
-565 -244 -500 0 
-798 -486 599 0 
-825 -964 -814 0 
969 562 -870 0 
228 -619 -21 0 
-839 -529 -163 0 
-644 874 390 0 
-457 607 958 0 
493 -958 275 0 
216 -222 39 0 
-617 -948 39 0 
-756 -560 -724 0 
-913 221 897 0 
-961 260 -270 0 
921 -771 452 0 
-437 -836 1 0 
898 -379 378 0 
629 221 873 0 
-250 702 -914 0 
243 -403 -427 0 
-955 261 506 0 
586 -535 -552 0 
742 715 443 0 
-35 -880 201 0 
-75 -787 602 0 
524 409 32 0 
736 -853 -197 0 
-354 -202 -694 0 
443 -616 -868 0 
-884 -892 -528 0 
652 -278 265 0 
-913 -254 479 0 
-718 -547 -747 0 
442 221 636 0 
660 -166 -342 0 
697 -910 -362 0 
-144 -921 -998 0 
85 -924 -846 0 
457 996 -644 0 
-245 -786 126 0 
-374 -350 627 0 
-66 -898 594 0 
-411 -51 506 0 
868 -264 -882 0 
825 -166 747 0 
538 144 -695 0 
-396 -360 -712 0 
476 -472 -618 0 
740 869 -288 0 
98 446 -631 0 
148 43 181 0 
-875 -544 -703 0 
-178 -364 497 0 
-76 -197 -917 0 
-483 150 -1000 0 
-793 -958 -520 0 
165 -882 410 0 
365 604 -835 0 
-644 -277 808 0 
625 151 -935 0 
-447 -334 6 0 
980 -62 -130 0 
473 463 174 0 
765 470 59 0 
-681 92 448 0 
139 -444 -582 0 
856 -527 6 0 
-973 568 -263 0 
896 806 -858 0 
208 252 -593 0 
-527 -990 -602 0 
369 195 366 0 
-330 -142 773 0 
-215 -925 324 0 
246 -192 482 0 
-132 127 564 0 
-411 608 -523 0 
-812 -200 -746 0 
-253 -143 -34 0 
-383 133 -862 0 
783 927 -459 0 
-682 749 182 0 
-750 873 361 0 
331 -311 691 0 
125 829 59 0 
188 -438 -623 0 
-548 -488 499 0 
-750 -892 117 0 
-352 701 754 0 
613 224 149 0 
907 625 -161 0 
-605 -124 845 0 
-996 91 -309 0 
-469 -120 942 0 
627 964 398 0 
-694 -911 69 0 
888 717 290 0 
912 643 -225 0 
-865 -986 630 0 
-461 358 453 0 
-937 -40 657 0 
68 572 790 0 
-304 105 564 0 
-49 802 23 0 
673 145 -877 0 
191 -86 -200 0 
821 129 -354 0 
-767 869 235 0 
676 387 -755 0 
650 -516 671 0 
774 -125 711 0 
425 60 -315 0 
-413 646 647 0 
-45 -404 348 0 
-941 -456 -299 0 
-979 201 -268 0 
804 843 777 0 
394 -4 -657 0 
287 -268 -791 0 
-45 -757 -823 0 
-907 -147 432 0 
885 -964 499 0 
-77 349 -656 0 
869 -874 -947 0 
-550 375 437 0 
-545 383 -100 0 
-185 -767 -394 0 
467 950 -530 0 
99 856 609 0 
-316 475 -431 0 
673 581 -364 0 
186 675 808 0 
-56 -137 363 0 
178 -56 822 0 
-874 863 443 0 
-459 -807 567 0 
851 512 688 0 
-771 -513 -369 0 
-776 752 -620 0 
777 610 133 0 
-34 -660 926 0 
-568 944 -532 0 
484 -503 -572 0 
-717 -575 588 0 
-621 968 683 0 
-656 -207 -72 0 
531 208 -521 0 
-263 961 -552 0 
-479 927 436 0 
-630 790 294 0 
-128 -380 220 0 
-266 723 830 0 
551 580 82 0 
880 468 -271 0 
461 -140 929 0 
-458 381 -889 0 
-382 4 -429 0 
-833 218 -263 0 
-439 969 162 0 
-549 -112 641 0 
-660 475 -247 0 
127 -384 -745 0 
782 -597 -363 0 
-885 414 -334 0 
-550 -718 -153 0 
122 105 -221 0 
-151 224 305 0 
445 -242 -327 0 
-426 795 -283 0 
-958 495 264 0 
457 -359 -669 0 
313 -593 645 0 
700 -915 -98 0 
-427 -450 23 0 
623 757 224 0 
-774 -706 -249 0 
-190 350 863 0 
142 457 -774 0 
-890 941 766 0 
27 -694 778 0 
-861 293 -37 0 
-15 -67 468 0 
-337 -726 5 0 
-821 -652 -970 0 
355 -309 -173 0 
25 240 258 0 
-650 827 -566 0 
-916 -467 -452 0 
-801 318 165 0 
-981 -736 -722 0 
399 18 -966 0 
678 243 -571 0 
-606 495 210 0 
988 -5 -96 0 
164 2 -253 0 
-241 -619 -457 0 
776 101 361 0 
229 -424 513 0 
-261 746 702 0 
587 -292 -462 0 
-150 812 873 0 
159 909 -943 0 
903 -995 -121 0 
-263 -897 704 0 
423 446 -666 0 
9 -86 24 0 
223 470 760 0 
380 -449 559 0 
541 -233 628 0 
921 563 -568 0 
917 -732 197 0 
29 813 751 0 
86 161 755 0 
389 -421 566 0 
-410 -827 882 0 
690 736 272 0 
805 -428 -539 0 
600 -392 -83 0 
-261 339 187 0 
-31 -957 355 0 
-250 776 662 0 
-764 285 428 0 
-568 310 249 0 
772 346 998 0 
789 -467 -295 0 
-816 -571 114 0 
-964 678 886 0 
-508 177 297 0 
533 173 -963 0 
-942 298 27 0 
60 826 40 0 
-168 -318 524 0 
972 -488 -69 0 
154 903 520 0 
986 633 -943 0 
360 382 127 0 
-367 768 675 0 
436 -818 -570 0 
972 -820 -446 0 
73 -20 359 0 
-13 528 -117 0 
587 668 -549 0 
-20 213 335 0 
628 401 776 0 
-615 809 -518 0 
-219 516 -388 0 
826 -568 587 0 
-40 650 -290 0 
480 926 706 0 
-448 -361 267 0 
88 -820 -465 0 
-688 -924 383 0 
-687 872 -265 0 
978 408 442 0 
-323 803 172 0 
257 821 -724 0 
648 -665 -118 0 
-304 -129 -52 0 
-355 -4 518 0 
560 184 -432 0 
825 55 -660 0 
-222 -769 -510 0 
-188 -682 -2 0 
-542 818 -508 0 
-570 409 388 0 
894 -595 -481 0 
164 -889 -328 0 
644 58 980 0 
253 383 862 0 
-549 -750 233 0 
264 477 -30 0 
-903 904 303 0 
696 -813 37 0 
-205 -583 -159 0 
320 396 -972 0 
740 734 707 0 
228 564 430 0 
603 -323 479 0 
348 -569 -295 0 
-54 -261 -609 0 
342 -316 -673 0 
-297 48 148 0 
-199 150 76 0 
-383 206 997 0 
810 677 -400 0 
193 41 -815 0 
693 -579 -663 0 
612 523 -87 0 
563 -252 177 0 
615 214 118 0 
180 397 -3 0 
64 828 443 0 
868 -357 -585 0 
-799 391 195 0 
-86 607 389 0 
607 -882 -121 0 
-153 -862 797 0 
468 -79 -879 0 
140 -327 -564 0 
-892 89 243 0 
-650 -519 -785 0 
537 242 -182 0 
-488 109 972 0 
-496 -531 146 0 
-667 -319 -301 0 
-639 -405 763 0 
544 387 390 0 
398 -882 72 0 
-422 954 -246 0 
79 8 -646 0 
616 678 -432 0 
-82 633 -253 0 
-655 675 -929 0 
72 -628 742 0 
-129 774 612 0 
-535 -851 -636 0 
-128 -954 475 0 
-313 44 -518 0 
-585 191 -537 0 
-910 864 881 0 
455 134 -151 0 
717 567 -932 0 
-970 101 -330 0 
-961 -823 -178 0 
-487 648 -392 0 
257 -472 855 0 
-196 -678 318 0 
51 7 251 0 
-790 -219 -702 0 
-789 447 936 0 
-224 -373 678 0 
-802 -300 699 0 
-853 -395 968 0 
-267 -357 455 0 
-868 10 998 0 
531 -468 138 0 
415 -428 980 0 
-719 926 27 0 
-791 635 -906 0 
-219 488 795 0 
-370 -360 175 0 
106 -675 -890 0 
509 -552 211 0 
283 360 728 0 
-250 365 -94 0 
310 -440 -507 0 
489 6 -150 0 
964 976 629 0 
642 727 -562 0 
-334 53 318 0 
426 752 -903 0 
280 -537 -192 0 
217 -695 671 0 
672 -746 -965 0 
-617 863 320 0 
-270 349 301 0 
-735 968 99 0 
838 -406 629 0 
-940 -513 819 0 
-758 -913 -229 0 
-751 22 -547 0 
374 -5 -265 0 
-997 -716 -948 0 
-961 -633 396 0 
732 -959 -481 0 
873 -259 -164 0 
712 836 -444 0 
-930 903 -924 0 
-486 -47 -102 0 
-472 618 -527 0 
935 -207 497 0 
-923 -129 -964 0 
188 -90 771 0 
949 -957 -868 0 
8 -220 98 0 
-298 -902 236 0 
845 -988 711 0 
-8 73 732 0 
851 14 314 0 
-619 586 333 0 
251 467 434 0 
836 289 438 0 
838 247 851 0 
-211 -1000 -722 0 
732 52 -104 0 
305 806 955 0 
47 913 -455 0 
-736 -284 345 0 
951 -512 -789 0 
-105 989 -483 0 
-197 -815 354 0 
803 -792 -993 0 
-673 -923 -846 0 
938 507 992 0 
187 -557 -676 0 
-876 -383 104 0 
210 620 829 0 
-441 367 550 0 
-119 428 47 0 
942 139 -452 0 
191 -741 358 0 
-779 -226 304 0 
625 -990 -736 0 
314 807 22 0 
530 -474 -884 0 
-243 868 704 0 
154 891 202 0 
771 24 195 0 
487 -256 902 0 
607 265 679 0 
-518 -928 198 0 
269 -561 252 0 
-765 -850 -841 0 
522 -73 -933 0 
-880 -738 528 0 
85 886 354 0 
-502 -900 725 0 
261 -891 -210 0 
-306 -874 -22 0 
130 -996 -262 0 
-905 -679 -732 0 
-534 61 679 0 
310 191 111 0 
489 395 -213 0 
130 -332 418 0 
769 -869 -551 0 
122 527 643 0 
346 412 786 0 
-947 -447 159 0 
-438 716 -364 0 
32 901 936 0 
62 -809 842 0 
373 706 707 0 
276 -962 992 0 
992 -53 -644 0 
46 -920 468 0 
342 -704 634 0 
597 933 709 0 
462 557 -299 0 
-138 -89 -716 0 
166 -593 -186 0 
404 64 845 0 
-89 605 133 0 
-935 -796 -178 0 
418 938 809 0 
-230 -213 -114 0 
560 861 782 0 
853 651 -46 0 
450 163 -541 0 
-720 -866 227 0 
-548 881 766 0 
14 301 -677 0 
-267 -983 962 0 
245 -332 -915 0 
347 400 -607 0 
-969 164 904 0 
-21 -532 -248 0 
314 -575 956 0 
807 -896 -656 0 
404 779 599 0 
-416 291 507 0 
-344 352 485 0 
-753 891 -998 0 
-270 167 645 0 
811 172 -773 0 
-782 353 -619 0 
-950 698 -762 0 
724 -583 687 0 
91 505 -905 0 
418 570 -201 0 
-658 -158 -669 0 
479 -279 -110 0 
-559 580 -177 0 
-21 26 750 0 
803 -931 -437 0 
874 382 956 0 
-575 -381 169 0 
89 260 948 0 
219 -365 900 0 
-408 379 -910 0 
-823 -913 36 0 
-635 -3 124 0 
228 -554 591 0 
-707 356 567 0 
-626 496 -207 0 
28 5 -314 0 
-522 -163 -25 0 
-558 -15 584 0 
42 292 949 0 
782 399 -695 0 
-270 75 730 0 
-273 175 835 0 
-869 -323 -75 0 
524 778 207 0 
472 -396 748 0 
-58 43 -447 0 
553 -930 -558 0 
-540 666 -448 0 
929 924 544 0 
-756 -757 137 0 
474 -510 -165 0 
450 675 349 0 
-188 -770 -189 0 
248 -41 -290 0 
-62 660 -26 0 
601 419 -410 0 
-697 932 829 0 
-316 -672 -325 0 
-956 654 -582 0 
556 -804 522 0 
684 -530 -688 0 
6 680 771 0 
-797 503 743 0 
-1000 -153 -322 0 
469 -840 -287 0 
990 -522 -961 0 
508 -146 -326 0 
-661 -156 -374 0 
-90 289 -241 0 
-960 -791 368 0 
-981 71 159 0 
-984 -265 381 0 
480 -335 779 0 
-894 -941 581 0 
-302 -828 -669 0 
407 626 596 0 
856 593 704 0 
354 256 -781 0 
668 382 66 0 
-955 -237 -81 0 
-976 93 -328 0 
92 355 151 0 
50 353 399 0 
129 -46 -799 0 
137 -372 -459 0 
817 -749 145 0 
524 521 407 0 
-358 904 -745 0 
624 636 -585 0 
540 862 90 0 
195 -831 -84 0 
573 101 -680 0 
-157 -938 -402 0 
354 -470 531 0 
403 -652 -736 0 
-217 697 935 0 
-803 749 512 0 
97 318 -158 0 
-201 952 -58 0 
811 -112 -123 0 
-190 -669 408 0 
-136 -401 -101 0 
-611 980 -913 0 
136 548 -772 0 
-20 -908 554 0 
-828 190 815 0 
168 -541 -55 0 
-383 452 -191 0 
-715 94 -133 0 
286 699 396 0 
-665 763 190 0 
-445 783 -186 0 
-498 503 -999 0 
564 -913 353 0 
673 -41 754 0 
490 -12 554 0 
977 -95 440 0 
-558 -150 505 0 
-325 -667 -534 0 
-978 -12 189 0 
217 47 -229 0 
699 804 -633 0 
-506 -214 427 0 
-500 -226 -667 0 
985 -175 741 0 
-366 70 434 0 
-222 -380 -20 0 
473 880 187 0 
-959 -958 -657 0 
-450 -493 431 0 
-159 -271 -601 0 
393 -565 -990 0 
-1000 784 644 0 
-981 910 -366 0 
829 -898 514 0 
578 570 -101 0 
792 -94 184 0 
-787 793 -838 0 
355 -813 936 0 
890 -717 -74 0 
592 -23 398 0 
-570 628 -642 0 
-612 -779 476 0 
765 576 -717 0 
720 821 243 0 
-354 808 774 0 
-462 503 859 0 
392 -144 775 0 
178 -71 -957 0 
837 -126 -993 0 
-122 -539 -281 0 
435 647 -845 0 
45 713 598 0 
781 -908 -818 0 
-37 784 151 0 
66 -765 688 0 
-365 -360 181 0 
-791 559 -234 0 
-444 293 -251 0 
-349 916 102 0 
-968 86 -312 0 
-503 -851 -681 0 
-237 466 -474 0 
920 97 -78 0 
314 546 75 0 
928 530 931 0 
-765 -657 627 0 
347 887 640 0 
-451 506 -792 0 
18 530 -687 0 
-530 -436 -295 0 
363 -331 -32 0 
709 -613 271 0 
-44 544 -821 0 
-18 -299 -952 0 
333 314 -418 0 
-617 971 565 0 
443 80 -961 0 
-180 -876 -736 0 
36 276 319 0 
439 323 332 0 
-899 871 -493 0 
-8 413 -408 0 
-545 443 418 0 
506 -986 134 0 
-354 -557 -596 0 
-271 -547 -215 0 
-376 183 391 0 
442 367 -243 0 
-709 -12 -619 0 
-205 195 -777 0 
823 172 -743 0 
-849 896 497 0 
-279 81 -899 0 
-801 493 909 0 
-943 959 903 0 
-130 177 -195 0 
-575 -83 760 0 
301 365 -680 0 
442 844 526 0 
668 614 59 0 
579 1000 -359 0 
-744 -598 -564 0 
440 -301 835 0 
48 768 492 0 
95 816 -734 0 
763 -341 -230 0 
-352 575 400 0 
908 -604 -475 0 
398 -24 -861 0 
-115 -989 979 0 
251 549 564 0 
-551 -863 -83 0 
-854 -395 338 0 
-86 544 693 0 
-112 951 -741 0 
-686 -571 -238 0 
305 314 204 0 
-846 915 80 0 
254 464 704 0 
614 -658 623 0 
-542 684 -153 0 
-148 -755 -829 0 
-492 -998 925 0 
-899 521 592 0 
-758 857 -162 0 
-258 98 -886 0 
-604 926 -958 0 
-689 524 735 0 
-491 -340 -691 0 
921 31 -528 0 
-440 912 534 0 
820 204 846 0 
-469 -665 135 0 
352 -675 -453 0 
865 -645 -879 0 
60 -673 -201 0 
852 773 494 0 
-113 -831 625 0 
-871 -87 -269 0 
249 755 -925 0 
-869 -132 -149 0 
-219 998 -457 0 
938 546 -15 0 
-986 94 -57 0 
384 892 -908 0 
-457 -4 -762 0 
-123 606 939 0 
-441 5 -157 0 
-118 -179 -670 0 
-591 949 -226 0 
853 -81 -564 0 
-157 863 -175 0 
-314 307 -75 0 
909 -468 952 0 
-300 -846 645 0 
747 658 692 0 
-279 917 789 0 
-61 372 265 0 
660 -519 -316 0 
436 169 -479 0 
866 -559 798 0 
-817 846 465 0 
-692 -573 -740 0 
-182 -936 741 0 
107 324 -233 0 
-596 328 50 0 
532 5 -595 0 
-192 365 -943 0 
709 414 440 0 
-281 826 -991 0 
398 -327 350 0 
-899 712 282 0 
-907 438 332 0 
477 550 -91 0 
654 270 333 0 
314 -669 -186 0 
-253 -443 959 0 
361 740 373 0 
682 -3 -818 0 
-689 -316 554 0 
-161 -15 -684 0 
-645 284 -333 0 
-711 564 -593 0 
501 -411 -385 0 
-591 551 -863 0 
170 -153 -841 0 
865 -546 -788 0 
832 -706 -584 0 
21 320 245 0 
260 -936 478 0 
-228 798 -166 0 
263 -315 310 0 
870 -79 -264 0 
973 -257 206 0 
-59 -553 -655 0 
778 -871 -687 0 
-562 -790 396 0 
301 -455 -229 0 
-342 -963 987 0 
923 480 -261 0 
670 -547 335 0 
286 112 -465 0 
546 499 526 0 
-397 -202 670 0 
-590 803 -247 0 
-761 233 -617 0 
749 -967 -29 0 
-981 90 30 0 
-99 606 387 0 
920 -658 398 0 
-890 -514 -587 0 
73 609 183 0 
318 -907 -572 0 
677 225 -279 0 
394 309 -844 0 
-549 751 599 0 
32 -975 277 0 
-862 -372 -35 0 
27 838 -417 0 
785 461 877 0 
-521 -476 768 0 
-124 348 -990 0 
-777 -828 87 0 
766 769 -272 0 
-147 -511 -46 0 
-260 -61 975 0 
444 -956 -238 0 
-23 211 571 0 
285 996 -688 0 
833 -908 275 0 
73 -662 -318 0 
798 152 662 0 
620 -351 796 0 
-822 -25 -926 0 
386 254 805 0 
-215 -516 108 0 
-199 -804 -435 0 
114 640 -310 0 
-460 698 -452 0 
46 -176 -568 0 
-805 -711 -40 0 
-55 796 -236 0 
749 -248 -830 0 
712 -481 -860 0 
-816 -335 -11 0 
717 167 821 0 
-711 -199 -351 0 
-74 -659 -672 0 
-413 -153 -317 0 
377 -415 452 0 
894 -568 -642 0 
-831 777 888 0 
519 255 -945 0 
-304 966 -620 0 
683 -296 665 0 
-181 -531 407 0 
166 -906 697 0 
-705 707 843 0 
681 -345 -616 0 
-491 828 292 0 
-271 867 802 0 
324 -624 356 0 
-932 -348 127 0 
147 615 -159 0 
-215 164 -511 0 
290 738 95 0 
-145 27 -876 0 
714 188 -787 0 
412 258 -490 0 
-813 -335 -164 0 
-172 -223 -146 0 
567 452 433 0 
827 25 -173 0 
571 -229 -683 0 
-656 -783 448 0 
-296 682 571 0 
780 -212 -949 0 
599 229 -483 0 
-841 -138 -416 0 
510 354 -922 0 
-564 191 702 0 
395 131 -402 0 
159 -700 988 0 
871 -744 17 0 
-438 312 860 0 
316 -996 -190 0 
-800 373 473 0 
-588 748 511 0 
510 -828 224 0 
-667 -288 624 0 
-763 -482 953 0 
466 -383 292 0 
730 951 -581 0 
133 90 -537 0 
133 403 176 0 
-744 662 -761 0 
-937 -934 765 0 
-488 -943 -769 0 
-484 -209 6 0 
344 490 -287 0 
304 182 863 0 
172 -569 927 0 
304 316 -158 0 
205 -82 -504 0 
554 -474 312 0 
-399 672 684 0 
-431 -284 562 0 
-710 379 995 0 
-909 -799 312 0 
-318 235 358 0 
-643 -65 18 0 
22 -430 -66 0 
-612 540 -808 0 
327 -499 -806 0 
625 691 848 0 
-899 920 -270 0 
-862 319 865 0 
-612 961 -3 0 
-156 224 -973 0 
-199 -575 761 0 
-75 -375 495 0 
960 497 156 0 
312 -939 597 0 
-242 -835 847 0 
-426 865 112 0 
-820 629 279 0 
332 947 252 0 
-184 463 -136 0 
-668 239 -912 0 
335 712 -802 0 
-239 129 678 0 
582 -542 -167 0 
-494 325 817 0 
208 609 -649 0 
778 343 -693 0 
843 -863 -451 0 
417 631 237 0 
501 71 -409 0 
-561 177 952 0 
634 -204 29 0 
-409 384 -103 0 
-881 -20 899 0 
-129 -358 109 0 
124 366 -976 0 
-874 -261 -266 0 
-642 -465 -525 0 
74 667 162 0 
-136 -858 -786 0 
632 177 -47 0 
219 -11 -305 0 
-114 815 -793 0 
243 -259 -130 0 
-281 873 -819 0 
716 364 -933 0 
481 -213 -736 0 
-360 -494 939 0 
-598 271 -970 0 
644 -500 -244 0 
-899 -137 247 0 
-886 -952 -272 0 
-93 -369 -628 0 
87 -675 34 0 
482 -642 -131 0 
-889 -456 -193 0 
480 624 -716 0 
-750 626 -352 0 
-413 270 -179 0 
-652 710 450 0 
101 -65 204 0 
176 402 -556 0 
-247 -336 -396 0 
-818 -430 -883 0 
-72 -109 803 0 
-578 937 -942 0 
-510 -660 -213 0 
-813 685 -867 0 
793 -569 -201 0 
-916 572 -139 0 
432 -873 -516 0 
866 -414 -125 0 
949 -800 420 0 
978 -524 138 0 
-252 -163 -506 0 
763 551 72 0 
-434 156 939 0 
478 -32 -460 0 
862 -404 -760 0 
676 587 -519 0 
-782 542 -813 0 
-221 -649 200 0 
319 882 949 0 
-753 639 -814 0 
-788 908 -669 0 
202 829 547 0 
-115 65 -533 0 
-492 218 789 0 
-879 51 -298 0 
-705 262 557 0 
-741 -571 -621 0 
903 395 657 0 
-668 -551 -815 0 
-150 475 727 0 
538 352 -258 0 
-575 -917 141 0 
197 -145 899 0 
-326 -30 684 0 
-110 -257 699 0 
201 -14 -49 0 
-848 -489 -265 0 
63 -735 477 0 
-566 831 888 0 
339 810 -152 0 
-27 727 137 0 
-436 -609 952 0 
781 981 -330 0 
794 -508 -339 0 
-245 -823 -421 0 
488 330 703 0 
-300 618 585 0 
995 88 589 0 
996 75 977 0 
557 26 796 0 
566 486 -174 0 
-332 -245 -593 0 
617 -119 995 0 
-122 654 -998 0 
-982 -821 912 0 
-359 405 366 0 
389 49 567 0 
829 -926 588 0 
-18 -196 416 0 
337 -893 -74 0 
-619 393 -312 0 
686 -19 435 0 
-71 563 698 0 
926 745 113 0 
-928 -480 -978 0 
-98 572 -907 0 
756 -377 526 0 
583 -200 419 0 
-499 -273 236 0 
937 715 581 0 
-564 840 -328 0 
848 794 913 0 
378 -951 -629 0 
-496 -21 58 0 
-906 -901 40 0 
91 7 -689 0 
-480 -545 965 0 
-981 -688 288 0 
-539 831 707 0 
-171 846 750 0 
275 -985 923 0 
-363 574 761 0 
-636 570 -894 0 
-37 -658 -663 0 
920 -682 297 0 
-416 -266 -327 0 
-171 -38 270 0 
724 -777 590 0 
352 376 -355 0 
-389 612 -499 0 
485 -856 -885 0 
-93 -753 876 0 
143 376 995 0 
834 641 143 0 
-178 158 370 0 
589 411 -533 0 
573 -410 -983 0 
-123 982 426 0 
-984 974 -842 0 
-945 961 440 0 
800 536 -288 0 
64 90 774 0 
657 -57 -209 0 
23 612 928 0 
321 121 421 0 
646 146 485 0 
251 983 391 0 
-827 951 -894 0 
225 -527 -89 0 
-314 -171 255 0 
-550 940 746 0 
-255 -906 -983 0 
-422 748 960 0 
-621 224 -268 0 
10 -179 -317 0 
-307 243 872 0 
-248 -813 -62 0 
799 -989 44 0 
-524 -56 -831 0 
-984 -726 644 0 
193 -456 581 0 
-856 -630 -732 0 
837 -97 -545 0 
713 -767 -602 0 
-229 520 697 0 
-272 239 597 0 
668 -204 -376 0 
760 -976 655 0 
821 -106 311 0 
-682 -918 656 0 
-142 357 -513 0 
-18 -311 -488 0 
-90 282 -358 0 
602 192 435 0 
198 565 471 0 
540 -429 -775 0 
-524 239 171 0 
-3 -353 -777 0 
772 46 369 0 
38 389 467 0 
782 722 80 0 
702 -842 -812 0 
-846 31 793 0 
-27 -282 -160 0 
-198 -23 -740 0 
-639 595 -162 0 
782 -726 731 0 
-273 918 544 0 
-231 154 399 0 
-3 -844 569 0 
-930 -724 395 0 
-277 201 124 0 
-720 974 -956 0 
904 -422 -264 0 
-37 897 -300 0 
-542 597 920 0 
-89 955 602 0 
232 -638 -352 0 
-905 -237 695 0 
-604 -157 884 0 
-77 138 -196 0 
-627 -484 -137 0 
-52 -783 -191 0 
630 847 59 0 
-604 -478 565 0 
546 634 19 0 
433 499 -891 0 
885 632 -791 0 
-434 305 156 0 
-628 362 449 0 
32 -998 226 0 
-905 -403 -381 0 
516 614 -685 0 
-247 -418 -356 0 
513 740 472 0 
863 626 -807 0 
320 648 569 0 
428 -629 -455 0 
-359 60 -415 0 
-66 -470 999 0 
600 -710 -277 0 
721 -967 -190 0 
745 797 -169 0 
519 889 318 0 
830 729 880 0 
-295 796 -442 0 
155 -947 -141 0 
927 555 338 0 
-343 568 -188 0 
160 573 312 0 
892 -603 -16 0 
16 -116 -143 0 
895 614 568 0 
465 -712 836 0 
396 187 -441 0 
-49 -38 922 0 
-25 -612 253 0 
-766 -650 456 0 
631 250 -994 0 
-730 -128 239 0 
-240 -270 682 0 
649 -609 941 0 
353 -805 980 0 
21 -752 -670 0 
-684 -615 -804 0 
-707 -870 -161 0 
-541 919 619 0 
204 -119 -48 0 
-192 492 806 0 
-545 -835 -657 0 
-582 -663 353 0 
