p cnf 1000 3400
-799 422 978 0 
721 -382 -422 0 
654 -614 717 0 
817 -198 247 0 
383 144 247 0 
601 -711 317 0 
-774 -898 -720 0 
-818 -701 134 0 
59 633 -817 0 
-681 -114 107 0 
-545 -62 758 0 
-997 -144 -709 0 
292 -270 953 0 
423 220 937 0 
-218 -986 745 0 
-931 581 899 0 
320 321 205 0 
816 344 -554 0 
-614 317 -102 0 
-87 789 988 0 
-458 619 -254 0 
810 -951 458 0 
330 587 -323 0 
-787 440 157 0 
-756 -838 410 0 
301 565 -264 0 
-307 833 -387 0 
55 -782 -268 0 
-722 -635 881 0 
-570 -541 -750 0 
-791 -370 -79 0 
745 170 -739 0 
645 859 -621 0 
-506 920 978 0 
-341 -187 200 0 
-354 623 927 0 
864 292 236 0 
315 899 -388 0 
435 776 -723 0 
989 -328 -850 0 
-564 686 793 0 
-329 -175 617 0 
12 -166 565 0 
-168 -593 -993 0 
-376 -338 -937 0 
732 570 -468 0 
617 -953 -645 0 
597 -84 -4 0 
19 -837 -57 0 
763 -75 -607 0 
438 -22 543 0 
-19 664 -375 0 
-857 -500 -328 0 
620 308 -895 0 
-815 -150 45 0 
526 310 -252 0 
107 886 -809 0 
782 119 -918 0 
-835 -877 -510 0 
-8 -813 -163 0 
-610 334 33 0 
-105 835 355 0 
-837 991 -111 0 
977 625 798 0 
-866 231 542 0 
790 -337 -25 0 
851 -654 -384 0 
802 587 70 0 
636 -259 -228 0 
352 -691 399 0 
-11 299 953 0 
647 657 855 0 
-839 604 -976 0 
662 223 697 0 
78 75 349 0 
-64 -962 805 0 
103 -301 210 0 
-235 152 824 0 
121 -239 280 0 
-946 663 -146 0 
20 472 893 0 
799 -303 423 0 
415 -406 449 0 
-670 408 -169 0 
746 -586 -768 0 
-905 206 583 0 
-979 795 -150 0 
250 -349 -536 0 
514 -19 703 0 
693 1000 -172 0 
929 -287 171 0 
-109 -216 -184 0 
643 -256 727 0 
676 453 -829 0 
-975 -209 -871 0 
900 -883 761 0 
-177 -268 -329 0 
-242 -980 -318 0 
-588 317 -541 0 
461 -108 -408 0 
-328 296 404 0 
-358 483 899 0 
-60 -405 -486 0 
-128 409 413 0 
538 558 -311 0 
800 -40 73 0 
-215 349 159 0 
-139 370 415 0 
-221 -659 -123 0 
-665 -494 -258 0 
-915 863 837 0 
-976 129 -462 0 
-327 -938 605 0 
473 -97 397 0 
489 -351 -616 0 
471 -91 754 0 
-272 -604 -594 0 
-641 -997 -954 0 
-371 -476 -199 0 
24 703 -78 0 
548 485 448 0 
152 794 982 0 
389 -125 315 0 
-169 75 909 0 
-13 -66 -165 0 
-1 -1000 324 0 
-771 -13 183 0 
205 -297 563 0 
-292 672 -527 0 
-938 -636 933 0 
-900 224 735 0 
-555 208 -403 0 
666 -923 263 0 
697 -121 337 0 
-229 442 -464 0 
-704 747 -868 0 
-433 101 962 0 
257 900 867 0 
-664 96 696 0 
-994 -889 751 0 
-984 85 276 0 
-271 -94 -649 0 
305 52 -850 0 
-859 408 -432 0 
501 119 -100 0 
727 -565 486 0 
600 928 -728 0 
365 -117 310 0 
391 -661 -903 0 
-604 -647 378 0 
-663 -232 802 0 
968 637 536 0 
-590 -358 91 0 
-367 -45 -678 0 
-238 971 939 0 
958 -263 171 0 
784 -136 111 0 
-432 -382 314 0 
-193 447 460 0 
4 572 688 0 
-230 -822 -725 0 
275 -362 -56 0 
472 391 -227 0 
-741 -505 819 0 
-429 -198 158 0 
-361 491 887 0 
-659 -686 -964 0 
846 958 -667 0 
-909 616 -621 0 
-732 514 779 0 
-511 -577 722 0 
754 -689 541 0 
-445 812 -952 0 
374 -105 181 0 
-258 440 -364 0 
-838 556 4 0 
196 375 -675 0 
594 18 599 0 
-391 -397 -783 0 
-821 941 -570 0 
785 298 96 0 
28 -99 483 0 
988 281 488 0 
-122 -577 992 0 
260 -539 -513 0 
25 694 541 0 
649 -660 -856 0 
-239 -332 -741 0 
758 -339 -781 0 
-649 -259 -733 0 
44 -318 -458 0 
-433 -836 856 0 
-830 -96 -900 0 
631 902 -689 0 
457 338 -406 0 
276 -192 64 0 
-738 -521 -107 0 
355 -957 826 0 
524 -306 511 0 
195 -220 221 0 
448 678 -585 0 
438 878 766 0 
644 530 701 0 
-356 -489 580 0 
-137 -831 -963 0 
7 -299 -220 0 
985 -752 -946 0 
984 -626 -218 0 
-212 429 936 0 
648 588 358 0 
622 -135 812 0 
864 334 220 0 
987 52 -684 0 
286 -93 -16 0 
-583 361 -917 0 
732 -60 108 0 
-963 -484 -308 0 
268 637 593 0 
254 -673 -392 0 
92 753 -676 0 
-529 -244 -889 0 
565 469 -473 0 
-393 966 -950 0 
-636 821 111 0 
808 -831 -426 0 
-146 696 -624 0 
-988 -945 -348 0 
945 821 828 0 
512 99 -296 0 
-492 596 156 0 
642 755 890 0 
625 754 -868 0 
778 -306 -275 0 
-655 808 -697 0 
969 -602 378 0 
930 -232 592 0 
125 182 417 0 
-427 -670 943 0 
300 962 319 0 
87 675 772 0 
494 712 658 0 
140 -880 -183 0 
363 -960 -730 0 
-559 -912 -996 0 
160 966 -904 0 
-750 -610 -183 0 
885 151 -369 0 
-500 -414 737 0 
412 -148 799 0 
-900 -144 -878 0 
-505 519 114 0 
-887 638 877 0 
143 -614 -407 0 
491 987 -576 0 
228 778 -390 0 
-582 483 685 0 
666 977 481 0 
966 -401 69 0 
-822 -435 -827 0 
-559 -471 788 0 
-130 72 2 0 
-189 -458 -927 0 
-35 -148 397 0 
843 -150 -248 0 
337 -239 480 0 
-964 -125 132 0 
450 -883 -19 0 
190 -271 169 0 
-864 -42 -834 0 
-558 -177 -957 0 
-53 542 271 0 
915 -577 967 0 
-376 -778 619 0 
8 -947 -701 0 
-764 919 856 0 
990 -992 -479 0 
250 -614 287 0 
105 840 -957 0 
-955 -594 527 0 
-172 -74 -953 0 
813 185 -898 0 
-477 -673 -45 0 
88 -248 691 0 
-538 88 -378 0 
67 -456 289 0 
-435 789 627 0 
-67 -313 231 0 
328 -942 -653 0 
742 -148 214 0 
-296 963 179 0 
472 964 327 0 
-806 486 215 0 
-763 -99 -716 0 
-432 11 -136 0 
684 122 -161 0 
772 -592 -678 0 
-832 -934 -916 0 
92 822 941 0 
426 -535 762 0 
773 -870 -421 0 
-577 -120 -240 0 
182 -374 990 0 
671 566 333 0 
751 291 -69 0 
543 715 -588 0 
794 -114 -731 0 
328 -548 -35 0 
771 118 -558 0 
856 -341 459 0 
-805 170 -986 0 
696 291 342 0 
-215 341 -419 0 
-224 -114 120 0 
303 -55 346 0 
763 201 914 0 
-633 -622 290 0 
-10 -434 -676 0 
471 456 -581 0 
-818 -570 -770 0 
-540 779 -87 0 
-359 478 15 0 
843 -719 943 0 
824 276 -859 0 
-543 -60 691 0 
644 -48 -994 0 
815 485 807 0 
291 -739 93 0 
149 853 -103 0 
-553 115 -947 0 
-525 -926 -169 0 
359 715 -570 0 
848 -448 -162 0 
157 -201 979 0 
547 478 -121 0 
682 -442 738 0 
797 -58 2 0 
277 809 -761 0 
-532 -377 -860 0 
-26 -85 -933 0 
-409 991 307 0 
449 -944 -545 0 
-146 797 -40 0 
-321 -761 444 0 
-535 -794 -807 0 
-881 -64 21 0 
-203 -346 797 0 
-815 -705 -58 0 
668 -462 -700 0 
-646 -790 727 0 
33 -880 -167 0 
217 -528 220 0 
-57 -325 881 0 
178 -311 425 0 
513 -13 665 0 
273 970 516 0 
322 785 -202 0 
391 -758 772 0 
-301 -215 -883 0 
-671 295 -342 0 
858 -827 -838 0 
-570 -206 -103 0 
-723 -706 -683 0 
-145 949 -285 0 
405 -363 45 0 
330 519 712 0 
583 -211 -686 0 
413 233 463 0 
-181 -305 252 0 
839 469 -771 0 
443 -416 400 0 
433 -321 365 0 
95 -584 -78 0 
-149 -347 -351 0 
453 -537 370 0 
-935 -368 355 0 
593 305 -429 0 
-103 -290 -144 0 
329 912 584 0 
-845 905 -1 0 
-148 -956 -269 0 
115 24 -357 0 
485 -367 195 0 
196 -187 819 0 
-62 -863 -509 0 
440 368 -426 0 
-565 896 716 0 
53 -489 486 0 
-20 567 -354 0 
-7 -116 -409 0 
-156 -543 -819 0 
-112 -729 -637 0 
-668 78 184 0 
536 839 -320 0 
-995 262 303 0 
1 -495 531 0 
885 456 -240 0 
739 -906 172 0 
-538 -36 800 0 
-659 934 249 0 
-544 469 -407 0 
-891 696 876 0 
-432 -961 -732 0 
990 552 181 0 
-347 773 -826 0 
-299 -953 104 0 
341 790 71 0 
-836 -946 721 0 
285 215 886 0 
188 808 988 0 
-603 635 147 0 
527 -543 538 0 
592 30 -902 0 
-457 538 -705 0 
-858 250 -686 0 
432 -435 -761 0 
-170 -205 922 0 
177 986 -797 0 
464 207 -270 0 
417 846 416 0 
-728 -341 783 0 
-897 -832 -750 0 
475 415 925 0 
-477 -746 374 0 
-427 -979 128 0 
577 253 456 0 
740 656 -847 0 
-969 -529 144 0 
-592 -875 -256 0 
-6 -245 139 0 
317 -288 -580 0 
981 -230 605 0 
-67 891 571 0 
495 -425 107 0 
710 606 -390 0 
-306 912 -227 0 
-120 -893 6 0 
-546 -106 -844 0 
494 909 71 0 
-663 -695 -311 0 
879 51 -226 0 
-826 -982 613 0 
803 -377 531 0 
534 67 -900 0 
923 -768 -177 0 
-521 -665 -921 0 
930 76 -683 0 
-985 647 369 0 
-425 -805 320 0 
501 4 60 0 
897 -745 -574 0 
207 -593 -736 0 
-111 730 -567 0 
973 -623 -702 0 
-386 794 390 0 
766 235 -32 0 
-955 737 116 0 
-771 -749 476 0 
722 -938 309 0 
-766 521 287 0 
-322 -202 987 0 
-703 -609 24 0 
302 -84 674 0 
126 -761 957 0 
691 -106 802 0 
668 277 734 0 
315 -285 172 0 
900 175 70 0 
184 -28 64 0 
-867 573 -539 0 
548 -170 971 0 
-511 -35 934 0 
-108 -331 -529 0 
-836 -344 239 0 
-548 -486 431 0 
-785 -873 396 0 
-119 68 -196 0 
137 574 -995 0 
-188 -579 535 0 
-451 135 460 0 
842 729 -254 0 
807 -175 671 0 
-907 -745 265 0 
-876 479 -493 0 
-546 648 -471 0 
721 -862 490 0 
475 -758 621 0 
-74 -243 658 0 
-124 -863 -62 0 
28 -51 -840 0 
854 -285 -840 0 
-518 124 -108 0 
578 333 -834 0 
723 766 -881 0 
81 -271 972 0 
-308 -9 837 0 
-86 -627 -558 0 
-864 205 184 0 
576 54 -623 0 
-751 -583 836 0 
754 564 -622 0 
-971 445 183 0 
-151 685 209 0 
901 844 366 0 
-871 -488 -171 0 
695 648 -370 0 
-597 -733 653 0 
353 767 258 0 
831 669 22 0 
178 289 -812 0 
-175 -549 -953 0 
-77 951 -484 0 
-417 -464 -70 0 
-157 881 232 0 
-974 377 429 0 
-573 -640 -634 0 
82 30 222 0 
622 -744 199 0 
-243 513 936 0 
-120 760 -668 0 
579 58 -606 0 
-909 -360 88 0 
865 -367 -47 0 
369 -510 -610 0 
-178 -938 373 0 
178 372 -107 0 
568 -726 128 0 
819 636 426 0 
-494 358 896 0 
64 -736 -984 0 
881 -604 103 0 
300 673 -263 0 
-306 595 381 0 
-242 -395 -461 0 
-861 489 -841 0 
-263 -555 -522 0 
975 -786 -420 0 
-981 632 -550 0 
-169 458 399 0 
-203 -232 150 0 
577 596 863 0 
429 295 196 0 
292 186 -498 0 
-435 953 -241 0 
-94 -571 -656 0 
-601 -169 -251 0 
186 110 26 0 
-898 -391 272 0 
-91 799 -963 0 
-461 552 -737 0 
544 -45 -543 0 
-13 -795 -518 0 
-800 239 -707 0 
-316 831 -970 0 
463 -890 658 0 
893 719 -603 0 
434 917 -77 0 
-943 -863 -426 0 
630 869 -396 0 
-147 -197 417 0 
198 128 -984 0 
737 -680 -688 0 
-493 -396 938 0 
625 677 188 0 
508 371 -538 0 
-322 697 905 0 
298 320 791 0 
132 229 461 0 
55 -803 60 0 
-689 -667 -674 0 
149 -2 213 0 
242 571 726 0 
-488 -462 -704 0 
470 958 106 0 
-557 -503 1000 0 
992 -454 172 0 
931 -219 -761 0 
-619 -920 150 0 
773 589 -425 0 
641 601 -831 0 
-514 316 605 0 
449 -810 -830 0 
-439 -508 -410 0 
92 -603 200 0 
349 -610 -280 0 
-48 321 658 0 
295 -465 951 0 
-197 -274 -706 0 
311 280 221 0 
-80 -715 630 0 
-424 -36 916 0 
409 853 561 0 
-405 544 375 0 
-238 387 366 0 
-264 277 250 0 
-522 906 755 0 
467 525 -835 0 
-632 -833 402 0 
-495 84 925 0 
-803 95 -419 0 
-115 -716 -370 0 
263 60 -552 0 
854 950 586 0 
783 212 -241 0 
430 -650 887 0 
-687 372 503 0 
463 -359 829 0 
834 583 -117 0 
-573 244 -336 0 
384 99 -737 0 
425 944 607 0 
462 -518 -255 0 
-828 -27 922 0 
-150 898 226 0 
-859 699 -412 0 
-268 576 -866 0 
-566 -663 193 0 
778 -885 91 0 
-905 -557 -297 0 
-199 472 -135 0 
-168 439 743 0 
-427 -735 777 0 
-542 -124 499 0 
-841 180 -112 0 
648 497 -816 0 
278 924 -53 0 
-557 -514 -374 0 
-104 90 -408 0 
123 624 539 0 
918 912 704 0 
-307 560 325 0 
-311 -379 -805 0 
38 -627 768 0 
525 -454 309 0 
811 248 292 0 
864 207 179 0 
-303 -450 503 0 
456 -329 -183 0 
-117 463 -261 0 
183 -513 -725 0 
-68 373 -64 0 
-760 85 779 0 
674 -565 297 0 
-108 942 -146 0 
-45 572 335 0 
224 131 579 0 
-591 -329 539 0 
887 -954 871 0 
-595 -84 -187 0 
189 -348 942 0 
-879 -881 -392 0 
-518 443 -365 0 
-313 17 -777 0 
-778 -397 94 0 
-741 46 -467 0 
-926 -529 -697 0 
232 -120 -667 0 
-94 -49 -700 0 
762 354 775 0 
-277 -290 519 0 
-724 128 -703 0 
-976 -868 471 0 
733 -953 77 0 
-974 195 152 0 
923 366 857 0 
658 150 584 0 
-491 -752 299 0 
178 847 -80 0 
-95 -840 423 0 
-645 -305 -269 0 
185 -109 834 0 
-164 -626 -674 0 
404 909 411 0 
586 -250 -525 0 
942 128 -149 0 
-631 925 -106 0 
-39 -503 -782 0 
-429 -531 830 0 
493 -24 567 0 
660 745 -289 0 
778 935 768 0 
-247 -931 -123 0 
61 -965 -53 0 
241 500 -874 0 
462 -996 468 0 
-309 -725 -355 0 
571 -759 -830 0 
504 218 -562 0 
39 -918 -648 0 
96 59 -488 0 
-636 671 819 0 
-511 -605 927 0 
-279 724 878 0 
319 268 -445 0 
555 -169 -845 0 
-387 145 -30 0 
761 -764 727 0 
128 313 -4 0 
16 -293 -998 0 
-305 955 -557 0 
-734 311 -400 0 
-333 232 -313 0 
-447 -500 -786 0 
-794 607 280 0 
-597 635 609 0 
-32 -663 477 0 
-700 744 -2 0 
-713 -13 -91 0 
-257 170 245 0 
17 269 184 0 
-105 649 -152 0 
42 650 351 0 
532 181 -56 0 
-716 689 510 0 
-581 156 240 0 
269 911 672 0 
922 -395 -14 0 
-412 260 933 0 
-769 -391 491 0 
319 883 363 0 
547 754 958 0 
-711 -885 201 0 
885 -89 -994 0 
-997 -971 207 0 
-6 -339 -556 0 
-76 -494 480 0 
-890 18 -809 0 
-405 -58 516 0 
392 898 -824 0 
-637 417 32 0 
-23 905 -762 0 
437 539 988 0 
-455 711 -375 0 
329 465 -66 0 
158 533 549 0 
603 244 156 0 
-817 379 -526 0 
949 -624 273 0 
42 -952 -423 0 
-173 643 -767 0 
-723 -867 411 0 
-60 -23 780 0 
815 937 231 0 
-609 -691 -777 0 
712 -665 -6 0 
918 797 -917 0 
-458 -168 864 0 
238 740 488 0 
625 88 -386 0 
939 -918 454 0 
-674 -980 650 0 
900 702 -597 0 
361 524 -479 0 
721 -615 309 0 
742 -27 455 0 
888 -550 785 0 
-264 951 -843 0 
-818 -49 -219 0 
594 710 89 0 
-536 590 117 0 
487 423 -249 0 
-891 216 835 0 
-702 -216 200 0 
503 426 435 0 
864 809 -216 0 
73 -456 252 0 
753 410 454 0 
244 308 -7 0 
-695 -661 -296 0 
-172 -708 -656 0 
-771 -93 886 0 
446 207 2 0 
-54 -68 532 0 
526 -98 -131 0 
-903 -913 -97 0 
433 333 888 0 
-621 84 -356 0 
769 36 888 0 
855 14 -714 0 
747 -395 -193 0 
-553 532 -598 0 
-714 -150 -881 0 
-823 845 -424 0 
-461 -933 -48 0 
-545 791 -356 0 
-865 334 497 0 
724 91 -186 0 
-869 792 -448 0 
-518 60 164 0 
-483 119 999 0 
896 -69 -910 0 
309 -367 -330 0 
-759 -997 86 0 
-879 255 -74 0 
-897 -828 -974 0 
-515 -126 2 0 
433 -814 912 0 
-126 -715 -531 0 
948 163 -371 0 
-783 652 810 0 
434 -604 15 0 
-714 -522 373 0 
-330 560 -205 0 
-540 94 -293 0 
-288 -901 -746 0 
-543 -375 -947 0 
-37 238 -544 0 
126 -176 711 0 
152 -75 -225 0 
-418 524 -527 0 
-484 -337 441 0 
310 -151 -988 0 
880 -277 649 0 
-767 759 537 0 
-932 -110 -381 0 
-144 902 -502 0 
702 -895 -435 0 
66 983 591 0 
609 -189 538 0 
999 571 -965 0 
-425 -231 222 0 
-473 -7 -569 0 
-797 427 -533 0 
-767 837 338 0 
-948 385 118 0 
-218 793 -61 0 
393 658 -838 0 
731 -283 14 0 
-485 -20 -397 0 
131 726 554 0 
307 -202 -348 0 
828 294 964 0 
-628 133 -558 0 
639 393 572 0 
-676 270 571 0 
999 440 539 0 
-260 -969 -822 0 
-726 97 -555 0 
-208 -864 635 0 
-195 -849 -30 0 
-953 -233 -987 0 
311 285 687 0 
-467 -503 -497 0 
-660 -908 437 0 
445 -151 -723 0 
111 98 428 0 
-802 -904 -35 0 
30 -247 181 0 
93 934 -814 0 
-977 -177 165 0 
-236 331 372 0 
973 -611 906 0 
-754 566 -649 0 
602 -129 -46 0 
-431 -454 336 0 
53 -77 -703 0 
753 709 168 0 
961 -757 406 0 
342 -257 589 0 
-128 -364 808 0 
489 -976 556 0 
428 -895 768 0 
356 -292 -71 0 
294 173 877 0 
596 -229 902 0 
-387 -146 -966 0 
-441 363 -702 0 
-727 -488 -274 0 
719 515 -674 0 
531 63 210 0 
-588 273 -567 0 
484 -825 514 0 
-561 -364 -143 0 
-317 -626 -364 0 
671 87 -103 0 
68 732 -918 0 
-298 600 791 0 
438 -752 405 0 
-819 10 -371 0 
-157 -197 -493 0 
-50 529 885 0 
-306 -521 -363 0 
29 -879 -678 0 
190 -456 678 0 
-359 -743 619 0 
-235 -130 957 0 
980 -529 -346 0 
388 189 464 0 
249 226 480 0 
-477 591 -391 0 
-358 286 -262 0 
855 82 587 0 
-324 975 692 0 
145 -300 -710 0 
16 345 -618 0 
618 249 114 0 
-541 -324 -359 0 
201 25 804 0 
1 683 689 0 
892 116 -772 0 
-863 -636 632 0 
-945 546 -905 0 
-224 210 -582 0 
506 -126 759 0 
40 -889 509 0 
582 -646 -746 0 
767 -524 -521 0 
881 945 271 0 
-425 -544 -588 0 
-881 325 -523 0 
138 -504 362 0 
652 777 -718 0 
423 215 -297 0 
775 -662 -193 0 
782 669 -270 0 
-220 -352 801 0 
752 -272 -665 0 
-410 186 318 0 
154 484 -79 0 
-711 -805 -578 0 
-334 266 -685 0 
931 911 476 0 
-175 -734 -920 0 
-19 -536 612 0 
-83 -352 916 0 
-968 -459 320 0 
997 -990 545 0 
-439 820 147 0 
111 179 54 0 
927 997 491 0 
416 -997 -402 0 
959 -328 -470 0 
253 -798 -78 0 
-767 418 -561 0 
986 -824 286 0 
239 -283 914 0 
303 -379 957 0 
602 -991 -808 0 
-153 905 -873 0 
-293 687 360 0 
-871 -123 -883 0 
-527 -280 48 0 
-449 267 -954 0 
-737 554 -93 0 
42 -743 -480 0 
-760 508 328 0 
-662 247 -668 0 
-645 34 -472 0 
193 209 -226 0 
201 308 -232 0 
109 -368 -578 0 
-101 963 421 0 
731 434 -961 0 
207 330 -544 0 
366 680 -389 0 
191 961 1 0 
-36 -132 594 0 
906 160 -730 0 
-981 954 725 0 
-926 67 -879 0 
-189 -98 -37 0 
-929 655 -555 0 
23 -428 695 0 
-721 740 -849 0 
-678 -40 -243 0 
560 708 945 0 
592 -265 -112 0 
-752 -600 918 0 
361 -371 -328 0 
245 826 -98 0 
-174 389 -431 0 
-169 497 -897 0 
-890 888 -426 0 
817 -792 481 0 
584 390 -203 0 
335 -43 -804 0 
170 805 201 0 
-328 -644 648 0 
601 -985 -587 0 
-252 -869 -184 0 
232 830 236 0 
350 654 468 0 
-943 -567 269 0 
-142 -357 218 0 
863 -78 450 0 
-280 139 -574 0 
470 583 683 0 
-145 210 -284 0 
479 -911 691 0 
-725 308 -517 0 
702 -756 313 0 
-486 -749 -912 0 
863 441 103 0 
-708 827 -732 0 
874 881 -900 0 
-592 -256 33 0 
-793 -716 -163 0 
-863 -809 -260 0 
698 -184 49 0 
29 394 529 0 
-730 -205 915 0 
527 -838 669 0 
877 -110 521 0 
-624 -256 350 0 
-58 -625 -777 0 
220 -759 906 0 
778 -424 617 0 
-388 -92 -206 0 
710 -103 -730 0 
-775 272 -944 0 
78 -381 -549 0 
-311 -883 -203 0 
224 722 -93 0 
879 626 447 0 
-296 491 -92 0 
886 363 -382 0 
-822 750 204 0 
605 -431 633 0 
247 150 995 0 
-635 -535 397 0 
858 169 294 0 
-255 -649 22 0 
-947 250 -185 0 
-613 559 915 0 
413 -538 -801 0 
-409 -616 -389 0 
-282 -201 822 0 
-810 -195 511 0 
281 -821 -444 0 
453 -235 585 0 
-700 18 493 0 
-506 -113 -460 0 
3 -657 -465 0 
762 -562 -154 0 
-779 395 -335 0 
-565 440 -926 0 
604 -638 -855 0 
472 -14 -483 0 
974 -503 -411 0 
224 -510 -366 0 
508 825 -243 0 
-762 -269 770 0 
131 -211 -200 0 
-170 -115 -59 0 
621 -7 463 0 
-226 562 694 0 
449 -674 634 0 
-256 -596 -857 0 
980 -510 -247 0 
-268 -871 -765 0 
-240 -460 93 0 
289 -450 792 0 
-419 -879 994 0 
159 -271 -110 0 
781 -896 -701 0 
216 100 61 0 
68 814 956 0 
-936 774 -844 0 
185 -301 -813 0 
348 181 -198 0 
-810 536 603 0 
42 -363 288 0 
827 -746 563 0 
-995 -985 -50 0 
214 157 -836 0 
780 544 152 0 
193 -478 -401 0 
920 973 540 0 
31 896 -702 0 
980 -154 -813 0 
562 -590 607 0 
-504 -839 -744 0 
-98 724 799 0 
591 -898 -522 0 
410 245 -530 0 
10 704 -150 0 
856 133 -180 0 
57 -891 235 0 
553 78 -822 0 
-597 -599 -257 0 
-426 -13 730 0 
-545 358 621 0 
321 -105 666 0 
652 -5 -754 0 
515 290 816 0 
933 -45 -637 0 
128 -930 972 0 
-937 590 -579 0 
519 762 -547 0 
951 90 -652 0 
-714 400 399 0 
-423 744 803 0 
336 980 -75 0 
-627 42 439 0 
391 -742 988 0 
-485 634 639 0 
-674 971 23 0 
995 244 619 0 
940 -961 -455 0 
-781 -287 412 0 
-691 -919 -772 0 
634 -431 618 0 
384 292 -165 0 
-544 -906 -378 0 
-488 -469 74 0 
650 -20 -947 0 
612 629 777 0 
-212 -722 -16 0 
97 -725 -602 0 
-306 193 95 0 
-28 607 -790 0 
82 757 -814 0 
-767 -464 749 0 
-426 777 106 0 
-449 651 -606 0 
-338 355 -872 0 
938 808 -754 0 
951 -381 -357 0 
268 768 725 0 
-992 -411 338 0 
-572 674 -800 0 
648 -701 -573 0 
-971 817 -660 0 
566 -367 245 0 
-766 938 -10 0 
364 -460 -898 0 
-488 -454 904 0 
882 -776 760 0 
899 -519 219 0 
-333 -130 -934 0 
-702 -367 -840 0 
525 737 228 0 
-300 361 -341 0 
-940 601 -519 0 
-415 -368 -870 0 
545 583 -690 0 
596 -526 983 0 
210 991 909 0 
673 378 -396 0 
-40 85 673 0 
-824 -367 810 0 
-962 -289 -623 0 
-1000 531 -711 0 
-316 665 -269 0 
396 -326 952 0 
-778 99 -285 0 
338 -984 82 0 
-353 50 -295 0 
-133 -430 -916 0 
167 777 84 0 
-341 -792 -731 0 
658 670 913 0 
-746 -219 -170 0 
173 520 225 0 
477 321 161 0 
901 570 758 0 
-677 531 749 0 
263 168 -723 0 
49 -797 -132 0 
-849 -864 10 0 
716 148 -534 0 
-27 -315 920 0 
170 854 -162 0 
-555 -708 913 0 
-945 -859 -568 0 
569 724 152 0 
716 -865 988 0 
919 -69 95 0 
505 805 -82 0 
-99 446 806 0 
842 -836 873 0 
121 851 -407 0 
473 989 -96 0 
958 -54 805 0 
921 -660 319 0 
-610 -576 878 0 
332 -607 -440 0 
127 -696 -388 0 
635 936 290 0 
269 -384 -492 0 
117 438 507 0 
-855 -573 653 0 
-47 752 162 0 
398 212 684 0 
322 655 968 0 
22 168 861 0 
342 600 846 0 
-208 154 624 0 
-254 497 681 0 
-26 537 697 0 
431 -65 837 0 
-363 317 -215 0 
-682 522 -561 0 
-54 -671 -370 0 
-296 -597 798 0 
279 -670 -960 0 
-606 -537 925 0 
-982 -230 268 0 
-809 -651 256 0 
795 -909 890 0 
-278 365 -823 0 
-134 740 -951 0 
938 178 684 0 
-64 35 -370 0 
-469 615 490 0 
227 359 -402 0 
345 -54 481 0 
-907 970 750 0 
-56 163 450 0 
468 -480 341 0 
627 -40 -56 0 
-807 398 222 0 
-606 346 -430 0 
506 50 366 0 
412 111 839 0 
-256 754 725 0 
-778 -414 -880 0 
160 454 514 0 
-514 -310 360 0 
-458 505 -810 0 
-888 -753 -594 0 
437 -727 -482 0 
-819 855 -858 0 
73 658 511 0 
-959 -962 190 0 
383 203 680 0 
737 -10 -974 0 
-709 333 -124 0 
-155 -993 -839 0 
102 -573 458 0 
27 -61 522 0 
508 -773 -97 0 
-444 27 -801 0 
-872 696 37 0 
354 656 865 0 
109 -403 -739 0 
783 -362 -95 0 
547 -837 161 0 
-975 -261 -172 0 
166 804 -83 0 
-868 150 -529 0 
-341 -527 949 0 
-213 -496 -68 0 
-493 302 356 0 
603 -824 -64 0 
-631 -742 -776 0 
-924 859 787 0 
-987 231 493 0 
648 678 -376 0 
-749 18 960 0 
-48 323 -856 0 
-720 226 740 0 
167 -899 -756 0 
-315 -699 -561 0 
446 -991 134 0 
-406 327 -25 0 
-771 588 -645 0 
761 543 779 0 
-323 254 209 0 
-46 446 -164 0 
-336 -359 703 0 
-908 -277 -445 0 
202 609 -63 0 
-677 -404 849 0 
-954 -442 519 0 
710 553 650 0 
948 989 -253 0 
894 -733 -446 0 
323 -774 -739 0 
-301 -175 268 0 
-848 -733 -689 0 
645 846 567 0 
-451 -732 796 0 
594 -624 -169 0 
629 200 330 0 
276 734 53 0 
-549 997 -989 0 
-318 308 -66 0 
-273 -921 490 0 
603 797 -854 0 
-854 -365 -487 0 
368 472 -780 0 
-490 -738 825 0 
274 695 14 0 
439 -1 -710 0 
438 -34 -983 0 
-880 363 147 0 
426 123 -287 0 
-427 954 16 0 
-120 -659 48 0 
804 -932 679 0 
-112 -346 750 0 
-791 -346 -736 0 
437 543 537 0 
276 34 464 0 
-745 428 641 0 
-905 -960 648 0 
159 807 -826 0 
-487 -990 967 0 
279 -667 -984 0 
-562 -726 -50 0 
508 -281 -99 0 
-266 -192 -601 0 
-199 -680 13 0 
-816 -946 651 0 
-717 -990 648 0 
733 710 872 0 
-600 -377 254 0 
-635 300 -115 0 
664 732 -799 0 
943 -63 733 0 
-589 -403 993 0 
120 -889 -564 0 
536 222 -968 0 
215 -827 -658 0 
34 -907 983 0 
237 -614 843 0 
129 557 948 0 
293 534 61 0 
932 539 -407 0 
-127 -354 -39 0 
343 539 -557 0 
-267 882 -249 0 
929 -417 40 0 
645 112 -99 0 
11 75 983 0 
608 -657 160 0 
389 -937 -639 0 
950 178 903 0 
241 594 -782 0 
868 792 -284 0 
711 273 -490 0 
-852 -207 335 0 
-494 982 -232 0 
-120 337 145 0 
973 -268 -233 0 
-967 836 7 0 
-346 -172 115 0 
-460 740 -927 0 
115 243 707 0 
408 794 214 0 
920 -183 -521 0 
50 -928 944 0 
651 752 852 0 
697 501 -19 0 
-214 510 531 0 
308 929 -521 0 
805 623 -896 0 
-299 496 -755 0 
659 -612 -931 0 
-748 -654 -116 0 
-887 392 896 0 
319 820 -994 0 
605 524 -753 0 
687 -498 913 0 
988 4 355 0 
304 -788 -610 0 
205 395 22 0 
-218 -177 389 0 
81 -126 859 0 
969 -856 972 0 
689 939 881 0 
739 188 -499 0 
292 286 -984 0 
544 959 -407 0 
695 -392 -269 0 
454 -591 -144 0 
-874 -549 -578 0 
-856 -771 749 0 
-240 -23 -377 0 
-340 -641 482 0 
-692 856 855 0 
-176 88 -643 0 
853 352 -280 0 
193 304 -150 0 
5 945 -597 0 
-853 180 409 0 
-602 897 -870 0 
612 -851 -362 0 
273 -557 980 0 
-316 159 -923 0 
-16 -499 -8 0 
-393 -428 40 0 
-121 525 -936 0 
-296 -795 334 0 
360 -415 213 0 
-439 -533 302 0 
-770 855 784 0 
61 114 548 0 
87 -584 -1 0 
-489 -191 -131 0 
-270 -288 -920 0 
637 -246 874 0 
-734 138 -404 0 
-670 218 -372 0 
-125 950 983 0 
132 -873 672 0 
848 656 379 0 
-15 896 -412 0 
-401 478 420 0 
76 182 -110 0 
-956 -462 -985 0 
-557 -598 -223 0 
-432 530 469 0 
-511 589 -546 0 
657 392 30 0 
4 954 923 0 
622 -864 -832 0 
867 -735 627 0 
-730 24 112 0 
476 326 -732 0 
760 254 605 0 
33 -427 -701 0 
-13 -519 -670 0 
-755 651 421 0 
660 -913 677 0 
-39 -125 -525 0 
617 275 -950 0 
-158 -147 841 0 
664 -162 730 0 
-416 14 -254 0 
-438 660 572 0 
-974 319 -900 0 
747 -62 465 0 
659 -908 950 0 
-883 715 874 0 
-873 -637 265 0 
-18 -218 934 0 
-33 892 482 0 
-833 682 401 0 
-734 -884 -849 0 
474 971 -222 0 
425 316 -191 0 
810 805 475 0 
361 -428 96 0 
545 420 -144 0 
-5 -293 -673 0 
-899 162 825 0 
-990 -387 178 0 
553 767 -906 0 
-20 473 -781 0 
-77 -551 229 0 
50 441 615 0 
826 -333 727 0 
986 -358 -348 0 
-843 558 -27 0 
913 79 -576 0 
472 -601 -49 0 
42 -323 -734 0 
799 213 449 0 
488 465 688 0 
-362 -209 -248 0 
965 374 -238 0 
886 -1 -91 0 
367 -751 -737 0 
-235 -447 834 0 
-882 59 311 0 
-440 -66 -664 0 
-883 -9 74 0 
-230 596 -92 0 
255 -233 977 0 
126 893 -761 0 
-744 176 -770 0 
-215 831 299 0 
793 -18 636 0 
-757 848 -644 0 
-979 963 -711 0 
-313 -249 729 0 
-709 -426 601 0 
280 935 640 0 
616 868 -642 0 
405 60 469 0 
676 986 527 0 
765 550 -993 0 
269 407 285 0 
42 744 837 0 
-152 -557 543 0 
-44 -773 998 0 
77 615 636 0 
909 846 -736 0 
-227 -160 -153 0 
306 551 240 0 
3 955 -797 0 
975 290 367 0 
868 -694 -834 0 
1000 148 652 0 
-130 -156 519 0 
494 -610 -788 0 
243 -448 302 0 
-858 804 849 0 
412 -101 -69 0 
-296 -913 -221 0 
-267 113 286 0 
787 860 -498 0 
38 -530 -648 0 
715 476 810 0 
-887 542 -489 0 
-327 -497 214 0 
340 -628 424 0 
-696 -367 -92 0 
-374 -506 276 0 
-724 702 -964 0 
353 -375 814 0 
392 320 -874 0 
240 -306 -491 0 
938 -201 -793 0 
867 180 -589 0 
-546 -485 461 0 
859 724 -888 0 
-983 -417 -72 0 
393 -155 83 0 
379 -292 825 0 
339 -899 -51 0 
-646 391 -871 0 
-978 184 417 0 
590 317 -302 0 
503 -438 407 0 
-1000 -290 833 0 
384 -566 733 0 
-162 -342 196 0 
931 -57 -111 0 
713 -761 525 0 
825 -201 -223 0 
487 463 -950 0 
554 943 -341 0 
-5 -652 -415 0 
-668 -243 -217 0 
284 450 -486 0 
699 770 957 0 
134 11 -885 0 
-286 -710 218 0 
735 153 507 0 
-942 278 325 0 
751 648 957 0 
544 -619 -408 0 
-680 521 730 0 
-451 633 -473 0 
911 414 179 0 
-289 -235 -241 0 
278 -593 318 0 
570 -304 265 0 
664 -392 -839 0 
866 119 810 0 
-352 -443 693 0 
-737 700 -71 0 
187 -47 -192 0 
272 -400 798 0 
-578 541 -837 0 
-24 136 279 0 
291 372 858 0 
-980 -686 -932 0 
-639 -67 141 0 
-40 544 272 0 
-506 988 -510 0 
485 -644 -359 0 
-522 323 -79 0 
398 -781 709 0 
-514 -460 772 0 
873 285 -20 0 
-316 -418 457 0 
-919 938 -460 0 
77 285 -12 0 
218 589 215 0 
168 125 -769 0 
-630 154 -146 0 
497 -210 266 0 
-411 -911 -36 0 
90 797 684 0 
-37 558 408 0 
868 -832 -256 0 
-155 -333 386 0 
342 811 -564 0 
679 150 199 0 
952 -789 862 0 
-152 -613 -845 0 
-324 631 468 0 
-110 -470 -143 0 
144 116 -823 0 
664 -856 -339 0 
-777 176 701 0 
-984 341 -788 0 
-913 -604 -841 0 
897 -416 455 0 
-651 -335 -928 0 
-891 889 -429 0 
-220 -185 857 0 
795 53 288 0 
-443 731 -33 0 
710 554 -439 0 
294 992 -251 0 
-492 783 -358 0 
-192 75 -844 0 
-963 547 220 0 
-258 101 -661 0 
-664 674 284 0 
255 -759 -651 0 
-121 -775 -816 0 
-61 -974 -444 0 
11 -372 -987 0 
214 83 -175 0 
46 -54 966 0 
268 857 -940 0 
-440 342 -50 0 
-309 -282 872 0 
541 789 221 0 
890 -954 -663 0 
-108 -504 -703 0 
854 -534 -621 0 
295 238 -88 0 
122 466 452 0 
-88 860 -18 0 
-214 609 -479 0 
-525 -781 -204 0 
-601 -453 793 0 
710 869 997 0 
472 435 210 0 
368 196 -496 0 
-545 322 367 0 
604 136 734 0 
943 -23 -836 0 
-631 946 150 0 
-431 332 -190 0 
107 -783 139 0 
677 796 528 0 
-997 44 835 0 
-807 958 529 0 
154 -464 -143 0 
922 916 803 0 
-470 615 -129 0 
740 379 594 0 
-765 -851 -30 0 
-375 -924 492 0 
-652 -661 -441 0 
-894 650 770 0 
379 969 302 0 
16 749 -856 0 
864 -953 165 0 
-261 130 -308 0 
-373 -991 822 0 
-855 -294 974 0 
-401 553 760 0 
883 -263 -749 0 
278 911 -788 0 
-528 259 -195 0 
-552 -521 947 0 
349 -388 153 0 
-664 -132 468 0 
-114 -456 246 0 
244 -676 768 0 
25 854 -16 0 
-174 -679 -515 0 
25 -896 -331 0 
-966 -151 97 0 
852 -719 96 0 
381 -590 979 0 
-217 -105 -690 0 
-612 -929 9 0 
862 -817 508 0 
-171 996 71 0 
713 -772 207 0 
877 538 -563 0 
846 -83 -340 0 
-623 664 747 0 
-537 709 -452 0 
-657 -344 -448 0 
430 331 908 0 
642 213 -302 0 
753 5 294 0 
-210 -297 639 0 
-1 163 -50 0 
612 -806 261 0 
613 493 73 0 
844 -5 -586 0 
-881 760 102 0 
478 -688 -918 0 
-351 -749 -360 0 
900 584 -357 0 
-16 320 -220 0 
733 805 -47 0 
906 -549 -718 0 
-915 -898 900 0 
330 -638 518 0 
-192 -42 -559 0 
-883 946 688 0 
-960 -40 -661 0 
-596 155 -614 0 
107 974 235 0 
-796 282 -316 0 
764 -244 -720 0 
492 -166 -914 0 
647 -886 402 0 
-187 -330 -193 0 
121 784 -301 0 
-237 275 -352 0 
421 297 564 0 
586 -243 834 0 
-119 89 165 0 
-32 -495 337 0 
45 -481 807 0 
226 -434 -525 0 
-274 -732 -751 0 
-26 442 -957 0 
-678 -593 924 0 
-339 255 -512 0 
685 14 -767 0 
-843 76 978 0 
798 -347 -489 0 
741 -326 769 0 
869 976 766 0 
-705 604 -993 0 
-965 267 -444 0 
-690 -214 72 0 
689 -264 -158 0 
-230 -789 -239 0 
-46 165 67 0 
-818 281 -992 0 
592 -953 -269 0 
365 -724 855 0 
195 -251 372 0 
-967 326 -944 0 
-899 280 -758 0 
984 -928 -973 0 
569 -790 -42 0 
-194 117 -539 0 
-278 609 27 0 
277 -861 -253 0 
539 -756 894 0 
-968 743 28 0 
-422 -580 -22 0 
231 635 55 0 
858 -855 -456 0 
501 -724 -800 0 
770 -226 766 0 
-946 32 152 0 
-715 900 -422 0 
-728 -355 -537 0 
-995 803 -536 0 
-60 -688 -715 0 
871 -567 379 0 
-63 -557 809 0 
355 -473 647 0 
246 401 -488 0 
-968 606 -414 0 
12 -807 96 0 
-754 -110 121 0 
-826 -188 500 0 
621 -472 -236 0 
-330 -255 278 0 
-344 -768 718 0 
-112 242 -851 0 
929 289 718 0 
717 688 277 0 
305 -214 -534 0 
626 149 866 0 
835 -278 -812 0 
-888 157 -520 0 
-883 -694 -293 0 
-28 -879 558 0 
-481 35 -125 0 
-338 522 121 0 
374 25 458 0 
-423 124 512 0 
-321 554 954 0 
78 -91 439 0 
78 -295 90 0 
77 -296 -510 0 
869 -797 386 0 
-288 484 -145 0 
74 -852 541 0 
-856 -815 -948 0 
749 354 459 0 
810 112 839 0 
-492 -441 972 0 
45 658 755 0 
-90 -921 -563 0 
-858 -76 -835 0 
-752 -313 -430 0 
-227 -508 100 0 
1 829 84 0 
-670 993 -972 0 
-196 494 903 0 
743 32 768 0 
-147 891 977 0 
863 -975 -946 0 
199 374 -421 0 
-919 -636 249 0 
433 338 -999 0 
-506 830 -258 0 
831 570 864 0 
-165 955 -55 0 
-180 201 -693 0 
-927 -640 -314 0 
845 588 656 0 
-64 861 -761 0 
-194 -934 157 0 
358 -625 -42 0 
-6 536 4 0 
504 396 -217 0 
-373 -325 -491 0 
518 -598 -534 0 
-468 -484 185 0 
-245 -401 -742 0 
625 -54 739 0 
-236 396 -313 0 
-539 135 -617 0 
326 260 57 0 
496 -449 400 0 
-839 742 511 0 
803 824 462 0 
-773 -176 108 0 
98 -523 212 0 
747 530 103 0 
-543 900 -992 0 
240 -456 618 0 
774 690 460 0 
-107 967 277 0 
581 112 -369 0 
-416 -995 -764 0 
507 771 -229 0 
975 -986 297 0 
-311 671 565 0 
822 -28 668 0 
363 284 92 0 
-926 232 -585 0 
-82 758 -443 0 
333 -23 -990 0 
65 -585 -411 0 
355 -924 -360 0 
-630 -689 150 0 
438 -882 -722 0 
898 -9 -304 0 
800 712 -497 0 
25 884 -598 0 
-931 -980 -800 0 
897 -566 -899 0 
-595 -531 -378 0 
393 926 -306 0 
969 53 -641 0 
298 288 323 0 
-226 859 721 0 
-492 851 813 0 
-138 733 521 0 
979 874 -818 0 
71 803 634 0 
-420 542 971 0 
-543 -900 915 0 
271 -38 46 0 
-199 92 -700 0 
536 537 482 0 
-628 514 -458 0 
132 -964 523 0 
-505 -692 121 0 
-840 -943 -400 0 
-629 -314 -246 0 
131 608 100 0 
-692 451 -433 0 
193 -444 715 0 
861 7 792 0 
323 185 -382 0 
852 399 297 0 
-944 685 -433 0 
-875 88 598 0 
183 -769 99 0 
471 564 398 0 
-136 -992 -662 0 
-618 -571 -529 0 
569 -346 489 0 
-478 -702 -142 0 
-809 917 373 0 
734 659 847 0 
-640 126 952 0 
-652 -808 -172 0 
341 445 -239 0 
-495 852 -409 0 
-911 806 209 0 
-728 657 362 0 
610 -769 677 0 
-191 -330 117 0 
-330 -710 309 0 
278 -830 -863 0 
600 962 -266 0 
-454 294 -173 0 
326 980 807 0 
348 289 314 0 
146 486 -587 0 
-968 955 313 0 
-452 696 -659 0 
-181 669 -273 0 
396 -572 -795 0 
606 89 177 0 
136 908 744 0 
558 425 -30 0 
565 -917 -509 0 
-216 -80 -937 0 
-854 -421 899 0 
-921 -909 466 0 
-80 -90 -498 0 
-366 -693 -989 0 
-175 344 520 0 
-187 762 -242 0 
899 121 325 0 
705 585 497 0 
-206 85 -438 0 
-464 -199 64 0 
-274 -524 -304 0 
35 -395 -901 0 
-220 -704 -10 0 
-549 803 -459 0 
-637 674 272 0 
-574 -808 607 0 
812 -177 -222 0 
550 -33 17 0 
-144 402 542 0 
-585 -987 -359 0 
-574 248 -334 0 
-400 -620 859 0 
-161 -52 649 0 
-390 -645 -400 0 
-999 616 265 0 
536 -6 798 0 
333 902 418 0 
202 -619 -2 0 
-95 289 -531 0 
-141 -877 461 0 
939 251 -205 0 
64 16 -482 0 
193 958 -204 0 
148 175 -206 0 
-872 884 -542 0 
-351 -110 -193 0 
373 555 -711 0 
-651 668 -287 0 
890 978 883 0 
-529 747 -454 0 
-459 231 -248 0 
-50 -247 -515 0 
268 -475 -15 0 
-943 -596 -718 0 
74 943 116 0 
880 520 -961 0 
-328 400 -918 0 
-71 509 -648 0 
427 27 626 0 
785 -122 327 0 
-312 -230 469 0 
506 -827 902 0 
523 -1 438 0 
-887 652 269 0 
629 541 222 0 
66 288 -650 0 
-576 -355 777 0 
-297 77 -799 0 
-434 -203 -980 0 
-189 -905 -407 0 
772 -986 -113 0 
327 768 -509 0 
-909 -399 306 0 
993 -175 -219 0 
423 -3 797 0 
498 745 -300 0 
-672 735 81 0 
-77 102 -212 0 
399 -521 568 0 
553 548 3 0 
-929 -292 -935 0 
-937 261 -524 0 
-416 276 788 0 
-472 98 368 0 
560 -895 -386 0 
224 -911 604 0 
-510 -6 -315 0 
894 -55 -374 0 
-259 -932 434 0 
-329 672 734 0 
980 -993 -329 0 
869 320 -735 0 
9 745 909 0 
704 707 307 0 
-850 403 -242 0 
-19 245 -760 0 
624 37 -72 0 
-652 369 622 0 
575 -29 232 0 
-50 -413 -291 0 
-906 -495 502 0 
-628 -729 279 0 
-891 530 554 0 
-746 -326 -914 0 
328 65 316 0 
-2 -452 -308 0 
-104 -776 -860 0 
-763 791 -806 0 
-12 945 870 0 
-910 197 128 0 
806 236 -812 0 
221 808 -992 0 
-873 701 -199 0 
-89 -239 584 0 
-709 504 -775 0 
9 -526 -29 0 
24 42 -658 0 
-88 60 734 0 
853 237 18 0 
-977 -151 579 0 
-725 238 -10 0 
-518 -283 -275 0 
-354 323 647 0 
908 -899 19 0 
-368 -882 -457 0 
246 420 -730 0 
-172 -555 -669 0 
-634 -395 986 0 
437 -5 -87 0 
-980 811 -576 0 
822 -960 -726 0 
532 -980 9 0 
683 925 400 0 
655 -860 308 0 
-220 -936 -121 0 
-70 -367 -860 0 
-724 441 -77 0 
-62 -746 -959 0 
10 -201 644 0 
-473 49 -533 0 
-702 648 548 0 
143 -156 618 0 
592 676 954 0 
-297 178 -146 0 
41 278 -866 0 
-983 293 713 0 
-349 361 -855 0 
-51 84 -608 0 
-64 -610 -591 0 
-499 -143 717 0 
843 77 -434 0 
367 95 997 0 
267 768 536 0 
-904 -473 -135 0 
763 518 -211 0 
721 -998 171 0 
861 -766 597 0 
416 -570 -970 0 
680 937 360 0 
231 -18 -538 0 
-995 830 555 0 
44 930 187 0 
-864 335 -167 0 
-302 205 -214 0 
722 312 -728 0 
-210 -9 551 0 
-396 -400 -608 0 
-200 9 290 0 
226 628 253 0 
718 359 946 0 
-747 611 498 0 
871 408 -54 0 
494 809 -381 0 
135 143 -699 0 
-534 100 -97 0 
581 -639 -668 0 
-669 -757 801 0 
-136 931 -973 0 
596 -100 604 0 
-579 -223 -416 0 
803 -52 -263 0 
-142 794 -351 0 
-259 -494 646 0 
299 -306 3 0 
130 615 345 0 
376 -550 -713 0 
-502 892 -117 0 
753 605 -22 0 
-280 -331 -375 0 
-69 -913 721 0 
-18 710 -99 0 
603 -95 977 0 
-293 97 -902 0 
-676 -179 674 0 
140 43 -605 0 
-823 -184 -719 0 
-164 -853 517 0 
79 317 829 0 
-67 956 -478 0 
-842 -321 -62 0 
428 -153 -521 0 
-61 142 293 0 
47 -191 -616 0 
-997 266 -215 0 
-271 -797 622 0 
635 407 -877 0 
792 79 -979 0 
198 -53 -472 0 
906 -212 -399 0 
281 -229 947 0 
-107 878 -702 0 
-586 9 850 0 
-1000 -99 -834 0 
184 417 -368 0 
630 -133 985 0 
-211 374 20 0 
-510 -471 43 0 
563 16 49 0 
-388 845 -869 0 
780 181 810 0 
50 321 -566 0 
-741 -249 -12 0 
-868 -551 -126 0 
646 -839 -825 0 
-676 -451 213 0 
773 909 -354 0 
-681 -830 -101 0 
336 674 724 0 
-34 156 -867 0 
595 -564 407 0 
592 -768 -99 0 
-693 -388 -797 0 
-117 326 570 0 
-953 638 299 0 
138 348 -13 0 
960 -601 -170 0 
637 277 489 0 
-663 521 -247 0 
902 500 -129 0 
317 734 809 0 
-961 415 379 0 
753 84 -979 0 
60 394 966 0 
-815 35 606 0 
-579 -738 468 0 
388 49 381 0 
343 -444 398 0 
-771 369 -14 0 
739 -290 164 0 
548 -108 -203 0 
-834 -349 -696 0 
-525 708 -195 0 
-968 -764 881 0 
-441 -748 -911 0 
-777 707 -428 0 
-410 889 49 0 
-982 -242 468 0 
-517 -151 506 0 
936 -473 784 0 
941 -573 -995 0 
698 -674 464 0 
-554 151 574 0 
376 207 -138 0 
-81 -54 -160 0 
-740 -382 132 0 
29 -387 179 0 
593 181 518 0 
-1000 -685 446 0 
184 39 233 0 
729 970 900 0 
781 885 -369 0 
-827 999 -569 0 
-59 148 894 0 
-877 -316 591 0 
286 -773 -603 0 
924 579 -229 0 
828 -138 63 0 
-725 636 -882 0 
205 -772 377 0 
-729 -358 871 0 
-560 -714 201 0 
-971 -225 696 0 
926 369 -579 0 
756 -409 246 0 
400 -709 -845 0 
-499 -135 -232 0 
966 -211 -207 0 
-546 73 -66 0 
-2 760 -363 0 
-856 -527 -8 0 
-901 -565 -317 0 
-886 184 -682 0 
-815 -361 995 0 
250 968 -907 0 
-993 -970 588 0 
-640 -422 -343 0 
-749 -486 -277 0 
868 -81 405 0 
-961 475 -556 0 
182 -812 464 0 
883 -516 -737 0 
974 374 977 0 
-827 -68 623 0 
-218 -890 631 0 
-595 -91 -861 0 
-965 472 -112 0 
799 568 -928 0 
789 -343 476 0 
-664 -898 -601 0 
557 719 -125 0 
704 -716 91 0 
-483 555 489 0 
425 -520 -133 0 
336 548 509 0 
-65 296 -451 0 
-699 -654 887 0 
-950 664 -167 0 
266 46 -751 0 
504 -449 113 0 
-736 747 949 0 
918 -235 -319 0 
-850 256 -796 0 
-962 323 -536 0 
-953 218 700 0 
-810 -107 119 0 
50 -714 -563 0 
-938 534 806 0 
-836 -858 -379 0 
-694 224 -374 0 
354 57 -969 0 
398 -384 638 0 
78 -763 -436 0 
308 -123 309 0 
-717 182 345 0 
753 772 -583 0 
-108 211 -89 0 
280 34 -668 0 
153 -157 -549 0 
945 459 -529 0 
-169 66 -412 0 
985 558 202 0 
695 599 -453 0 
-548 362 457 0 
-120 -258 -878 0 
728 -15 -132 0 
-729 -529 35 0 
-853 -255 -787 0 
510 229 -216 0 
101 557 87 0 
416 737 -452 0 
-52 722 -443 0 
766 199 -384 0 
954 -213 -360 0 
-955 -672 -68 0 
-780 428 -487 0 
-799 486 789 0 
-880 -828 -186 0 
-270 744 -640 0 
-897 -270 690 0 
-380 474 970 0 
473 854 -929 0 
365 877 -501 0 
-368 750 824 0 
-102 681 538 0 
14 969 -156 0 
739 716 -922 0 
572 -532 -778 0 
600 643 -764 0 
-206 477 751 0 
148 908 -828 0 
-530 259 -231 0 
-15 -1000 137 0 
700 -145 -699 0 
-467 52 622 0 
766 -119 -409 0 
-435 -417 -555 0 
-75 -32 -997 0 
217 84 -661 0 
-645 -635 494 0 
-566 -336 778 0 
-521 -632 717 0 
-157 364 -689 0 
826 -703 -843 0 
601 -49 -479 0 
-102 -7 683 0 
117 -385 -98 0 
-234 704 -786 0 
51 466 -233 0 
-147 244 -458 0 
958 815 148 0 
-612 130 -895 0 
-863 521 -689 0 
-17 367 432 0 
-972 455 814 0 
329 -67 395 0 
-748 -887 519 0 
-742 29 -788 0 
851 -232 198 0 
-404 -167 -616 0 
-697 -720 198 0 
29 -600 210 0 
-8 -377 82 0 
-645 261 -473 0 
-453 -139 -586 0 
-566 -875 703 0 
780 493 -104 0 
-807 -132 656 0 
331 -505 649 0 
546 -896 845 0 
-253 -80 -706 0 
582 543 -24 0 
-43 747 460 0 
-435 -48 -262 0 
-579 -66 955 0 
-730 219 -132 0 
-748 376 284 0 
33 886 -488 0 
692 -802 -142 0 
-519 -517 -460 0 
507 -975 849 0 
-324 163 -972 0 
-445 -138 -100 0 
-182 -657 -960 0 
-636 -391 -898 0 
-440 -179 -855 0 
692 -871 512 0 
-5 779 300 0 
700 -532 -579 0 
884 -621 721 0 
-762 68 26 0 
515 -112 180 0 
-264 286 510 0 
714 -852 -582 0 
339 -231 513 0 
500 398 106 0 
-735 -535 9 0 
26 538 -163 0 
839 586 -550 0 
383 -415 -583 0 
815 -414 -33 0 
-909 -538 -582 0 
-332 -584 -4 0 
-268 -81 -211 0 
-973 -591 -354 0 
-995 -38 745 0 
336 644 745 0 
-973 -127 81 0 
-13 327 -313 0 
-524 -581 292 0 
-904 428 775 0 
508 167 747 0 
-389 -887 -521 0 
-193 -802 -35 0 
787 118 -216 0 
822 -228 -607 0 
-29 721 338 0 
971 -30 -457 0 
-336 614 726 0 
616 858 -54 0 
187 -965 -704 0 
-128 847 -273 0 
-384 -220 975 0 
621 -799 -390 0 
-324 -107 -465 0 
-489 635 432 0 
781 -834 149 0 
-212 564 -846 0 
-432 -152 -419 0 
-544 993 -225 0 
-441 633 -213 0 
401 187 538 0 
615 -565 71 0 
599 151 -127 0 
-557 -724 97 0 
494 198 -217 0 
-884 222 182 0 
-200 7 742 0 
817 -983 -977 0 
-631 290 762 0 
891 -850 629 0 
-732 46 566 0 
-71 -117 663 0 
24 -415 -508 0 
973 -849 -633 0 
579 -457 -596 0 
-443 -885 -486 0 
746 515 -996 0 
-647 241 177 0 
-906 472 -469 0 
-456 -668 -460 0 
-212 -807 -329 0 
201 -369 -967 0 
117 538 997 0 
85 812 -94 0 
-356 -107 301 0 
659 84 254 0 
-261 -266 790 0 
-317 -519 -585 0 
-683 -413 422 0 
-342 -931 -17 0 
-232 -356 -926 0 
-888 617 10 0 
350 -700 15 0 
-310 -724 403 0 
-474 988 545 0 
332 -666 -622 0 
-102 -280 655 0 
134 -46 -409 0 
374 -552 -442 0 
-381 140 -606 0 
419 176 615 0 
-584 800 -673 0 
-518 973 -687 0 
257 -804 -490 0 
-1000 -959 -279 0 
421 -502 -456 0 
129 -381 -915 0 
-454 -69 472 0 
927 81 -554 0 
-668 722 754 0 
144 505 430 0 
554 624 229 0 
-162 -244 909 0 
697 51 1000 0 
-194 -198 376 0 
71 806 999 0 
-353 -814 846 0 
556 -649 -69 0 
-973 -193 -93 0 
-837 -942 715 0 
224 -504 -122 0 
977 321 137 0 
-119 338 979 0 
476 944 483 0 
-348 886 105 0 
-750 -183 402 0 
63 -115 -176 0 
232 26 837 0 
-60 -710 376 0 
-657 -303 92 0 
-566 830 921 0 
-674 92 133 0 
-856 -593 241 0 
-578 -550 -688 0 
853 -61 541 0 
-236 177 509 0 
-911 -667 220 0 
106 278 28 0 
-275 -789 735 0 
902 -529 -281 0 
886 96 611 0 
-197 943 -392 0 
577 881 231 0 
822 922 -868 0 
-769 -87 -991 0 
-247 980 822 0 
341 941 57 0 
-982 645 939 0 
-513 606 -180 0 
-449 727 -952 0 
-738 864 428 0 
-83 -840 -191 0 
967 -943 814 0 
-16 397 -986 0 
61 -400 -978 0 
22 -340 990 0 
584 494 -306 0 
450 68 275 0 
-216 719 24 0 
-689 842 -190 0 
938 919 -272 0 
380 -310 775 0 
-588 -468 -911 0 
751 -706 -100 0 
150 829 940 0 
993 -223 -821 0 
204 825 -661 0 
-350 -299 -615 0 
197 835 964 0 
-16 317 -230 0 
-62 -962 -271 0 
746 693 -857 0 
754 -775 726 0 
553 388 104 0 
660 -249 -617 0 
-427 245 828 0 
217 615 -997 0 
-348 427 651 0 
-387 313 -820 0 
-126 768 -436 0 
-199 -292 30 0 
503 880 439 0 
-497 -939 570 0 
-831 947 747 0 
-902 -73 -529 0 
-344 731 -108 0 
97 751 -441 0 
-122 115 222 0 
-421 -959 -857 0 
-424 703 -822 0 
-373 66 541 0 
-802 438 -692 0 
408 322 114 0 
846 -853 112 0 
-253 510 -450 0 
-616 146 646 0 
125 542 -795 0 
-682 9 159 0 
-694 974 -224 0 
-831 535 -212 0 
-459 708 551 0 
142 309 854 0 
996 766 960 0 
-367 572 -49 0 
-296 -407 819 0 
-614 -355 -202 0 
-53 576 -391 0 
-769 978 790 0 
221 -506 -140 0 
-392 20 -26 0 
-874 376 -460 0 
-140 95 -144 0 
707 679 -33 0 
-651 -890 681 0 
-267 -225 -100 0 
180 798 -113 0 
-238 -831 499 0 
783 747 750 0 
-399 585 -87 0 
-599 647 512 0 
129 7 -205 0 
-57 33 -818 0 
494 -154 147 0 
569 -675 -125 0 
-632 -562 178 0 
930 -3 -40 0 
568 157 14 0 
-691 815 -48 0 
308 -51 830 0 
871 632 -677 0 
694 450 -289 0 
-568 -863 -916 0 
183 -771 163 0 
-307 475 855 0 
161 -294 413 0 
698 -831 -604 0 
701 608 -14 0 
414 372 -180 0 
-616 -478 868 0 
172 907 117 0 
993 -781 905 0 
-839 -910 -704 0 
968 -722 178 0 
-790 408 275 0 
678 624 -181 0 
401 -300 520 0 
205 -568 937 0 
-512 572 703 0 
-721 -281 -168 0 
229 -441 861 0 
-157 -504 631 0 
-995 843 296 0 
138 63 -554 0 
-465 49 -994 0 
-74 809 -47 0 
-152 -623 236 0 
-415 447 -806 0 
-415 555 513 0 
-696 405 -23 0 
-18 -833 888 0 
-656 892 -935 0 
-552 932 -371 0 
48 -891 -899 0 
830 -973 762 0 
-588 -498 -892 0 
478 -479 -804 0 
655 -446 -132 0 
-188 -596 -790 0 
337 -307 566 0 
17 -77 205 0 
610 -144 -327 0 
485 907 -838 0 
-599 -526 662 0 
852 391 346 0 
795 -602 -14 0 
-182 37 -213 0 
-666 343 -175 0 
-68 667 407 0 
-597 745 -119 0 
-24 -185 -675 0 
216 -117 -343 0 
-281 197 683 0 
674 -572 361 0 
785 -979 266 0 
-310 739 -737 0 
860 117 -678 0 
-889 -11 945 0 
-217 218 485 0 
566 140 -302 0 
533 542 -407 0 
-359 -431 383 0 
256 -79 65 0 
861 885 -871 0 
-663 -176 -316 0 
817 -665 268 0 
-520 -472 -981 0 
-525 -126 -342 0 
-996 -759 869 0 
321 618 -252 0 
565 620 -339 0 
-494 372 366 0 
600 -568 683 0 
-471 615 413 0 
194 -175 736 0 
48 -720 262 0 
-961 -664 951 0 
-738 -108 993 0 
221 259 -238 0 
42 -380 385 0 
715 883 540 0 
476 170 -283 0 
921 476 -568 0 
-357 -559 253 0 
4 485 -801 0 
166 -675 -210 0 
723 -621 -561 0 
969 -326 587 0 
780 316 159 0 
-498 -979 859 0 
63 -298 -607 0 
-762 748 124 0 
-561 -558 284 0 
94 258 -142 0 
99 884 -485 0 
60 914 -926 0 
-134 752 -658 0 
258 -317 567 0 
-294 931 -132 0 
-162 251 67 0 
-857 -60 811 0 
-601 -442 883 0 
-464 -835 -963 0 
-226 -603 323 0 
-334 -297 -811 0 
-416 385 -626 0 
-594 -882 -492 0 
331 272 828 0 
748 -370 719 0 
588 -333 1 0 
457 902 521 0 
243 -780 259 0 
-415 328 -748 0 
533 -959 776 0 
-755 733 -360 0 
-448 725 -718 0 
-647 462 -907 0 
516 -204 -511 0 
-318 -811 -859 0 
990 320 -95 0 
862 -630 -570 0 
380 890 454 0 
-701 -48 -793 0 
927 363 716 0 
20 973 314 0 
-847 -658 50 0 
-807 749 -709 0 
-536 -980 335 0 
377 156 -975 0 
-869 819 -508 0 
-828 470 997 0 
-986 320 -955 0 
362 994 225 0 
-16 211 -601 0 
-432 214 789 0 
-545 -710 -857 0 
795 -352 428 0 
-638 -894 -992 0 
-309 -965 -874 0 
-149 936 -22 0 
395 -443 -919 0 
-548 630 271 0 
621 -948 -784 0 
-852 -956 277 0 
436 14 263 0 
828 -826 886 0 
524 796 -761 0 
574 678 -668 0 
722 -13 -481 0 
-150 40 -49 0 
-150 414 288 0 
691 814 -624 0 
-712 -681 118 0 
788 91 159 0 
204 366 -85 0 
-767 985 -28 0 
627 123 -498 0 
-664 894 -795 0 
81 -861 1000 0 
587 461 809 0 
138 -246 -830 0 
-993 -562 -890 0 
55 -666 716 0 
927 -788 303 0 
781 592 8 0 
796 -103 -204 0 
950 -149 -24 0 
-694 -649 -996 0 
363 377 -298 0 
-594 -382 108 0 
831 297 461 0 
854 -807 -740 0 
-973 -208 -950 0 
913 -491 828 0 
-534 -3 22 0 
533 171 351 0 
993 -734 385 0 
-696 177 686 0 
-452 -999 144 0 
99 -711 760 0 
244 343 900 0 
646 260 -724 0 
653 206 -406 0 
-246 988 -663 0 
-7 850 -880 0 
-183 483 93 0 
148 262 512 0 
-576 -270 -498 0 
-603 -276 225 0 
-233 136 -66 0 
961 106 46 0 
419 772 -275 0 
358 -935 -490 0 
257 -594 -9 0 
359 -439 792 0 
-969 -625 -293 0 
-617 791 -281 0 
-96 -402 -423 0 
933 258 500 0 
-430 342 -864 0 
268 378 -793 0 
-485 111 460 0 
-745 -549 777 0 
952 527 -26 0 
-781 -432 93 0 
446 706 615 0 
-814 860 -299 0 
-103 734 556 0 
-395 277 351 0 
103 -322 -536 0 
125 -709 323 0 
838 -934 508 0 
-963 -401 -339 0 
558 453 490 0 
867 -534 665 0 
-643 194 308 0 
-809 -868 407 0 
602 890 326 0 
-177 -154 -78 0 
-484 643 -790 0 
-712 -645 -400 0 
789 355 -67 0 
773 95 -859 0 
-627 555 582 0 
870 186 -986 0 
367 657 -68 0 
-917 511 244 0 
698 109 -489 0 
-383 197 -873 0 
438 -788 398 0 
-680 330 -523 0 
304 67 -839 0 
19 536 -133 0 
-990 208 71 0 
-376 -566 124 0 
-271 -873 743 0 
-304 -305 -141 0 
970 -141 -637 0 
-581 320 -417 0 
215 302 -68 0 
-362 213 -718 0 
-23 -342 187 0 
-970 -583 -541 0 
-171 -380 -402 0 
-290 352 -803 0 
908 141 442 0 
999 -879 -88 0 
783 -874 -193 0 
518 -256 -504 0 
875 -189 -918 0 
-83 525 -149 0 
-790 802 -286 0 
136 -4 -739 0 
-672 -966 -294 0 
-797 390 -599 0 
-310 871 -787 0 
566 -592 552 0 
-999 -483 -656 0 
423 291 741 0 
-25 641 895 0 
-666 937 -669 0 
-139 47 -545 0 
580 646 248 0 
342 -153 -617 0 
76 -200 -39 0 
-629 671 -644 0 
-142 -55 -996 0 
-85 -172 245 0 
418 609 508 0 
354 -870 -932 0 
554 417 844 0 
-680 -786 -957 0 
-845 769 554 0 
950 659 429 0 
541 508 -830 0 
-989 34 -181 0 
868 -769 -628 0 
921 -45 -503 0 
417 280 568 0 
-439 887 -12 0 
469 -471 -153 0 
-741 683 -523 0 
-750 639 -885 0 
302 277 -983 0 
734 583 -866 0 
336 -635 78 0 
64 702 707 0 
50 -878 -741 0 
-485 -208 -57 0 
946 -651 -286 0 
-251 203 812 0 
-224 106 389 0 
-965 42 743 0 
-259 -601 951 0 
789 957 446 0 
-114 875 652 0 
-24 743 943 0 
209 -343 -967 0 
996 698 -387 0 
-664 495 277 0 
860 -101 429 0 
-366 612 -533 0 
-374 -942 180 0 
974 937 -733 0 
-889 -275 391 0 
-647 -410 956 0 
817 -299 761 0 
917 -983 590 0 
491 632 -941 0 
62 -462 54 0 
-903 -842 894 0 
-434 -134 -12 0 
-659 107 -545 0 
-942 -947 22 0 
768 -608 422 0 
118 761 409 0 
950 142 687 0 
-224 -429 -940 0 
940 317 460 0 
477 961 -719 0 
-159 8 669 0 
-575 799 907 0 
-590 -209 687 0 
238 -561 452 0 
-902 -668 632 0 
767 -363 -15 0 
787 883 -27 0 
637 133 -731 0 
-939 453 247 0 
543 -317 -175 0 
-97 -909 -898 0 
-59 988 -392 0 
452 528 -504 0 
336 -271 -739 0 
949 210 308 0 
-500 926 -638 0 
-325 -863 -564 0 
722 -877 572 0 
-805 461 -95 0 
583 -947 198 0 
-957 337 -191 0 
-262 155 502 0 
-591 14 -598 0 
-356 -185 247 0 
-378 876 172 0 
-697 434 -542 0 
514 480 423 0 
-77 -288 -867 0 
-883 -593 -874 0 
-19 729 -465 0 
-830 -710 648 0 
-201 317 301 0 
266 466 864 0 
-426 -3 -464 0 
-503 699 255 0 
-677 -799 -107 0 
770 329 153 0 
-542 215 -964 0 
-410 706 -670 0 
-857 75 -815 0 
-247 408 323 0 
-42 1000 -389 0 
296 490 317 0 
765 -728 -642 0 
554 409 -173 0 
746 -412 411 0 
-28 884 406 0 
-240 -559 -253 0 
-423 585 163 0 
-932 828 -979 0 
-715 -286 679 0 
599 -429 -810 0 
-369 -633 -368 0 
849 792 965 0 
962 39 212 0 
-414 -337 372 0 
288 -554 -150 0 
-215 -883 -188 0 
-303 209 -652 0 
-327 -663 51 0 
504 747 438 0 
336 958 983 0 
875 955 409 0 
294 -500 -961 0 
-259 -149 -389 0 
904 741 756 0 
498 207 931 0 
-969 998 -461 0 
-646 759 -546 0 
-20 121 -240 0 
790 411 -901 0 
-640 -337 -104 0 
-608 6 957 0 
-859 -895 -144 0 
-4 363 451 0 
433 972 785 0 
-175 -730 826 0 
956 -233 693 0 
-972 -973 499 0 
-766 245 -270 0 
122 540 -584 0 
297 -288 -600 0 
238 -39 95 0 
-772 -613 617 0 
-902 -460 -586 0 
675 114 870 0 
134 -652 288 0 
404 19 591 0 
-409 691 -397 0 
700 -898 453 0 
690 367 304 0 
-267 -896 -952 0 
-470 400 -310 0 
385 441 366 0 
-160 45 295 0 
979 -929 -500 0 
734 -277 117 0 
-48 321 943 0 
939 929 303 0 
-766 -786 -259 0 
662 -866 -72 0 
243 -595 268 0 
487 427 996 0 
935 -412 -841 0 
194 -280 -942 0 
-886 -132 -520 0 
-164 -111 -667 0 
-168 -137 865 0 
-332 96 -118 0 
333 -514 -576 0 
-557 -935 276 0 
-854 474 -122 0 
-713 553 825 0 
942 -453 171 0 
959 887 -922 0 
560 433 -31 0 
-552 -403 -352 0 
946 -156 -64 0 
301 439 157 0 
-943 -994 164 0 
549 741 322 0 
510 -196 685 0 
581 -657 -367 0 
613 -253 -419 0 
-487 566 -622 0 
850 -789 471 0 
435 367 -659 0 
-642 674 -347 0 
700 -425 -313 0 
166 -715 -389 0 
-145 992 159 0 
152 -711 -312 0 
540 283 -624 0 
978 -652 695 0 
-918 170 260 0 
-101 621 -114 0 
-813 -824 -244 0 
941 -516 222 0 
452 926 -789 0 
-673 485 -256 0 
934 -352 -540 0 
-572 -278 304 0 
-966 984 190 0 
968 -179 784 0 
-493 -950 -719 0 
252 -394 903 0 
523 -548 -71 0 
-237 625 -231 0 
681 788 -855 0 
244 -237 581 0 
579 -78 -290 0 
-784 596 -254 0 
201 924 -760 0 
-129 -712 56 0 
-348 -998 79 0 
773 -683 53 0 
-617 905 -939 0 
-600 748 184 0 
816 -360 -551 0 
-213 -350 -696 0 
-336 -261 -129 0 
471 -138 -537 0 
50 510 -872 0 
709 774 -572 0 
437 -186 -142 0 
-760 -940 180 0 
357 378 -239 0 
733 -1000 621 0 
746 -377 -198 0 
494 687 987 0 
-120 332 844 0 
941 -990 767 0 
-944 -466 -713 0 
920 -571 663 0 
-409 478 527 0 
187 -172 -292 0 
-762 869 684 0 
635 550 -361 0 
-456 638 410 0 
-890 180 -751 0 
-852 -594 -104 0 
103 -970 -326 0 
613 371 216 0 
265 254 366 0 
-456 745 378 0 
789 148 690 0 
95 -986 805 0 
-949 -521 -621 0 
-698 -306 466 0 
739 -119 -185 0 
926 -778 537 0 
-416 110 -891 0 
-935 -568 -728 0 
823 703 -770 0 
-592 -199 658 0 
-186 143 976 0 
-425 -782 -936 0 
183 -288 551 0 
944 -888 701 0 
-47 191 -478 0 
-324 -889 844 0 
206 -252 -605 0 
-648 -636 720 0 
-374 245 298 0 
196 464 99 0 
-201 -640 -624 0 
401 -36 -773 0 
502 45 -580 0 
305 724 -216 0 
361 139 -854 0 
-995 576 482 0 
600 296 31 0 
-421 554 -629 0 
659 540 -326 0 
563 143 633 0 
-217 -580 800 0 
602 993 -268 0 
-756 -948 235 0 
804 -831 -624 0 
-866 483 987 0 
-613 779 -645 0 
-282 999 -852 0 
-304 -892 -542 0 
-273 -183 -243 0 
-561 330 76 0 
-915 835 996 0 
-858 -158 -490 0 
-4 -164 -57 0 
182 539 -145 0 
-2 -222 751 0 
-103 875 536 0 
-17 -240 287 0 
967 -656 929 0 
-463 -929 -9 0 
-641 -403 155 0 
455 -947 623 0 
802 916 -11 0 
409 -449 -522 0 
-695 -630 516 0 
-42 8 806 0 
-717 31 24 0 
-661 558 -24 0 
623 -843 -509 0 
906 -421 305 0 
20 -596 809 0 
-219 850 597 0 
-968 445 205 0 
-430 530 449 0 
616 -239 969 0 
173 492 375 0 
-460 -725 -454 0 
-891 227 497 0 
-485 -105 570 0 
368 876 601 0 
-117 288 417 0 
-984 165 -428 0 
-300 452 -754 0 
195 121 806 0 
-147 650 -706 0 
-330 -481 -271 0 
-501 -339 161 0 
841 -172 -700 0 
-52 -134 -610 0 
867 851 -930 0 
-276 -810 103 0 
-974 654 -598 0 
-694 -771 156 0 
6 302 425 0 
858 -706 47 0 
-290 115 263 0 
601 22 993 0 
-859 -476 67 0 
-654 344 -874 0 
-577 -211 -675 0 
-582 894 24 0 
-562 403 -533 0 
-705 906 162 0 
-437 -723 790 0 
-14 589 287 0 
16 -93 -688 0 
502 -819 -496 0 
-40 794 -141 0 
-280 415 -819 0 
812 -581 -745 0 
-32 626 19 0 
-38 -610 -809 0 
720 -899 -627 0 
-651 -639 230 0 
12 292 -750 0 
321 -234 233 0 
-331 -35 632 0 
-821 162 -436 0 
947 -991 -393 0 
540 31 -999 0 
806 -533 335 0 
535 -896 466 0 
-866 -704 94 0 
842 -366 748 0 
-439 171 69 0 
-739 555 518 0 
41 166 874 0 
754 312 363 0 
564 359 -589 0 
318 258 -196 0 
-926 -825 124 0 
-177 555 -678 0 
989 731 724 0 
932 -875 79 0 
589 -484 944 0 
748 -427 64 0 
-215 -924 -854 0 
973 889 -12 0 
894 -226 -464 0 
663 -859 787 0 
130 601 -36 0 
942 805 -683 0 
254 807 713 0 
467 571 422 0 
-992 -977 -89 0 
-402 782 -540 0 
960 -120 -463 0 
-804 -752 -121 0 
116 22 -827 0 
-484 183 486 0 
-157 227 784 0 
729 -415 -720 0 
-746 -434 -885 0 
-337 -338 560 0 
-444 910 782 0 
376 402 -917 0 
-945 699 -346 0 
-387 11 -299 0 
-773 151 271 0 
515 -702 -872 0 
-478 -943 16 0 
818 984 -262 0 
819 709 -961 0 
-832 985 387 0 
175 -305 69 0 
-195 -459 357 0 
-339 587 530 0 
849 604 -977 0 
-733 898 749 0 
-718 385 -441 0 
98 371 -20 0 
210 -855 -953 0 
193 687 -919 0 
-892 799 -840 0 
167 -767 -884 0 
-589 482 652 0 
-917 36 -935 0 
-822 -603 -994 0 
-374 33 249 0 
-226 -461 203 0 
478 442 119 0 
359 -833 -683 0 
-365 660 780 0 
325 -263 -236 0 
-177 -843 735 0 
497 93 -587 0 
46 -982 873 0 
988 -972 -912 0 
-64 732 377 0 
-862 -861 949 0 
-284 -319 366 0 
99 -400 290 0 
-652 108 363 0 
474 -316 -831 0 
573 976 -710 0 
-824 676 873 0 
-374 871 -465 0 
-213 -411 -804 0 
-557 617 522 0 
-136 -179 282 0 
-26 747 922 0 
777 -352 -619 0 
801 -545 769 0 
-43 47 -289 0 
-602 487 -119 0 
-968 89 62 0 
-394 892 689 0 
389 -209 758 0 
53 -630 564 0 
159 603 446 0 
1 -993 -269 0 
214 949 6 0 
939 -401 643 0 
888 -995 847 0 
-413 817 18 0 
-635 718 147 0 
-313 441 -65 0 
807 -741 -29 0 
-530 -705 247 0 
943 355 -267 0 
794 839 177 0 
465 -682 210 0 
185 721 -270 0 
339 583 699 0 
738 524 -795 0 
248 -400 -274 0 
-220 -650 152 0 
232 -273 233 0 
-408 802 72 0 
689 -131 801 0 
-582 306 651 0 
-698 441 688 0 
-205 599 894 0 
951 265 -638 0 
-624 884 -499 0 
660 -84 -371 0 
396 173 -773 0 
915 180 297 0 
489 181 -623 0 
-358 378 640 0 
-310 -532 -204 0 
796 487 534 0 
-645 -654 -747 0 
685 830 -794 0 
-334 247 -147 0 
584 -485 -99 0 
331 852 -714 0 
-102 -276 -676 0 
-303 -418 -260 0 
-97 -574 424 0 
261 426 846 0 
-113 589 646 0 
-984 -737 646 0 
-490 145 427 0 
-163 281 485 0 
-309 873 -405 0 
-643 -726 244 0 
9 624 792 0 
-375 -355 191 0 
142 379 -958 0 
-109 -619 -392 0 
-480 385 923 0 
-824 650 -692 0 
-802 -904 -469 0 
-27 657 910 0 
697 -628 280 0 
65 -180 136 0 
-372 -294 -189 0 
-210 -782 -97 0 
802 -656 -696 0 
494 -330 -967 0 
-976 641 -652 0 
109 121 -982 0 
303 419 550 0 
-418 -440 952 0 
421 -533 -292 0 
-758 751 -189 0 
675 156 671 0 
-813 -480 -950 0 
-294 484 -512 0 
565 572 400 0 
499 46 895 0 
-406 421 -820 0 
272 -298 27 0 
655 129 566 0 
-678 387 -598 0 
-828 302 326 0 
191 -978 410 0 
932 368 499 0 
751 230 -857 0 
-938 969 116 0 
682 -843 -497 0 
-192 -628 -433 0 
419 491 -546 0 
523 747 -664 0 
-259 110 442 0 
159 -536 -664 0 
189 159 -101 0 
-307 -262 -956 0 
121 472 -811 0 
-599 -226 352 0 
39 -686 267 0 
166 -403 -802 0 
672 -475 -853 0 
617 -392 -987 0 
597 594 -354 0 
-526 50 353 0 
701 7 -784 0 
-704 -522 765 0 
-874 736 -307 0 
993 593 -944 0 
-814 -30 -659 0 
-799 -599 -867 0 
-74 315 -757 0 
343 90 -900 0 
-297 -700 976 0 
781 -210 -840 0 
378 -471 932 0 
875 433 -791 0 
232 933 -442 0 
-829 650 979 0 
-335 883 -570 0 
-583 78 288 0 
-137 -650 -107 0 
-640 155 -756 0 
99 -92 106 0 
309 -797 539 0 
-789 350 769 0 
-110 -274 -487 0 
844 -635 -660 0 
623 -781 827 0 
989 -351 -943 0 
-822 497 -776 0 
-936 -617 396 0 
621 238 348 0 
53 -197 -802 0 
-405 556 -545 0 
65 390 -640 0 
-996 132 -379 0 
-1 443 -316 0 
-190 642 891 0 
606 36 831 0 
-716 863 -705 0 
896 228 62 0 
-25 -91 -578 0 
436 -956 -298 0 
-405 816 738 0 
832 333 -745 0 
-448 323 -856 0 
-633 -948 595 0 
-895 -744 561 0 
-966 805 158 0 
798 -505 -393 0 
73 649 571 0 
-664 973 74 0 
49 828 -822 0 
-975 160 711 0 
335 5 -945 0 
-801 994 -475 0 
73 -518 -69 0 
-812 -547 -29 0 
634 86 -343 0 
-494 760 -169 0 
620 276 144 0 
-420 -902 310 0 
-504 -828 -779 0 
-568 -998 -446 0 
-590 -701 -78 0 
182 -108 -582 0 
-4 566 310 0 
-392 646 205 0 
232 8 -897 0 
-370 751 582 0 
805 301 -369 0 
-40 -471 615 0 
-460 -71 -165 0 
-804 -450 1 0 
780 -687 718 0 
-147 878 821 0 
-65 407 764 0 
867 452 -104 0 
-448 644 -577 0 
-350 -228 -68 0 
719 442 -55 0 
