p cnf 1000 4000
-10 582 964 0 
-414 162 -422 0 
872 -961 -576 0 
96 719 -581 0 
368 737 -217 0 
-845 899 -14 0 
65 627 964 0 
-942 245 544 0 
-319 124 532 0 
-298 581 965 0 
-405 181 916 0 
512 -417 -934 0 
668 997 317 0 
26 -279 -619 0 
170 761 774 0 
-974 -667 357 0 
-373 987 74 0 
-44 695 -396 0 
411 597 106 0 
-447 206 95 0 
900 260 217 0 
-337 220 903 0 
461 -672 -791 0 
93 229 -502 0 
791 579 465 0 
-204 946 -38 0 
-125 -491 -558 0 
610 -167 893 0 
-389 886 95 0 
-828 242 -214 0 
369 602 15 0 
-184 -488 -934 0 
-161 607 -814 0 
142 463 616 0 
-352 38 -195 0 
-717 -708 927 0 
-931 773 974 0 
-553 20 -848 0 
-603 -611 979 0 
418 -431 456 0 
-922 199 -68 0 
-755 85 -623 0 
834 635 956 0 
-919 -492 471 0 
878 85 568 0 
858 799 219 0 
-243 316 -85 0 
19 284 -492 0 
280 -752 -823 0 
-586 -662 406 0 
-901 229 271 0 
-620 949 -824 0 
215 778 556 0 
-257 351 -252 0 
-31 163 -646 0 
815 -699 -586 0 
-897 -233 706 0 
100 716 -996 0 
397 -187 -824 0 
-795 534 936 0 
-34 122 -10 0 
-481 -615 -363 0 
-88 -265 -287 0 
-114 -22 -415 0 
-516 -801 -747 0 
188 357 -198 0 
-852 244 51 0 
625 -650 843 0 
-414 922 -381 0 
275 464 61 0 
-662 288 -783 0 
864 -934 -323 0 
-311 -211 954 0 
722 355 -529 0 
173 -663 693 0 
231 -441 -60 0 
-240 260 -870 0 
528 460 -984 0 
219 602 -340 0 
335 234 -954 0 
201 -517 -539 0 
-699 932 -205 0 
417 886 -472 0 
577 203 604 0 
434 -696 -270 0 
-974 -630 598 0 
-30 -245 341 0 
290 771 -865 0 
-688 -384 377 0 
786 -906 -163 0 
991 -722 258 0 
453 -916 -454 0 
876 343 799 0 
-55 -976 925 0 
374 -936 -859 0 
470 221 490 0 
929 -965 -2 0 
765 -884 789 0 
-348 406 -456 0 
308 970 901 0 
586 536 -430 0 
-62 621 -427 0 
730 -141 839 0 
-168 -493 -271 0 
600 388 -140 0 
-421 575 455 0 
237 -707 192 0 
933 987 93 0 
9 158 -119 0 
-121 -225 743 0 
-430 -748 -509 0 
101 -478 245 0 
-579 -180 -898 0 
-236 47 303 0 
760 177 -295 0 
700 -404 49 0 
528 -3 21 0 
344 157 -442 0 
-257 -107 -391 0 
422 848 -1 0 
-30 -533 -835 0 
611 102 -904 0 
-832 644 -400 0 
-8 196 -301 0 
815 31 191 0 
255 -656 -25 0 
-242 208 -270 0 
-846 -604 -213 0 
-900 -339 27 0 
163 -518 -391 0 
692 -729 670 0 
717 247 -144 0 
495 883 33 0 
-874 -687 -515 0 
200 -809 -243 0 
-910 857 635 0 
-278 -511 750 0 
233 288 -722 0 
-427 -910 -816 0 
785 486 -522 0 
620 950 536 0 
127 536 943 0 
-8 -989 -826 0 
-993 -955 -625 0 
-678 -460 -185 0 
-715 311 -919 0 
-823 178 707 0 
557 -67 625 0 
-782 124 505 0 
370 -764 -571 0 
880 79 953 0 
28 709 -170 0 
-66 70 274 0 
696 -323 -139 0 
-76 -731 -809 0 
494 -225 -634 0 
93 -631 367 0 
383 -741 797 0 
-322 -491 -293 0 
761 662 -285 0 
-937 990 -406 0 
984 -371 761 0 
-506 -862 133 0 
-575 308 847 0 
455 -811 -180 0 
-295 446 -224 0 
-966 -129 -401 0 
68 -703 540 0 
670 -346 -27 0 
838 929 203 0 
-602 923 -47 0 
-253 -735 -546 0 
655 305 -587 0 
-961 -839 -760 0 
771 -166 -241 0 
-98 -554 -430 0 
60 52 898 0 
-696 -336 -724 0 
450 271 -246 0 
427 542 619 0 
-445 -400 781 0 
655 42 191 0 
-3 -773 987 0 
-609 38 -670 0 
-583 775 458 0 
-794 699 -882 0 
-398 697 525 0 
-898 334 -954 0 
327 250 -526 0 
437 24 -85 0 
315 -797 -606 0 
-325 134 -615 0 
383 843 623 0 
285 -965 -373 0 
39 814 -824 0 
-617 931 -344 0 
-494 -878 287 0 
-64 -696 -414 0 
532 -614 517 0 
439 -615 -134 0 
-839 328 778 0 
147 542 -218 0 
325 444 -475 0 
94 928 -956 0 
-69 -356 -652 0 
-150 232 585 0 
280 -391 501 0 
-909 -534 41 0 
52 58 665 0 
183 -306 -464 0 
210 162 -295 0 
-769 -567 998 0 
673 805 -719 0 
173 162 -52 0 
281 -739 -257 0 
-583 319 -206 0 
-702 462 -376 0 
-548 978 912 0 
822 39 609 0 
855 86 418 0 
-107 -866 -981 0 
-897 -879 -200 0 
-157 492 57 0 
-914 -319 746 0 
380 21 919 0 
987 353 76 0 
683 966 127 0 
54 345 489 0 
-570 3 -123 0 
270 -814 -363 0 
214 40 -268 0 
-845 -489 -595 0 
-354 -635 -162 0 
338 -62 732 0 
692 -372 -195 0 
334 759 -634 0 
18 461 -681 0 
473 -420 818 0 
554 837 -494 0 
-880 905 808 0 
541 -600 465 0 
-385 -375 -799 0 
56 288 86 0 
519 365 -570 0 
388 -309 -367 0 
293 -325 -391 0 
-446 -540 -425 0 
-170 -688 32 0 
445 -681 -463 0 
-239 -171 -989 0 
900 56 367 0 
539 -942 475 0 
271 889 392 0 
-860 557 570 0 
551 253 -449 0 
-36 22 -58 0 
600 540 -320 0 
981 267 -557 0 
523 -100 -200 0 
157 -551 -515 0 
106 -238 584 0 
86 375 -941 0 
-851 -226 -282 0 
-216 -75 -477 0 
670 -545 -323 0 
-411 -38 607 0 
-527 846 -420 0 
-779 444 41 0 
121 -419 44 0 
-965 -918 656 0 
549 271 -508 0 
-490 -72 -632 0 
-284 -305 -569 0 
591 216 408 0 
107 -484 -977 0 
14 704 101 0 
666 -595 -498 0 
-827 852 457 0 
267 -779 712 0 
107 -864 622 0 
-512 -520 -68 0 
611 -829 -65 0 
-851 177 181 0 
-565 -634 -795 0 
120 -726 564 0 
396 -550 478 0 
-613 -267 -659 0 
516 897 -5 0 
-651 -224 795 0 
-848 -507 697 0 
-960 -589 -830 0 
719 -903 -509 0 
967 84 -360 0 
-837 721 -573 0 
955 59 459 0 
904 589 -148 0 
-660 134 -201 0 
195 532 -474 0 
517 -884 503 0 
600 105 843 0 
-648 -231 576 0 
201 -161 945 0 
380 -355 -526 0 
-655 -924 628 0 
338 -207 455 0 
365 549 -378 0 
-998 32 -794 0 
804 -219 751 0 
-969 982 197 0 
-407 474 -829 0 
416 60 932 0 
-138 -611 -195 0 
-994 -435 559 0 
874 327 -669 0 
686 -799 661 0 
850 902 -809 0 
-267 -791 322 0 
164 806 -459 0 
74 -267 962 0 
757 206 537 0 
696 -905 -259 0 
-276 -291 9 0 
-873 253 -95 0 
950 -872 -183 0 
-291 848 -536 0 
-179 -752 -925 0 
-207 554 -384 0 
-358 -936 729 0 
-409 -986 -936 0 
843 959 -320 0 
-444 -400 345 0 
-739 171 -260 0 
-892 309 -63 0 
836 441 -227 0 
133 170 509 0 
493 -554 -126 0 
295 259 420 0 
871 258 429 0 
517 -292 -321 0 
720 -34 -841 0 
-334 162 526 0 
86 -172 737 0 
92 584 395 0 
-754 -565 328 0 
-761 -972 175 0 
-575 325 873 0 
-657 253 -755 0 
831 -382 171 0 
-579 278 -58 0 
-674 -393 526 0 
-723 -190 704 0 
-815 -714 -850 0 
174 842 -207 0 
521 -571 -767 0 
-401 -981 -516 0 
-555 544 976 0 
529 367 -924 0 
289 889 -275 0 
-344 225 -916 0 
733 920 150 0 
-470 -892 736 0 
-777 -434 444 0 
-126 207 -840 0 
595 -443 583 0 
-137 -593 633 0 
-666 544 86 0 
831 384 -242 0 
-402 269 215 0 
-697 -769 -270 0 
-228 910 -445 0 
-841 630 218 0 
612 -403 -554 0 
848 -840 -719 0 
-269 -245 -661 0 
366 -567 996 0 
-31 166 -212 0 
252 -296 482 0 
415 -572 -433 0 
-830 715 -621 0 
298 -987 -762 0 
-436 -108 -739 0 
-849 727 820 0 
317 854 -856 0 
-643 -559 -594 0 
-447 338 823 0 
708 -196 750 0 
631 312 -514 0 
168 693 873 0 
-408 -461 -787 0 
867 -694 -459 0 
-878 19 489 0 
215 659 -802 0 
-778 19 -14 0 
-502 -810 -887 0 
271 -944 -323 0 
-635 -176 258 0 
-194 389 -506 0 
-10 -533 -892 0 
339 643 383 0 
200 -424 95 0 
-932 -983 696 0 
-92 240 850 0 
349 707 120 0 
-377 681 568 0 
531 -55 486 0 
-215 -976 -670 0 
260 480 -262 0 
-540 798 412 0 
922 781 428 0 
282 80 -770 0 
-106 208 176 0 
62 757 582 0 
57 834 357 0 
-265 -638 -500 0 
-247 228 -520 0 
842 -44 -869 0 
-403 -220 532 0 
801 -510 453 0 
443 -691 -85 0 
748 744 -122 0 
-798 563 -674 0 
880 544 -259 0 
-335 -60 -312 0 
758 -252 -384 0 
939 -255 451 0 
257 -910 502 0 
-835 644 -27 0 
837 -867 167 0 
745 788 938 0 
658 -271 -964 0 
428 -11 448 0 
749 -563 155 0 
-70 566 980 0 
530 862 -816 0 
-978 617 45 0 
-264 409 527 0 
380 427 -308 0 
333 -965 -228 0 
825 -238 -173 0 
716 596 -40 0 
880 -501 164 0 
853 -300 402 0 
42 -743 -803 0 
146 -568 376 0 
-92 909 -274 0 
248 539 376 0 
-458 -585 -942 0 
-175 -797 339 0 
-258 -909 20 0 
-657 -433 -429 0 
-174 336 755 0 
699 -266 703 0 
-874 484 -539 0 
109 -901 265 0 
309 744 -935 0 
703 -261 -799 0 
-273 584 755 0 
-338 792 536 0 
-851 492 -421 0 
-775 -67 105 0 
53 -377 440 0 
-333 861 397 0 
-32 33 388 0 
-48 -383 -478 0 
-829 -281 -494 0 
354 -645 -376 0 
176 353 -141 0 
826 -268 -295 0 
215 -137 -909 0 
114 -949 -2 0 
711 651 -243 0 
254 778 -629 0 
-515 468 -937 0 
869 -936 -130 0 
973 106 500 0 
-646 -532 559 0 
407 -579 353 0 
883 407 873 0 
60 -460 874 0 
-357 634 -883 0 
678 327 -916 0 
-152 396 479 0 
531 -884 -288 0 
552 -867 847 0 
-86 -46 788 0 
-747 -263 788 0 
422 -998 -620 0 
389 -762 953 0 
520 181 818 0 
-855 -119 713 0 
967 -509 476 0 
602 -896 -294 0 
776 -383 -543 0 
242 248 -121 0 
-507 -849 -376 0 
170 -130 -295 0 
-762 347 417 0 
125 636 955 0 
-245 -15 -776 0 
-298 -569 -576 0 
306 172 -697 0 
-580 -614 39 0 
98 -406 -336 0 
-640 -839 -361 0 
669 -289 851 0 
-130 957 321 0 
-287 -245 101 0 
445 -453 286 0 
834 -216 -485 0 
-638 298 -309 0 
194 -992 708 0 
858 831 -592 0 
334 -415 817 0 
403 -331 126 0 
115 881 420 0 
-310 -193 230 0 
-255 56 -854 0 
-460 -189 -112 0 
778 670 -613 0 
160 -392 -289 0 
-437 -163 850 0 
-375 -403 879 0 
-909 -997 -616 0 
911 -814 791 0 
-108 -467 704 0 
789 706 -28 0 
-988 -496 -661 0 
566 -735 -805 0 
975 -171 368 0 
-433 -602 225 0 
890 -789 182 0 
-484 681 712 0 
673 886 -151 0 
-952 271 -930 0 
-484 -956 703 0 
393 -206 -799 0 
-186 -267 -765 0 
549 225 538 0 
-993 288 -856 0 
67 867 872 0 
746 758 -102 0 
-516 193 -543 0 
726 -951 -350 0 
833 70 611 0 
746 -889 -524 0 
543 -990 -786 0 
-95 -282 70 0 
-727 -953 13 0 
-32 -94 -42 0 
-146 260 165 0 
-838 -540 -703 0 
797 776 607 0 
-75 -291 802 0 
-371 63 -837 0 
-524 982 327 0 
-110 -640 578 0 
-321 -91 -54 0 
634 -710 -361 0 
70 -618 650 0 
58 -923 -880 0 
-617 -580 -686 0 
145 350 -705 0 
723 -437 444 0 
678 807 98 0 
-141 -383 -922 0 
695 -73 -460 0 
288 226 -531 0 
557 -430 -77 0 
682 366 -806 0 
833 -211 480 0 
-740 892 -41 0 
480 862 -370 0 
816 -360 682 0 
-3 -861 -263 0 
700 -54 185 0 
-496 833 -289 0 
470 477 464 0 
480 -139 -735 0 
717 -506 584 0 
367 -98 -872 0 
166 -760 196 0 
-297 164 939 0 
498 335 -466 0 
490 689 -697 0 
724 -748 8 0 
39 -178 -939 0 
882 -727 810 0 
-489 -58 108 0 
-1 -814 115 0 
-462 354 865 0 
761 -153 313 0 
-428 822 -588 0 
-573 -459 268 0 
-162 521 417 0 
790 -134 -891 0 
675 961 974 0 
293 -552 568 0 
-133 -453 574 0 
383 -311 410 0 
887 518 -815 0 
-341 302 335 0 
390 -554 -899 0 
-630 -991 -555 0 
-316 349 -733 0 
-342 111 744 0 
-80 -555 -424 0 
-754 -721 786 0 
592 -673 -554 0 
715 -348 677 0 
-715 376 -337 0 
166 -100 102 0 
564 236 353 0 
132 -16 411 0 
-14 -710 61 0 
-733 -870 -492 0 
-83 -666 -1000 0 
-366 -697 746 0 
329 -980 -184 0 
879 707 -345 0 
362 964 -405 0 
795 972 -906 0 
821 844 -904 0 
837 -797 476 0 
-883 791 -930 0 
-277 -265 -153 0 
511 -269 469 0 
455 240 437 0 
612 -938 461 0 
-877 -94 154 0 
533 686 -217 0 
756 92 -474 0 
120 -115 918 0 
-626 848 -191 0 
300 727 -905 0 
-86 222 -959 0 
367 521 -346 0 
248 143 261 0 
267 -242 608 0 
786 243 595 0 
324 -762 628 0 
-948 -587 164 0 
-673 792 529 0 
-476 388 -975 0 
-719 873 287 0 
427 -553 -430 0 
746 -935 949 0 
946 69 -45 0 
873 160 -201 0 
-565 569 563 0 
-125 201 109 0 
559 -682 691 0 
987 -438 -919 0 
-400 900 -69 0 
-236 751 757 0 
932 790 590 0 
-991 -227 924 0 
336 356 136 0 
-125 871 -192 0 
-127 104 482 0 
320 -507 -485 0 
446 -607 -800 0 
-718 95 672 0 
-160 754 -726 0 
-610 539 887 0 
498 -929 -570 0 
585 328 -138 0 
987 -812 -596 0 
114 662 795 0 
453 414 49 0 
-188 -408 -318 0 
607 -291 -28 0 
829 155 236 0 
-516 -301 722 0 
294 -708 605 0 
-210 -503 13 0 
-841 847 -778 0 
-478 660 999 0 
-926 213 918 0 
-713 -655 -269 0 
-856 -163 730 0 
531 456 -748 0 
-590 -397 -783 0 
460 -563 -308 0 
-803 -701 -459 0 
947 673 -372 0 
-573 -455 -96 0 
346 11 195 0 
-252 -689 -763 0 
500 181 -326 0 
392 875 -670 0 
127 -761 983 0 
374 -122 -412 0 
-180 471 636 0 
780 -336 361 0 
-582 -788 -716 0 
-942 -72 788 0 
-151 901 -630 0 
201 -76 194 0 
-711 -654 -686 0 
-343 643 -373 0 
151 64 -33 0 
468 86 670 0 
-557 92 11 0 
282 -938 -524 0 
-96 -907 655 0 
500 -997 -90 0 
-786 -171 -599 0 
413 -263 -515 0 
949 -83 558 0 
606 -871 360 0 
-926 494 -766 0 
-574 179 -747 0 
770 -558 -371 0 
357 -102 -313 0 
970 896 882 0 
873 -455 926 0 
-403 -384 115 0 
-542 -658 -663 0 
723 376 444 0 
-756 -214 -456 0 
-635 997 32 0 
-850 -490 915 0 
741 -953 -917 0 
532 -866 -731 0 
-565 721 -34 0 
-205 669 -415 0 
825 611 443 0 
396 -893 -349 0 
133 183 -731 0 
-686 -73 532 0 
735 -700 28 0 
-375 -742 -659 0 
-519 -24 -912 0 
443 983 62 0 
-397 39 926 0 
380 271 -942 0 
-277 -821 229 0 
494 77 208 0 
190 -947 131 0 
334 935 21 0 
-425 -586 -886 0 
730 531 -502 0 
632 -757 -509 0 
995 777 -807 0 
338 -65 217 0 
-90 181 -809 0 
-663 703 -952 0 
166 -632 390 0 
-257 463 -542 0 
-626 -301 905 0 
-233 518 420 0 
235 546 299 0 
-379 -804 -534 0 
-86 -560 -360 0 
533 15 632 0 
235 816 348 0 
787 638 -868 0 
554 -589 957 0 
-626 -78 595 0 
30 898 400 0 
25 -276 -557 0 
-211 642 536 0 
-710 -253 -767 0 
900 -221 516 0 
-623 652 407 0 
-315 -117 -280 0 
-587 949 -764 0 
720 471 343 0 
898 399 690 0 
444 397 -459 0 
-411 677 52 0 
534 391 983 0 
-848 823 -452 0 
-125 986 116 0 
-677 551 538 0 
-487 -866 -571 0 
-472 -838 460 0 
-678 567 -114 0 
-723 -77 805 0 
-978 -785 -455 0 
-912 525 172 0 
444 42 -535 0 
-239 372 566 0 
604 839 -941 0 
-937 -692 -286 0 
342 118 -303 0 
-750 392 6 0 
-626 789 135 0 
459 618 -218 0 
-234 326 -968 0 
503 -373 638 0 
-481 -453 -544 0 
337 -402 125 0 
-48 914 -93 0 
-116 560 -71 0 
638 170 -674 0 
-807 -190 461 0 
-430 619 942 0 
45 591 945 0 
78 -572 -222 0 
-245 703 485 0 
655 -313 403 0 
-583 -317 -180 0 
791 -265 761 0 
422 -965 763 0 
179 718 999 0 
316 882 335 0 
884 958 558 0 
-370 -484 526 0 
278 -46 -200 0 
-620 -43 -676 0 
794 745 -72 0 
657 -392 952 0 
-353 -863 -774 0 
608 724 865 0 
707 -947 253 0 
-356 -26 759 0 
578 815 665 0 
300 -333 286 0 
857 -486 -132 0 
-757 350 753 0 
607 -735 -700 0 
-915 -404 -417 0 
-137 523 -112 0 
560 -817 2 0 
592 -541 523 0 
-336 -822 -915 0 
-742 181 805 0 
-839 338 -645 0 
-152 709 -203 0 
-545 681 958 0 
204 -398 702 0 
816 -880 -755 0 
-753 318 674 0 
-789 -978 -613 0 
-258 242 -245 0 
-825 -617 -482 0 
-793 -847 459 0 
-466 -772 760 0 
-533 686 -133 0 
814 242 850 0 
-806 -768 769 0 
-209 -865 -257 0 
-656 -283 477 0 
606 -196 90 0 
662 416 794 0 
-311 -292 -800 0 
121 -254 -440 0 
472 -664 241 0 
-328 -49 -395 0 
-426 634 516 0 
-106 176 977 0 
-121 -946 -808 0 
343 909 261 0 
-441 -623 902 0 
928 273 -709 0 
578 -383 -211 0 
606 -222 -445 0 
-475 823 -919 0 
287 98 -692 0 
-359 246 -745 0 
127 -805 -472 0 
-696 -227 923 0 
51 -498 -725 0 
697 213 -425 0 
-493 211 317 0 
-243 213 966 0 
-665 -340 548 0 
-130 -21 -981 0 
160 -942 115 0 
-586 -706 -246 0 
-80 200 870 0 
646 688 -719 0 
805 980 -201 0 
117 -498 -414 0 
-530 833 -595 0 
468 -396 96 0 
-376 215 379 0 
505 -5 -495 0 
-386 -462 -366 0 
924 520 628 0 
-619 -447 402 0 
739 852 -63 0 
-361 -573 -107 0 
294 -397 432 0 
996 -137 -283 0 
105 902 -979 0 
751 -495 158 0 
-282 271 632 0 
740 -935 348 0 
-1000 320 -891 0 
-271 307 -329 0 
206 616 -968 0 
699 -462 674 0 
-920 4 735 0 
-162 290 -899 0 
-165 619 -251 0 
-898 554 935 0 
-317 -904 -356 0 
403 735 832 0 
146 832 -79 0 
-789 646 474 0 
933 -94 -4 0 
789 -897 405 0 
825 -193 -702 0 
635 -982 -175 0 
-334 169 637 0 
-9 -401 -254 0 
554 742 321 0 
604 615 538 0 
31 -915 -877 0 
-839 581 -418 0 
-458 657 -225 0 
540 -604 -441 0 
693 -287 834 0 
-290 110 -553 0 
-165 343 116 0 
-991 -180 863 0 
541 -339 -375 0 
64 232 -367 0 
-240 -680 -565 0 
-168 -69 -880 0 
-671 -840 -218 0 
-131 524 -86 0 
-857 552 -789 0 
-503 -371 76 0 
899 797 914 0 
-788 267 -462 0 
885 800 -446 0 
720 -708 -662 0 
-235 -974 -640 0 
-414 736 -577 0 
-866 -391 -44 0 
459 962 680 0 
-730 907 -358 0 
738 884 607 0 
-462 105 235 0 
-232 462 323 0 
-194 -191 599 0 
647 -635 388 0 
333 -616 961 0 
-461 394 266 0 
213 841 986 0 
225 731 -187 0 
-509 959 43 0 
527 180 324 0 
757 602 -222 0 
270 -370 -809 0 
526 454 -276 0 
-360 -786 520 0 
-135 -64 -389 0 
-272 -632 -71 0 
-89 153 603 0 
109 321 774 0 
-991 173 725 0 
-853 41 83 0 
470 355 -283 0 
-513 -437 428 0 
481 535 -367 0 
-984 630 -539 0 
-723 442 -291 0 
-140 377 542 0 
483 8 157 0 
400 262 856 0 
65 960 -307 0 
95 373 -109 0 
812 -88 157 0 
862 522 -505 0 
324 917 -231 0 
-692 374 99 0 
953 992 485 0 
-117 -98 -748 0 
-81 -441 721 0 
-133 607 -309 0 
-658 314 577 0 
901 -126 -548 0 
731 -117 -85 0 
-77 368 -284 0 
-349 730 370 0 
-177 281 861 0 
-970 353 56 0 
536 -576 -835 0 
550 -827 355 0 
205 632 -125 0 
-272 860 795 0 
321 -589 -1000 0 
458 161 492 0 
-853 -720 -525 0 
-824 -330 -951 0 
898 -383 59 0 
-898 175 -291 0 
981 -515 332 0 
219 211 310 0 
-70 -887 992 0 
435 33 506 0 
692 885 -325 0 
507 120 982 0 
-927 -718 816 0 
748 991 899 0 
873 906 -236 0 
-621 -302 260 0 
-699 796 882 0 
-458 -843 -668 0 
-73 536 -879 0 
-581 90 644 0 
-773 23 -873 0 
-473 378 -234 0 
-486 613 22 0 
-918 -317 246 0 
164 283 964 0 
-525 -899 11 0 
-809 131 560 0 
-486 395 408 0 
505 466 611 0 
455 11 -722 0 
213 117 574 0 
231 476 108 0 
-683 -179 276 0 
-752 -806 33 0 
-279 670 -346 0 
549 -306 -150 0 
692 -379 -14 0 
-726 247 574 0 
-703 -841 680 0 
146 879 916 0 
32 -455 754 0 
278 413 393 0 
-650 869 628 0 
866 -101 -914 0 
-107 80 132 0 
548 858 -8 0 
863 -322 -882 0 
-519 -88 632 0 
-895 212 -988 0 
-2 -693 -157 0 
944 -633 694 0 
369 376 -714 0 
756 324 -399 0 
-324 280 -817 0 
227 649 -324 0 
807 813 332 0 
523 502 690 0 
516 -551 -512 0 
-884 662 177 0 
-485 -465 -952 0 
8 784 -289 0 
-792 760 -342 0 
-483 449 398 0 
-148 524 -497 0 
-202 790 -281 0 
-805 407 4 0 
-68 -538 -70 0 
629 -623 542 0 
500 -963 375 0 
-380 -766 -554 0 
-690 -798 925 0 
852 676 -221 0 
-74 -675 215 0 
431 105 697 0 
-263 -475 882 0 
-369 -932 -308 0 
31 -258 -722 0 
-380 506 -62 0 
394 -241 417 0 
697 -424 -212 0 
-632 -337 -153 0 
-518 707 332 0 
299 229 810 0 
887 -773 719 0 
-671 409 -290 0 
-306 -360 -760 0 
-687 -532 366 0 
494 545 -627 0 
-599 526 469 0 
-934 745 691 0 
888 -24 710 0 
298 466 -490 0 
-498 -203 -524 0 
-29 650 -505 0 
-90 738 979 0 
629 -384 90 0 
979 -575 168 0 
717 329 -72 0 
-561 241 -442 0 
324 -743 -435 0 
522 -633 -68 0 
-744 -684 -869 0 
58 819 -842 0 
-619 -609 -435 0 
-873 922 -77 0 
807 -278 194 0 
782 304 -642 0 
-335 170 591 0 
256 683 348 0 
-955 223 950 0 
-779 -695 -371 0 
-28 218 827 0 
-822 22 240 0 
304 456 -350 0 
-455 433 -782 0 
-227 514 202 0 
-725 623 -428 0 
-708 611 -63 0 
988 245 623 0 
-814 936 -266 0 
745 -410 -674 0 
-909 -505 40 0 
-833 -761 112 0 
423 295 622 0 
172 -648 -906 0 
-911 280 -100 0 
237 665 -1 0 
327 839 -544 0 
-195 158 37 0 
-850 -455 289 0 
-282 -915 688 0 
392 -55 410 0 
322 -553 -860 0 
893 853 790 0 
753 170 -517 0 
-188 -734 -619 0 
47 -813 -642 0 
-281 -552 190 0 
749 98 587 0 
976 -377 -189 0 
-405 111 -915 0 
-345 -51 435 0 
741 43 579 0 
41 247 -756 0 
-438 -674 -928 0 
-127 144 558 0 
-12 -933 -930 0 
94 169 -529 0 
-154 286 -170 0 
-470 -357 863 0 
-825 -365 -935 0 
639 -191 -762 0 
-873 -748 -165 0 
-392 -547 -716 0 
-308 962 -993 0 
-949 813 -260 0 
-206 121 681 0 
448 -146 145 0 
-912 -318 932 0 
177 410 -378 0 
978 -561 -121 0 
-331 337 -180 0 
-522 611 93 0 
556 -484 411 0 
595 -461 -371 0 
-716 -951 -670 0 
-780 351 -892 0 
-380 -83 24 0 
35 -553 642 0 
858 746 -637 0 
368 -157 -628 0 
5 453 647 0 
-99 337 298 0 
-485 515 -900 0 
-754 -971 -715 0 
-614 -193 -970 0 
-606 -847 96 0 
173 -665 912 0 
-367 49 416 0 
79 -467 -989 0 
471 935 -156 0 
105 -882 -705 0 
429 -620 773 0 
-579 489 294 0 
543 156 446 0 
-524 -341 -93 0 
-716 235 -511 0 
831 -350 81 0 
778 468 98 0 
-286 -140 961 0 
443 708 -289 0 
274 338 -691 0 
279 -80 419 0 
-572 131 72 0 
89 161 953 0 
114 313 482 0 
343 -682 -850 0 
650 208 -24 0 
-553 166 164 0 
-219 -520 768 0 
-812 801 11 0 
803 908 518 0 
856 434 798 0 
-612 -77 434 0 
-732 97 -839 0 
75 -64 195 0 
808 870 523 0 
-565 619 479 0 
145 662 -807 0 
981 -201 -884 0 
738 -193 -308 0 
-698 -528 -534 0 
-739 -995 -444 0 
466 -722 609 0 
905 -390 617 0 
465 -920 910 0 
563 -951 -837 0 
-681 -161 -405 0 
777 -756 -909 0 
-564 325 41 0 
951 218 -608 0 
610 -907 -802 0 
98 420 788 0 
-243 -31 860 0 
330 -317 -684 0 
812 560 -716 0 
-99 894 81 0 
-466 793 841 0 
410 -52 -289 0 
864 -529 717 0 
195 -403 821 0 
-121 25 -813 0 
128 -810 -530 0 
-341 -680 -866 0 
599 120 940 0 
63 -455 -546 0 
388 -321 213 0 
-649 -754 -430 0 
-520 -227 217 0 
-737 427 -766 0 
-693 -310 838 0 
51 984 -696 0 
145 -472 549 0 
-876 -418 368 0 
-186 -693 -927 0 
956 -125 -967 0 
-662 452 -648 0 
767 -535 650 0 
-581 280 653 0 
716 649 -324 0 
644 560 831 0 
-638 619 909 0 
-852 -23 720 0 
84 433 85 0 
-394 -593 -880 0 
-924 -808 281 0 
818 -289 983 0 
33 -840 588 0 
-26 874 -161 0 
-719 -748 297 0 
130 -159 -526 0 
76 -200 -130 0 
-235 -252 35 0 
300 -821 562 0 
622 -137 -63 0 
560 405 765 0 
835 -701 261 0 
-828 -694 572 0 
789 867 249 0 
27 402 15 0 
-613 775 -241 0 
-75 -528 33 0 
839 563 -154 0 
533 -286 -167 0 
711 737 426 0 
500 217 -549 0 
370 602 315 0 
-599 -447 -37 0 
-536 769 -474 0 
-718 -81 229 0 
108 293 694 0 
-502 882 667 0 
-710 -774 -698 0 
-727 432 -693 0 
793 -655 496 0 
-615 936 -828 0 
898 -375 -355 0 
-385 520 584 0 
-948 919 819 0 
-41 19 242 0 
543 345 -41 0 
712 -62 -224 0 
-804 -80 -438 0 
945 -476 880 0 
-282 206 -925 0 
-336 -213 -780 0 
-7 669 -498 0 
876 688 -997 0 
99 -758 -618 0 
199 866 449 0 
-905 435 -394 0 
-282 -57 641 0 
-579 -466 -113 0 
344 487 -877 0 
737 864 -829 0 
-768 1 -796 0 
317 -54 551 0 
-659 -71 409 0 
-64 -626 10 0 
-978 475 -881 0 
-57 -495 -758 0 
775 664 547 0 
-398 -173 -327 0 
904 -662 787 0 
138 -579 762 0 
-747 -423 305 0 
-945 160 184 0 
944 -992 295 0 
724 -658 -723 0 
-329 -867 481 0 
98 323 844 0 
-782 109 -270 0 
-479 -3 796 0 
491 -677 657 0 
-96 -979 -285 0 
704 35 -612 0 
955 659 720 0 
163 -587 -959 0 
-288 -997 -767 0 
347 29 -121 0 
-444 673 -46 0 
-157 -144 -110 0 
688 59 387 0 
-740 934 -50 0 
226 414 -519 0 
-203 39 422 0 
-511 -5 471 0 
-487 538 -903 0 
-174 551 -513 0 
42 -18 -848 0 
310 357 -529 0 
-700 993 -456 0 
-774 -977 319 0 
-355 -247 -581 0 
-836 -109 -40 0 
221 597 332 0 
935 971 -924 0 
626 -370 309 0 
297 590 -948 0 
-719 -139 -742 0 
-734 -991 -284 0 
-474 533 -835 0 
763 967 188 0 
429 625 734 0 
-47 446 383 0 
974 -83 -140 0 
751 707 500 0 
-212 -321 -301 0 
-724 452 493 0 
-700 97 -232 0 
935 103 -946 0 
-336 -202 544 0 
147 -192 545 0 
-24 418 368 0 
-413 -110 -589 0 
468 -446 -489 0 
-289 658 68 0 
-344 -93 366 0 
945 14 -702 0 
-611 792 289 0 
211 -727 -639 0 
865 322 -861 0 
-432 363 -924 0 
-666 -182 -332 0 
675 928 423 0 
456 -779 629 0 
-398 -868 -321 0 
42 -155 -523 0 
-209 -798 61 0 
-919 33 115 0 
380 -962 948 0 
-314 985 57 0 
103 -535 -388 0 
157 75 563 0 
-376 -690 -833 0 
217 -285 990 0 
-101 845 466 0 
610 343 -364 0 
806 282 284 0 
204 898 -652 0 
913 -710 -775 0 
-276 -850 -321 0 
728 461 323 0 
832 613 646 0 
690 8 -20 0 
48 222 321 0 
-280 112 -935 0 
-689 156 -581 0 
933 526 -876 0 
-12 270 199 0 
-599 -929 253 0 
-350 -175 103 0 
-803 821 475 0 
926 43 -896 0 
-451 -693 -679 0 
199 46 560 0 
-676 -855 53 0 
-923 -701 806 0 
956 -201 316 0 
49 531 -378 0 
919 -6 910 0 
-42 -876 -359 0 
-550 -650 -63 0 
464 519 -686 0 
90 -480 445 0 
-607 828 -547 0 
-304 935 -835 0 
-534 818 -57 0 
-538 758 -147 0 
-200 -500 775 0 
-517 -195 336 0 
-884 42 262 0 
-387 409 -744 0 
-869 223 -152 0 
-268 -482 307 0 
385 611 -709 0 
-529 -137 -940 0 
-728 -382 636 0 
803 151 -61 0 
21 -518 124 0 
-193 -65 -261 0 
-625 -188 -240 0 
627 -295 -439 0 
895 -966 -146 0 
734 -745 -901 0 
-201 -500 -283 0 
-295 667 -452 0 
386 445 507 0 
-669 -901 -667 0 
-689 60 -598 0 
843 50 -39 0 
-251 -917 927 0 
514 312 -773 0 
-842 -987 256 0 
-985 202 -166 0 
444 -213 982 0 
270 -159 -46 0 
591 -425 -749 0 
879 120 874 0 
430 898 540 0 
-554 591 -319 0 
-611 -539 -953 0 
565 -290 -618 0 
787 -108 -169 0 
943 609 605 0 
-28 605 25 0 
692 -160 965 0 
244 573 -547 0 
-665 676 193 0 
-810 448 -163 0 
-187 748 807 0 
-379 38 -730 0 
-531 -263 306 0 
-266 -288 -802 0 
-922 414 -644 0 
-845 -693 -100 0 
-515 -341 339 0 
-658 23 -423 0 
-148 -910 661 0 
748 590 333 0 
-961 28 668 0 
-490 717 587 0 
799 639 549 0 
92 584 -495 0 
748 -730 30 0 
966 768 -129 0 
-456 322 -656 0 
-251 620 -501 0 
342 3 -53 0 
637 391 368 0 
-275 518 -763 0 
985 -443 697 0 
1000 204 -793 0 
-230 183 811 0 
-375 -64 -87 0 
295 -283 -517 0 
-151 -801 580 0 
-621 -258 156 0 
824 115 608 0 
-580 909 -952 0 
711 149 -254 0 
-544 266 445 0 
-222 48 297 0 
-971 477 -287 0 
-261 105 91 0 
235 255 645 0 
40 -988 409 0 
-244 -806 861 0 
224 988 -96 0 
-598 71 -370 0 
-54 121 548 0 
-967 960 -657 0 
-949 678 33 0 
-28 690 423 0 
-374 532 241 0 
599 -744 -13 0 
535 119 914 0 
16 -470 -144 0 
-629 210 451 0 
796 -894 758 0 
-109 355 774 0 
-215 872 629 0 
-49 -156 -194 0 
65 -887 -42 0 
-332 -923 625 0 
-316 -969 185 0 
644 -251 -273 0 
849 -617 -115 0 
-361 -92 80 0 
-761 152 340 0 
-974 -874 -440 0 
851 615 420 0 
-750 -735 -880 0 
902 -326 965 0 
-709 454 -694 0 
575 967 -880 0 
378 719 -574 0 
512 -224 -924 0 
-101 658 -30 0 
16 -385 -668 0 
-888 -970 -568 0 
-807 607 678 0 
-836 48 -90 0 
-38 10 -124 0 
-80 -290 402 0 
920 -85 365 0 
-882 -632 -648 0 
-799 -173 -656 0 
-188 -294 732 0 
-61 -871 387 0 
717 -907 -879 0 
-761 -215 424 0 
-451 476 -452 0 
919 55 -594 0 
-586 653 -733 0 
464 617 144 0 
-673 481 226 0 
-232 216 -554 0 
250 -32 -987 0 
207 -935 -37 0 
-248 -671 924 0 
812 820 266 0 
-888 945 -156 0 
-53 -692 750 0 
59 -492 535 0 
662 -99 -847 0 
476 -429 -844 0 
-562 338 656 0 
-714 -484 -70 0 
-433 -367 115 0 
36 -579 -644 0 
982 7 190 0 
-969 210 -225 0 
154 215 -270 0 
-550 -666 -576 0 
-758 -899 400 0 
-585 825 -719 0 
713 -725 -972 0 
-210 4 561 0 
440 319 -851 0 
690 -510 304 0 
890 -712 -102 0 
430 -997 806 0 
-14 -823 454 0 
850 136 -473 0 
-905 323 -346 0 
690 286 199 0 
-762 778 -275 0 
228 282 712 0 
150 775 -648 0 
307 -199 352 0 
-734 21 913 0 
131 845 -657 0 
376 -514 -250 0 
-456 796 78 0 
-151 -636 -630 0 
693 -333 475 0 
-641 -739 703 0 
-267 782 478 0 
552 149 -260 0 
966 -580 834 0 
545 424 426 0 
-679 -898 468 0 
-152 -729 625 0 
982 144 -151 0 
-462 802 564 0 
-33 -725 434 0 
62 -561 145 0 
630 377 -469 0 
179 -397 -624 0 
-684 438 654 0 
727 501 906 0 
-362 518 -812 0 
62 882 -16 0 
809 -914 466 0 
550 542 796 0 
543 -716 -440 0 
-132 717 -671 0 
684 575 452 0 
555 -612 -492 0 
877 420 -42 0 
-749 -617 449 0 
1000 -375 53 0 
815 -498 -853 0 
448 -839 -353 0 
-394 585 -224 0 
-30 -300 990 0 
-846 -849 -912 0 
-438 454 440 0 
-142 753 -433 0 
-275 -363 77 0 
-289 -410 510 0 
960 614 504 0 
510 964 -807 0 
-677 109 -570 0 
-574 163 -100 0 
642 5 -812 0 
-513 208 246 0 
-763 -916 463 0 
442 -321 303 0 
-387 -139 577 0 
518 -630 649 0 
481 693 476 0 
-946 -57 -331 0 
-619 -180 909 0 
720 764 -213 0 
542 254 -153 0 
-586 -849 340 0 
-93 669 130 0 
-927 -246 821 0 
-642 289 -880 0 
-513 783 -306 0 
1 -937 -804 0 
832 -489 -23 0 
-239 -129 -126 0 
-678 468 647 0 
-125 -189 453 0 
-741 459 294 0 
-544 -55 624 0 
-180 825 -559 0 
16 -548 795 0 
841 -233 -941 0 
-729 -41 -493 0 
199 -977 -806 0 
-480 -763 888 0 
-327 789 -935 0 
694 -699 715 0 
-831 -10 -15 0 
-982 999 -327 0 
110 -430 729 0 
-860 408 -432 0 
275 575 -862 0 
420 978 576 0 
-876 -827 -984 0 
425 -298 777 0 
-889 384 -901 0 
-591 -275 -614 0 
529 301 845 0 
565 457 -426 0 
797 805 -321 0 
-706 276 187 0 
686 264 344 0 
-834 -81 -336 0 
-769 746 -496 0 
-577 -508 -94 0 
-181 -887 91 0 
-506 661 860 0 
954 -321 971 0 
188 310 -278 0 
-778 -288 203 0 
-538 543 -759 0 
-413 149 -112 0 
381 -592 899 0 
-392 -1 -781 0 
990 156 641 0 
-970 381 271 0 
-252 -65 309 0 
267 615 196 0 
-733 -797 675 0 
190 -768 -632 0 
-891 -204 -906 0 
791 -908 111 0 
829 -824 839 0 
47 -61 -993 0 
-217 30 -962 0 
-810 -874 314 0 
-853 585 566 0 
733 84 360 0 
710 876 46 0 
916 -171 36 0 
75 -814 -128 0 
777 478 -876 0 
776 55 -349 0 
-487 358 -482 0 
-304 -373 41 0 
-386 761 -297 0 
-80 -19 -569 0 
752 -793 680 0 
-868 875 58 0 
-361 915 716 0 
-629 -811 214 0 
795 436 100 0 
-907 -531 706 0 
-866 81 -342 0 
-201 307 321 0 
302 871 -992 0 
-106 -747 940 0 
-545 -51 550 0 
659 763 -375 0 
-466 197 -252 0 
-660 -85 -462 0 
-430 94 921 0 
67 -772 284 0 
259 318 525 0 
-172 -640 -533 0 
561 -633 -765 0 
559 815 756 0 
-394 145 102 0 
554 -507 172 0 
-682 238 -967 0 
-448 695 -519 0 
-625 752 -89 0 
94 -301 217 0 
580 788 -456 0 
-445 549 759 0 
150 849 947 0 
177 -606 -561 0 
362 -608 870 0 
-218 1 -597 0 
-592 -146 -427 0 
605 116 -447 0 
-904 43 -568 0 
308 44 -261 0 
463 -711 -751 0 
-859 656 -953 0 
-564 -281 -474 0 
870 59 959 0 
-816 774 -429 0 
-217 573 745 0 
-556 -491 828 0 
-347 4 201 0 
-845 -47 -161 0 
-398 144 -568 0 
-628 -995 903 0 
143 592 992 0 
480 126 -492 0 
975 -403 -164 0 
748 -679 -528 0 
-197 331 791 0 
-918 69 -460 0 
537 887 304 0 
-922 844 803 0 
519 265 901 0 
-583 423 -236 0 
44 -411 718 0 
460 767 -258 0 
-872 390 636 0 
892 415 701 0 
-44 478 -171 0 
87 651 439 0 
-916 -933 -832 0 
254 201 -660 0 
71 949 165 0 
729 6 -711 0 
-679 211 858 0 
373 577 124 0 
-123 -989 281 0 
-147 629 824 0 
299 -93 -94 0 
190 252 347 0 
-244 -1000 511 0 
705 492 -469 0 
-325 -944 116 0 
963 -4 -97 0 
599 277 537 0 
28 700 521 0 
565 261 -819 0 
-265 -43 -983 0 
535 -603 -425 0 
-286 652 -573 0 
-389 -241 459 0 
637 571 835 0 
642 -958 422 0 
-818 517 247 0 
440 722 -435 0 
349 -533 -685 0 
641 429 -177 0 
401 316 463 0 
603 -957 49 0 
-858 -286 -252 0 
769 11 -642 0 
245 466 800 0 
729 -602 748 0 
-791 -690 -18 0 
-435 947 -853 0 
-658 943 -526 0 
-421 -705 -990 0 
628 538 526 0 
900 497 -29 0 
-931 700 -773 0 
-737 -486 -348 0 
67 -512 576 0 
226 -483 432 0 
-263 435 134 0 
-898 -190 -695 0 
329 -764 323 0 
-734 -988 -682 0 
-428 405 -343 0 
17 770 748 0 
172 -906 -446 0 
-579 161 -400 0 
-269 578 -560 0 
-25 -570 168 0 
652 -194 -964 0 
-38 -393 668 0 
730 -198 -374 0 
157 253 902 0 
258 -325 -822 0 
-629 939 853 0 
420 -967 419 0 
-974 596 -959 0 
389 -558 630 0 
-948 248 71 0 
-917 -784 -908 0 
818 -558 952 0 
-113 -588 -615 0 
-86 -27 489 0 
148 -64 -900 0 
-738 308 -382 0 
385 -494 -623 0 
-421 492 595 0 
-764 472 -337 0 
935 55 596 0 
923 546 963 0 
-808 400 979 0 
372 565 -341 0 
-939 -200 982 0 
545 -717 -452 0 
-711 800 -650 0 
-163 -820 -588 0 
949 -672 -335 0 
65 499 -113 0 
-522 -261 102 0 
784 -317 158 0 
661 -241 376 0 
218 439 972 0 
-873 -907 522 0 
419 -334 553 0 
-473 9 807 0 
361 508 -891 0 
166 79 380 0 
-315 857 -571 0 
-572 103 -990 0 
-910 590 -317 0 
331 -587 40 0 
-508 -86 -711 0 
-16 375 -533 0 
-78 -326 -525 0 
-120 -105 666 0 
748 -448 -367 0 
-343 -7 -874 0 
-701 714 506 0 
721 969 -545 0 
453 284 -715 0 
-298 15 548 0 
-652 -127 110 0 
309 75 -351 0 
938 -671 435 0 
876 510 977 0 
-181 -20 537 0 
646 -219 599 0 
-806 146 -920 0 
336 -518 -145 0 
-175 -639 537 0 
913 -39 558 0 
-800 -965 739 0 
-447 -114 900 0 
-22 317 -293 0 
-12 132 -923 0 
-736 522 950 0 
-914 379 849 0 
-861 802 -725 0 
-298 987 -292 0 
981 -616 283 0 
-903 -200 -99 0 
-622 -564 101 0 
-901 336 460 0 
686 -569 571 0 
-853 -886 561 0 
-256 -105 -837 0 
-1000 298 652 0 
-754 -485 719 0 
86 806 233 0 
-465 867 -151 0 
826 -561 -853 0 
249 -792 750 0 
-820 -59 -596 0 
-234 -135 672 0 
795 530 269 0 
-808 -494 555 0 
12 69 588 0 
-259 522 685 0 
907 238 -878 0 
-358 -295 -154 0 
-236 -91 512 0 
55 258 302 0 
476 -743 281 0 
-473 -173 800 0 
325 547 -745 0 
-749 407 -162 0 
780 336 345 0 
408 -876 -374 0 
19 905 -100 0 
640 -258 -813 0 
-810 -7 161 0 
55 -17 -748 0 
-722 -684 -702 0 
709 -423 509 0 
-335 -529 -962 0 
250 -607 -400 0 
570 950 -450 0 
-246 329 505 0 
-234 -325 321 0 
401 -465 254 0 
-532 -895 160 0 
64 501 818 0 
-765 692 -157 0 
708 37 -132 0 
-935 788 814 0 
-976 458 -901 0 
180 -379 962 0 
-919 -550 -453 0 
286 -573 -37 0 
987 763 419 0 
600 -200 671 0 
928 -137 -944 0 
995 -813 -18 0 
-159 406 -33 0 
155 937 -28 0 
708 -829 -401 0 
70 777 869 0 
-673 849 -840 0 
-452 -886 -23 0 
610 -491 901 0 
-263 -631 82 0 
494 -904 -848 0 
-951 908 351 0 
717 710 434 0 
717 -303 595 0 
-490 103 -403 0 
-922 -666 824 0 
287 -39 -797 0 
818 -209 912 0 
717 -252 -476 0 
319 791 -586 0 
-41 766 -576 0 
-441 -502 -213 0 
804 187 693 0 
503 -868 980 0 
-315 669 887 0 
962 -32 -96 0 
-437 -491 248 0 
-523 -152 991 0 
-783 572 -919 0 
-181 942 -955 0 
752 -807 417 0 
-634 644 538 0 
634 -765 729 0 
-92 -683 818 0 
716 -186 16 0 
123 836 -255 0 
-836 -374 511 0 
-564 881 612 0 
-612 -524 162 0 
147 376 381 0 
-411 -353 -483 0 
416 -865 758 0 
-811 -935 -224 0 
416 -907 325 0 
292 676 136 0 
-35 103 -823 0 
-461 262 871 0 
-182 193 -753 0 
545 358 -577 0 
-478 -646 261 0 
-500 363 875 0 
17 -953 -454 0 
663 -826 899 0 
491 177 52 0 
419 -738 -533 0 
70 156 768 0 
258 -531 972 0 
72 645 -675 0 
-267 449 -917 0 
661 -56 -293 0 
878 -1 -374 0 
864 940 52 0 
-96 -34 -281 0 
169 711 -141 0 
-764 779 -270 0 
355 -316 136 0 
199 287 135 0 
821 50 -327 0 
387 77 -237 0 
726 -584 340 0 
-949 812 -600 0 
-29 541 -723 0 
-259 -222 -401 0 
763 531 -992 0 
-207 982 -988 0 
295 945 877 0 
-336 920 -840 0 
239 -104 -18 0 
100 -153 -114 0 
-710 -648 -815 0 
40 389 -609 0 
324 43 -666 0 
708 269 197 0 
-232 -281 744 0 
769 110 -794 0 
-809 -701 976 0 
945 986 611 0 
-508 -680 244 0 
-446 307 -148 0 
418 840 -783 0 
-813 -186 -437 0 
-236 -623 -186 0 
-194 -160 73 0 
404 -68 -41 0 
180 -971 -829 0 
961 -877 -610 0 
-885 860 -324 0 
-575 -78 127 0 
156 -238 843 0 
589 -198 -639 0 
661 -203 699 0 
942 -36 -421 0 
102 688 857 0 
-779 231 -457 0 
-305 432 -608 0 
-603 -769 807 0 
56 611 761 0 
840 898 -123 0 
980 933 975 0 
340 -341 933 0 
-484 -727 -558 0 
774 31 800 0 
430 192 320 0 
-484 263 -516 0 
47 911 765 0 
-23 -662 144 0 
831 371 259 0 
918 713 -979 0 
-686 -490 614 0 
-119 737 -839 0 
-56 609 830 0 
883 199 431 0 
983 844 -484 0 
-467 27 763 0 
-727 428 -424 0 
771 264 23 0 
201 462 -720 0 
114 92 -704 0 
-80 779 288 0 
-27 -768 -737 0 
799 -107 726 0 
-274 1000 -476 0 
57 -765 210 0 
-873 473 -249 0 
-403 402 -202 0 
-535 -436 979 0 
-920 614 -516 0 
-909 -143 604 0 
586 -944 -489 0 
-581 -531 -377 0 
-343 591 375 0 
154 -883 -778 0 
-869 256 424 0 
667 -39 502 0 
203 -631 457 0 
-757 966 881 0 
579 407 -888 0 
-873 -877 -592 0 
-637 669 868 0 
-507 547 -877 0 
-640 359 854 0 
655 -844 697 0 
-475 361 -778 0 
-1 -762 -338 0 
-840 607 -296 0 
973 94 -884 0 
292 -943 525 0 
116 906 -380 0 
244 586 -111 0 
238 -749 446 0 
-783 195 142 0 
-767 387 754 0 
-315 665 -182 0 
-396 122 246 0 
-418 -993 -305 0 
352 -567 -30 0 
-682 49 -382 0 
738 -101 -415 0 
80 785 346 0 
-737 938 956 0 
974 -237 480 0 
129 503 -747 0 
793 -953 731 0 
287 345 -17 0 
910 804 -632 0 
-534 365 903 0 
678 168 958 0 
464 -788 614 0 
-177 477 628 0 
349 -331 -113 0 
-513 65 -599 0 
-559 753 515 0 
-885 -341 584 0 
535 -735 76 0 
-297 -419 520 0 
-89 792 -267 0 
-941 534 800 0 
651 -14 -157 0 
280 -376 -228 0 
-534 896 -317 0 
-907 998 -111 0 
-564 427 -774 0 
-66 -133 -670 0 
618 536 331 0 
-409 -769 -802 0 
-130 -888 203 0 
-695 635 728 0 
-828 -787 229 0 
-467 -214 523 0 
931 -459 -206 0 
-68 -941 -906 0 
136 477 -925 0 
455 178 39 0 
-2 10 254 0 
105 428 -128 0 
317 618 -354 0 
878 -256 141 0 
818 -573 -179 0 
-296 -300 388 0 
-115 -813 1 0 
200 -626 -142 0 
744 -985 188 0 
244 -129 -903 0 
47 -984 351 0 
743 -527 952 0 
845 -304 -167 0 
119 888 1 0 
312 -84 51 0 
-34 250 -705 0 
560 -998 -377 0 
965 36 756 0 
-503 216 568 0 
-8 906 867 0 
-363 846 76 0 
-412 337 -998 0 
-63 -332 -731 0 
-148 321 -674 0 
-576 817 -292 0 
-550 51 -451 0 
-786 -823 -178 0 
-841 -148 -830 0 
302 -470 388 0 
292 -711 -971 0 
-817 561 744 0 
807 540 91 0 
-183 731 -483 0 
267 -386 393 0 
875 353 590 0 
384 610 -203 0 
-419 738 488 0 
-535 149 853 0 
-354 69 371 0 
-219 -984 445 0 
-378 543 785 0 
-434 -582 270 0 
-128 -871 -842 0 
-724 -418 1 0 
770 -594 -898 0 
-595 21 719 0 
-375 139 69 0 
134 -339 -856 0 
-428 388 617 0 
824 -413 -683 0 
356 993 294 0 
933 674 -884 0 
-660 -864 489 0 
-677 -101 340 0 
331 -591 415 0 
821 605 409 0 
-358 -742 177 0 
877 -739 89 0 
-632 -936 -555 0 
-114 -139 -55 0 
-563 -103 -699 0 
301 -286 -134 0 
-187 404 125 0 
479 -338 -520 0 
-245 -149 -587 0 
681 732 568 0 
449 -874 -605 0 
65 221 -908 0 
178 -740 297 0 
149 -358 562 0 
723 483 -107 0 
459 -402 -281 0 
329 238 -245 0 
845 260 -148 0 
-889 88 -890 0 
380 145 601 0 
697 -47 296 0 
-882 635 282 0 
933 608 -868 0 
-920 -495 -632 0 
-12 -856 -764 0 
806 -173 723 0 
-701 -349 778 0 
-29 -664 927 0 
301 -626 -562 0 
-532 -467 958 0 
-240 913 539 0 
-311 -689 117 0 
638 748 927 0 
661 -150 9 0 
-805 -199 -335 0 
-94 -58 -351 0 
-849 62 824 0 
-361 147 -587 0 
-664 -194 -718 0 
808 345 -394 0 
137 3 -539 0 
-263 -302 -176 0 
405 181 810 0 
556 269 -904 0 
-578 532 475 0 
75 857 -39 0 
-464 -635 -505 0 
709 118 -119 0 
-941 -526 -964 0 
18 -138 573 0 
645 -168 572 0 
69 -882 174 0 
576 -801 216 0 
984 253 -413 0 
-867 -209 449 0 
-155 372 150 0 
-344 -215 104 0 
-470 435 491 0 
888 120 622 0 
643 -32 -626 0 
567 369 -431 0 
-627 128 366 0 
268 145 606 0 
-945 -874 -248 0 
7 864 847 0 
429 -252 -359 0 
47 235 766 0 
76 -4 -711 0 
-272 -375 2 0 
408 -734 -361 0 
747 721 612 0 
-270 -322 752 0 
-521 846 81 0 
-919 -923 -750 0 
-743 -346 141 0 
-577 -714 973 0 
-163 355 406 0 
-778 55 -272 0 
-46 249 769 0 
577 84 296 0 
-140 14 310 0 
462 339 -442 0 
-314 467 13 0 
-193 501 -575 0 
-343 -181 509 0 
-126 772 626 0 
613 793 423 0 
-628 158 -842 0 
-74 -340 -97 0 
-118 66 203 0 
-795 998 -141 0 
-833 -824 781 0 
943 -489 222 0 
688 -162 -630 0 
272 734 317 0 
-65 270 235 0 
-12 946 -824 0 
-959 -148 -933 0 
756 -421 -772 0 
716 500 162 0 
34 931 190 0 
73 -856 -671 0 
860 144 994 0 
551 -415 -401 0 
-84 644 950 0 
747 328 -344 0 
597 73 61 0 
-926 821 -32 0 
-701 -354 480 0 
-724 150 609 0 
887 13 143 0 
-810 441 248 0 
-466 249 484 0 
724 516 -618 0 
896 -179 -30 0 
-399 571 56 0 
-502 753 -816 0 
-879 -549 -303 0 
432 -458 -348 0 
-275 -606 -745 0 
-784 770 -982 0 
-269 -135 767 0 
371 -407 736 0 
-799 104 476 0 
-776 848 56 0 
-207 646 203 0 
-878 -540 -509 0 
754 -154 -886 0 
852 -379 266 0 
-686 -432 543 0 
-972 707 -314 0 
-847 563 -116 0 
-648 445 -489 0 
-921 530 -412 0 
21 -335 981 0 
332 23 -883 0 
-775 -52 -952 0 
398 397 -635 0 
282 918 -242 0 
-501 752 -396 0 
-145 205 705 0 
597 725 -439 0 
774 491 659 0 
-169 732 -190 0 
815 -392 411 0 
-583 -955 670 0 
804 -923 626 0 
748 -918 -651 0 
798 256 906 0 
940 -447 -436 0 
-861 -526 733 0 
-374 748 -909 0 
32 -643 -50 0 
937 -690 884 0 
103 -367 -905 0 
-625 -328 404 0 
-601 981 -945 0 
698 458 673 0 
787 -129 -425 0 
-242 232 -686 0 
-959 -985 -315 0 
-442 657 403 0 
95 377 -960 0 
-590 33 516 0 
-105 229 921 0 
-461 -370 244 0 
381 949 744 0 
425 662 -380 0 
-311 430 963 0 
263 -751 -708 0 
-58 -308 -809 0 
-292 -617 -562 0 
-343 206 342 0 
-55 -486 621 0 
435 -358 -79 0 
-131 -580 -930 0 
-544 406 417 0 
922 -234 872 0 
-474 668 -109 0 
123 147 992 0 
-192 -36 990 0 
725 819 381 0 
111 -697 -206 0 
-457 106 896 0 
-633 317 242 0 
-73 -678 77 0 
-872 217 -460 0 
342 279 950 0 
758 -484 4 0 
592 -317 327 0 
74 -510 -202 0 
-911 929 405 0 
77 227 -713 0 
668 80 -46 0 
987 346 -473 0 
493 -346 326 0 
-778 760 -768 0 
617 -298 55 0 
-44 808 -668 0 
-326 -72 -802 0 
955 351 -943 0 
-111 278 624 0 
-761 -477 -911 0 
-158 -816 299 0 
559 -172 -700 0 
222 -992 287 0 
821 687 -513 0 
840 -783 499 0 
170 541 -768 0 
-504 -842 943 0 
-575 74 -389 0 
423 298 545 0 
-300 -897 -245 0 
830 376 747 0 
789 -927 -452 0 
-584 553 -885 0 
146 941 226 0 
-261 -489 -400 0 
-266 -640 675 0 
303 -339 96 0 
131 -680 -426 0 
-763 217 108 0 
-551 265 606 0 
98 -790 806 0 
-785 -381 169 0 
80 -181 852 0 
-767 169 555 0 
463 -205 714 0 
28 659 138 0 
501 -145 837 0 
-253 507 -157 0 
-898 626 272 0 
903 -737 -708 0 
687 427 -922 0 
-935 708 778 0 
720 773 -844 0 
-324 -705 -568 0 
-384 -30 -759 0 
82 111 -763 0 
-85 -495 -166 0 
113 324 551 0 
807 184 -286 0 
-650 772 131 0 
972 -288 -327 0 
-566 673 557 0 
521 959 -852 0 
-100 -106 891 0 
182 -56 911 0 
596 24 -49 0 
-113 -427 -619 0 
895 625 764 0 
-773 110 -658 0 
-730 802 923 0 
366 360 -281 0 
-153 693 -563 0 
25 75 -760 0 
561 -555 689 0 
-748 -720 -919 0 
827 912 -807 0 
955 644 266 0 
238 548 -886 0 
206 -527 -387 0 
644 183 608 0 
225 -792 -58 0 
826 -863 -37 0 
220 581 -390 0 
-881 441 243 0 
-204 -276 950 0 
-931 761 328 0 
543 852 -213 0 
31 -313 -101 0 
-60 -592 370 0 
3 -358 -486 0 
-344 84 -631 0 
-846 836 -495 0 
585 657 94 0 
723 24 445 0 
495 452 421 0 
383 292 -182 0 
-595 424 -142 0 
647 -453 962 0 
-678 943 603 0 
-822 -853 400 0 
-58 -673 372 0 
968 -423 922 0 
25 687 -221 0 
832 597 -723 0 
-597 397 -306 0 
-883 -520 -96 0 
886 589 402 0 
-369 -219 878 0 
243 141 -430 0 
-83 -988 -481 0 
219 -479 743 0 
621 -811 -347 0 
370 -129 -525 0 
-681 503 -498 0 
173 -851 -765 0 
827 -532 -716 0 
-244 -390 -742 0 
-480 920 233 0 
-903 532 -714 0 
-773 603 988 0 
-96 -836 -1 0 
734 -767 -198 0 
538 -445 -371 0 
812 898 571 0 
34 -760 -370 0 
47 -82 -165 0 
-589 -706 944 0 
368 32 -14 0 
-460 -185 -520 0 
719 -905 -174 0 
-975 992 -524 0 
501 196 -595 0 
-632 675 -131 0 
852 -135 36 0 
130 929 394 0 
515 -716 -821 0 
-37 293 -190 0 
-115 421 37 0 
746 -191 534 0 
568 -1000 496 0 
-89 246 -413 0 
-763 -889 -692 0 
-913 -923 -910 0 
-921 816 270 0 
586 -97 827 0 
369 -752 -318 0 
893 -459 833 0 
-159 -967 -231 0 
-59 -848 453 0 
545 -605 616 0 
-628 644 18 0 
-324 -766 -344 0 
-453 427 36 0 
-215 -278 713 0 
-555 -235 281 0 
-898 59 840 0 
-70 658 -639 0 
-818 -919 -122 0 
-275 -761 -506 0 
-767 -414 -61 0 
496 535 -760 0 
-703 586 120 0 
527 142 -8 0 
-88 -984 289 0 
-87 676 755 0 
90 -67 -237 0 
-824 241 -548 0 
137 35 -692 0 
756 -127 -199 0 
104 -609 -163 0 
94 -646 850 0 
869 486 -299 0 
543 118 -425 0 
148 -299 -7 0 
259 -641 -474 0 
-720 27 682 0 
-336 -66 19 0 
-318 188 950 0 
-959 857 -553 0 
-730 -635 16 0 
66 730 563 0 
-871 -621 -433 0 
-916 -873 -992 0 
-782 -100 34 0 
-718 481 -314 0 
641 -189 144 0 
-378 -598 -586 0 
368 872 648 0 
-275 -643 -273 0 
445 -229 742 0 
-650 435 -105 0 
726 -611 864 0 
263 784 399 0 
-134 -256 813 0 
-95 -558 242 0 
-378 -465 -530 0 
-493 305 -842 0 
-486 83 -732 0 
1000 28 -30 0 
652 -522 356 0 
973 627 336 0 
-105 697 640 0 
-297 808 184 0 
-354 -919 982 0 
-766 -482 -789 0 
-392 470 477 0 
-210 457 -658 0 
57 451 -179 0 
820 199 -520 0 
177 826 857 0 
277 718 -115 0 
-825 -134 -336 0 
-512 -66 -54 0 
755 -903 557 0 
942 -651 222 0 
778 -515 812 0 
837 -47 533 0 
804 52 865 0 
938 558 220 0 
312 983 559 0 
-133 501 -14 0 
-592 -483 -715 0 
-984 -477 -661 0 
-759 -761 388 0 
-364 106 -607 0 
-494 970 360 0 
-6 -54 270 0 
-143 -956 -308 0 
464 712 930 0 
-327 10 708 0 
248 -228 23 0 
-754 -918 510 0 
-372 -56 -706 0 
-846 -431 405 0 
-696 235 208 0 
-360 -500 -155 0 
551 -475 358 0 
600 259 295 0 
409 272 438 0 
459 -698 816 0 
588 -86 658 0 
-193 501 107 0 
747 479 25 0 
433 -899 746 0 
-598 -555 -104 0 
495 -717 -443 0 
52 -131 -786 0 
426 382 -440 0 
-419 -215 -261 0 
708 709 941 0 
-682 -550 -857 0 
-334 -291 -639 0 
855 858 -779 0 
-596 613 -407 0 
-336 -134 26 0 
744 795 -577 0 
777 -294 -365 0 
785 -758 -717 0 
-664 -874 -759 0 
-272 -82 -238 0 
704 450 -999 0 
-598 -722 -255 0 
-421 -455 146 0 
-63 -672 115 0 
370 -374 115 0 
637 639 792 0 
-794 -360 -64 0 
-427 -646 -827 0 
888 -898 260 0 
772 285 -924 0 
-384 -664 126 0 
-614 -18 -648 0 
463 793 936 0 
-729 820 -781 0 
503 466 431 0 
653 -569 612 0 
207 884 -101 0 
-582 997 703 0 
-106 41 552 0 
-744 -120 -857 0 
-572 -10 165 0 
-274 250 -958 0 
796 981 75 0 
-526 432 670 0 
654 -332 -511 0 
83 286 378 0 
962 -7 75 0 
992 -945 949 0 
957 150 -822 0 
-792 -157 -700 0 
-936 783 347 0 
747 36 -345 0 
546 30 -14 0 
670 904 -607 0 
462 845 -525 0 
596 105 21 0 
-136 495 837 0 
783 -975 -727 0 
352 -688 358 0 
443 -856 339 0 
-555 -471 840 0 
-627 -938 352 0 
156 810 8 0 
-468 790 308 0 
-386 435 805 0 
-397 -6 799 0 
324 -176 -759 0 
70 -210 643 0 
-644 -767 375 0 
925 -896 487 0 
189 -391 -833 0 
536 -100 680 0 
-759 -808 118 0 
-991 97 597 0 
-462 -410 844 0 
-996 349 -799 0 
595 -432 173 0 
833 176 747 0 
-834 -158 -476 0 
-366 586 983 0 
-149 -635 -891 0 
783 997 -557 0 
-92 -530 67 0 
-303 420 -475 0 
-238 -600 -541 0 
672 -43 265 0 
-379 -59 -445 0 
-970 102 864 0 
559 -903 366 0 
155 -784 -846 0 
-107 -698 943 0 
-130 36 -129 0 
-407 867 360 0 
922 436 461 0 
164 334 297 0 
-17 957 -985 0 
219 -3 455 0 
-309 174 310 0 
-419 137 -309 0 
-568 -332 786 0 
-639 595 -669 0 
811 345 491 0 
-207 -904 -560 0 
-529 -834 -560 0 
-163 -144 -236 0 
-239 -735 -810 0 
414 -737 917 0 
445 860 797 0 
167 172 -958 0 
631 -535 379 0 
996 736 -936 0 
596 -22 -429 0 
430 -475 488 0 
459 -908 -935 0 
59 -3 -623 0 
-466 -552 959 0 
607 -711 167 0 
-77 -631 -217 0 
-4 888 259 0 
-187 82 74 0 
70 -834 -824 0 
-517 927 -863 0 
709 -626 216 0 
14 964 -207 0 
-170 -1 625 0 
973 -105 813 0 
-489 954 755 0 
154 -986 581 0 
300 -259 -731 0 
854 960 -926 0 
-684 92 617 0 
-832 -925 901 0 
685 -618 -304 0 
127 804 753 0 
477 584 -126 0 
-981 -851 -113 0 
-525 982 -358 0 
-319 420 548 0 
777 -79 -355 0 
917 -7 -331 0 
746 455 -175 0 
-843 -321 637 0 
844 896 181 0 
12 -3 639 0 
213 880 -545 0 
-633 243 14 0 
-705 227 -22 0 
23 438 785 0 
433 -707 -497 0 
-5 -683 477 0 
-594 75 656 0 
553 -926 -609 0 
56 -733 926 0 
-650 527 -687 0 
635 491 -713 0 
-793 -443 801 0 
591 -566 -41 0 
-44 321 -368 0 
174 -194 339 0 
168 661 545 0 
-286 591 604 0 
-208 879 -445 0 
476 897 -469 0 
391 -972 518 0 
-250 -747 997 0 
-268 311 -290 0 
-764 -188 669 0 
511 -539 5 0 
-899 149 733 0 
-732 -836 -795 0 
680 -708 -609 0 
731 173 -469 0 
-96 154 339 0 
-308 -953 -498 0 
-904 603 -162 0 
861 -195 913 0 
-453 -616 754 0 
796 810 31 0 
-788 -280 689 0 
458 363 -871 0 
-887 389 -930 0 
-91 276 -794 0 
76 -269 -903 0 
129 -391 544 0 
-845 28 910 0 
-404 75 351 0 
-736 -943 -242 0 
-641 -474 -285 0 
-117 198 -514 0 
241 449 450 0 
239 976 15 0 
407 738 64 0 
436 998 80 0 
-766 -352 311 0 
292 -805 -591 0 
33 -604 421 0 
410 -748 -634 0 
-340 -974 228 0 
834 -60 816 0 
318 206 655 0 
986 -818 -931 0 
312 -931 739 0 
-244 -936 582 0 
111 -866 603 0 
249 -129 -656 0 
-79 -219 -99 0 
298 907 985 0 
206 -194 416 0 
-446 -612 631 0 
86 -157 -445 0 
381 459 210 0 
-298 496 581 0 
652 -207 -752 0 
538 -91 -520 0 
-16 -395 695 0 
765 -420 732 0 
888 -976 435 0 
874 28 64 0 
-675 348 -760 0 
-722 395 -704 0 
-473 412 209 0 
-262 904 -80 0 
-833 929 957 0 
723 -950 283 0 
-350 336 -872 0 
406 -405 191 0 
-847 -323 -490 0 
-262 920 860 0 
824 -920 -685 0 
-217 -591 604 0 
394 -244 726 0 
-507 789 921 0 
64 690 -421 0 
-504 -344 309 0 
666 916 729 0 
717 -62 -143 0 
247 -692 579 0 
-548 -463 -917 0 
40 -66 278 0 
951 -376 -145 0 
-832 348 -470 0 
923 693 13 0 
127 264 -915 0 
-875 -592 -552 0 
-212 -980 -3 0 
-418 976 200 0 
728 46 -264 0 
321 441 854 0 
-669 60 809 0 
-128 611 659 0 
683 -817 895 0 
232 299 -677 0 
-454 850 627 0 
72 378 -840 0 
-138 -402 785 0 
-51 793 -948 0 
393 -761 473 0 
990 -768 280 0 
-117 -202 430 0 
-804 -920 832 0 
211 641 264 0 
-801 272 975 0 
-806 -284 958 0 
-509 462 1000 0 
-218 686 -350 0 
-205 677 44 0 
621 -965 -101 0 
982 441 118 0 
584 -794 303 0 
-935 -822 133 0 
-975 -628 659 0 
845 -503 -496 0 
-549 292 803 0 
-727 -913 538 0 
398 -172 -294 0 
-272 791 -550 0 
771 929 -202 0 
-932 -204 698 0 
893 848 -434 0 
-415 28 403 0 
788 703 655 0 
45 -526 -895 0 
-123 738 -972 0 
-280 808 943 0 
-111 894 -823 0 
771 -863 -967 0 
-575 650 146 0 
-581 -797 721 0 
169 -820 -899 0 
-528 -177 9 0 
667 -16 -513 0 
90 -109 -989 0 
-315 -474 906 0 
700 -248 -675 0 
932 457 930 0 
456 -875 -784 0 
386 53 -138 0 
-939 340 -950 0 
-396 -32 -566 0 
314 879 -61 0 
-526 623 930 0 
6 -706 -377 0 
600 984 950 0 
-875 -933 -569 0 
-608 -84 954 0 
84 820 77 0 
611 883 -436 0 
543 473 -297 0 
-11 845 -424 0 
206 940 -205 0 
677 -877 -549 0 
769 581 -397 0 
697 -38 643 0 
-319 -142 65 0 
-472 -726 742 0 
450 -193 -248 0 
750 1 491 0 
-994 -452 -670 0 
-63 -784 400 0 
-848 -562 35 0 
-132 108 158 0 
168 122 116 0 
656 987 202 0 
562 -142 -431 0 
-547 992 679 0 
-773 -907 16 0 
-403 192 -862 0 
432 -291 571 0 
-817 803 -249 0 
-82 488 902 0 
-617 -665 605 0 
826 -467 607 0 
19 830 336 0 
173 -106 -568 0 
801 -299 -69 0 
456 -210 -50 0 
-124 -467 969 0 
377 74 207 0 
-407 546 406 0 
-406 875 -854 0 
482 851 889 0 
740 594 -60 0 
943 -552 -308 0 
544 -219 558 0 
781 106 162 0 
-415 593 740 0 
593 440 -445 0 
-205 -83 974 0 
695 809 861 0 
2 342 684 0 
-626 -4 30 0 
-318 -759 -140 0 
163 752 -160 0 
-965 379 212 0 
-907 211 851 0 
-143 -694 -467 0 
594 -67 894 0 
615 -921 -863 0 
-987 -684 -10 0 
-499 -313 -838 0 
113 39 951 0 
978 -318 -468 0 
-738 521 923 0 
792 -955 572 0 
860 23 413 0 
-854 -850 929 0 
-587 -18 529 0 
158 -424 303 0 
827 34 -326 0 
-88 996 761 0 
31 507 -801 0 
89 -835 -251 0 
-722 -159 889 0 
-840 -990 -558 0 
-115 -265 184 0 
-771 17 -389 0 
-46 -950 9 0 
-753 -334 655 0 
-990 -704 -550 0 
900 327 563 0 
-70 485 627 0 
-102 -320 951 0 
428 -392 903 0 
-775 582 749 0 
535 -161 -672 0 
-346 963 271 0 
614 -15 -263 0 
488 -321 -32 0 
-598 28 -790 0 
773 947 -680 0 
492 21 533 0 
715 -244 332 0 
630 -883 750 0 
-151 705 680 0 
102 879 -671 0 
-980 -825 493 0 
393 -852 -519 0 
191 -444 -139 0 
-227 -129 -961 0 
-493 981 856 0 
-349 -157 299 0 
472 -937 742 0 
245 -879 435 0 
576 -17 335 0 
-730 -817 -797 0 
100 248 623 0 
-745 -575 697 0 
504 658 416 0 
-66 -952 101 0 
-227 823 580 0 
-508 -475 -973 0 
-760 -194 -529 0 
149 910 -102 0 
-596 219 -469 0 
662 -112 -236 0 
-950 442 -247 0 
-812 -154 -455 0 
-195 53 -153 0 
481 -409 -140 0 
228 -915 85 0 
-417 -493 -245 0 
-479 58 408 0 
-795 -20 -129 0 
-486 227 -396 0 
-845 285 575 0 
406 -526 413 0 
920 -723 437 0 
-547 -676 -577 0 
593 910 802 0 
-17 392 -64 0 
285 999 -723 0 
86 131 -790 0 
527 -868 -754 0 
-726 321 574 0 
959 -261 -68 0 
176 1000 132 0 
251 457 -715 0 
-866 -249 665 0 
-188 35 500 0 
-927 435 62 0 
880 -144 -707 0 
624 -678 -427 0 
595 400 613 0 
-666 537 -688 0 
879 408 994 0 
-772 329 139 0 
575 -416 176 0 
-790 564 966 0 
604 226 373 0 
565 -416 -804 0 
-245 -87 -899 0 
774 908 -661 0 
-939 112 140 0 
711 -427 21 0 
-56 314 384 0 
-913 605 842 0 
-487 41 -928 0 
747 -921 -532 0 
-539 428 946 0 
389 -126 485 0 
-116 443 703 0 
790 249 -101 0 
-418 -793 862 0 
803 74 318 0 
574 -821 -707 0 
804 924 71 0 
-713 53 -621 0 
32 -911 560 0 
766 104 54 0 
-941 -804 -92 0 
994 536 -328 0 
547 491 -79 0 
-715 -541 887 0 
-750 395 310 0 
-549 824 -883 0 
415 -336 -498 0 
18 -771 -495 0 
-98 -787 348 0 
770 996 393 0 
655 22 188 0 
-839 382 542 0 
641 -327 816 0 
-166 322 616 0 
-290 33 -913 0 
271 264 110 0 
606 927 283 0 
-600 -779 559 0 
-753 91 575 0 
-473 984 370 0 
-321 -75 960 0 
-690 -796 -702 0 
-57 59 -999 0 
-431 549 -444 0 
-478 797 109 0 
810 764 -714 0 
698 981 -42 0 
610 454 -500 0 
466 6 591 0 
-457 775 413 0 
-853 -17 727 0 
-333 -120 677 0 
274 863 875 0 
316 -442 808 0 
-488 -536 -937 0 
-668 -126 -582 0 
-815 -489 -277 0 
226 -298 19 0 
-678 -412 -679 0 
-623 -110 -939 0 
442 -42 -842 0 
-354 -3 -580 0 
-761 -518 -115 0 
954 -773 862 0 
85 -308 413 0 
-325 848 -475 0 
534 782 123 0 
823 -392 782 0 
-461 203 -816 0 
-194 -425 360 0 
-901 -451 -224 0 
645 -580 -366 0 
-525 571 -246 0 
472 -597 612 0 
450 330 345 0 
-210 -128 32 0 
-275 81 -147 0 
-484 583 930 0 
-960 218 523 0 
-185 -448 107 0 
62 764 150 0 
502 563 -200 0 
-980 -846 -904 0 
-516 574 419 0 
-44 -267 124 0 
434 568 -945 0 
92 -474 -286 0 
-950 -985 -485 0 
-907 -752 54 0 
531 -812 -243 0 
-95 -32 -261 0 
823 187 168 0 
551 -556 -234 0 
-811 -846 879 0 
-263 474 784 0 
795 516 685 0 
-900 -825 -332 0 
-492 -509 706 0 
-186 305 959 0 
-875 82 -920 0 
-39 -567 -908 0 
-26 42 -131 0 
-73 330 808 0 
-113 -100 -712 0 
-85 674 950 0 
308 630 132 0 
925 -140 83 0 
-821 437 -118 0 
-945 -284 898 0 
453 -892 -268 0 
-905 768 242 0 
548 388 -884 0 
-787 -556 39 0 
76 507 -958 0 
822 -897 848 0 
-842 -782 945 0 
-527 -955 -517 0 
-546 -810 389 0 
97 152 -950 0 
963 -144 -401 0 
-717 -596 792 0 
-666 373 -383 0 
-707 -579 -590 0 
-527 351 -344 0 
969 -249 -787 0 
-890 983 -426 0 
620 -55 148 0 
987 723 -735 0 
591 -64 67 0 
-684 289 614 0 
867 -916 519 0 
-748 -438 -464 0 
892 455 631 0 
344 -443 686 0 
-907 -620 -610 0 
-486 -241 -726 0 
-479 50 -238 0 
-782 88 650 0 
588 164 -953 0 
790 485 482 0 
758 998 541 0 
853 -322 -513 0 
-351 -771 761 0 
254 -688 -719 0 
551 -843 988 0 
161 -492 -374 0 
810 -192 -515 0 
-656 539 -126 0 
-245 476 283 0 
-897 -227 -236 0 
-359 457 -346 0 
177 -900 -476 0 
932 -986 -174 0 
970 216 820 0 
-180 -691 -926 0 
845 505 436 0 
-649 78 -359 0 
-423 876 -481 0 
747 -890 -736 0 
-533 661 -527 0 
808 -19 -483 0 
-436 -774 -37 0 
-788 -32 353 0 
520 508 -454 0 
755 389 177 0 
-922 -663 -887 0 
-369 427 254 0 
91 165 -599 0 
524 667 -932 0 
532 -736 832 0 
-174 254 481 0 
-37 403 -334 0 
403 -373 733 0 
102 442 306 0 
162 -965 -164 0 
165 -135 -362 0 
724 -32 634 0 
596 112 -875 0 
23 330 -633 0 
41 -850 -467 0 
469 417 -541 0 
978 550 -583 0 
-978 22 -172 0 
-913 270 43 0 
-335 -680 -863 0 
-594 -180 -502 0 
97 660 -998 0 
-855 -778 551 0 
343 -844 -730 0 
-638 -341 -188 0 
-491 -302 -520 0 
-186 -187 753 0 
-938 -585 -149 0 
-889 703 440 0 
-918 -545 -103 0 
-161 -731 -254 0 
-900 -549 -266 0 
-773 -215 996 0 
-123 901 539 0 
999 -882 118 0 
-207 893 689 0 
628 -350 868 0 
81 -253 262 0 
-60 -74 663 0 
858 699 116 0 
-954 -155 297 0 
-684 615 32 0 
-317 654 -695 0 
818 675 798 0 
-702 443 -817 0 
943 938 69 0 
193 -192 367 0 
851 414 -37 0 
883 820 166 0 
-399 -128 38 0 
732 801 -417 0 
516 392 -478 0 
33 508 -18 0 
512 -748 -727 0 
-787 -245 453 0 
271 -160 -913 0 
-229 -722 604 0 
672 -711 283 0 
606 -254 50 0 
492 649 146 0 
389 -675 445 0 
804 595 469 0 
344 -896 981 0 
830 203 532 0 
-22 214 -788 0 
-100 -165 -403 0 
-545 -29 -835 0 
576 -39 675 0 
-386 -650 170 0 
462 79 -732 0 
431 -968 -13 0 
196 651 149 0 
83 568 -856 0 
-999 -134 277 0 
334 892 407 0 
-391 -583 954 0 
-681 755 -908 0 
-52 -529 526 0 
-259 -372 -28 0 
55 -765 -372 0 
-824 628 -183 0 
-434 -82 -389 0 
824 -37 748 0 
201 -924 61 0 
-971 738 961 0 
-29 -266 -343 0 
440 968 -853 0 
885 658 -758 0 
425 787 -295 0 
-786 826 -858 0 
-657 -914 -130 0 
-219 -903 819 0 
-577 203 -589 0 
-943 -444 767 0 
152 956 298 0 
51 879 613 0 
-829 -608 -743 0 
506 -5 33 0 
371 -258 -444 0 
792 -324 672 0 
-547 -330 -174 0 
-770 600 677 0 
-960 -613 143 0 
-858 666 -595 0 
372 44 277 0 
-131 595 633 0 
582 -649 -182 0 
858 -104 462 0 
58 601 164 0 
-625 465 649 0 
423 -796 -559 0 
-953 -414 18 0 
339 -953 -845 0 
206 -501 741 0 
318 40 812 0 
-947 -780 -196 0 
-510 -277 74 0 
-223 -249 -32 0 
421 129 -655 0 
-546 -919 352 0 
592 -839 -9 0 
970 290 455 0 
-165 -618 -181 0 
-242 -35 -498 0 
606 -988 921 0 
-38 -190 143 0 
236 -660 892 0 
-738 -691 75 0 
-661 -703 469 0 
-339 -117 -420 0 
677 84 -585 0 
-63 475 -835 0 
536 -770 977 0 
619 901 -430 0 
895 706 896 0 
912 -304 -300 0 
-438 -73 428 0 
613 -477 310 0 
-168 -796 -874 0 
-478 -842 275 0 
-907 170 -273 0 
388 383 87 0 
-964 785 -658 0 
-899 -856 911 0 
300 736 519 0 
235 653 263 0 
519 730 593 0 
19 77 -246 0 
240 -494 -406 0 
-28 -434 -945 0 
-509 -953 868 0 
-367 261 863 0 
485 -419 -547 0 
-240 -89 609 0 
-86 621 943 0 
-747 -834 -219 0 
-1 -761 -933 0 
515 -117 -230 0 
975 -822 344 0 
697 -351 997 0 
648 492 159 0 
863 -845 -984 0 
-192 -81 735 0 
725 -95 919 0 
815 -176 666 0 
170 -417 770 0 
505 507 -442 0 
-592 708 514 0 
443 273 -182 0 
-289 743 187 0 
-487 863 755 0 
-901 935 -687 0 
369 -379 811 0 
447 -322 646 0 
-347 -940 615 0 
580 -27 778 0 
940 741 769 0 
698 -813 103 0 
592 641 407 0 
546 -56 -483 0 
29 -7 291 0 
74 -113 518 0 
52 -757 -11 0 
770 -908 812 0 
25 173 755 0 
-215 311 -329 0 
-591 672 -917 0 
-520 139 934 0 
-834 -111 -138 0 
383 -436 -51 0 
821 -192 812 0 
377 -291 -924 0 
-393 -516 961 0 
57 -78 -115 0 
664 -603 579 0 
434 -840 407 0 
480 890 850 0 
-62 680 -341 0 
441 -551 -745 0 
875 48 -91 0 
-887 -758 684 0 
-247 -153 -724 0 
-696 197 633 0 
199 -987 -884 0 
272 -938 921 0 
333 -789 346 0 
836 373 -682 0 
888 944 -488 0 
-909 60 602 0 
368 -647 -586 0 
400 441 313 0 
129 307 -449 0 
-862 7 729 0 
496 967 736 0 
-260 -8 -249 0 
464 884 420 0 
334 -98 934 0 
-242 44 -283 0 
813 751 -770 0 
-24 193 -595 0 
570 27 327 0 
905 -56 -26 0 
912 823 653 0 
-486 780 754 0 
-168 855 -158 0 
204 -846 799 0 
81 605 -939 0 
-951 -864 718 0 
-694 327 528 0 
341 980 305 0 
-333 -444 489 0 
356 613 -547 0 
-838 -123 539 0 
183 -791 -748 0 
991 166 918 0 
736 724 779 0 
-491 -846 -331 0 
40 -437 -289 0 
-481 553 529 0 
414 -839 -380 0 
-23 623 716 0 
942 516 -349 0 
-105 36 409 0 
-875 -583 -448 0 
-977 630 -716 0 
461 959 199 0 
-109 -139 -2 0 
-365 554 758 0 
823 740 -774 0 
299 229 -775 0 
-612 636 583 0 
-365 702 844 0 
323 -285 -710 0 
659 -288 121 0 
374 -802 410 0 
563 743 41 0 
420 971 -379 0 
707 -376 383 0 
891 584 -561 0 
499 760 245 0 
275 -196 -203 0 
35 153 978 0 
-876 -143 473 0 
564 -769 415 0 
369 -915 572 0 
-900 462 595 0 
188 -769 763 0 
-640 -757 159 0 
-242 261 578 0 
-747 -363 191 0 
737 522 -59 0 
446 -222 664 0 
992 -950 820 0 
242 -519 57 0 
116 269 -346 0 
247 -517 284 0 
-83 696 -298 0 
-287 -616 -438 0 
647 925 985 0 
-730 831 -437 0 
600 701 401 0 
-457 676 -900 0 
-856 -671 -174 0 
-250 697 261 0 
-894 -558 -301 0 
571 -612 -233 0 
-494 -133 797 0 
-473 441 176 0 
777 162 -463 0 
918 -968 -713 0 
-110 523 772 0 
-246 737 642 0 
-789 -108 85 0 
653 466 554 0 
677 364 810 0 
-277 -781 850 0 
-462 -468 914 0 
39 202 824 0 
-335 -283 261 0 
-300 -362 -570 0 
-380 -860 -101 0 
-172 86 118 0 
-275 413 -634 0 
812 262 -546 0 
170 285 -695 0 
-418 964 727 0 
-325 -939 -442 0 
-673 -608 -230 0 
388 -238 -426 0 
-801 -366 433 0 
186 -243 -482 0 
-556 -481 -887 0 
-269 -557 142 0 
191 509 -82 0 
-890 -173 -151 0 
804 -39 -364 0 
554 989 193 0 
-946 772 27 0 
175 -432 -194 0 
258 67 -642 0 
-92 -158 -531 0 
889 266 -648 0 
-228 -709 -327 0 
-994 -269 815 0 
-690 -128 -584 0 
-269 -74 -551 0 
347 -724 178 0 
3 -406 -37 0 
-499 -433 -802 0 
-357 138 632 0 
663 -262 926 0 
-127 -392 997 0 
-177 -880 -151 0 
870 759 449 0 
937 886 -529 0 
541 598 950 0 
-494 223 279 0 
443 590 180 0 
87 -385 -458 0 
350 36 -5 0 
297 -717 -470 0 
-78 -488 958 0 
422 -824 804 0 
34 838 -120 0 
-770 -715 -363 0 
419 517 -511 0 
-7 -548 528 0 
307 -632 -51 0 
884 -702 -257 0 
-655 -835 -282 0 
933 537 529 0 
-969 -515 -716 0 
612 578 156 0 
983 26 671 0 
-582 -190 -246 0 
-816 -164 384 0 
-603 856 125 0 
-134 303 -381 0 
-740 909 796 0 
-142 608 -254 0 
280 178 -745 0 
-638 826 -985 0 
-66 756 -358 0 
981 83 -462 0 
-756 781 -8 0 
-724 56 698 0 
471 -80 -469 0 
-577 499 666 0 
155 -432 898 0 
528 172 -352 0 
-350 -157 600 0 
36 443 130 0 
623 -471 -116 0 
992 -278 -20 0 
-313 967 -85 0 
-234 -617 -275 0 
-883 483 870 0 
-858 -607 669 0 
735 -338 738 0 
-809 -20 -962 0 
-136 -481 -100 0 
-916 951 -908 0 
694 -118 389 0 
689 124 897 0 
65 589 -48 0 
-54 920 -992 0 
-595 -488 417 0 
-254 -282 -161 0 
571 374 798 0 
-573 855 -292 0 
210 -543 499 0 
-644 40 787 0 
-241 -113 -119 0 
-232 924 -714 0 
-705 12 682 0 
-818 -868 70 0 
-354 -399 -869 0 
713 704 947 0 
-225 -790 -677 0 
-153 -297 -756 0 
794 -322 280 0 
875 -339 245 0 
-602 784 347 0 
339 971 105 0 
754 -166 -778 0 
946 698 -133 0 
-968 -247 999 0 
-888 -351 539 0 
660 113 -656 0 
767 50 -768 0 
169 -529 -811 0 
-493 60 409 0 
-602 -383 436 0 
-344 -302 226 0 
-854 -972 -822 0 
-11 157 -230 0 
-540 -357 -865 0 
-231 920 299 0 
875 240 -711 0 
-641 784 -123 0 
986 466 -960 0 
701 -708 213 0 
-654 817 -685 0 
540 -423 -173 0 
537 -336 -917 0 
-773 301 -227 0 
263 -335 592 0 
-32 -156 -770 0 
496 -497 -58 0 
861 77 635 0 
-42 693 -753 0 
-613 704 837 0 
771 -172 -498 0 
-756 468 -831 0 
-903 979 -334 0 
-626 628 -783 0 
-167 161 511 0 
171 238 -449 0 
934 -211 -694 0 
-425 -298 153 0 
79 762 701 0 
-793 -418 956 0 
78 567 600 0 
198 -125 854 0 
-469 -734 -680 0 
902 -632 121 0 
-621 -164 972 0 
459 -587 667 0 
-17 -945 -252 0 
-848 862 370 0 
-985 -335 -692 0 
-32 -571 -845 0 
-589 -291 711 0 
172 -726 -288 0 
711 179 64 0 
174 -406 -114 0 
-807 394 162 0 
55 255 36 0 
727 -979 -137 0 
-611 787 -409 0 
211 -327 245 0 
-184 167 900 0 
859 973 107 0 
-867 850 -520 0 
483 -773 847 0 
750 -745 669 0 
869 -155 -432 0 
-361 214 -862 0 
770 -855 -582 0 
123 -622 263 0 
29 406 120 0 
-253 474 -949 0 
-867 557 -339 0 
-254 -410 866 0 
776 152 -529 0 
-956 -528 982 0 
-811 878 -828 0 
-785 -642 -423 0 
289 939 997 0 
396 -817 160 0 
808 493 -29 0 
-115 852 884 0 
558 -401 110 0 
-348 -913 420 0 
-463 69 99 0 
-844 -856 -805 0 
-60 -83 -443 0 
85 772 -941 0 
310 129 514 0 
-61 -841 -779 0 
-461 250 -378 0 
474 -62 605 0 
850 793 -310 0 
501 -864 -988 0 
-121 -57 770 0 
596 860 888 0 
-569 -61 -349 0 
388 387 -64 0 
876 915 -765 0 
-230 900 242 0 
696 683 545 0 
-474 -657 449 0 
853 -508 382 0 
697 243 -167 0 
-687 -530 -768 0 
762 -239 351 0 
599 -317 658 0 
296 822 631 0 
689 -984 28 0 
-311 -656 -228 0 
-852 552 -160 0 
-727 519 260 0 
-640 -295 -790 0 
-29 541 460 0 
750 661 -349 0 
299 179 338 0 
539 -403 390 0 
-62 -552 -29 0 
-269 239 -721 0 
497 -483 -675 0 
-444 -840 659 0 
531 -216 85 0 
-926 -582 -651 0 
789 666 548 0 
-576 759 617 0 
-252 197 32 0 
242 -570 -145 0 
834 894 30 0 
-800 -225 -448 0 
-800 -307 -548 0 
155 782 638 0 
-787 -767 -968 0 
-305 884 -202 0 
647 -786 180 0 
471 -438 -761 0 
633 -213 -501 0 
-57 -159 683 0 
-331 104 783 0 
17 674 107 0 
931 -500 -796 0 
983 975 750 0 
481 -455 -858 0 
-238 465 385 0 
-433 -872 889 0 
-617 -991 848 0 
572 -44 -39 0 
-824 -844 753 0 
-476 637 -58 0 
-229 627 622 0 
-354 781 -915 0 
115 -623 -803 0 
-440 994 579 0 
-445 970 817 0 
-20 742 170 0 
545 640 257 0 
24 -488 -1 0 
-300 -47 705 0 
521 -48 109 0 
-200 -240 -221 0 
84 -558 -561 0 
-218 32 3 0 
-971 -819 -951 0 
5 859 -352 0 
965 751 -545 0 
21 -545 -273 0 
889 -191 631 0 
-596 4 805 0 
521 718 766 0 
-464 -82 -887 0 
960 802 -713 0 
241 -779 -809 0 
635 876 -172 0 
803 983 -770 0 
-714 919 100 0 
518 51 84 0 
-541 778 -747 0 
-868 -887 632 0 
-689 335 97 0 
-130 211 543 0 
-77 -490 613 0 
-78 76 395 0 
-216 -98 153 0 
-441 808 248 0 
-568 -647 -548 0 
-721 -570 67 0 
-558 -795 574 0 
-810 533 -62 0 
-336 60 -510 0 
-494 630 496 0 
150 -985 791 0 
31 -310 854 0 
-651 -75 -108 0 
-493 468 61 0 
129 -229 -889 0 
-204 183 893 0 
115 -239 701 0 
837 707 867 0 
555 -312 789 0 
-84 586 -567 0 
920 -370 -809 0 
562 -636 -676 0 
35 -548 -105 0 
476 942 -85 0 
710 583 666 0 
972 -969 -410 0 
807 65 -742 0 
416 -443 770 0 
471 354 536 0 
250 266 972 0 
-705 811 707 0 
-785 886 851 0 
865 -281 496 0 
584 -708 60 0 
537 -313 -200 0 
-366 -80 -159 0 
-1 -865 -254 0 
99 -549 30 0 
946 -270 -542 0 
-998 -7 -834 0 
82 871 -983 0 
899 90 776 0 
30 -672 -657 0 
576 -413 630 0 
418 -680 -533 0 
-123 -930 241 0 
821 -828 825 0 
410 -438 -200 0 
521 -275 -587 0 
122 -487 685 0 
-530 -368 -59 0 
699 58 922 0 
561 -54 807 0 
503 -267 326 0 
17 222 -386 0 
719 603 -27 0 
-710 815 -95 0 
-35 916 143 0 
833 -410 44 0 
-533 -212 -405 0 
938 17 -656 0 
492 70 819 0 
397 -320 693 0 
-637 995 -580 0 
-759 -865 513 0 
-629 486 11 0 
-161 -642 817 0 
630 85 656 0 
-687 389 -836 0 
231 -789 -94 0 
-889 202 -179 0 
-118 -306 440 0 
-223 760 -570 0 
601 -482 -142 0 
813 85 -601 0 
537 65 679 0 
-268 27 225 0 
-8 -778 181 0 
386 49 648 0 
-466 -2 -501 0 
627 295 712 0 
-638 -228 -860 0 
697 -1 -195 0 
-909 409 -362 0 
967 -644 -966 0 
-939 650 79 0 
391 264 287 0 
100 800 416 0 
995 -686 -135 0 
111 363 -939 0 
872 -900 -692 0 
182 -722 570 0 
-467 -509 844 0 
78 427 701 0 
-275 -13 -597 0 
972 -781 126 0 
-865 -334 642 0 
-590 -27 -486 0 
-68 -663 -257 0 
265 -43 -672 0 
632 957 848 0 
-44 139 -602 0 
-936 -669 -417 0 
599 -877 711 0 
601 505 268 0 
937 -476 397 0 
-380 909 255 0 
-709 635 -139 0 
-582 -557 945 0 
678 -235 -945 0 
-593 -113 -326 0 
-669 541 96 0 
691 515 -91 0 
-967 889 -592 0 
-25 522 963 0 
246 -522 -409 0 
-213 714 223 0 
-907 -872 -878 0 
141 659 207 0 
-594 871 617 0 
561 524 444 0 
437 561 895 0 
524 -771 -643 0 
-721 995 -631 0 
-393 644 -597 0 
374 587 -148 0 
-890 -916 566 0 
-271 -130 995 0 
-98 670 -911 0 
-308 -353 -488 0 
-317 -112 54 0 
456 564 -118 0 
148 809 735 0 
-478 -283 57 0 
-263 -997 -432 0 
8 292 -755 0 
841 -388 -67 0 
295 -221 996 0 
509 446 -69 0 
-108 -732 182 0 
958 183 -237 0 
879 129 -456 0 
-30 -578 -906 0 
925 132 738 0 
474 894 391 0 
287 -653 -721 0 
821 -66 580 0 
183 537 379 0 
-150 849 -976 0 
-319 614 80 0 
-764 378 -57 0 
62 38 860 0 
889 306 273 0 
-878 412 594 0 
-54 632 -944 0 
-464 -817 468 0 
645 625 80 0 
387 -142 553 0 
33 78 -445 0 
447 389 -519 0 
-185 735 -718 0 
-261 32 -707 0 
762 416 -68 0 
-903 483 -695 0 
414 -474 -382 0 
-809 841 272 0 
974 -604 -887 0 
319 696 -682 0 
-788 396 -157 0 
750 275 346 0 
721 -886 420 0 
280 -988 342 0 
802 -365 766 0 
888 900 -677 0 
-810 49 -66 0 
550 -366 264 0 
-468 -635 -233 0 
-691 -168 -667 0 
-613 -521 -213 0 
678 527 959 0 
-491 -12 589 0 
-226 930 397 0 
165 442 286 0 
513 574 889 0 
394 -996 -536 0 
-513 997 -628 0 
907 -918 159 0 
900 -576 -179 0 
-65 574 -415 0 
-527 57 -375 0 
971 634 678 0 
-774 -297 -907 0 
-55 873 687 0 
-709 -344 -235 0 
-144 -839 544 0 
