p cnf 1000 4000
16 627 -537 0 
595 -980 -97 0 
-999 742 -673 0 
-663 642 -396 0 
-332 217 -256 0 
270 -941 676 0 
-268 409 -392 0 
-917 -167 -939 0 
-94 486 -541 0 
477 33 972 0 
799 852 647 0 
3 242 -326 0 
468 -64 -217 0 
-268 -107 -627 0 
255 -387 -969 0 
881 -276 628 0 
-895 428 -711 0 
100 601 794 0 
-311 -182 189 0 
-824 662 930 0 
-715 -748 -716 0 
-301 -264 -31 0 
193 -186 247 0 
-366 616 907 0 
-737 962 -712 0 
388 -617 933 0 
-738 -246 -229 0 
465 140 508 0 
687 163 501 0 
604 47 165 0 
114 613 836 0 
-254 -335 244 0 
612 943 -860 0 
-840 895 -493 0 
-311 -764 -233 0 
619 -520 -464 0 
979 -659 594 0 
-980 963 -658 0 
673 583 924 0 
597 862 437 0 
-845 -36 347 0 
-996 -786 -752 0 
729 -395 -461 0 
-54 277 -144 0 
-70 679 -231 0 
-396 -24 937 0 
571 985 553 0 
-29 783 586 0 
936 -698 -550 0 
888 1000 -566 0 
671 -161 57 0 
-97 -909 518 0 
-97 -945 -113 0 
934 -334 441 0 
38 744 -680 0 
-681 994 568 0 
-172 579 707 0 
859 563 93 0 
573 -925 -211 0 
-907 -250 345 0 
-147 618 523 0 
-459 738 986 0 
-717 655 176 0 
-865 -357 -153 0 
327 185 -551 0 
907 474 -348 0 
-158 261 -651 0 
-471 458 -165 0 
-362 595 -526 0 
984 -360 215 0 
673 453 -508 0 
-167 -392 -556 0 
652 -258 -723 0 
-306 676 120 0 
140 300 449 0 
-472 798 946 0 
151 -515 -286 0 
-484 516 822 0 
441 -258 825 0 
-172 -43 612 0 
-71 -401 835 0 
-488 -852 -587 0 
828 727 -452 0 
130 -36 64 0 
-601 -980 -317 0 
474 771 -305 0 
-107 -778 872 0 
643 82 -688 0 
-486 687 425 0 
586 -498 82 0 
-514 212 -138 0 
272 -347 466 0 
872 -394 -386 0 
633 -660 -149 0 
40 -282 -974 0 
258 -809 948 0 
-57 -481 -682 0 
285 -196 -415 0 
-935 -294 -23 0 
301 -616 -654 0 
861 -915 -600 0 
241 -911 -417 0 
411 -125 118 0 
-195 206 238 0 
782 -201 670 0 
91 541 -466 0 
557 83 -111 0 
-244 -812 -731 0 
206 -431 476 0 
-865 550 -373 0 
256 -86 -859 0 
-841 -587 114 0 
350 -627 -961 0 
628 -471 -624 0 
10 322 -505 0 
-826 639 184 0 
738 -817 -161 0 
-420 -162 123 0 
-509 134 776 0 
-905 -419 -41 0 
-250 593 657 0 
-6 -771 -292 0 
165 889 -358 0 
508 -253 824 0 
850 -94 22 0 
-400 209 -427 0 
664 -697 -745 0 
-617 321 -526 0 
547 -765 26 0 
227 648 403 0 
575 -881 478 0 
10 -411 877 0 
-696 -714 940 0 
-966 -250 -436 0 
141 554 -28 0 
626 -328 9 0 
859 -669 54 0 
-448 995 -162 0 
417 927 265 0 
381 -351 147 0 
-444 593 236 0 
-351 620 535 0 
-388 679 -394 0 
755 -582 -70 0 
-174 -576 -199 0 
-109 -493 -126 0 
905 -613 600 0 
-235 -903 -204 0 
-244 175 -619 0 
698 596 837 0 
-273 -331 -808 0 
102 -822 -993 0 
586 403 628 0 
529 -249 -835 0 
-297 55 -244 0 
660 82 -383 0 
-168 -607 627 0 
459 -456 366 0 
-117 89 186 0 
-498 -592 872 0 
88 -553 -162 0 
-24 -644 545 0 
338 -215 -476 0 
-579 -60 -467 0 
-586 520 890 0 
-508 706 659 0 
237 -929 370 0 
441 -168 -980 0 
-794 -783 115 0 
444 -218 -480 0 
648 -265 783 0 
-212 859 -999 0 
708 -384 889 0 
153 284 436 0 
-661 71 752 0 
472 736 -891 0 
166 735 46 0 
-172 892 -509 0 
-764 167 -145 0 
477 386 334 0 
921 -959 514 0 
-381 -723 631 0 
-967 -776 829 0 
-562 386 295 0 
805 396 908 0 
-599 -577 -45 0 
343 684 -966 0 
269 661 829 0 
-407 -474 -4 0 
-544 166 -352 0 
-801 766 -517 0 
-26 240 -606 0 
359 96 -169 0 
-318 -720 -830 0 
-921 -708 243 0 
-360 -209 -80 0 
930 604 974 0 
481 302 276 0 
-79 -618 -266 0 
468 238 898 0 
914 -815 -27 0 
-557 -441 860 0 
-422 -282 616 0 
578 571 99 0 
356 159 -859 0 
-98 669 -774 0 
-115 658 596 0 
-193 -970 -391 0 
-926 139 -742 0 
93 -134 -458 0 
-39 83 757 0 
872 -159 477 0 
-722 944 178 0 
458 191 802 0 
24 -111 -452 0 
165 -240 -576 0 
169 527 -602 0 
453 400 -142 0 
-442 793 262 0 
305 388 -317 0 
-608 308 -105 0 
483 -936 -757 0 
341 524 -173 0 
897 588 34 0 
-452 -761 525 0 
929 95 271 0 
748 444 -373 0 
458 47 -655 0 
-477 221 -446 0 
891 -163 -122 0 
-369 651 -416 0 
762 -700 -663 0 
-268 -668 -138 0 
-776 -70 -978 0 
483 -888 246 0 
-783 -10 420 0 
-535 214 -348 0 
107 -313 -164 0 
-853 -630 -476 0 
-772 530 -303 0 
-965 -938 -517 0 
-502 -493 -137 0 
646 -451 566 0 
306 988 244 0 
829 630 308 0 
710 -177 426 0 
-659 -177 -114 0 
-362 567 -459 0 
-334 -450 -230 0 
-109 -734 527 0 
-226 423 -353 0 
699 -444 222 0 
-477 38 670 0 
-652 -304 869 0 
-148 -864 596 0 
-123 -316 469 0 
-556 510 -856 0 
-732 819 -629 0 
-385 963 370 0 
-234 -305 703 0 
194 154 151 0 
769 -753 -893 0 
319 -260 894 0 
-522 132 -459 0 
-803 -255 777 0 
254 -234 -682 0 
889 10 750 0 
-612 630 180 0 
-292 -835 653 0 
113 -884 615 0 
468 -530 -711 0 
985 -476 -604 0 
-56 -547 809 0 
451 -324 -476 0 
439 -526 62 0 
857 822 -10 0 
-927 -533 87 0 
479 939 722 0 
307 -48 -414 0 
794 128 969 0 
-851 304 847 0 
151 436 -872 0 
-37 -868 -56 0 
-745 -24 -291 0 
916 974 41 0 
-197 -923 625 0 
-27 293 380 0 
-637 -411 -839 0 
-847 550 185 0 
-693 941 -527 0 
-281 -645 -454 0 
-454 -90 321 0 
-914 -993 23 0 
417 204 -707 0 
-742 -975 202 0 
-627 -911 -736 0 
-281 -815 99 0 
-415 771 852 0 
-285 294 -568 0 
-851 364 -126 0 
-121 913 -527 0 
-98 875 129 0 
-84 344 173 0 
521 -373 511 0 
-744 -23 -83 0 
-460 -448 323 0 
267 473 -549 0 
200 619 130 0 
497 -595 440 0 
-239 -421 611 0 
525 294 -966 0 
-637 338 -557 0 
605 646 482 0 
628 374 -125 0 
34 -855 -263 0 
-26 -953 175 0 
69 -181 -242 0 
751 343 300 0 
602 -185 234 0 
-480 573 871 0 
-22 653 -599 0 
400 -591 -116 0 
138 492 980 0 
-840 860 -636 0 
292 973 -328 0 
-401 -45 -40 0 
602 917 985 0 
-616 371 166 0 
-368 804 607 0 
615 -279 -412 0 
94 508 -969 0 
-791 591 203 0 
165 872 -138 0 
325 -552 420 0 
-184 653 520 0 
-536 -960 830 0 
-618 -879 503 0 
784 167 187 0 
493 -184 -988 0 
-519 -995 660 0 
704 -851 305 0 
-842 184 -428 0 
405 884 -442 0 
-162 -463 767 0 
-478 941 100 0 
-818 835 -732 0 
-559 613 112 0 
635 28 239 0 
-183 -623 -328 0 
774 -795 479 0 
984 407 282 0 
-77 -963 -11 0 
602 926 -909 0 
-591 247 407 0 
438 -629 -128 0 
-317 -768 -105 0 
869 83 -764 0 
385 -651 824 0 
444 -900 21 0 
863 -620 23 0 
-492 688 -565 0 
-360 478 -881 0 
-891 -718 -444 0 
392 -11 294 0 
734 -305 238 0 
841 68 413 0 
103 -931 32 0 
-403 -441 835 0 
-398 -206 916 0 
380 -519 605 0 
-477 968 -281 0 
-191 -520 -104 0 
-90 594 -985 0 
417 846 -470 0 
17 499 519 0 
862 -112 180 0 
682 331 -229 0 
-275 -763 155 0 
-445 -33 -83 0 
667 -126 -532 0 
925 910 368 0 
-618 231 -322 0 
-421 691 -396 0 
108 -874 -540 0 
469 -499 -44 0 
-563 -992 785 0 
-137 -337 396 0 
-203 -677 935 0 
540 -10 94 0 
468 110 494 0 
928 -2 -981 0 
984 -857 717 0 
791 132 212 0 
-660 102 -648 0 
-172 -809 -186 0 
-234 980 474 0 
-350 687 523 0 
303 -549 -600 0 
-836 -122 247 0 
-609 277 967 0 
-426 -422 -543 0 
-928 -154 710 0 
671 461 345 0 
-99 613 -81 0 
-822 -875 246 0 
218 244 466 0 
499 -544 -646 0 
-507 -35 -854 0 
621 -145 -746 0 
-687 -241 -346 0 
-367 -13 442 0 
-953 -813 446 0 
306 -699 293 0 
703 -77 -721 0 
641 -149 -126 0 
-327 -706 764 0 
598 597 -405 0 
301 419 334 0 
-293 847 231 0 
-998 570 -284 0 
-670 671 -846 0 
843 -623 -740 0 
445 108 976 0 
-719 260 -442 0 
-733 609 43 0 
-442 -526 952 0 
156 -983 137 0 
77 425 -566 0 
-235 800 710 0 
-781 -73 520 0 
-800 853 -159 0 
830 15 -497 0 
-604 65 763 0 
269 468 620 0 
431 -791 25 0 
251 860 47 0 
16 -575 -542 0 
691 -433 127 0 
371 -557 996 0 
775 353 -449 0 
377 40 213 0 
237 -445 -928 0 
427 371 142 0 
-345 -644 -597 0 
-400 462 -866 0 
639 -595 666 0 
-568 177 906 0 
-46 -803 87 0 
-20 499 -93 0 
-821 553 21 0 
659 326 590 0 
61 -876 -836 0 
-838 -875 308 0 
418 647 -125 0 
-233 257 -832 0 
-798 -949 200 0 
-756 -430 870 0 
-859 170 -43 0 
-816 829 321 0 
-932 30 -227 0 
-633 621 538 0 
-89 -373 -852 0 
832 -668 -767 0 
831 -596 226 0 
33 -995 -247 0 
-641 417 290 0 
623 -653 -189 0 
-339 421 -303 0 
212 -73 961 0 
-273 350 860 0 
500 514 -979 0 
-47 -658 -576 0 
442 354 725 0 
-245 -643 522 0 
414 -344 649 0 
-777 -149 245 0 
-959 -246 -168 0 
522 315 -92 0 
379 665 -625 0 
161 -793 334 0 
-901 -552 -191 0 
-496 -608 -263 0 
280 -649 -637 0 
161 -921 -148 0 
-756 -780 -302 0 
44 -842 467 0 
852 -379 -544 0 
-917 742 860 0 
-49 913 338 0 
677 -769 -151 0 
999 -223 397 0 
621 414 -39 0 
-335 -161 171 0 
669 922 691 0 
-601 -75 -128 0 
548 -957 -732 0 
-824 320 985 0 
-197 650 -844 0 
-564 965 141 0 
166 -78 -532 0 
-745 -339 430 0 
-34 4 -894 0 
-142 454 -284 0 
375 -534 -944 0 
-314 -389 216 0 
-92 72 700 0 
-137 -135 -218 0 
167 -82 110 0 
306 -245 -569 0 
-148 -815 -284 0 
314 134 -729 0 
158 -505 420 0 
-701 117 -275 0 
-432 151 -348 0 
729 249 763 0 
717 -502 373 0 
210 513 -454 0 
-127 128 -816 0 
965 823 277 0 
300 716 305 0 
937 809 -511 0 
-617 958 -693 0 
-398 -520 -333 0 
-305 -281 648 0 
-206 313 -96 0 
815 -726 -733 0 
498 -525 -880 0 
-1000 832 457 0 
831 -423 124 0 
224 619 -400 0 
-183 -734 -531 0 
350 251 -382 0 
422 -511 73 0 
-234 496 369 0 
-946 449 -11 0 
-700 -913 -109 0 
971 447 -258 0 
957 337 -737 0 
377 -108 -903 0 
-730 534 155 0 
-873 -901 832 0 
962 458 -802 0 
-21 310 726 0 
-513 969 150 0 
-342 93 -292 0 
254 790 619 0 
539 614 -574 0 
54 424 -905 0 
810 -269 855 0 
542 -58 626 0 
563 -499 684 0 
780 115 472 0 
217 969 698 0 
610 819 -294 0 
-934 -405 708 0 
41 -478 692 0 
-361 -489 216 0 
751 -912 608 0 
-44 -324 146 0 
80 -923 699 0 
-114 465 -526 0 
-609 -324 -766 0 
-228 236 -100 0 
271 -783 -487 0 
633 -53 -728 0 
950 -787 73 0 
470 651 -353 0 
-127 821 834 0 
160 504 397 0 
510 -43 687 0 
-397 640 -703 0 
-457 44 -370 0 
725 -382 939 0 
-759 453 862 0 
-888 -912 633 0 
372 889 714 0 
-817 -634 665 0 
920 -466 -936 0 
185 -525 478 0 
669 103 134 0 
203 -498 51 0 
-291 691 38 0 
-464 -988 880 0 
619 -200 -533 0 
110 919 895 0 
-486 643 1000 0 
-982 -858 -513 0 
85 -704 -665 0 
-880 -865 -857 0 
998 -482 -566 0 
355 -582 -82 0 
-490 -883 -80 0 
474 721 -655 0 
481 631 443 0 
15 -595 -441 0 
830 256 127 0 
1 705 566 0 
2 718 716 0 
304 413 482 0 
-157 392 76 0 
905 -278 434 0 
946 -984 305 0 
-967 366 756 0 
86 308 857 0 
207 121 -597 0 
-395 -899 537 0 
470 -18 -548 0 
750 -240 -204 0 
-422 -352 928 0 
-831 -440 -679 0 
830 211 180 0 
737 -923 -304 0 
-857 -918 823 0 
864 945 -275 0 
-378 576 575 0 
868 436 -565 0 
236 -785 -452 0 
-827 71 818 0 
-430 452 729 0 
-909 100 127 0 
-63 277 27 0 
-902 79 916 0 
173 66 491 0 
-398 35 -717 0 
-409 674 767 0 
153 -703 670 0 
-873 -173 107 0 
117 613 90 0 
-377 217 288 0 
559 49 497 0 
330 -154 195 0 
-177 90 -889 0 
154 505 -620 0 
347 -410 602 0 
233 767 -111 0 
-37 -756 -2 0 
160 -396 19 0 
57 971 266 0 
-965 -167 -566 0 
884 -336 -714 0 
718 207 706 0 
883 -205 617 0 
-1000 552 526 0 
-736 946 -949 0 
983 282 -538 0 
-960 994 684 0 
438 -801 950 0 
120 -57 -192 0 
-349 -495 -398 0 
-334 65 -185 0 
416 -652 435 0 
287 383 270 0 
138 16 -341 0 
-603 -859 -617 0 
931 425 242 0 
760 939 -816 0 
-759 225 942 0 
-514 301 287 0 
-852 -39 -602 0 
852 -224 428 0 
832 407 462 0 
-848 -585 335 0 
-896 541 327 0 
464 315 215 0 
880 -556 -640 0 
827 885 996 0 
-192 355 -612 0 
285 -182 -886 0 
-703 755 58 0 
648 325 -799 0 
644 327 -30 0 
369 92 931 0 
150 402 -461 0 
876 -121 -875 0 
985 238 -72 0 
156 699 471 0 
-52 237 -415 0 
79 746 -399 0 
-474 277 -860 0 
10 858 -822 0 
-782 -92 212 0 
-810 864 784 0 
4 -995 -363 0 
-774 -356 -5 0 
511 -148 776 0 
608 5 769 0 
-141 -18 -398 0 
893 -211 -99 0 
-585 501 789 0 
-591 291 -451 0 
-821 993 306 0 
-21 570 368 0 
607 409 51 0 
312 906 -197 0 
-507 -543 -831 0 
-265 -561 -489 0 
109 -87 128 0 
-656 -587 596 0 
517 480 231 0 
795 -839 607 0 
111 680 -800 0 
-823 -567 -954 0 
-906 -209 -714 0 
822 493 977 0 
-631 -64 182 0 
778 749 746 0 
906 174 -479 0 
558 -932 377 0 
-619 -672 402 0 
-299 -829 -714 0 
832 350 -744 0 
913 -825 789 0 
577 -796 560 0 
-141 888 458 0 
-943 -561 937 0 
-700 557 497 0 
-877 398 -842 0 
-736 832 439 0 
-671 352 646 0 
567 -157 -949 0 
-146 -347 -521 0 
-511 -521 -74 0 
964 937 11 0 
-760 240 -147 0 
503 -812 441 0 
-20 413 -88 0 
518 795 -664 0 
591 412 491 0 
448 -200 233 0 
373 237 672 0 
-425 814 -580 0 
-629 -95 49 0 
586 -270 689 0 
701 -540 -413 0 
-540 137 777 0 
-657 753 678 0 
467 -629 977 0 
902 225 -321 0 
199 -820 15 0 
104 965 -485 0 
-202 -67 25 0 
-575 -545 -855 0 
296 -561 -20 0 
-592 693 73 0 
-145 -808 696 0 
612 -239 175 0 
181 -717 -409 0 
-936 471 -590 0 
-786 164 654 0 
-231 669 892 0 
576 73 516 0 
428 452 -627 0 
-422 638 -21 0 
177 -395 463 0 
-505 -152 992 0 
-338 234 -482 0 
788 936 3 0 
823 838 759 0 
-734 -118 318 0 
698 162 -317 0 
-387 444 652 0 
348 17 -103 0 
753 798 -269 0 
-538 -639 -462 0 
-105 -829 -262 0 
606 -486 106 0 
-740 -878 -892 0 
410 645 46 0 
159 671 97 0 
-142 -643 693 0 
-164 -875 -691 0 
-168 -485 -250 0 
-731 -956 810 0 
56 -60 453 0 
-56 102 -322 0 
-445 -801 -92 0 
886 -998 -173 0 
-375 654 -27 0 
-792 929 795 0 
74 -886 768 0 
151 586 -542 0 
-115 417 303 0 
750 -391 691 0 
-715 -9 711 0 
175 508 293 0 
-592 -510 -768 0 
-938 592 -237 0 
765 637 107 0 
-253 632 45 0 
-483 176 -720 0 
342 978 -457 0 
631 -637 -280 0 
970 -141 -521 0 
-237 -26 595 0 
-707 623 521 0 
-946 -585 -44 0 
-756 -609 125 0 
877 -45 -820 0 
744 -196 -40 0 
-825 -591 57 0 
-132 -153 923 0 
5 -154 105 0 
-278 920 91 0 
308 916 -595 0 
864 495 -932 0 
-721 -414 207 0 
32 732 440 0 
-691 486 -130 0 
411 495 -192 0 
240 436 -658 0 
-924 469 99 0 
378 -796 542 0 
-959 -335 -675 0 
-930 522 -723 0 
716 -43 990 0 
50 844 764 0 
-682 978 -184 0 
893 -139 -711 0 
892 883 -224 0 
381 -495 2 0 
391 345 -582 0 
-722 -306 706 0 
859 -80 923 0 
-806 420 991 0 
-504 205 955 0 
47 757 -687 0 
-58 -137 394 0 
-129 661 590 0 
281 155 756 0 
59 386 -75 0 
930 757 541 0 
676 107 816 0 
255 -138 -523 0 
-288 -518 620 0 
-688 -842 864 0 
-828 111 722 0 
609 534 -676 0 
-202 -154 531 0 
830 198 -529 0 
979 864 198 0 
123 858 516 0 
715 -316 147 0 
662 -264 87 0 
-799 219 894 0 
-870 171 380 0 
-485 -933 -837 0 
-684 356 945 0 
954 -437 -810 0 
664 -586 294 0 
506 -350 -961 0 
318 -196 -429 0 
-343 85 57 0 
-723 233 -642 0 
-434 -975 532 0 
386 -971 793 0 
344 -668 525 0 
-217 -824 399 0 
-977 -540 -734 0 
-428 -807 868 0 
647 -621 995 0 
-746 -97 538 0 
904 -433 949 0 
-906 -369 51 0 
-846 888 -854 0 
-121 -242 230 0 
113 -693 678 0 
930 37 508 0 
-213 -299 147 0 
311 -324 562 0 
672 269 696 0 
974 866 -886 0 
221 -332 -455 0 
451 -245 939 0 
-663 387 -722 0 
-818 -308 -188 0 
958 857 813 0 
-224 939 118 0 
218 -649 537 0 
-929 927 114 0 
-675 616 225 0 
-279 -757 192 0 
243 -124 710 0 
-767 -109 -946 0 
-436 454 946 0 
246 -417 -322 0 
-237 -176 -79 0 
-122 309 862 0 
997 235 -283 0 
-455 449 909 0 
818 -413 -225 0 
532 -91 346 0 
-383 774 -749 0 
-572 426 -918 0 
713 550 745 0 
-436 -593 -289 0 
917 -391 746 0 
48 -631 -771 0 
41 651 -28 0 
42 358 442 0 
-491 115 -409 0 
-798 88 724 0 
714 -181 -802 0 
-636 -237 186 0 
-697 72 -670 0 
-247 931 719 0 
916 652 64 0 
727 28 -807 0 
691 -57 -840 0 
268 -640 558 0 
-991 -899 -664 0 
404 102 319 0 
-31 -102 -740 0 
-750 874 956 0 
363 122 -276 0 
31 -587 -142 0 
398 958 -434 0 
-353 365 -31 0 
383 311 830 0 
148 -539 -721 0 
-657 -205 815 0 
-366 -42 -308 0 
-403 559 -525 0 
-246 -928 639 0 
-839 -860 -904 0 
706 916 -33 0 
909 924 497 0 
-564 682 143 0 
-46 631 -252 0 
892 -469 -916 0 
-75 -733 -710 0 
-682 611 -596 0 
477 206 -615 0 
822 -136 438 0 
-808 -969 407 0 
644 103 14 0 
-493 863 958 0 
-835 -981 870 0 
-846 723 946 0 
-183 -841 -230 0 
-346 -158 -739 0 
-263 419 277 0 
245 30 -281 0 
-495 -491 -714 0 
-469 -857 -362 0 
682 -576 -856 0 
-532 389 -171 0 
-398 -473 -667 0 
722 -465 208 0 
-648 -293 675 0 
-836 744 894 0 
-592 669 133 0 
370 -544 -571 0 
-447 -460 258 0 
722 -886 615 0 
199 -734 -134 0 
-429 131 302 0 
779 -291 547 0 
-849 246 -801 0 
-200 -175 259 0 
-329 894 532 0 
-542 -551 890 0 
-759 -724 -771 0 
522 433 -317 0 
-931 -768 -59 0 
-959 607 -932 0 
726 -884 -885 0 
898 720 582 0 
-436 -84 322 0 
-323 -995 -73 0 
400 204 -412 0 
-68 912 494 0 
246 -406 -27 0 
-938 -64 1 0 
723 94 -401 0 
857 538 732 0 
868 -603 133 0 
135 -478 -195 0 
-867 -883 -875 0 
345 -139 -285 0 
426 785 -406 0 
-963 -578 774 0 
-580 191 553 0 
-423 786 -227 0 
133 -692 -76 0 
972 -291 -162 0 
730 191 -800 0 
554 208 752 0 
772 -293 -4 0 
-327 610 318 0 
-276 -821 479 0 
700 86 152 0 
638 -864 904 0 
764 149 -66 0 
180 288 247 0 
-760 411 937 0 
111 459 -197 0 
-687 658 567 0 
-609 150 803 0 
401 -477 -883 0 
904 -463 -624 0 
-183 246 451 0 
171 50 847 0 
140 -109 6 0 
-788 -118 407 0 
-157 101 831 0 
979 627 -500 0 
881 10 -505 0 
-794 -991 952 0 
659 612 328 0 
16 -51 -859 0 
-159 -979 446 0 
890 -320 -740 0 
665 -576 381 0 
-318 732 -53 0 
413 29 853 0 
-924 -988 -869 0 
-973 -526 440 0 
-709 -334 -174 0 
439 307 -104 0 
518 -659 -915 0 
479 348 -94 0 
781 -581 326 0 
628 -971 -227 0 
791 -368 -241 0 
-5 327 278 0 
474 -726 -527 0 
627 788 -17 0 
93 -449 415 0 
625 223 -483 0 
-791 388 -250 0 
9 484 90 0 
-720 280 636 0 
529 724 -922 0 
482 4 679 0 
954 -119 557 0 
339 -578 -888 0 
-542 -991 -716 0 
788 -893 -600 0 
601 -632 -895 0 
-467 660 -55 0 
-633 -509 -974 0 
319 -527 -400 0 
869 26 817 0 
634 60 -880 0 
446 -987 495 0 
142 -771 -181 0 
-46 -720 203 0 
-258 402 684 0 
-607 313 906 0 
126 -712 -348 0 
-775 525 549 0 
296 -15 989 0 
-740 -25 21 0 
577 107 -8 0 
-949 872 203 0 
147 382 187 0 
346 -787 -378 0 
339 -305 -330 0 
199 -831 -540 0 
305 -999 868 0 
591 -612 -260 0 
-418 874 -355 0 
576 129 -179 0 
193 456 -558 0 
655 86 -443 0 
941 513 689 0 
867 687 -819 0 
-238 -55 -299 0 
321 561 -605 0 
742 -298 622 0 
-956 12 705 0 
-314 335 630 0 
-613 -218 -778 0 
-490 46 -71 0 
64 -236 -504 0 
-714 -965 -375 0 
-293 339 -862 0 
103 -466 -670 0 
-96 -52 -1 0 
-621 684 -521 0 
740 -198 115 0 
-525 -647 40 0 
744 517 -837 0 
-589 -19 -322 0 
-713 951 -71 0 
-526 -551 932 0 
-4 759 -57 0 
207 79 -366 0 
101 779 -274 0 
-966 -74 57 0 
510 73 524 0 
-199 -85 886 0 
-448 385 260 0 
-326 294 602 0 
321 708 -975 0 
-917 317 128 0 
-41 -757 -836 0 
-143 -890 -691 0 
709 -901 -283 0 
-677 -658 -900 0 
-162 379 -500 0 
348 -221 -704 0 
622 -260 638 0 
752 -314 -349 0 
980 604 841 0 
55 -485 524 0 
454 -560 -512 0 
-936 117 30 0 
365 220 126 0 
-243 -948 -925 0 
789 -349 -45 0 
-666 -66 -786 0 
-547 355 89 0 
985 -610 -562 0 
-63 -47 -67 0 
-376 754 955 0 
125 -80 -493 0 
227 -991 564 0 
-657 -39 -910 0 
-748 -870 227 0 
-883 605 -809 0 
767 905 -950 0 
748 -84 -244 0 
336 492 855 0 
-531 359 535 0 
28 -86 391 0 
954 -348 106 0 
-215 592 -828 0 
753 25 -304 0 
534 -319 -83 0 
-744 774 463 0 
726 67 -913 0 
-868 153 233 0 
-993 614 587 0 
43 337 38 0 
-440 -971 780 0 
832 -373 622 0 
-684 -494 121 0 
781 -756 -53 0 
-524 519 -295 0 
459 680 410 0 
-612 -961 492 0 
997 -318 -226 0 
173 428 -511 0 
682 -176 76 0 
626 154 -584 0 
-333 -696 574 0 
979 -429 602 0 
991 244 -493 0 
-772 555 -589 0 
-877 -987 -556 0 
259 725 -605 0 
-498 134 188 0 
-890 149 553 0 
-708 -997 -670 0 
686 -971 -744 0 
214 -514 951 0 
-632 -920 -654 0 
78 338 -857 0 
110 -562 157 0 
-448 -237 335 0 
-783 909 -799 0 
-784 -131 748 0 
-951 123 -103 0 
281 407 -698 0 
576 435 956 0 
-643 -218 -964 0 
-989 -796 -847 0 
-517 652 217 0 
-90 -682 -429 0 
-534 -529 -933 0 
96 -22 -671 0 
-129 836 -423 0 
-898 161 603 0 
-209 -942 -536 0 
-360 -348 31 0 
413 628 -499 0 
605 709 -860 0 
-818 385 83 0 
-616 -348 -585 0 
787 650 -935 0 
834 626 549 0 
-850 124 903 0 
956 -35 -840 0 
502 82 -917 0 
222 -968 322 0 
-317 323 -472 0 
432 702 -57 0 
-828 -649 353 0 
-242 371 -477 0 
-677 379 871 0 
588 226 -804 0 
949 -214 544 0 
512 815 -809 0 
944 -251 -144 0 
-98 -986 -722 0 
780 960 -682 0 
-328 -739 368 0 
-957 -857 -735 0 
-869 -263 -761 0 
150 -79 358 0 
-231 665 -174 0 
-270 533 447 0 
-753 707 -12 0 
256 -673 -416 0 
-131 675 -196 0 
863 496 -394 0 
-17 464 130 0 
105 -663 273 0 
3 566 879 0 
-522 -853 -777 0 
332 -398 430 0 
689 -570 -47 0 
594 -897 184 0 
-596 -873 -770 0 
-113 222 735 0 
-800 417 182 0 
218 235 592 0 
-746 529 -265 0 
965 585 -351 0 
127 -112 -781 0 
78 435 -662 0 
623 735 -547 0 
896 -619 -251 0 
-553 -905 -351 0 
529 131 700 0 
308 296 -147 0 
-514 -808 64 0 
205 -65 -939 0 
-20 -628 -353 0 
-519 -316 217 0 
919 -718 -559 0 
995 72 274 0 
-43 -135 -102 0 
-260 -15 825 0 
262 531 775 0 
852 210 882 0 
576 -169 463 0 
624 621 -180 0 
-209 655 -43 0 
701 -89 -757 0 
294 141 860 0 
-42 -744 787 0 
178 282 -660 0 
-352 -846 415 0 
477 -555 300 0 
457 657 -934 0 
-376 674 -788 0 
402 912 -31 0 
663 776 642 0 
-799 253 217 0 
-728 405 -283 0 
432 -927 -692 0 
246 -603 952 0 
446 -43 420 0 
-729 200 320 0 
907 902 -261 0 
-526 -204 -856 0 
728 19 520 0 
325 853 -808 0 
159 791 96 0 
138 21 -402 0 
856 257 -854 0 
-470 224 754 0 
-659 75 306 0 
730 554 341 0 
-364 -229 -496 0 
-688 386 -357 0 
900 -295 -882 0 
311 -598 195 0 
402 337 200 0 
-574 -207 -572 0 
-990 695 536 0 
350 306 -844 0 
126 920 -811 0 
14 216 -889 0 
718 982 -953 0 
-149 903 810 0 
382 186 188 0 
477 141 -608 0 
902 -524 651 0 
-528 -865 301 0 
-524 -923 -277 0 
-36 -837 -409 0 
779 -189 244 0 
-848 -499 -575 0 
789 -446 -55 0 
-377 614 501 0 
430 -722 272 0 
268 613 147 0 
-649 -335 382 0 
-563 -645 158 0 
568 -885 -391 0 
-804 13 -805 0 
-121 -436 -75 0 
-370 -496 -580 0 
-421 629 -960 0 
647 -289 -39 0 
687 -120 811 0 
94 -811 641 0 
920 612 529 0 
-251 87 954 0 
533 -48 925 0 
-460 230 -895 0 
-59 725 192 0 
-28 790 764 0 
962 762 900 0 
-608 -417 -199 0 
-480 -785 579 0 
-281 -390 -786 0 
-54 520 229 0 
-843 489 596 0 
796 895 -234 0 
-539 -221 -628 0 
-499 -176 48 0 
-736 -200 41 0 
485 265 -889 0 
-11 -865 592 0 
32 893 806 0 
215 -702 176 0 
692 726 967 0 
-469 797 838 0 
-466 703 -601 0 
94 -959 541 0 
-155 -263 -173 0 
778 -41 -295 0 
380 -65 -133 0 
-977 -476 876 0 
591 -400 418 0 
-594 -759 901 0 
785 -80 360 0 
758 -18 771 0 
78 -153 185 0 
989 611 -12 0 
198 948 667 0 
87 826 -850 0 
-296 -175 356 0 
28 263 -481 0 
-142 777 421 0 
400 905 -441 0 
-104 559 729 0 
-289 30 564 0 
40 -946 584 0 
-466 643 175 0 
250 -404 785 0 
16 184 238 0 
859 -496 327 0 
-541 -368 469 0 
825 203 -489 0 
30 -292 507 0 
34 -360 -75 0 
722 -191 -816 0 
806 -879 540 0 
562 -585 -895 0 
-549 -127 26 0 
-409 -256 108 0 
-983 225 52 0 
769 -342 530 0 
142 450 6 0 
355 504 -35 0 
130 -514 -995 0 
-510 239 920 0 
821 -962 -59 0 
14 -674 709 0 
-204 -538 -148 0 
251 508 -217 0 
-559 -429 -690 0 
174 561 231 0 
54 -661 -875 0 
-245 122 -198 0 
823 111 -515 0 
9 -249 -766 0 
643 404 -461 0 
-300 -356 56 0 
476 -227 -228 0 
-301 163 -599 0 
-395 -348 -268 0 
-926 -20 -463 0 
-637 74 -542 0 
372 663 -755 0 
-75 258 273 0 
-666 -142 -933 0 
-582 -723 288 0 
409 826 -962 0 
-179 -754 651 0 
975 40 -582 0 
-461 -425 -979 0 
-887 -406 -9 0 
142 915 377 0 
-193 -671 -866 0 
344 242 105 0 
920 715 186 0 
-484 -186 391 0 
-988 590 318 0 
-388 273 904 0 
-334 181 879 0 
-790 926 -684 0 
900 -190 453 0 
967 -794 -136 0 
626 -515 617 0 
-807 433 288 0 
-432 602 463 0 
-480 418 -625 0 
727 229 -392 0 
138 -487 -975 0 
-236 456 -646 0 
-72 871 391 0 
56 4 247 0 
156 718 743 0 
803 -203 177 0 
-880 651 564 0 
403 651 989 0 
-159 24 946 0 
5 -114 518 0 
385 -598 991 0 
-262 -859 -212 0 
317 61 -107 0 
424 -502 562 0 
420 211 -542 0 
-342 335 -236 0 
-24 -72 -447 0 
624 -1 470 0 
680 -645 319 0 
-558 -454 -745 0 
-147 417 286 0 
-750 28 -414 0 
120 -357 -897 0 
4 -130 870 0 
-811 -56 -76 0 
-976 -287 -973 0 
-515 -834 995 0 
-512 -734 274 0 
-93 -769 -21 0 
321 516 -400 0 
-753 786 -414 0 
-651 269 986 0 
-346 -556 -786 0 
-31 203 719 0 
-399 -112 951 0 
-564 -223 -304 0 
689 -985 158 0 
-448 249 -211 0 
-57 288 348 0 
943 138 351 0 
-301 745 -316 0 
-19 -334 -228 0 
-484 501 833 0 
-651 553 -973 0 
-655 701 -968 0 
520 -555 342 0 
-839 860 -3 0 
843 556 -880 0 
710 -812 -241 0 
264 352 162 0 
-235 780 -560 0 
150 439 -919 0 
-621 148 -297 0 
-883 -26 -796 0 
490 -207 -729 0 
-404 787 364 0 
420 -964 -516 0 
911 -951 529 0 
-942 -528 -690 0 
-900 -309 86 0 
-244 -500 -461 0 
995 -334 -675 0 
-935 -399 231 0 
-410 -238 654 0 
279 -277 209 0 
76 770 -858 0 
-882 353 -751 0 
385 -244 854 0 
810 186 873 0 
-418 62 984 0 
-400 11 -313 0 
-437 580 4 0 
999 229 -115 0 
-539 794 333 0 
383 -919 112 0 
763 375 -618 0 
-154 -845 -400 0 
-173 -664 98 0 
719 924 186 0 
-414 -337 -737 0 
-776 -705 -869 0 
513 206 571 0 
-79 812 -455 0 
229 -207 -750 0 
-937 -554 982 0 
-179 -193 662 0 
996 119 253 0 
717 271 348 0 
638 651 127 0 
438 -323 -405 0 
535 970 -655 0 
-894 772 880 0 
131 -919 934 0 
-389 -910 799 0 
-706 -750 627 0 
-737 -142 -701 0 
580 -123 671 0 
-347 -540 854 0 
-889 16 -325 0 
-550 902 -498 0 
933 247 913 0 
-857 -364 -94 0 
344 635 4 0 
-667 819 -449 0 
-697 -964 -606 0 
413 -543 742 0 
663 -984 716 0 
-332 454 -156 0 
326 680 511 0 
188 343 -252 0 
-431 -569 389 0 
-112 930 -383 0 
198 -88 116 0 
810 -917 -717 0 
53 497 197 0 
-682 897 -211 0 
564 36 138 0 
467 282 248 0 
143 43 -849 0 
313 481 629 0 
623 427 947 0 
-657 -973 -793 0 
-349 -459 58 0 
-291 -1 -315 0 
-703 239 -754 0 
-675 610 -911 0 
222 -992 229 0 
-596 -657 -98 0 
459 -197 -358 0 
488 -481 -849 0 
25 162 -410 0 
248 499 923 0 
-167 446 179 0 
-231 -694 -109 0 
-344 -796 -551 0 
90 459 -451 0 
272 7 382 0 
46 -649 90 0 
-464 315 -566 0 
-10 -84 688 0 
-482 194 976 0 
505 -822 827 0 
745 -153 7 0 
950 -262 -235 0 
470 -896 -311 0 
905 192 -354 0 
-272 -293 -669 0 
-444 363 283 0 
236 287 620 0 
-700 -743 -993 0 
798 813 375 0 
809 -932 636 0 
-195 126 808 0 
492 -706 393 0 
-63 -489 -517 0 
390 297 -174 0 
-684 -948 628 0 
-986 -554 10 0 
891 101 -873 0 
-513 -277 667 0 
72 306 862 0 
158 -830 -488 0 
974 203 -373 0 
-966 121 -917 0 
127 425 858 0 
-506 -567 -879 0 
444 -599 123 0 
402 -788 892 0 
-378 -453 804 0 
249 285 232 0 
-830 -189 -370 0 
186 794 406 0 
571 -754 -16 0 
-996 306 -948 0 
771 -438 -28 0 
-965 945 31 0 
822 668 913 0 
310 -897 -840 0 
388 -416 -106 0 
657 -453 689 0 
424 -422 -620 0 
-372 909 936 0 
-791 -199 767 0 
537 550 638 0 
68 -306 -464 0 
-328 -213 -903 0 
-237 -606 87 0 
923 189 62 0 
128 962 103 0 
-309 772 252 0 
-999 -245 367 0 
-861 688 971 0 
-625 -855 -632 0 
-905 797 -151 0 
-654 389 321 0 
133 -998 614 0 
443 401 721 0 
-625 -260 -236 0 
673 -727 465 0 
76 -14 -975 0 
-140 222 -182 0 
501 -522 -537 0 
213 261 -903 0 
167 888 707 0 
451 204 197 0 
-486 -286 653 0 
854 204 701 0 
900 394 -882 0 
81 32 70 0 
244 462 -291 0 
-891 -493 343 0 
-66 212 194 0 
-325 -810 929 0 
-18 408 111 0 
396 -516 983 0 
243 474 -586 0 
646 -316 4 0 
-242 834 -582 0 
-610 -62 -701 0 
870 -681 -212 0 
-936 -563 411 0 
208 421 -84 0 
558 843 240 0 
-729 701 -906 0 
-850 87 -883 0 
-751 -254 -278 0 
-632 242 -45 0 
-54 -310 -204 0 
979 -434 -998 0 
87 -425 -53 0 
-628 215 198 0 
-321 801 -471 0 
199 971 700 0 
-593 289 433 0 
645 909 51 0 
44 -666 -187 0 
-815 -9 646 0 
527 216 -733 0 
-929 747 -504 0 
-441 -804 727 0 
753 308 452 0 
-897 990 488 0 
832 525 624 0 
-586 -568 -695 0 
23 -863 -155 0 
-444 639 586 0 
-245 20 331 0 
974 473 825 0 
267 -266 -929 0 
71 79 -432 0 
298 -491 -224 0 
-998 836 -166 0 
43 114 235 0 
-360 523 -534 0 
491 -985 776 0 
627 707 746 0 
382 -88 -573 0 
394 -82 624 0 
-949 -278 -834 0 
634 -791 -27 0 
925 -663 -755 0 
-696 521 -554 0 
-634 -205 -771 0 
-849 -448 240 0 
-408 830 -747 0 
109 -353 333 0 
-119 -31 -510 0 
738 -388 -510 0 
-388 437 -275 0 
333 -409 -588 0 
694 756 -517 0 
184 825 79 0 
-100 600 -794 0 
900 -395 -685 0 
-456 154 819 0 
-253 919 237 0 
497 58 630 0 
-749 5 -373 0 
-280 -101 119 0 
-580 -912 266 0 
-171 324 -621 0 
502 -128 -556 0 
134 135 -150 0 
889 -527 -707 0 
-653 778 319 0 
-653 877 515 0 
840 742 471 0 
-800 510 -790 0 
-375 730 39 0 
294 -496 -268 0 
-285 -983 938 0 
-805 -328 -948 0 
649 -77 592 0 
-25 -303 629 0 
783 355 403 0 
820 -292 -97 0 
-984 -504 739 0 
425 -364 551 0 
-579 -406 -292 0 
-901 -981 150 0 
937 -461 907 0 
247 412 809 0 
-611 -195 -496 0 
930 -528 -425 0 
328 -560 -87 0 
-936 -160 843 0 
550 -808 -319 0 
735 539 600 0 
-539 -394 234 0 
-462 -390 786 0 
539 -504 -410 0 
-600 -509 843 0 
402 229 -413 0 
59 -681 942 0 
-644 -306 813 0 
595 440 -61 0 
-973 -69 -210 0 
-105 531 -905 0 
-500 -43 -960 0 
-505 154 -720 0 
983 616 524 0 
-880 -403 -423 0 
86 -605 923 0 
735 -926 199 0 
-780 -347 674 0 
296 -733 -827 0 
-224 -544 -951 0 
20 -812 -80 0 
-120 876 -886 0 
-233 -922 -95 0 
-713 -949 328 0 
312 -18 -339 0 
-941 -362 -627 0 
-471 -746 136 0 
823 32 -696 0 
234 -765 -316 0 
-118 -198 -329 0 
719 607 -344 0 
-397 -100 371 0 
-322 891 -383 0 
408 473 467 0 
238 -193 -273 0 
-122 -597 293 0 
954 958 -774 0 
30 -250 -814 0 
476 27 -103 0 
-288 -703 733 0 
283 -986 -822 0 
-926 907 434 0 
811 -980 -329 0 
-931 788 783 0 
380 -777 -828 0 
312 -617 598 0 
176 323 868 0 
-563 635 -237 0 
-65 90 110 0 
-798 573 487 0 
1000 472 -815 0 
399 840 26 0 
-767 -876 964 0 
458 518 740 0 
895 610 -475 0 
-745 -67 -559 0 
780 -796 500 0 
-419 346 407 0 
47 -86 -419 0 
965 734 -977 0 
-377 -632 -442 0 
810 146 -938 0 
742 -570 -877 0 
-154 -901 898 0 
417 -767 150 0 
-625 817 215 0 
336 -770 110 0 
-407 -823 296 0 
47 152 962 0 
-783 -933 -683 0 
-684 554 720 0 
630 271 -164 0 
275 -791 745 0 
288 -548 60 0 
587 -411 -994 0 
-122 -344 775 0 
-301 322 124 0 
-215 274 107 0 
450 150 917 0 
-195 465 -505 0 
70 31 -567 0 
-890 -717 -953 0 
-685 584 245 0 
-409 664 -930 0 
-382 -460 261 0 
306 -680 413 0 
651 971 505 0 
-1000 191 322 0 
774 730 -978 0 
548 -604 153 0 
880 -15 -227 0 
-599 -739 -516 0 
372 27 297 0 
465 737 698 0 
375 -489 911 0 
-771 919 -138 0 
351 615 -207 0 
426 -16 -99 0 
-596 -265 -993 0 
-957 292 36 0 
386 232 208 0 
859 -510 -339 0 
-637 203 130 0 
895 -118 -388 0 
504 113 762 0 
176 136 -827 0 
133 -877 274 0 
-242 565 -377 0 
-552 -675 -764 0 
483 -746 -825 0 
-130 -466 930 0 
347 -971 968 0 
-926 535 801 0 
-204 843 210 0 
-146 -913 -447 0 
63 175 590 0 
-667 942 -919 0 
22 866 -223 0 
-713 629 299 0 
-604 -776 -392 0 
838 -469 -163 0 
-561 28 229 0 
52 -606 -771 0 
75 -353 -658 0 
696 -193 -126 0 
-161 -270 -20 0 
-321 590 378 0 
-206 -589 -120 0 
525 -1 -113 0 
427 87 -816 0 
431 -897 -312 0 
-508 -709 -917 0 
-980 -198 871 0 
167 717 -806 0 
39 438 129 0 
-39 -58 319 0 
-518 871 67 0 
-364 -393 -691 0 
116 909 -162 0 
73 -273 -473 0 
104 -926 707 0 
171 -92 -352 0 
677 799 905 0 
24 778 -330 0 
595 544 -386 0 
434 471 -678 0 
-330 -620 910 0 
-513 -522 -294 0 
-477 -272 621 0 
510 247 -244 0 
-598 950 42 0 
-307 -665 64 0 
522 -101 410 0 
-562 268 -334 0 
551 238 346 0 
300 -505 495 0 
319 -320 -217 0 
456 -401 -923 0 
-49 -777 -871 0 
-54 809 359 0 
501 390 545 0 
-815 -208 -627 0 
-682 -636 992 0 
3 -173 344 0 
385 -985 332 0 
-651 115 -712 0 
422 185 -297 0 
273 -475 974 0 
-467 982 553 0 
-764 194 -443 0 
341 289 427 0 
-718 -135 -345 0 
144 785 297 0 
-547 569 -429 0 
845 427 -311 0 
50 -437 997 0 
466 258 612 0 
196 582 373 0 
866 -750 802 0 
321 -97 686 0 
629 482 706 0 
-466 171 943 0 
891 -473 -87 0 
-185 -16 -575 0 
931 667 -24 0 
136 351 499 0 
-729 -810 262 0 
959 34 436 0 
90 285 368 0 
-2 283 240 0 
-367 96 -754 0 
-932 -171 -951 0 
948 -954 990 0 
108 823 258 0 
269 985 212 0 
-404 174 698 0 
-855 -938 287 0 
-996 -511 -76 0 
-645 -342 -301 0 
911 -186 -474 0 
202 -796 -543 0 
19 -796 -154 0 
32 303 865 0 
-838 -316 -279 0 
-826 -980 132 0 
75 689 652 0 
598 418 891 0 
388 -456 762 0 
-559 791 554 0 
-516 103 119 0 
-390 100 -239 0 
-348 -49 -964 0 
760 602 370 0 
635 -874 810 0 
1000 9 -850 0 
981 686 719 0 
872 -233 -992 0 
798 299 840 0 
379 -36 146 0 
-893 -975 97 0 
664 742 -408 0 
214 -624 186 0 
988 765 349 0 
-552 530 91 0 
348 730 -376 0 
486 -605 -900 0 
151 413 -171 0 
-900 -751 -849 0 
-296 -895 -14 0 
-261 -26 -174 0 
694 -555 91 0 
302 -898 -408 0 
-170 -34 -790 0 
-426 -325 511 0 
86 768 758 0 
794 -993 -953 0 
-915 176 208 0 
669 124 23 0 
-201 431 -981 0 
86 995 -897 0 
830 -163 459 0 
419 -867 669 0 
-696 -25 162 0 
954 -21 -851 0 
-178 95 324 0 
736 184 -424 0 
-679 -570 632 0 
-284 871 -195 0 
-173 -968 -373 0 
846 936 -424 0 
-363 528 729 0 
-719 248 873 0 
937 -987 -850 0 
366 271 -337 0 
236 55 -81 0 
-594 -440 704 0 
655 -193 549 0 
748 303 846 0 
-871 -988 723 0 
711 -603 836 0 
33 113 807 0 
378 -762 797 0 
-487 -958 -55 0 
229 938 594 0 
-202 81 -6 0 
-204 563 706 0 
-350 564 282 0 
93 -240 579 0 
-218 -975 -591 0 
-739 779 543 0 
-554 -425 43 0 
979 337 -218 0 
351 100 338 0 
-316 -109 682 0 
-405 201 63 0 
-197 628 593 0 
-837 92 150 0 
-41 8 -860 0 
-562 335 48 0 
840 -939 988 0 
789 -333 240 0 
943 -843 -206 0 
-182 646 937 0 
296 -882 376 0 
523 -58 674 0 
977 -260 274 0 
911 377 928 0 
562 -300 837 0 
167 -666 -15 0 
847 71 384 0 
-968 -94 80 0 
-852 357 -489 0 
-785 825 -189 0 
466 365 -512 0 
904 423 -601 0 
-584 952 -949 0 
768 642 -638 0 
259 686 -309 0 
669 -350 190 0 
-707 154 340 0 
954 -620 488 0 
199 453 -352 0 
-372 -775 -841 0 
-34 772 -996 0 
-851 349 -743 0 
-852 -369 -488 0 
-862 573 -622 0 
186 -209 -615 0 
-884 -309 604 0 
802 -233 674 0 
773 692 -15 0 
-186 912 -733 0 
-635 -9 587 0 
845 -11 -26 0 
30 -744 -374 0 
848 -477 627 0 
435 33 421 0 
-486 727 58 0 
399 -412 -35 0 
349 250 839 0 
-518 -441 180 0 
-869 -821 -825 0 
354 190 79 0 
719 809 724 0 
-21 124 -889 0 
641 119 -862 0 
902 963 22 0 
957 -820 -403 0 
-6 99 -625 0 
-363 166 288 0 
-962 583 417 0 
-108 84 -903 0 
697 -654 -297 0 
867 138 -27 0 
-552 616 -654 0 
224 -681 -285 0 
-634 -446 980 0 
783 950 962 0 
856 379 172 0 
-285 281 51 0 
742 609 -656 0 
115 -215 42 0 
-668 -914 863 0 
-453 -525 -965 0 
-597 318 -430 0 
-911 -540 -792 0 
-972 619 -300 0 
652 860 936 0 
-180 -110 252 0 
341 206 290 0 
-589 239 -345 0 
952 975 416 0 
723 996 -164 0 
-271 54 -837 0 
-765 -575 -16 0 
327 329 84 0 
-857 398 876 0 
229 -201 -107 0 
-643 929 674 0 
430 931 490 0 
-168 -820 576 0 
-214 -322 -763 0 
756 -576 553 0 
482 344 -99 0 
447 712 546 0 
13 -54 -805 0 
-632 132 -768 0 
-27 -153 -509 0 
854 388 -878 0 
700 38 -444 0 
-620 -62 -234 0 
-800 499 648 0 
-50 -599 -745 0 
659 -953 -198 0 
-913 -785 -591 0 
-334 997 -553 0 
211 -167 -231 0 
694 187 867 0 
460 966 853 0 
619 -285 -24 0 
-437 -586 -644 0 
-201 -753 -335 0 
-967 91 912 0 
-89 244 547 0 
331 -778 -608 0 
429 125 -610 0 
-343 484 718 0 
257 548 -139 0 
-610 628 -762 0 
-372 -509 968 0 
-73 -650 322 0 
-392 284 327 0 
-295 207 285 0 
105 542 72 0 
529 -100 -600 0 
-728 -273 -370 0 
43 635 -374 0 
-304 -863 48 0 
298 -594 -562 0 
-239 854 -107 0 
26 6 -969 0 
-838 -227 97 0 
823 -835 -765 0 
-411 -60 -447 0 
29 -946 -535 0 
-136 950 -127 0 
655 -931 -505 0 
578 384 -708 0 
-72 -620 -60 0 
11 -91 644 0 
940 -69 -573 0 
514 810 729 0 
594 424 -327 0 
85 484 402 0 
871 353 -736 0 
834 655 308 0 
-899 126 -948 0 
76 -136 775 0 
608 -718 703 0 
-349 -385 847 0 
990 169 932 0 
-401 301 345 0 
125 84 -550 0 
90 -938 -78 0 
393 -543 683 0 
193 -844 462 0 
-729 529 683 0 
65 -325 400 0 
707 -22 229 0 
790 -383 -230 0 
835 395 -755 0 
858 -738 -93 0 
876 555 171 0 
327 -942 660 0 
959 209 -917 0 
-37 978 -734 0 
-5 -232 -241 0 
-564 -742 -499 0 
-592 685 86 0 
507 47 106 0 
-3 444 -419 0 
704 -650 552 0 
-541 -839 -763 0 
722 732 14 0 
321 -114 265 0 
-398 419 -757 0 
868 144 -367 0 
-661 -681 -74 0 
-718 703 702 0 
989 542 -826 0 
-394 145 548 0 
-414 -133 728 0 
-87 421 -72 0 
-669 539 -618 0 
607 140 -131 0 
-315 934 662 0 
-152 -132 717 0 
560 753 960 0 
762 -652 418 0 
-624 224 466 0 
826 -186 218 0 
-643 81 486 0 
-977 62 434 0 
641 550 -881 0 
962 -133 -738 0 
277 -227 571 0 
932 499 82 0 
-423 949 -141 0 
-871 45 804 0 
-435 -517 -738 0 
670 339 -465 0 
474 228 -409 0 
-399 763 528 0 
60 -35 -164 0 
565 -21 613 0 
-172 93 638 0 
-684 -954 -436 0 
-921 -802 417 0 
-613 834 -787 0 
585 -685 118 0 
265 -888 -791 0 
150 -200 197 0 
287 -50 182 0 
-471 -962 -333 0 
-779 805 -367 0 
698 -668 -406 0 
616 216 -193 0 
425 -983 995 0 
168 455 -128 0 
281 -542 902 0 
961 224 87 0 
251 -526 -314 0 
220 -19 773 0 
-601 -172 977 0 
295 638 -879 0 
-225 -279 -29 0 
-310 -561 416 0 
-696 -818 235 0 
470 -963 -681 0 
473 -357 -495 0 
-565 -541 -321 0 
-613 -862 863 0 
15 -507 -412 0 
-19 -970 -477 0 
-284 808 983 0 
-581 -651 -818 0 
-70 -90 113 0 
-797 -116 -795 0 
201 976 -268 0 
-299 210 -145 0 
-711 -968 -824 0 
424 -417 141 0 
485 -138 -882 0 
175 -344 70 0 
-396 -572 -813 0 
651 720 -362 0 
11 -290 431 0 
418 -687 71 0 
-496 -693 657 0 
-867 930 -627 0 
-378 335 -381 0 
-916 122 311 0 
-667 975 303 0 
-320 -867 356 0 
-895 86 -97 0 
-285 -185 161 0 
355 676 262 0 
-679 6 892 0 
83 -793 -684 0 
-911 627 610 0 
-588 -620 643 0 
-493 -691 264 0 
-120 273 262 0 
581 -96 -601 0 
-816 674 -236 0 
-449 -95 -963 0 
881 -595 -905 0 
893 286 790 0 
929 -455 -950 0 
-43 970 -99 0 
-688 32 -93 0 
266 -656 -419 0 
-971 -332 -663 0 
276 -218 -223 0 
860 455 -795 0 
884 63 706 0 
272 848 -829 0 
160 -568 206 0 
-9 729 -778 0 
588 811 264 0 
522 797 -164 0 
671 359 941 0 
-350 761 -890 0 
539 677 781 0 
-23 -377 -500 0 
-79 -539 -179 0 
420 -369 80 0 
-259 -937 -793 0 
475 497 888 0 
578 175 -976 0 
311 -250 -20 0 
-585 562 -719 0 
-231 655 203 0 
-646 -822 855 0 
784 -689 420 0 
921 227 -404 0 
-87 -293 165 0 
663 745 -299 0 
-268 74 -696 0 
879 394 545 0 
1 -42 509 0 
-458 182 813 0 
-811 401 346 0 
159 664 -427 0 
938 -585 -208 0 
89 370 343 0 
-718 -595 638 0 
540 408 -519 0 
477 469 446 0 
-528 -513 730 0 
147 -783 297 0 
356 511 327 0 
4 -208 -848 0 
-256 -412 -659 0 
231 -451 -255 0 
629 -221 376 0 
-428 -500 479 0 
-581 -419 574 0 
654 -430 256 0 
656 -307 592 0 
9 351 -570 0 
722 37 -469 0 
719 716 -34 0 
564 -12 -949 0 
-423 386 86 0 
410 272 524 0 
121 -487 -430 0 
-141 -200 829 0 
-861 227 -510 0 
-368 356 988 0 
-989 -562 608 0 
-910 -708 381 0 
-425 734 -148 0 
714 -145 508 0 
-515 -888 -277 0 
697 -112 394 0 
441 524 751 0 
600 -331 -954 0 
-879 200 479 0 
-351 201 608 0 
51 11 761 0 
101 -2 551 0 
398 -75 503 0 
-817 426 -941 0 
-106 775 -1000 0 
343 -423 -677 0 
-665 -924 -257 0 
-30 -325 741 0 
-705 -758 -555 0 
-625 51 395 0 
117 244 541 0 
-40 348 205 0 
35 -148 -634 0 
807 573 621 0 
418 549 -813 0 
-901 42 -95 0 
-94 763 546 0 
166 -976 -47 0 
-836 688 -974 0 
769 -955 331 0 
-685 -720 701 0 
518 6 853 0 
631 -424 -597 0 
164 625 877 0 
-96 -1000 853 0 
962 -378 696 0 
-605 -738 899 0 
494 929 -241 0 
-957 344 102 0 
430 263 689 0 
708 31 547 0 
-42 958 342 0 
-969 891 -562 0 
112 769 -685 0 
-358 -961 -345 0 
570 -791 274 0 
185 -946 481 0 
797 422 292 0 
76 -534 546 0 
365 -816 -987 0 
-557 -934 -936 0 
110 446 897 0 
-548 -493 -372 0 
129 86 -976 0 
-153 30 -795 0 
-235 -34 -921 0 
-277 998 -773 0 
-549 576 55 0 
-442 -660 173 0 
-662 -469 395 0 
844 977 -483 0 
-994 -960 739 0 
877 -759 63 0 
940 819 -155 0 
-989 -27 -270 0 
581 -383 590 0 
-991 643 -689 0 
183 -745 -63 0 
-936 620 562 0 
473 -419 -316 0 
-709 340 -153 0 
256 -852 -666 0 
584 677 -75 0 
-398 167 -612 0 
124 -549 511 0 
875 848 -310 0 
-199 -842 -902 0 
366 526 947 0 
979 -568 278 0 
-888 441 630 0 
406 687 14 0 
632 -277 888 0 
-956 181 -134 0 
-914 270 134 0 
-505 -128 -633 0 
-311 314 -366 0 
388 -885 339 0 
17 -896 280 0 
-866 -791 123 0 
834 758 320 0 
-150 180 692 0 
-854 -271 369 0 
-456 547 482 0 
587 -18 -597 0 
-31 -927 144 0 
437 969 610 0 
-872 634 240 0 
-93 835 109 0 
939 608 614 0 
-216 -164 -15 0 
473 762 -48 0 
-830 73 829 0 
-507 -200 152 0 
563 -905 -867 0 
-83 -627 15 0 
-168 985 -384 0 
-160 -429 425 0 
-672 -30 -976 0 
616 -79 -975 0 
-679 442 -59 0 
694 960 -425 0 
-643 510 423 0 
-322 -28 -840 0 
596 431 -960 0 
299 579 825 0 
633 -107 680 0 
-758 -443 -847 0 
-599 -692 680 0 
178 936 -461 0 
101 598 643 0 
-592 871 558 0 
-356 221 -8 0 
148 -353 679 0 
-498 208 -955 0 
-600 114 742 0 
-408 -686 -342 0 
40 -200 982 0 
312 360 -260 0 
919 -606 -8 0 
-15 -368 -179 0 
-218 -520 730 0 
-275 47 579 0 
6 -772 735 0 
-255 329 894 0 
427 287 705 0 
-894 118 -374 0 
111 677 810 0 
815 489 382 0 
63 918 257 0 
949 864 -592 0 
121 -897 -42 0 
-367 -847 -515 0 
977 -12 732 0 
-653 525 -51 0 
384 342 83 0 
499 116 -571 0 
-163 -354 679 0 
101 915 446 0 
829 -144 -66 0 
762 826 -797 0 
408 82 570 0 
-46 281 -655 0 
318 -936 223 0 
515 710 -782 0 
-968 897 457 0 
275 706 -115 0 
-410 239 -722 0 
-104 -204 -714 0 
-908 209 783 0 
-484 203 -858 0 
-22 438 478 0 
817 511 -376 0 
280 582 -12 0 
-226 660 -735 0 
811 392 -358 0 
-27 -713 -819 0 
741 -386 -383 0 
977 755 -250 0 
-646 179 954 0 
921 -464 -956 0 
-889 -378 282 0 
-203 145 -544 0 
197 -659 98 0 
-284 406 887 0 
126 980 307 0 
818 21 -377 0 
-889 -593 -95 0 
-573 -966 238 0 
840 -547 515 0 
-620 -796 -763 0 
975 630 658 0 
833 -792 -942 0 
-445 -555 -600 0 
852 -202 -897 0 
272 38 611 0 
-766 -817 682 0 
-826 -171 -846 0 
145 -831 127 0 
548 -884 27 0 
-952 204 179 0 
431 -578 -395 0 
-789 144 -766 0 
-35 -231 380 0 
165 969 7 0 
-762 -300 -533 0 
-479 -823 548 0 
-408 -810 -308 0 
-717 381 100 0 
-276 177 908 0 
193 -309 -676 0 
662 -883 -751 0 
702 911 -596 0 
959 -585 -738 0 
228 -313 -436 0 
-752 867 -31 0 
543 -263 -915 0 
980 -725 388 0 
971 -814 -299 0 
-483 303 -802 0 
973 176 602 0 
-781 258 307 0 
593 48 -283 0 
-813 63 91 0 
966 -713 -814 0 
20 -830 -103 0 
-576 -799 -456 0 
40 -361 817 0 
-486 120 -710 0 
-810 138 374 0 
-239 388 311 0 
522 802 -546 0 
-176 961 223 0 
86 -260 242 0 
-370 51 -228 0 
650 244 -98 0 
-49 -598 -195 0 
-515 12 -793 0 
904 -734 -68 0 
-560 -196 851 0 
524 -613 375 0 
373 -155 26 0 
-83 -299 -748 0 
-149 667 -795 0 
202 807 -966 0 
-429 -847 646 0 
-839 57 880 0 
-113 -436 -986 0 
335 441 -358 0 
-898 -858 -611 0 
-247 801 919 0 
-370 -562 -861 0 
659 925 612 0 
-519 549 -612 0 
140 419 -746 0 
-666 780 196 0 
-674 -170 -904 0 
572 -979 238 0 
396 -639 -744 0 
557 201 436 0 
-422 344 -468 0 
738 -131 170 0 
556 -188 -723 0 
-743 -645 639 0 
483 -920 -35 0 
518 651 38 0 
929 -473 879 0 
474 921 -274 0 
178 975 597 0 
365 -67 5 0 
382 139 -488 0 
-910 181 -567 0 
644 27 145 0 
-820 -196 -429 0 
504 -168 481 0 
-213 314 895 0 
-719 -667 699 0 
-799 -411 485 0 
-65 132 286 0 
180 -850 339 0 
614 919 -489 0 
-789 978 326 0 
75 -385 260 0 
663 -528 -812 0 
831 -577 -224 0 
-130 -707 262 0 
220 578 -517 0 
224 712 351 0 
717 400 -185 0 
548 420 -735 0 
-743 -67 -922 0 
-666 196 888 0 
324 -851 -284 0 
91 509 235 0 
-485 -638 -115 0 
730 709 -74 0 
747 -890 894 0 
-320 892 -501 0 
-918 777 -958 0 
-379 368 -925 0 
475 917 337 0 
-348 -777 -3 0 
-525 -116 -771 0 
727 535 -883 0 
623 475 -815 0 
230 -205 -957 0 
36 196 -849 0 
-114 -110 656 0 
-366 -284 998 0 
-725 -662 -485 0 
170 647 151 0 
-414 -659 -521 0 
-324 -256 -430 0 
-852 -357 378 0 
365 476 640 0 
-53 502 -66 0 
-463 29 896 0 
-570 922 -18 0 
-919 -343 975 0 
-848 800 63 0 
-281 423 -23 0 
-586 577 246 0 
629 125 956 0 
-331 -843 -38 0 
-320 -464 366 0 
112 -210 885 0 
471 356 -823 0 
683 -823 549 0 
877 -701 -391 0 
229 -924 969 0 
-443 170 845 0 
604 855 -753 0 
-50 -42 -853 0 
-197 19 746 0 
-165 -21 925 0 
-6 461 -340 0 
-194 -318 -925 0 
-973 698 493 0 
421 416 71 0 
277 82 867 0 
-147 -385 795 0 
-461 31 -198 0 
92 -309 861 0 
653 43 889 0 
-448 445 -439 0 
-310 -279 852 0 
-774 -572 -17 0 
45 -391 974 0 
648 321 655 0 
897 822 -276 0 
464 644 -811 0 
352 78 121 0 
-789 939 319 0 
872 395 528 0 
-567 -936 382 0 
743 26 -854 0 
612 -384 296 0 
637 -238 846 0 
-65 732 -29 0 
-264 -110 417 0 
-276 14 639 0 
-212 -902 516 0 
-542 -385 -91 0 
-29 -234 -404 0 
-980 111 -515 0 
866 -1000 121 0 
-197 277 -120 0 
-460 366 837 0 
729 -357 400 0 
570 -195 -105 0 
664 -285 -550 0 
-837 -342 -716 0 
-68 616 53 0 
-500 439 769 0 
-672 793 725 0 
-504 -261 646 0 
-76 234 -335 0 
279 -258 -873 0 
103 -113 -709 0 
-778 -847 -46 0 
930 192 737 0 
928 741 -521 0 
-426 -957 721 0 
295 -99 -642 0 
-93 -931 -414 0 
-565 936 -773 0 
-774 352 732 0 
288 -522 -852 0 
-187 -700 -177 0 
135 200 530 0 
174 -194 -778 0 
85 -50 737 0 
-809 -846 89 0 
-45 601 -674 0 
660 -386 -975 0 
-463 161 288 0 
-107 -712 -491 0 
962 815 -27 0 
-975 -727 957 0 
246 -953 -170 0 
600 -11 -795 0 
-666 55 -105 0 
-750 -94 -444 0 
198 826 341 0 
-477 623 -368 0 
-877 -837 -528 0 
-824 -653 657 0 
-104 372 -52 0 
-458 272 315 0 
-856 -362 -892 0 
-6 -637 -314 0 
-422 413 463 0 
-309 -52 -364 0 
-935 -820 553 0 
-771 -313 984 0 
-151 932 621 0 
-306 -663 -841 0 
-529 717 531 0 
-237 -854 613 0 
222 794 -368 0 
137 -220 150 0 
470 -717 422 0 
-388 487 -941 0 
50 362 -753 0 
-742 -849 -466 0 
-23 -400 -804 0 
749 691 449 0 
-630 354 677 0 
541 -206 84 0 
508 900 444 0 
115 196 -23 0 
672 767 952 0 
-986 952 947 0 
-410 711 -552 0 
-141 -583 -966 0 
578 337 120 0 
619 -500 673 0 
-66 91 728 0 
-710 -836 85 0 
619 -592 948 0 
-401 -718 -380 0 
-841 921 -76 0 
-813 228 822 0 
425 831 284 0 
140 -624 -342 0 
-932 156 -548 0 
-619 85 157 0 
-47 -486 -606 0 
477 -658 242 0 
-441 4 738 0 
-855 532 -810 0 
-961 13 564 0 
-165 -127 897 0 
280 861 -608 0 
978 51 664 0 
-833 -960 -820 0 
956 -560 -374 0 
180 -355 24 0 
-948 -467 357 0 
-519 892 -153 0 
-913 -865 294 0 
-788 896 149 0 
-458 -806 -259 0 
-313 215 -392 0 
278 -692 -3 0 
696 584 402 0 
-89 51 -873 0 
-412 -190 -74 0 
-550 -919 -154 0 
-376 -309 -536 0 
764 25 762 0 
-110 -148 328 0 
61 776 -815 0 
-399 -183 -754 0 
-354 -721 439 0 
115 -730 73 0 
-255 -474 -130 0 
370 -371 379 0 
-784 919 844 0 
-825 930 -594 0 
979 -729 238 0 
495 -774 -267 0 
696 -520 -870 0 
929 622 -589 0 
-430 -467 550 0 
694 -450 -876 0 
-215 -446 -763 0 
917 -441 474 0 
-802 -282 619 0 
-509 -171 -577 0 
165 546 -567 0 
871 427 -266 0 
332 -456 925 0 
660 -669 -114 0 
352 401 799 0 
-109 471 -648 0 
-658 220 -191 0 
394 -615 62 0 
273 -948 -317 0 
-312 -480 -386 0 
-394 -783 -144 0 
760 850 20 0 
-634 -414 784 0 
693 -390 807 0 
-328 -423 -915 0 
-724 -909 -492 0 
72 71 -589 0 
451 -897 -248 0 
-273 -47 -417 0 
-544 470 -145 0 
-755 -296 -903 0 
-438 199 17 0 
415 -29 -840 0 
230 492 -128 0 
129 681 -317 0 
-694 317 -36 0 
330 -905 -163 0 
-406 887 -908 0 
435 667 494 0 
-431 -179 906 0 
712 -993 -562 0 
507 275 490 0 
-873 295 677 0 
355 -997 -775 0 
-849 886 861 0 
929 -497 935 0 
595 -737 -697 0 
84 687 -682 0 
-543 -394 97 0 
293 -881 927 0 
973 -479 -727 0 
940 820 -359 0 
849 220 642 0 
425 185 295 0 
-552 141 -437 0 
234 146 491 0 
-857 140 -506 0 
-962 -762 -2 0 
437 -114 -925 0 
-811 -535 -429 0 
788 851 -859 0 
-752 75 -505 0 
-762 -505 281 0 
692 -864 351 0 
-891 -501 -511 0 
-28 -568 992 0 
940 597 -462 0 
705 323 108 0 
371 -496 994 0 
-499 856 976 0 
-819 -40 351 0 
-911 600 -169 0 
522 809 -801 0 
-625 524 -6 0 
566 230 -975 0 
-756 627 -45 0 
-671 -678 -522 0 
-357 750 307 0 
-7 -905 -789 0 
353 -251 -998 0 
405 -727 -679 0 
-139 -730 -518 0 
75 227 -313 0 
376 261 -298 0 
422 -668 -781 0 
-842 -701 -623 0 
575 -674 672 0 
796 -929 557 0 
927 116 -932 0 
-313 239 -309 0 
-816 780 -30 0 
-730 827 -800 0 
887 -300 208 0 
-682 902 -729 0 
-32 -634 -371 0 
399 -234 612 0 
-977 -969 -26 0 
-187 -553 -841 0 
-501 4 236 0 
-384 -584 485 0 
-468 585 912 0 
423 964 -360 0 
868 -196 351 0 
-791 -468 816 0 
-668 876 -410 0 
-795 -944 -497 0 
-783 350 747 0 
695 924 495 0 
591 381 697 0 
159 -677 342 0 
854 611 -954 0 
662 388 -429 0 
-563 495 -675 0 
-653 55 -244 0 
369 857 896 0 
710 904 -431 0 
-444 -261 777 0 
923 -935 673 0 
842 117 407 0 
-952 -7 -502 0 
-508 39 -605 0 
-779 -273 -440 0 
-793 -955 -479 0 
-993 122 -960 0 
-675 955 -408 0 
396 -580 -935 0 
-450 -400 883 0 
-370 -326 -873 0 
-1 176 68 0 
-63 -145 856 0 
799 903 -778 0 
-672 -325 211 0 
-654 948 -613 0 
-225 -288 -495 0 
531 129 -822 0 
588 -991 102 0 
631 877 622 0 
-984 8 1000 0 
-903 -264 81 0 
618 312 -991 0 
-699 733 -595 0 
517 293 -917 0 
924 526 -612 0 
-320 -420 -170 0 
-407 -321 488 0 
-787 389 548 0 
-422 224 212 0 
780 470 -907 0 
-270 279 884 0 
309 530 -562 0 
904 -270 538 0 
932 -510 213 0 
691 -174 -676 0 
-937 -235 478 0 
685 -582 -765 0 
-477 491 -850 0 
761 303 -807 0 
693 581 -658 0 
943 -359 381 0 
848 806 -561 0 
-779 108 -910 0 
-652 799 -987 0 
-888 505 796 0 
531 -574 -905 0 
941 264 -59 0 
-478 613 193 0 
607 -949 -407 0 
-42 870 51 0 
658 838 622 0 
27 -758 104 0 
740 550 -747 0 
686 118 -998 0 
703 452 -868 0 
-203 416 -161 0 
160 931 405 0 
776 74 -682 0 
871 -510 -445 0 
199 -727 10 0 
71 -617 136 0 
661 151 -166 0 
363 -907 -416 0 
-19 845 -619 0 
261 -852 334 0 
-32 -451 912 0 
-364 -541 400 0 
188 434 753 0 
-681 900 -820 0 
939 -438 -342 0 
70 -471 68 0 
-388 -857 44 0 
509 -386 450 0 
-981 -616 951 0 
-615 693 -368 0 
-160 -998 487 0 
-579 412 -855 0 
-567 -252 414 0 
-23 436 -856 0 
-86 288 -942 0 
491 -930 619 0 
-471 -461 -767 0 
-987 -577 379 0 
523 -100 -568 0 
-722 833 -255 0 
-299 -159 -819 0 
467 451 -705 0 
-570 291 -233 0 
-712 89 -562 0 
902 -993 -152 0 
496 -416 -148 0 
54 843 -713 0 
-536 291 -609 0 
910 -671 281 0 
-589 -323 675 0 
822 -748 -871 0 
490 292 472 0 
-464 455 441 0 
174 -655 -161 0 
-219 -618 -81 0 
828 -551 508 0 
489 -656 903 0 
-442 489 790 0 
-947 -344 520 0 
-325 137 498 0 
-940 -432 -768 0 
856 -967 907 0 
-630 -171 201 0 
-197 -319 886 0 
530 -549 717 0 
40 535 235 0 
102 -495 672 0 
-210 -260 741 0 
36 494 824 0 
774 716 32 0 
-913 -526 -224 0 
897 735 3 0 
-646 344 375 0 
-257 31 793 0 
-605 357 -897 0 
178 -547 463 0 
415 601 -883 0 
114 -852 -185 0 
-589 177 176 0 
-887 452 935 0 
-46 -277 75 0 
-141 -508 335 0 
-881 -629 781 0 
557 565 -732 0 
-998 729 843 0 
217 -331 572 0 
-905 223 -78 0 
-193 428 -451 0 
66 -673 868 0 
833 -172 34 0 
-796 -52 -944 0 
-998 820 723 0 
456 943 -125 0 
-938 45 307 0 
-45 -641 327 0 
-860 -643 585 0 
-246 -869 -87 0 
432 -326 -134 0 
-623 -402 568 0 
-125 387 798 0 
-451 872 454 0 
-545 -674 691 0 
263 -502 468 0 
-95 -244 250 0 
793 374 621 0 
-149 -772 265 0 
-620 436 639 0 
-702 -784 218 0 
795 435 232 0 
498 124 -543 0 
-998 656 829 0 
263 -73 577 0 
925 -145 -600 0 
-854 631 97 0 
817 63 -506 0 
-899 892 775 0 
-750 584 52 0 
-664 -279 -893 0 
-66 112 522 0 
281 721 -305 0 
209 -12 -983 0 
-528 748 -829 0 
235 -835 414 0 
-307 -431 -745 0 
-898 -729 345 0 
556 7 -552 0 
-893 74 -331 0 
-845 318 -362 0 
946 -939 -766 0 
253 16 -31 0 
731 -714 -32 0 
-781 -793 954 0 
-411 -683 -479 0 
9 -4 467 0 
-160 -128 999 0 
-305 -200 619 0 
-366 -312 316 0 
228 108 662 0 
130 -767 -789 0 
-921 147 -22 0 
-169 572 569 0 
-112 -676 -850 0 
25 -178 -297 0 
-30 630 815 0 
650 -62 -632 0 
255 990 418 0 
-24 494 -65 0 
592 -667 -905 0 
637 397 3 0 
736 22 80 0 
-98 181 80 0 
-425 -737 -704 0 
-352 -484 2 0 
342 54 725 0 
863 710 540 0 
-679 216 263 0 
-182 496 -830 0 
-593 323 -4 0 
180 -6 -962 0 
913 370 -701 0 
-459 806 -453 0 
191 769 174 0 
134 -578 126 0 
477 -31 -533 0 
345 584 -163 0 
-659 90 744 0 
-581 129 305 0 
403 650 853 0 
476 -385 -752 0 
308 -468 619 0 
580 313 -205 0 
-329 969 -36 0 
-249 570 -966 0 
655 931 537 0 
-913 503 930 0 
303 858 181 0 
46 -371 -753 0 
214 797 -255 0 
430 -722 -620 0 
449 -845 673 0 
-172 -454 693 0 
324 95 788 0 
-166 70 -553 0 
-521 100 422 0 
-726 348 -723 0 
424 308 -431 0 
-942 -753 61 0 
843 999 716 0 
39 577 -473 0 
-742 288 -390 0 
-252 -210 -635 0 
459 -61 -471 0 
396 -494 911 0 
-504 599 -213 0 
986 -982 189 0 
332 302 -605 0 
484 -815 629 0 
120 7 11 0 
595 875 176 0 
928 -405 -26 0 
-887 260 384 0 
944 -594 -907 0 
-120 -260 439 0 
794 -120 -959 0 
-400 -396 788 0 
916 -822 -811 0 
-281 -948 -282 0 
-973 -199 561 0 
636 740 496 0 
-674 86 -457 0 
971 -695 -584 0 
-197 -799 814 0 
-177 730 419 0 
604 82 11 0 
182 644 887 0 
37 587 335 0 
857 632 -330 0 
673 -448 -971 0 
-981 546 50 0 
-300 -210 789 0 
985 -616 902 0 
413 928 729 0 
-703 -590 560 0 
-867 955 196 0 
-849 -809 101 0 
171 -127 -985 0 
624 832 -681 0 
485 -286 625 0 
-175 -236 827 0 
876 -732 65 0 
-954 556 115 0 
-216 -423 173 0 
635 927 -385 0 
176 -785 162 0 
964 -413 926 0 
69 433 789 0 
-594 -184 -543 0 
756 442 -688 0 
-894 668 654 0 
-406 -950 -841 0 
-280 536 124 0 
212 -509 -963 0 
-598 443 368 0 
297 -89 565 0 
259 228 -687 0 
999 80 505 0 
-935 950 -969 0 
-997 682 122 0 
-108 -901 -79 0 
-494 -705 253 0 
-1 559 -165 0 
573 -937 -769 0 
415 -930 -247 0 
-283 -911 -565 0 
808 -426 -422 0 
-339 -169 151 0 
846 64 975 0 
756 982 350 0 
140 727 -537 0 
-48 299 997 0 
72 593 -829 0 
-697 -207 -750 0 
-929 963 974 0 
-414 396 -84 0 
-444 -436 316 0 
942 969 868 0 
283 62 -523 0 
195 273 -661 0 
-627 738 -457 0 
595 260 567 0 
52 -235 -95 0 
458 7 -596 0 
-846 -631 -341 0 
-384 -343 -455 0 
-715 -171 -535 0 
915 -959 457 0 
-139 -214 -202 0 
-152 880 433 0 
113 -313 -90 0 
279 -689 871 0 
820 9 -152 0 
-451 508 -355 0 
837 641 -311 0 
-789 580 821 0 
46 -682 -120 0 
969 722 849 0 
230 -193 -558 0 
-301 -61 149 0 
593 368 -318 0 
-875 -11 948 0 
-10 580 -332 0 
989 -376 889 0 
-673 -459 17 0 
927 -234 175 0 
915 217 -952 0 
-788 684 96 0 
-270 -811 985 0 
577 69 -399 0 
515 85 -346 0 
926 911 -736 0 
-250 703 -523 0 
-417 -350 -973 0 
-823 -516 -596 0 
-599 480 -691 0 
-537 874 -125 0 
61 -392 934 0 
701 870 110 0 
-305 -723 -336 0 
245 113 -741 0 
-358 893 -548 0 
-301 70 -787 0 
-246 658 -620 0 
320 582 806 0 
534 -434 -259 0 
-10 -126 -256 0 
-182 -764 -642 0 
608 -67 -250 0 
-80 -894 920 0 
185 -738 970 0 
-408 -788 -544 0 
-335 -214 698 0 
-559 -960 352 0 
801 619 113 0 
409 52 -675 0 
827 -285 95 0 
-133 -338 766 0 
80 586 732 0 
-646 192 -827 0 
77 -30 565 0 
370 -378 240 0 
716 10 -815 0 
-821 137 361 0 
366 -319 639 0 
491 -9 -428 0 
534 -14 -946 0 
-222 -190 654 0 
-728 260 -511 0 
191 236 915 0 
-944 862 -923 0 
205 75 -786 0 
-29 304 323 0 
-463 -919 541 0 
-167 -847 -761 0 
-193 639 -418 0 
271 32 -769 0 
396 -295 -883 0 
-595 -452 315 0 
59 462 -509 0 
-491 336 3 0 
93 483 -22 0 
166 -336 996 0 
109 700 -330 0 
563 454 -225 0 
776 -608 -59 0 
-220 -677 91 0 
-331 -424 317 0 
-57 -239 -237 0 
516 -513 -474 0 
-225 187 421 0 
789 -246 -722 0 
931 -606 -621 0 
-582 -87 116 0 
-377 -404 -460 0 
-408 -165 -637 0 
639 994 953 0 
-332 -670 745 0 
28 857 617 0 
618 -93 823 0 
880 129 264 0 
75 977 828 0 
-241 -379 -747 0 
-524 28 -714 0 
860 -164 649 0 
-342 755 499 0 
17 47 282 0 
-54 261 -751 0 
951 -749 -952 0 
781 -732 -179 0 
772 759 689 0 
50 -364 -444 0 
-80 -7 -923 0 
440 -183 -422 0 
942 -691 -956 0 
-59 -776 -50 0 
-236 -718 628 0 
-834 -88 950 0 
652 77 -94 0 
60 14 -28 0 
787 681 607 0 
254 213 -533 0 
-809 -879 621 0 
569 -505 436 0 
836 691 -491 0 
-972 -840 -627 0 
-111 422 -354 0 
684 -818 70 0 
-466 989 508 0 
300 149 -143 0 
-166 -128 -641 0 
-612 -537 263 0 
28 758 -369 0 
-734 658 625 0 
488 -589 871 0 
553 100 114 0 
-946 94 17 0 
-786 -831 920 0 
-551 -140 496 0 
-517 -579 912 0 
-417 696 -30 0 
205 745 398 0 
428 -603 986 0 
-512 -577 173 0 
448 -417 80 0 
-484 -244 57 0 
837 -284 -297 0 
-517 -798 905 0 
-52 -874 -456 0 
794 209 760 0 
-111 -149 -760 0 
650 732 232 0 
367 -63 61 0 
974 573 568 0 
-357 -880 939 0 
273 232 182 0 
240 848 557 0 
-608 883 -941 0 
-460 -120 943 0 
-244 -649 -926 0 
-685 600 -824 0 
-863 138 -57 0 
-581 159 970 0 
276 -246 715 0 
828 545 -998 0 
29 -738 -825 0 
552 98 -406 0 
-545 108 308 0 
-319 805 632 0 
531 -16 405 0 
734 -893 -436 0 
-748 399 792 0 
-599 -684 -278 0 
215 259 -301 0 
-946 -604 -510 0 
-191 654 -449 0 
-539 566 435 0 
-895 877 -345 0 
-674 138 -350 0 
519 -744 856 0 
123 -853 825 0 
802 -22 -425 0 
-673 581 602 0 
-548 -459 875 0 
585 -44 -844 0 
-365 -289 -556 0 
-343 664 -987 0 
-725 -701 -906 0 
-160 -869 667 0 
-110 -697 -246 0 
293 -536 347 0 
978 720 182 0 
680 -215 703 0 
-362 486 105 0 
-844 -266 372 0 
472 -752 511 0 
-989 1000 -60 0 
-39 408 -81 0 
-39 -454 -937 0 
208 -668 427 0 
439 118 -404 0 
765 -13 227 0 
-91 955 211 0 
928 -847 -557 0 
-271 883 805 0 
965 292 -60 0 
229 253 -758 0 
258 510 843 0 
-775 -258 561 0 
-728 -828 -799 0 
-210 -118 814 0 
-715 -920 935 0 
-750 797 897 0 
-698 -809 150 0 
561 181 108 0 
171 -736 -474 0 
-122 140 648 0 
168 40 611 0 
-588 797 236 0 
-557 -523 -243 0 
-419 906 -811 0 
560 984 821 0 
-751 125 -910 0 
838 530 162 0 
812 -413 645 0 
759 -78 -187 0 
-514 393 -778 0 
-702 -490 952 0 
317 762 248 0 
-120 982 897 0 
4 561 -454 0 
409 177 -936 0 
-440 -345 155 0 
-348 98 -962 0 
78 -191 -588 0 
796 -467 593 0 
46 -400 -708 0 
211 -416 289 0 
-239 754 983 0 
773 -202 -627 0 
985 -989 -358 0 
864 911 -597 0 
-329 221 293 0 
-165 -968 -915 0 
-315 -556 -756 0 
107 -573 534 0 
250 19 460 0 
254 348 -311 0 
-987 493 830 0 
885 905 239 0 
-968 311 206 0 
-424 -182 -192 0 
424 756 -160 0 
-255 -104 -226 0 
320 257 100 0 
-717 -54 285 0 
833 -375 740 0 
-759 -17 -889 0 
-226 -197 -138 0 
863 151 513 0 
-561 10 239 0 
107 -673 183 0 
460 218 106 0 
432 -469 68 0 
-628 432 662 0 
-253 -155 -218 0 
218 150 957 0 
-754 -211 845 0 
-455 353 151 0 
-758 -636 -399 0 
583 728 902 0 
-882 -289 -802 0 
-713 499 -555 0 
-206 -254 -398 0 
165 76 -846 0 
-830 396 203 0 
-151 272 997 0 
-931 -880 391 0 
736 -599 780 0 
401 -535 102 0 
-637 631 -999 0 
957 -235 296 0 
839 897 -394 0 
-9 45 -40 0 
-847 -763 -322 0 
-379 848 -4 0 
979 -139 -193 0 
126 -803 152 0 
107 -104 -695 0 
623 -428 -764 0 
259 -416 952 0 
-289 940 -445 0 
133 -27 -613 0 
-53 11 55 0 
-93 984 -49 0 
913 180 -725 0 
301 -415 -534 0 
10 89 -18 0 
392 -953 -66 0 
-16 404 -305 0 
464 641 608 0 
-28 -715 -777 0 
934 90 -38 0 
-863 -6 995 0 
-976 425 -985 0 
399 869 670 0 
800 992 104 0 
-843 -356 777 0 
860 -225 -753 0 
-351 -289 -61 0 
-915 -431 -768 0 
650 -813 -250 0 
-567 -258 152 0 
-929 -714 749 0 
-347 984 176 0 
-224 634 240 0 
-988 -603 770 0 
-108 342 799 0 
975 -348 -723 0 
295 -518 329 0 
227 -24 945 0 
-895 840 -62 0 
778 759 136 0 
-578 748 -357 0 
325 -54 741 0 
-725 827 -618 0 
-265 -855 455 0 
452 -272 -688 0 
-629 278 -93 0 
-310 446 489 0 
-101 335 83 0 
-794 -299 721 0 
-879 581 -293 0 
-349 -56 699 0 
-987 -960 -243 0 
860 -583 650 0 
-60 855 480 0 
-134 895 -951 0 
-656 682 792 0 
-485 437 -910 0 
842 920 456 0 
722 -863 559 0 
26 -669 863 0 
-904 -290 -524 0 
394 14 -136 0 
380 725 -560 0 
-703 -498 808 0 
969 -554 295 0 
772 447 -683 0 
137 -539 -166 0 
-244 -710 848 0 
628 690 404 0 
614 248 -434 0 
283 517 70 0 
-154 -857 -604 0 
-9 -992 275 0 
-384 604 566 0 
717 550 -627 0 
-151 879 -708 0 
-580 150 182 0 
459 -563 -685 0 
256 736 -54 0 
129 -391 167 0 
-45 138 -144 0 
-162 -998 101 0 
-724 35 581 0 
-327 55 -285 0 
378 259 -277 0 
663 -973 -790 0 
-533 -457 -936 0 
-687 946 -529 0 
-868 223 -676 0 
-701 972 -894 0 
-364 -904 -996 0 
-181 976 589 0 
804 182 553 0 
670 834 914 0 
-678 -915 -675 0 
100 643 652 0 
-614 -479 -427 0 
93 -563 -803 0 
-79 606 -963 0 
178 378 607 0 
-436 -348 -695 0 
-22 994 966 0 
-59 742 671 0 
-986 810 488 0 
-379 -747 377 0 
-740 786 -902 0 
-366 -595 -273 0 
-92 -588 838 0 
28 608 713 0 
-319 -920 -480 0 
-626 878 361 0 
-746 -993 622 0 
-100 -474 -501 0 
529 -364 78 0 
-147 752 -657 0 
-354 -362 -393 0 
496 -786 93 0 
176 609 -321 0 
-740 -321 -861 0 
-156 479 693 0 
-947 534 854 0 
-83 -34 906 0 
603 -224 -327 0 
866 -759 553 0 
974 265 267 0 
-369 541 286 0 
-600 73 -716 0 
-736 -835 -286 0 
-871 -948 -699 0 
394 7 406 0 
876 -830 -209 0 
-27 227 -579 0 
-328 307 200 0 
-576 -625 -530 0 
-796 -347 526 0 
-195 37 -672 0 
-263 990 -438 0 
528 -636 473 0 
-303 -727 235 0 
-80 -86 812 0 
59 166 244 0 
-913 344 -810 0 
-780 -823 236 0 
-737 892 -544 0 
-884 -250 -832 0 
468 -498 -78 0 
-730 644 552 0 
499 -949 574 0 
-152 -175 -370 0 
-224 143 -176 0 
171 259 581 0 
463 797 -991 0 
474 748 -37 0 
895 550 198 0 
806 -625 -117 0 
356 -133 828 0 
407 878 -698 0 
-929 -385 399 0 
-640 295 495 0 
-193 -27 746 0 
776 -452 483 0 
775 12 414 0 
-758 -453 418 0 
975 796 325 0 
-529 -218 -747 0 
919 -578 255 0 
-190 -913 733 0 
-246 -30 999 0 
404 -101 -913 0 
-76 678 396 0 
-953 -640 632 0 
-335 -732 -866 0 
-771 -985 -790 0 
500 321 -932 0 
-347 692 639 0 
-16 -197 -43 0 
-161 805 -707 0 
661 205 -24 0 
-72 96 -741 0 
-233 -746 485 0 
-816 -41 286 0 
-753 -281 -438 0 
-960 763 823 0 
748 97 -887 0 
-174 417 -303 0 
-39 42 963 0 
-444 -869 -504 0 
-451 17 154 0 
779 -791 -766 0 
186 598 -824 0 
-137 -278 -125 0 
430 -125 -941 0 
7 -56 108 0 
944 -610 678 0 
-271 626 607 0 
-41 -12 -154 0 
111 -267 877 0 
610 933 924 0 
-55 -579 -844 0 
970 -320 742 0 
518 -91 -830 0 
-420 -361 830 0 
-751 -559 215 0 
299 335 -704 0 
958 995 -296 0 
-393 48 461 0 
443 954 403 0 
-65 -95 666 0 
450 -167 -707 0 
-813 309 874 0 
-84 293 114 0 
889 966 -372 0 
-669 -643 87 0 
894 -465 -480 0 
-460 -198 14 0 
-145 -842 -147 0 
702 -147 -617 0 
-115 853 742 0 
-514 268 734 0 
-103 447 -63 0 
844 -877 15 0 
-434 -194 -223 0 
413 -775 -189 0 
747 519 -483 0 
-461 184 -518 0 
700 -559 970 0 
-679 135 964 0 
-777 153 -513 0 
693 85 -102 0 
-42 786 194 0 
-874 90 401 0 
878 -709 -856 0 
-528 -957 832 0 
-91 -324 584 0 
435 15 -741 0 
253 -90 -974 0 
562 -753 685 0 
-821 552 833 0 
-930 -403 -61 0 
-617 -746 -833 0 
205 171 946 0 
997 289 -742 0 
-312 -12 602 0 
-338 -704 172 0 
-886 216 959 0 
-246 -814 -262 0 
727 -262 269 0 
236 -951 515 0 
926 -601 198 0 
-394 49 -215 0 
464 583 370 0 
-548 -262 -745 0 
432 -349 -599 0 
-294 106 887 0 
710 -892 569 0 
-99 -870 -304 0 
58 -601 603 0 
283 484 351 0 
755 -658 -273 0 
-928 668 -847 0 
-4 207 -801 0 
204 256 -99 0 
-740 354 451 0 
398 227 -303 0 
-278 578 422 0 
-735 928 148 0 
-594 92 -21 0 
-158 589 119 0 
620 638 -83 0 
-433 -80 242 0 
918 -114 171 0 
566 -778 555 0 
-591 -549 -100 0 
459 -142 -99 0 
974 -227 930 0 
601 -411 709 0 
-374 -16 590 0 
806 -298 351 0 
914 -102 -801 0 
-397 222 -947 0 
-891 -440 -589 0 
-482 -933 68 0 
557 -999 331 0 
-357 268 -333 0 
-800 601 96 0 
770 638 196 0 
24 801 938 0 
478 286 -210 0 
56 -52 279 0 
463 924 427 0 
769 -598 -723 0 
-306 411 -184 0 
973 -902 -701 0 
-782 -7 589 0 
-885 197 64 0 
921 -369 -717 0 
-935 93 407 0 
441 929 -705 0 
-749 -688 2 0 
-126 -155 926 0 
-381 829 688 0 
642 497 -135 0 
863 517 608 0 
-876 -301 -645 0 
883 -697 989 0 
-772 -202 -167 0 
190 -994 516 0 
883 955 892 0 
-908 -185 -855 0 
286 804 -745 0 
-840 -572 -357 0 
130 865 -852 0 
818 -275 -684 0 
-944 662 -574 0 
270 589 -573 0 
722 -588 -297 0 
-60 -388 619 0 
-468 846 492 0 
-730 -455 -953 0 
669 -357 479 0 
-933 -12 91 0 
216 -286 -90 0 
-503 225 -27 0 
775 -743 986 0 
-66 953 214 0 
290 916 77 0 
-323 -25 -115 0 
-969 925 -222 0 
-107 213 -787 0 
842 -300 -82 0 
-82 -994 355 0 
-6 -753 272 0 
-878 -734 338 0 
125 -196 307 0 
-282 -411 29 0 
-165 91 663 0 
-55 -766 -7 0 
-418 747 -35 0 
57 259 697 0 
-479 532 828 0 
-53 706 395 0 
807 -106 212 0 
-483 944 -318 0 
916 -270 274 0 
-674 230 278 0 
279 -642 814 0 
639 -740 819 0 
974 19 955 0 
361 -702 -412 0 
193 349 236 0 
621 -712 829 0 
-45 -950 -534 0 
12 284 369 0 
249 421 -826 0 
-716 -15 813 0 
317 -186 -496 0 
559 155 875 0 
275 597 802 0 
576 -595 -42 0 
-211 -867 -734 0 
824 767 -531 0 
748 417 300 0 
-507 829 -371 0 
-62 -396 -634 0 
-426 -88 -643 0 
-57 890 276 0 
-799 -986 -31 0 
885 -144 -936 0 
-336 -356 -506 0 
363 -482 4 0 
-655 438 -274 0 
-429 201 -382 0 
811 -939 -806 0 
-80 855 -416 0 
-914 -683 828 0 
869 708 38 0 
410 -470 -68 0 
104 -500 237 0 
-960 -793 657 0 
311 19 192 0 
164 926 -165 0 
163 -876 773 0 
213 -651 -802 0 
432 28 262 0 
-459 -853 385 0 
-7 -925 -887 0 
-633 447 -682 0 
129 186 -729 0 
-803 750 -948 0 
119 -87 -977 0 
10 -473 -218 0 
-90 -266 -554 0 
8 -424 509 0 
-5 -101 903 0 
485 18 -315 0 
922 -116 -966 0 
824 650 -646 0 
17 -346 -267 0 
158 -384 446 0 
163 108 385 0 
-372 62 -727 0 
564 716 -142 0 
-417 -604 946 0 
119 839 -55 0 
-229 903 -418 0 
-996 -222 -422 0 
626 -584 -785 0 
574 685 158 0 
551 82 -199 0 
-759 50 -437 0 
7 342 477 0 
925 -950 -960 0 
969 -76 856 0 
462 -784 874 0 
-166 359 492 0 
122 -755 -939 0 
754 614 -225 0 
506 -267 -838 0 
840 357 -212 0 
-732 -731 -332 0 
-504 -178 -300 0 
955 116 692 0 
-362 -654 -4 0 
-592 -930 396 0 
-11 92 -857 0 
282 -321 -718 0 
-278 548 -812 0 
495 258 128 0 
896 360 -876 0 
690 116 -48 0 
675 -828 -630 0 
-407 266 955 0 
756 -923 -589 0 
998 700 206 0 
-67 119 331 0 
-282 -957 144 0 
685 456 487 0 
-748 -624 244 0 
998 -640 -846 0 
-5 -619 460 0 
537 729 568 0 
-697 401 -126 0 
-726 -707 -438 0 
-714 865 258 0 
-251 530 -604 0 
-344 772 -409 0 
-162 -20 -69 0 
-224 -413 22 0 
-378 -491 68 0 
-801 362 561 0 
171 80 528 0 
-577 -689 -404 0 
-874 288 958 0 
-516 -419 383 0 
-885 -882 170 0 
182 717 -618 0 
444 -675 -722 0 
542 43 -563 0 
-621 -55 -557 0 
-455 -588 -991 0 
-27 708 406 0 
-645 -863 -821 0 
407 -197 -809 0 
-655 447 -734 0 
343 351 -654 0 
884 829 940 0 
-568 124 -876 0 
916 654 -205 0 
11 -244 157 0 
219 -62 -477 0 
-666 -176 -367 0 
641 320 196 0 
-329 -904 952 0 
531 -59 175 0 
608 692 315 0 
240 986 -675 0 
970 -938 580 0 
708 199 -721 0 
-792 315 -971 0 
33 -449 -260 0 
-558 -12 965 0 
-395 505 -921 0 
-816 -904 682 0 
-130 461 876 0 
776 -757 336 0 
-234 388 -294 0 
616 -469 -955 0 
356 285 -444 0 
356 -248 472 0 
-735 260 684 0 
788 -625 924 0 
298 -561 -620 0 
898 -967 402 0 
-192 535 -186 0 
808 832 567 0 
68 815 859 0 
357 779 -367 0 
997 -211 -64 0 
-988 -62 673 0 
582 475 270 0 
-933 -864 103 0 
-916 897 225 0 
-61 -198 505 0 
334 337 -320 0 
675 -648 -8 0 
268 -877 12 0 
