p cnf 1000 2400
418 66 183 0 
-709 839 -767 0 
-565 -318 -624 0 
-740 640 -27 0 
-225 654 -649 0 
-993 -825 -758 0 
107 90 -134 0 
-928 51 932 0 
-935 -217 -84 0 
235 -49 -332 0 
859 755 -464 0 
-936 574 300 0 
-373 567 154 0 
697 -186 -878 0 
27 -394 216 0 
-115 -556 785 0 
242 -429 -59 0 
408 713 75 0 
-146 120 -417 0 
218 -430 846 0 
327 -748 498 0 
-906 -30 233 0 
907 305 -575 0 
45 773 -429 0 
-31 -955 -36 0 
471 -842 -389 0 
-310 -540 -403 0 
-108 973 -234 0 
676 51 36 0 
-401 243 -124 0 
271 666 -25 0 
652 827 533 0 
207 -655 734 0 
453 -821 666 0 
-36 -88 -369 0 
658 357 575 0 
619 91 98 0 
928 681 203 0 
458 826 563 0 
-488 -131 -791 0 
543 286 -429 0 
-542 861 490 0 
-334 -130 535 0 
-698 -696 105 0 
-313 -541 885 0 
-270 -572 286 0 
-958 -611 -642 0 
-903 -835 250 0 
985 -907 699 0 
-265 12 -571 0 
-204 92 -999 0 
50 303 -311 0 
803 -22 -741 0 
415 -341 498 0 
921 -679 -816 0 
500 921 113 0 
298 -968 -526 0 
-726 -243 -842 0 
-817 -574 54 0 
250 -441 -666 0 
-911 -743 -314 0 
-899 883 902 0 
654 363 837 0 
-445 -690 -220 0 
271 971 907 0 
-680 306 -823 0 
-793 -573 -606 0 
195 707 239 0 
235 -302 471 0 
425 -14 751 0 
285 514 -736 0 
703 -348 192 0 
864 83 795 0 
810 71 -773 0 
-222 7 -526 0 
788 702 774 0 
345 -266 -668 0 
-567 622 488 0 
-383 -557 -332 0 
238 672 -751 0 
718 -908 -482 0 
-794 -424 110 0 
-49 705 730 0 
841 862 -749 0 
-740 -915 -651 0 
433 667 106 0 
206 963 -696 0 
84 -237 -906 0 
-641 -100 -374 0 
631 989 281 0 
850 548 -803 0 
903 302 559 0 
506 284 -131 0 
178 -295 342 0 
-477 -482 172 0 
-527 543 -332 0 
432 -764 347 0 
-659 969 615 0 
250 -187 655 0 
777 746 -525 0 
-543 -266 5 0 
-995 -1000 -494 0 
-900 -54 -353 0 
-268 -471 -130 0 
-419 -879 558 0 
626 -180 -58 0 
1000 675 794 0 
-945 843 -454 0 
178 847 -241 0 
812 -695 729 0 
709 284 -214 0 
-694 237 408 0 
-261 -604 898 0 
-600 354 671 0 
357 106 -930 0 
115 761 270 0 
895 -810 -434 0 
-183 -257 37 0 
288 668 406 0 
810 -845 -896 0 
290 613 470 0 
-723 -33 75 0 
892 594 -820 0 
910 -987 293 0 
823 315 11 0 
652 -641 283 0 
665 -562 -347 0 
757 821 -707 0 
-692 175 -389 0 
57 -632 283 0 
384 713 -882 0 
-653 488 -901 0 
977 -255 763 0 
-571 44 -6 0 
-458 -749 -530 0 
-86 539 935 0 
495 145 876 0 
-275 501 -727 0 
-95 -368 613 0 
-354 -963 -139 0 
-446 -355 -794 0 
233 502 -284 0 
-274 -190 502 0 
-182 -260 -241 0 
-299 780 -886 0 
-35 -624 805 0 
-409 -439 -399 0 
202 -974 -118 0 
-961 -420 -302 0 
746 -518 670 0 
-671 412 246 0 
73 -196 369 0 
-551 868 -439 0 
229 641 -150 0 
-457 774 -746 0 
-953 921 130 0 
-466 815 -95 0 
-253 513 907 0 
-31 -220 573 0 
185 585 -955 0 
-726 269 282 0 
626 -892 -952 0 
-264 785 -5 0 
-700 -875 -623 0 
-789 887 -570 0 
-55 -365 50 0 
-773 307 -753 0 
-428 537 -668 0 
887 -154 129 0 
509 602 536 0 
118 673 -417 0 
-492 377 973 0 
290 -585 675 0 
45 240 -712 0 
-453 -767 -549 0 
-598 -14 282 0 
680 917 -388 0 
-54 924 969 0 
891 -910 -913 0 
739 -588 -197 0 
-245 968 -317 0 
-583 -592 758 0 
-712 987 -491 0 
-783 -787 -853 0 
606 -585 -823 0 
866 -149 475 0 
-529 886 701 0 
398 -58 -809 0 
-8 256 -356 0 
862 -363 -647 0 
18 569 -577 0 
-760 -304 -212 0 
-697 123 -494 0 
425 657 841 0 
-392 -853 73 0 
-945 -664 410 0 
-80 -953 259 0 
293 -949 272 0 
121 8 894 0 
758 264 -305 0 
-934 -374 -752 0 
-152 786 -22 0 
-638 50 -375 0 
-221 -340 -724 0 
-305 195 727 0 
-277 -33 -698 0 
850 967 -155 0 
657 958 762 0 
-612 313 -908 0 
283 281 -630 0 
352 619 997 0 
-391 -780 -113 0 
-697 -343 -856 0 
617 986 -38 0 
-62 -929 -255 0 
-929 -37 328 0 
-73 -977 -737 0 
906 -181 956 0 
-833 411 -353 0 
-541 -336 -290 0 
370 -727 199 0 
391 -98 -932 0 
997 -171 181 0 
-374 4 -929 0 
-650 -603 510 0 
-810 -722 -234 0 
83 30 -722 0 
-405 -81 875 0 
679 -56 -578 0 
258 52 -939 0 
208 905 -217 0 
618 -110 -899 0 
-581 185 265 0 
263 -804 -333 0 
661 664 184 0 
-717 -960 812 0 
-369 -568 -245 0 
65 -615 -468 0 
277 443 839 0 
-587 810 568 0 
170 -35 69 0 
-984 144 491 0 
-902 274 -66 0 
-824 -896 658 0 
-195 777 336 0 
403 762 458 0 
166 362 162 0 
-534 -483 415 0 
175 579 496 0 
-204 651 220 0 
-19 673 -490 0 
494 -299 -719 0 
646 -89 450 0 
640 784 921 0 
292 -824 199 0 
-450 -799 -972 0 
-880 306 508 0 
-175 -951 -421 0 
5 -113 651 0 
-639 -167 950 0 
-615 158 -485 0 
351 728 866 0 
742 -709 -592 0 
-445 465 908 0 
518 416 -546 0 
-285 -266 -199 0 
868 -225 617 0 
642 790 -999 0 
427 -457 662 0 
-928 -13 689 0 
-437 520 26 0 
355 -672 -221 0 
-499 494 -630 0 
-844 510 -583 0 
-646 309 -19 0 
-745 -971 166 0 
758 -924 -666 0 
419 876 531 0 
-521 685 406 0 
580 -963 671 0 
400 -557 -732 0 
792 970 315 0 
-421 251 -298 0 
750 710 -432 0 
513 608 53 0 
152 505 -304 0 
172 306 276 0 
460 767 -7 0 
693 -865 570 0 
769 943 -707 0 
-255 925 -475 0 
156 -447 -161 0 
105 -795 381 0 
705 -846 992 0 
115 -433 447 0 
-420 -403 876 0 
-97 228 -655 0 
-489 514 -280 0 
-780 -765 452 0 
-287 -284 -531 0 
-571 719 417 0 
-121 141 540 0 
72 712 -27 0 
812 -333 -281 0 
-2 -785 104 0 
-881 -370 -127 0 
113 151 -314 0 
-470 -430 681 0 
-126 605 502 0 
692 747 -471 0 
771 904 806 0 
753 666 898 0 
785 -703 -356 0 
744 -520 -929 0 
-810 764 -151 0 
-587 -799 391 0 
445 -360 -687 0 
340 -635 903 0 
874 765 943 0 
671 60 945 0 
-603 -37 760 0 
370 -303 350 0 
-951 109 -970 0 
-220 771 -839 0 
-991 921 -989 0 
-202 -304 -609 0 
750 -574 885 0 
-806 -662 340 0 
475 -937 534 0 
-475 -613 768 0 
936 319 44 0 
601 -620 186 0 
209 -396 -108 0 
33 -651 -982 0 
251 849 241 0 
-35 -793 13 0 
-435 326 -724 0 
-769 -47 155 0 
-9 -493 -317 0 
-55 653 -733 0 
654 -988 -162 0 
-595 -732 -240 0 
419 -620 -520 0 
925 529 -579 0 
-349 746 -225 0 
472 675 -27 0 
506 -670 134 0 
583 -675 -859 0 
-635 -238 -2 0 
-521 -738 -981 0 
-241 -325 766 0 
219 979 -678 0 
590 269 955 0 
482 -993 -549 0 
628 723 -356 0 
-256 -599 152 0 
-806 -857 178 0 
145 -734 -118 0 
551 868 -841 0 
-385 404 -145 0 
366 706 -754 0 
351 271 518 0 
207 495 -932 0 
444 728 419 0 
288 -953 -485 0 
500 518 -300 0 
-517 554 -387 0 
865 -756 -762 0 
-229 785 -824 0 
-937 -50 600 0 
10 722 -943 0 
429 573 -606 0 
151 125 921 0 
-266 28 572 0 
-581 -481 49 0 
-409 919 39 0 
-890 -879 -156 0 
-375 68 772 0 
353 566 -449 0 
-224 364 -607 0 
-26 353 -145 0 
584 752 -381 0 
210 288 653 0 
-486 818 -578 0 
658 -150 -95 0 
-962 -808 955 0 
643 623 -269 0 
-791 318 -180 0 
-249 146 879 0 
-301 193 -947 0 
111 809 334 0 
-465 -202 301 0 
-184 -635 381 0 
793 77 -609 0 
-941 -257 -316 0 
433 403 -316 0 
-687 -737 -23 0 
-779 36 711 0 
556 809 349 0 
-515 -573 865 0 
415 -993 -923 0 
489 625 -817 0 
-683 -147 -954 0 
303 594 357 0 
-640 679 -668 0 
478 -137 -636 0 
-438 29 650 0 
921 -163 -136 0 
-123 929 -94 0 
-454 111 185 0 
-728 -138 -13 0 
601 750 489 0 
-391 660 706 0 
-218 -593 -937 0 
948 -842 728 0 
287 333 548 0 
-580 -611 87 0 
-578 -577 456 0 
-268 -492 -754 0 
-371 -446 907 0 
170 386 636 0 
-715 936 755 0 
326 625 921 0 
-170 -797 654 0 
-743 -57 166 0 
960 2 540 0 
-972 420 954 0 
-120 -402 -14 0 
-404 -739 -684 0 
199 -177 759 0 
218 -332 683 0 
-999 208 527 0 
-164 552 100 0 
14 773 490 0 
-529 -973 3 0 
-746 -871 -50 0 
605 -684 494 0 
641 -541 290 0 
-752 -771 -344 0 
-117 -350 997 0 
-35 996 -428 0 
-842 -784 -311 0 
246 919 83 0 
-816 414 -419 0 
-450 260 580 0 
-856 -783 -572 0 
-63 -475 -586 0 
800 639 -925 0 
670 399 -946 0 
472 145 -359 0 
498 253 639 0 
-270 -52 967 0 
556 -765 284 0 
334 298 -971 0 
-162 504 41 0 
27 -480 731 0 
71 447 -964 0 
-104 -277 85 0 
691 91 53 0 
-181 -274 267 0 
-319 208 498 0 
994 -496 70 0 
161 909 313 0 
-819 209 238 0 
-341 961 987 0 
-926 659 238 0 
457 188 -11 0 
-397 288 154 0 
55 -307 387 0 
546 243 -522 0 
-49 127 -35 0 
-672 901 264 0 
-866 713 -485 0 
709 71 261 0 
-99 -397 169 0 
-844 310 -514 0 
385 -712 501 0 
-802 -36 937 0 
74 192 591 0 
628 666 -878 0 
-990 137 532 0 
-869 366 -5 0 
-479 475 347 0 
307 480 714 0 
206 509 -772 0 
937 265 35 0 
557 960 157 0 
-310 -388 922 0 
784 916 -227 0 
-996 -898 80 0 
-528 978 757 0 
-847 -673 799 0 
439 796 749 0 
614 -471 -427 0 
-432 203 -659 0 
-366 962 -47 0 
-363 -480 -153 0 
-652 -777 975 0 
-457 868 -398 0 
-658 304 254 0 
-536 1 85 0 
-504 -838 591 0 
-633 -278 -472 0 
-186 469 827 0 
-885 -214 -642 0 
-473 -566 -810 0 
647 172 -801 0 
958 830 -238 0 
625 467 -520 0 
-29 467 -945 0 
-16 -475 439 0 
282 983 490 0 
801 1000 -890 0 
824 358 -137 0 
176 454 52 0 
-369 -650 -269 0 
140 669 719 0 
491 -10 973 0 
842 72 -620 0 
-407 -653 -684 0 
-199 987 972 0 
-158 -719 864 0 
748 847 714 0 
-852 -276 589 0 
-224 380 800 0 
-254 -778 729 0 
784 601 129 0 
39 -699 319 0 
65 -359 495 0 
865 -681 336 0 
-189 -720 188 0 
1000 394 -162 0 
663 905 -487 0 
822 -640 -184 0 
671 -741 -184 0 
866 40 -968 0 
-255 362 667 0 
-356 -580 -70 0 
-365 956 950 0 
833 -760 -214 0 
982 -207 -132 0 
296 607 222 0 
36 605 62 0 
-123 327 700 0 
827 259 -794 0 
106 829 339 0 
-674 -444 6 0 
-502 -605 70 0 
392 155 840 0 
441 -956 -835 0 
-178 -304 -677 0 
-175 773 956 0 
969 -580 762 0 
-937 387 992 0 
-793 -105 262 0 
-785 -157 -3 0 
-711 540 810 0 
547 -543 -746 0 
266 594 -914 0 
-291 652 -313 0 
-884 520 -57 0 
-245 862 421 0 
862 202 577 0 
650 -154 894 0 
143 772 527 0 
-807 -283 577 0 
-98 564 -416 0 
-376 789 -940 0 
-217 -642 360 0 
-418 -958 -953 0 
-132 -662 -284 0 
830 48 421 0 
-859 791 202 0 
-924 -215 218 0 
338 90 -829 0 
178 739 469 0 
-929 162 913 0 
608 251 -721 0 
890 590 -658 0 
640 980 -776 0 
302 907 -28 0 
-651 617 985 0 
326 -857 -851 0 
-970 277 98 0 
433 -235 -874 0 
263 -154 443 0 
-85 -993 -555 0 
832 -201 151 0 
-56 -622 597 0 
-11 781 967 0 
985 356 -509 0 
-971 -492 386 0 
593 -685 -389 0 
87 -401 -329 0 
92 969 968 0 
967 636 585 0 
795 477 -224 0 
-424 -80 -97 0 
-934 690 767 0 
-386 138 214 0 
224 -481 -648 0 
850 141 139 0 
89 169 -13 0 
-887 949 -997 0 
149 78 -840 0 
530 346 -627 0 
-922 -353 -279 0 
-991 135 -336 0 
-834 768 360 0 
457 907 171 0 
-502 660 -84 0 
-222 2 -128 0 
-328 367 443 0 
-906 -827 -489 0 
-11 -925 -272 0 
300 -206 -540 0 
-312 44 704 0 
-114 -343 356 0 
850 714 176 0 
716 484 -488 0 
-421 838 581 0 
344 685 516 0 
-575 85 -946 0 
474 -362 799 0 
840 104 402 0 
337 347 -79 0 
-334 851 687 0 
354 201 725 0 
-536 -652 556 0 
7 -837 462 0 
239 224 -816 0 
293 122 911 0 
-786 752 576 0 
948 889 73 0 
-324 -756 40 0 
-735 -52 358 0 
-788 -316 -857 0 
-598 -417 -348 0 
887 -305 -39 0 
-81 -391 -19 0 
-353 -501 -502 0 
-652 768 817 0 
-885 489 420 0 
-161 411 -531 0 
237 -552 -919 0 
163 -825 -439 0 
3 -81 39 0 
-426 -359 -382 0 
-899 365 827 0 
-387 692 -482 0 
-426 127 -85 0 
866 126 284 0 
-609 -226 239 0 
-816 601 -642 0 
-288 -959 260 0 
106 -470 607 0 
519 992 301 0 
-929 390 -492 0 
-623 108 -927 0 
-531 -684 -40 0 
902 521 -384 0 
175 -251 626 0 
560 882 225 0 
-435 -874 -953 0 
-701 130 226 0 
-937 123 445 0 
986 919 667 0 
-865 476 -823 0 
-788 315 -569 0 
299 542 -968 0 
727 -157 -956 0 
-788 -609 141 0 
-483 207 10 0 
480 -898 488 0 
-143 -79 810 0 
-455 -283 -11 0 
-182 -515 89 0 
-915 950 -578 0 
-814 -477 -357 0 
334 963 453 0 
804 144 440 0 
11 462 35 0 
96 -568 -378 0 
-875 -11 -119 0 
766 155 887 0 
803 744 622 0 
-740 760 829 0 
715 284 978 0 
618 285 -463 0 
-635 -939 -134 0 
-965 393 -273 0 
-685 904 -130 0 
-804 689 -547 0 
508 -580 256 0 
124 950 -853 0 
716 854 -761 0 
792 898 -591 0 
-413 381 -59 0 
225 915 -920 0 
-386 -278 -28 0 
-440 -72 50 0 
-545 843 -712 0 
148 646 580 0 
798 -242 -932 0 
476 -346 829 0 
-237 -802 573 0 
-623 842 182 0 
-569 -106 -444 0 
-164 -610 448 0 
431 361 -945 0 
-571 309 536 0 
-615 424 969 0 
314 208 336 0 
588 -432 -364 0 
-262 -454 116 0 
-778 -490 -597 0 
-198 156 123 0 
526 564 99 0 
-38 -90 424 0 
250 616 379 0 
-753 -587 770 0 
-174 724 -511 0 
142 -792 15 0 
327 76 -442 0 
-500 -439 507 0 
-703 121 738 0 
-528 -626 529 0 
601 -31 215 0 
98 -431 -572 0 
-98 -802 -840 0 
215 -509 900 0 
-106 55 167 0 
570 746 365 0 
208 388 398 0 
446 861 626 0 
340 96 -484 0 
-577 978 341 0 
-976 465 -408 0 
-167 428 -132 0 
27 -258 245 0 
848 450 -317 0 
-38 280 717 0 
582 901 354 0 
995 252 760 0 
-341 -561 452 0 
-78 -682 -851 0 
-682 -474 739 0 
710 -90 957 0 
-474 -815 577 0 
-689 -376 462 0 
-799 -57 -792 0 
71 -849 429 0 
-390 947 534 0 
74 -5 -629 0 
323 852 -586 0 
-391 11 1000 0 
-956 71 587 0 
569 -384 293 0 
133 -946 -578 0 
-275 959 513 0 
544 42 191 0 
-525 694 -109 0 
544 416 -863 0 
329 -420 -948 0 
-464 315 -597 0 
322 40 -219 0 
442 332 463 0 
-111 455 -775 0 
-735 269 857 0 
161 151 -586 0 
405 -477 -274 0 
299 -646 -986 0 
761 731 443 0 
237 876 389 0 
-738 454 667 0 
-655 -140 704 0 
-726 326 36 0 
456 -81 -980 0 
-797 523 -400 0 
-440 -82 -826 0 
-113 142 130 0 
933 1000 -473 0 
-579 -614 311 0 
619 -317 -363 0 
-571 151 -238 0 
-841 131 939 0 
5 541 -471 0 
998 -395 141 0 
-313 -452 -523 0 
-496 820 918 0 
-357 -428 53 0 
657 -595 488 0 
-840 746 -935 0 
152 992 193 0 
874 820 163 0 
912 611 865 0 
959 995 922 0 
247 469 99 0 
-914 312 -629 0 
57 -841 695 0 
85 528 785 0 
427 -270 518 0 
-204 -893 -267 0 
-605 445 -768 0 
304 -357 -456 0 
563 -479 -877 0 
547 -634 -404 0 
-857 685 -338 0 
-77 -523 372 0 
757 -924 670 0 
272 27 217 0 
842 -758 -153 0 
160 454 865 0 
-232 -707 -552 0 
-15 615 -551 0 
-137 -395 630 0 
533 621 314 0 
-886 -882 -407 0 
407 886 -601 0 
329 220 22 0 
381 637 -283 0 
-776 621 -131 0 
191 990 836 0 
467 376 523 0 
-570 -244 486 0 
666 594 855 0 
767 98 -794 0 
-822 -998 -544 0 
974 397 -105 0 
3 -40 519 0 
184 960 -467 0 
-740 -250 37 0 
-716 -459 -416 0 
-924 -287 127 0 
885 -823 859 0 
264 -220 -696 0 
-228 -542 715 0 
-93 -875 -822 0 
463 268 971 0 
-248 -357 203 0 
-982 -394 902 0 
-304 -409 -828 0 
378 -743 981 0 
-497 -728 802 0 
-100 -788 607 0 
137 369 -151 0 
-570 -233 -510 0 
-805 -523 921 0 
-276 -675 954 0 
-221 -271 635 0 
931 4 -914 0 
-175 -356 850 0 
-402 387 -537 0 
-561 -723 -230 0 
556 -701 448 0 
-864 -148 -120 0 
27 198 -785 0 
-880 -56 191 0 
171 -616 -401 0 
481 -638 -758 0 
-920 170 75 0 
18 855 291 0 
-83 773 698 0 
-323 -792 -396 0 
303 -341 565 0 
530 -344 506 0 
-372 464 -177 0 
-569 67 -535 0 
-979 -14 -739 0 
-131 505 -543 0 
-172 -223 930 0 
382 -468 -423 0 
-771 596 441 0 
138 560 68 0 
775 -650 910 0 
-790 136 -451 0 
-205 -569 -305 0 
-730 753 883 0 
-587 -111 8 0 
503 358 343 0 
-780 -703 450 0 
781 499 -530 0 
900 -564 771 0 
-405 761 -748 0 
329 623 -461 0 
875 -915 -748 0 
428 65 417 0 
107 -745 623 0 
648 674 -168 0 
525 -333 799 0 
613 -789 349 0 
874 432 155 0 
-461 -321 310 0 
-714 240 -855 0 
-976 587 -404 0 
911 619 -817 0 
-543 208 491 0 
-144 -339 819 0 
441 -446 -47 0 
468 -160 -560 0 
-741 -819 -36 0 
-134 641 346 0 
-633 699 638 0 
-251 -227 -179 0 
-925 -577 -201 0 
411 -865 -493 0 
29 247 -378 0 
389 -106 -897 0 
781 153 -651 0 
-860 619 -188 0 
-457 -738 473 0 
815 -235 327 0 
100 -111 -639 0 
-747 184 817 0 
-381 -58 -452 0 
482 -506 -576 0 
176 669 695 0 
640 606 849 0 
-498 29 11 0 
109 485 796 0 
924 642 568 0 
926 -28 271 0 
-908 -414 574 0 
-921 588 -240 0 
460 -791 -842 0 
343 -543 103 0 
386 -967 985 0 
33 -483 -523 0 
-111 -357 -778 0 
463 155 635 0 
-212 55 418 0 
-532 876 886 0 
490 683 -937 0 
704 -767 100 0 
609 205 -723 0 
177 -450 -729 0 
-627 -829 -607 0 
666 764 -732 0 
-260 -364 -932 0 
283 371 320 0 
456 3 -467 0 
611 -529 -69 0 
567 -619 576 0 
-352 380 -571 0 
-574 636 51 0 
-127 -1000 660 0 
808 791 720 0 
96 -692 -179 0 
188 308 -862 0 
804 9 952 0 
-681 512 489 0 
-21 540 681 0 
595 -210 761 0 
947 -681 -601 0 
436 -507 568 0 
-18 -413 -482 0 
-663 -909 -880 0 
-897 -456 -385 0 
-356 644 -982 0 
540 375 -720 0 
36 661 -441 0 
399 -841 -19 0 
-442 -399 -20 0 
838 860 -633 0 
-508 -117 28 0 
-831 -285 -275 0 
-227 319 289 0 
-936 -239 -25 0 
620 -221 -261 0 
50 -449 245 0 
426 560 746 0 
825 -782 -834 0 
-798 -364 -812 0 
-1000 -449 -899 0 
-576 275 -977 0 
-895 209 -372 0 
-138 -244 -225 0 
582 -936 -900 0 
167 634 -770 0 
527 617 625 0 
402 -113 -108 0 
-749 926 633 0 
987 -533 -993 0 
-84 -164 639 0 
-269 75 823 0 
487 339 -408 0 
-631 -974 165 0 
360 393 645 0 
635 983 79 0 
127 -377 62 0 
-254 487 497 0 
504 -917 -216 0 
-853 582 -507 0 
-831 -230 -55 0 
-792 -389 -354 0 
-211 -346 440 0 
-141 178 -38 0 
342 299 -558 0 
-657 645 -855 0 
260 -968 -817 0 
183 -859 -651 0 
742 998 595 0 
-97 -971 9 0 
-538 -680 -29 0 
792 -389 531 0 
-328 617 929 0 
-54 150 349 0 
174 -225 -117 0 
-974 -299 953 0 
-702 -912 -887 0 
18 -760 -93 0 
958 -970 432 0 
-20 902 749 0 
546 393 -817 0 
-893 -460 -772 0 
606 -208 770 0 
-277 -223 -364 0 
489 -541 -153 0 
-973 114 -161 0 
-251 432 -502 0 
-385 564 -805 0 
-374 -868 984 0 
134 -664 -44 0 
76 -549 58 0 
-844 -591 -724 0 
-37 -176 651 0 
-909 -322 -927 0 
948 -993 -67 0 
955 1000 199 0 
-486 -887 -123 0 
310 -447 -857 0 
-63 -669 921 0 
-177 403 926 0 
200 -412 278 0 
-943 757 100 0 
-173 21 -894 0 
-648 421 994 0 
497 -694 -111 0 
403 859 -43 0 
-889 989 268 0 
-255 89 -73 0 
-757 -75 -60 0 
-936 845 766 0 
-60 -584 -485 0 
890 527 -72 0 
930 -864 184 0 
-507 489 -471 0 
-119 739 132 0 
479 512 509 0 
457 -275 -824 0 
95 -683 -77 0 
411 624 165 0 
970 -940 623 0 
474 606 -44 0 
415 708 -616 0 
949 457 -959 0 
-504 -278 -976 0 
324 -953 -867 0 
-23 69 947 0 
205 -182 449 0 
199 201 138 0 
-703 677 315 0 
-126 701 645 0 
-349 824 -543 0 
-512 168 929 0 
481 -150 -202 0 
968 699 -332 0 
-593 -174 -947 0 
-350 690 819 0 
883 -578 719 0 
-686 740 -77 0 
-169 -762 -788 0 
-598 244 370 0 
-939 -363 971 0 
-317 -32 461 0 
-572 -264 736 0 
-466 940 -964 0 
-611 -535 -258 0 
-645 -668 467 0 
-993 79 -305 0 
169 -363 -684 0 
-694 201 453 0 
457 691 636 0 
-778 -515 -269 0 
-356 -687 799 0 
-757 -40 933 0 
-345 408 712 0 
294 262 937 0 
-294 -103 374 0 
-536 -204 -773 0 
-739 756 609 0 
-160 128 409 0 
-780 -212 551 0 
-351 643 -760 0 
739 -705 -133 0 
760 242 978 0 
809 810 -561 0 
775 785 -691 0 
-844 950 725 0 
-531 460 -885 0 
71 -422 -116 0 
510 468 798 0 
730 -296 -184 0 
428 93 228 0 
804 648 801 0 
-855 983 -268 0 
279 846 700 0 
-122 -134 715 0 
907 -9 338 0 
-713 716 -242 0 
339 -422 -611 0 
-304 -645 -184 0 
-197 90 -959 0 
635 -467 -536 0 
716 871 794 0 
703 -897 -757 0 
817 383 681 0 
580 -443 787 0 
-135 726 -511 0 
-228 868 982 0 
460 801 -296 0 
-317 -595 -428 0 
-889 840 -53 0 
-707 -640 -981 0 
-140 47 79 0 
-584 827 -832 0 
376 -613 -233 0 
-808 332 298 0 
108 -365 585 0 
-814 -469 -365 0 
503 840 -23 0 
474 -355 613 0 
556 804 819 0 
-414 177 679 0 
689 749 158 0 
-801 -491 133 0 
911 -556 -401 0 
-433 -643 -256 0 
-89 282 722 0 
946 992 -267 0 
-998 -985 -741 0 
-915 -988 -834 0 
-527 -598 101 0 
456 323 128 0 
-630 -103 -436 0 
-818 -416 29 0 
309 -473 508 0 
-744 -184 -605 0 
158 139 909 0 
-360 661 940 0 
525 560 891 0 
461 -990 631 0 
-584 370 253 0 
-369 -440 -435 0 
1000 579 337 0 
22 -777 849 0 
310 524 60 0 
-830 -752 514 0 
-694 991 -332 0 
170 -566 372 0 
-188 593 723 0 
-89 -198 -949 0 
-661 946 654 0 
-473 -100 -852 0 
-681 -952 861 0 
666 968 475 0 
-558 -388 554 0 
-152 199 178 0 
187 303 -252 0 
307 210 754 0 
-610 950 -960 0 
-697 -874 500 0 
-56 -354 815 0 
996 -842 900 0 
822 273 76 0 
179 -546 -723 0 
-645 481 901 0 
-43 976 -619 0 
102 519 375 0 
-139 95 -769 0 
258 -839 -824 0 
966 -142 -118 0 
-684 -568 -933 0 
-351 -530 415 0 
225 767 -298 0 
-256 565 -938 0 
-947 242 776 0 
862 676 269 0 
-109 -913 950 0 
202 643 876 0 
-760 735 232 0 
165 106 121 0 
-3 -316 -267 0 
576 321 -648 0 
-574 1 972 0 
725 726 -516 0 
18 -628 -954 0 
54 963 545 0 
-165 -706 351 0 
-233 439 546 0 
822 -159 369 0 
306 884 -467 0 
635 674 957 0 
61 -487 -367 0 
-512 224 -772 0 
106 -852 -851 0 
-755 631 -370 0 
319 134 -903 0 
-832 383 -366 0 
-521 663 122 0 
-828 -386 853 0 
-67 -49 40 0 
-856 908 34 0 
62 672 397 0 
155 896 462 0 
-732 415 734 0 
923 -921 -539 0 
-954 -783 525 0 
300 27 -103 0 
611 -500 794 0 
-436 -38 -387 0 
170 334 719 0 
182 262 128 0 
310 707 -917 0 
636 440 955 0 
741 528 -961 0 
540 -910 -601 0 
471 455 -928 0 
358 -473 670 0 
-963 931 659 0 
-964 733 726 0 
641 959 365 0 
878 546 662 0 
489 450 -949 0 
620 397 28 0 
-853 -980 722 0 
-27 -963 733 0 
-409 -535 -878 0 
271 364 447 0 
-984 531 -560 0 
-6 -389 86 0 
149 -249 -975 0 
410 870 120 0 
-409 -897 -518 0 
492 956 393 0 
634 911 -818 0 
-452 929 518 0 
-472 -804 786 0 
-198 -118 710 0 
-800 956 320 0 
626 -514 -869 0 
-380 -88 930 0 
290 -82 -471 0 
542 -679 -25 0 
667 560 187 0 
-468 -695 529 0 
75 -420 942 0 
486 947 -594 0 
984 104 -347 0 
887 -742 924 0 
592 12 -73 0 
-173 302 926 0 
455 108 -627 0 
90 435 264 0 
831 -80 -489 0 
407 -300 -810 0 
706 533 3 0 
554 428 -32 0 
148 -488 -21 0 
-323 408 492 0 
535 -155 -547 0 
-334 265 331 0 
216 483 -70 0 
892 -672 341 0 
542 495 346 0 
725 931 840 0 
-114 -675 442 0 
-349 -362 -659 0 
-280 -808 -95 0 
-300 157 -372 0 
652 -373 -327 0 
-264 -100 -919 0 
-447 135 790 0 
-764 188 409 0 
-430 -233 -509 0 
-812 901 743 0 
-124 156 250 0 
570 -843 -674 0 
533 10 372 0 
-320 -837 477 0 
-566 128 474 0 
849 -780 847 0 
84 -17 357 0 
660 -615 -548 0 
213 -112 -316 0 
307 592 178 0 
260 137 -198 0 
84 41 -609 0 
794 -468 764 0 
-886 -313 -354 0 
601 -338 240 0 
-87 145 -346 0 
-25 -360 -400 0 
116 -468 64 0 
46 835 -491 0 
840 924 -91 0 
336 -77 -868 0 
-320 -517 53 0 
-634 -54 -143 0 
-978 -219 -518 0 
262 875 -423 0 
-30 -318 31 0 
-885 -621 606 0 
-933 -121 -255 0 
-629 211 519 0 
243 688 382 0 
-204 -275 -785 0 
-899 -884 49 0 
624 490 -428 0 
905 399 774 0 
-962 -177 -118 0 
492 853 -766 0 
-579 436 273 0 
-745 696 386 0 
-961 911 956 0 
-497 844 438 0 
-271 -867 238 0 
-198 233 -645 0 
-19 611 940 0 
-665 -330 201 0 
-427 -125 31 0 
-235 215 -393 0 
-890 -788 311 0 
-7 246 -302 0 
-404 -357 820 0 
-504 -785 -135 0 
501 423 289 0 
-749 -122 -30 0 
-90 -263 -809 0 
-667 810 888 0 
174 -133 537 0 
605 980 624 0 
46 -997 -494 0 
-398 238 -186 0 
576 315 -717 0 
-988 -870 -690 0 
-714 -951 571 0 
619 749 928 0 
99 -120 660 0 
-182 -956 101 0 
83 -313 116 0 
-915 -380 616 0 
784 272 -279 0 
714 -25 440 0 
875 -46 -882 0 
-787 -712 345 0 
-47 378 272 0 
341 -609 91 0 
990 -607 -694 0 
-526 -469 -60 0 
259 -145 5 0 
-884 751 375 0 
685 -636 457 0 
395 -146 -710 0 
-782 -119 -980 0 
204 510 789 0 
928 -463 -404 0 
926 -52 829 0 
-646 -276 26 0 
-542 -438 119 0 
112 250 -884 0 
-65 737 -658 0 
469 -376 -652 0 
748 -4 -511 0 
281 -340 290 0 
272 549 -713 0 
606 229 -97 0 
181 -361 -319 0 
9 463 686 0 
-728 -760 -939 0 
-489 -971 239 0 
-807 188 129 0 
667 638 -497 0 
321 -963 11 0 
204 470 -94 0 
-8 -585 -562 0 
262 4 -113 0 
328 -944 311 0 
-847 -92 -513 0 
-105 424 464 0 
-313 824 -431 0 
809 -388 -652 0 
831 374 574 0 
207 162 -710 0 
693 -679 894 0 
-391 928 400 0 
463 -507 -595 0 
229 178 -17 0 
763 -18 471 0 
229 253 116 0 
378 -504 707 0 
889 614 779 0 
988 394 647 0 
631 -667 -38 0 
-377 561 603 0 
92 -722 -711 0 
380 498 -782 0 
-911 -978 644 0 
742 348 -109 0 
651 525 211 0 
-688 -70 746 0 
-599 -755 767 0 
674 -172 -487 0 
-186 -955 -568 0 
-855 -445 -761 0 
924 -48 -588 0 
321 244 -46 0 
998 -238 546 0 
399 -789 145 0 
-120 31 791 0 
-162 -438 598 0 
-653 135 5 0 
-304 -107 -714 0 
-390 422 -719 0 
135 981 -257 0 
-479 -818 804 0 
-929 -886 105 0 
183 695 873 0 
410 824 206 0 
-99 -10 -996 0 
-534 441 -896 0 
-680 193 -993 0 
269 730 -73 0 
103 -209 -812 0 
-197 -776 -495 0 
883 -991 39 0 
310 -56 -634 0 
-76 164 -912 0 
-986 765 -692 0 
-340 -728 698 0 
174 -812 926 0 
-596 611 -921 0 
151 570 175 0 
-905 774 -281 0 
-620 265 -825 0 
-807 -902 -394 0 
-600 -834 -548 0 
180 121 167 0 
-895 -140 147 0 
593 -408 1000 0 
943 -15 -752 0 
734 95 -108 0 
538 -33 -388 0 
519 851 57 0 
-244 -431 896 0 
-723 -810 6 0 
-187 -312 -699 0 
-890 843 811 0 
-815 -40 837 0 
389 -109 989 0 
-448 867 756 0 
956 563 -190 0 
-72 378 -546 0 
353 273 -519 0 
151 -173 -642 0 
-361 676 -996 0 
558 106 -240 0 
390 -18 -880 0 
422 -701 -706 0 
374 -120 -303 0 
-294 504 513 0 
199 947 -264 0 
-795 -613 520 0 
-396 -258 -195 0 
254 -558 -654 0 
88 501 648 0 
-337 -680 533 0 
-756 -221 56 0 
-92 748 660 0 
-359 -840 -857 0 
729 -558 -47 0 
485 -960 121 0 
600 -76 -391 0 
343 433 -436 0 
-783 -37 766 0 
-86 -195 228 0 
-860 505 981 0 
924 -267 -861 0 
866 -369 311 0 
-518 -876 890 0 
-494 792 554 0 
-644 569 -809 0 
542 -597 396 0 
642 123 -962 0 
-639 418 992 0 
-951 -852 493 0 
-741 311 224 0 
-789 -633 -836 0 
-374 -936 -596 0 
633 89 -537 0 
314 955 924 0 
654 -965 83 0 
-791 627 880 0 
-154 6 398 0 
-906 70 -495 0 
-142 41 -864 0 
-675 235 751 0 
254 -633 603 0 
309 -379 682 0 
654 -857 215 0 
-120 743 -47 0 
75 -534 860 0 
771 159 207 0 
-361 -851 348 0 
355 955 11 0 
-693 249 489 0 
7 -58 -367 0 
-39 25 -304 0 
-550 882 -297 0 
-176 656 535 0 
-290 -490 -482 0 
788 752 -295 0 
100 775 -242 0 
493 -175 -637 0 
207 400 -953 0 
124 905 966 0 
-258 -271 346 0 
92 942 909 0 
-868 217 -33 0 
-937 -585 -32 0 
-56 547 -55 0 
-85 829 -892 0 
-704 620 649 0 
-931 158 988 0 
283 404 -768 0 
-60 -874 576 0 
352 130 329 0 
-297 -616 860 0 
430 96 619 0 
-220 -228 -498 0 
-7 648 484 0 
-163 928 -378 0 
-884 -141 273 0 
-522 226 -355 0 
-403 -578 400 0 
-325 -828 912 0 
463 -150 -767 0 
-213 12 106 0 
900 -622 -783 0 
684 -474 -534 0 
801 412 638 0 
859 234 30 0 
679 34 -998 0 
-665 422 49 0 
-229 749 39 0 
-544 256 490 0 
-943 592 -571 0 
344 649 -264 0 
-481 -326 -821 0 
75 -220 -956 0 
501 513 405 0 
262 797 -779 0 
593 -681 516 0 
-206 829 93 0 
24 618 -439 0 
577 -582 -967 0 
703 -991 883 0 
-314 -96 769 0 
287 905 -924 0 
-212 -28 -879 0 
-796 947 102 0 
-457 423 -825 0 
364 -932 -841 0 
-909 65 -492 0 
-644 350 -395 0 
-858 138 -951 0 
440 121 -73 0 
-891 80 -532 0 
27 -515 804 0 
-398 -919 205 0 
78 978 -756 0 
360 -774 631 0 
15 333 -692 0 
911 -740 339 0 
-738 885 -822 0 
-863 990 -894 0 
-903 -396 702 0 
45 -501 -133 0 
295 278 -261 0 
-917 161 243 0 
41 690 503 0 
-178 -328 -246 0 
-94 -472 -273 0 
-238 258 -440 0 
-400 -447 -344 0 
53 87 -812 0 
-649 -625 280 0 
739 -754 -759 0 
309 631 -361 0 
285 334 -544 0 
-395 -731 766 0 
838 -514 407 0 
728 858 610 0 
-324 53 -447 0 
560 -968 -930 0 
-449 886 -728 0 
722 88 876 0 
584 -868 -912 0 
765 -56 613 0 
-763 820 757 0 
-613 -783 503 0 
698 -575 45 0 
-376 727 378 0 
20 101 -97 0 
484 569 -128 0 
-253 -605 -309 0 
-911 488 -648 0 
502 854 503 0 
-423 -246 257 0 
343 851 663 0 
-365 -436 -963 0 
-233 310 461 0 
-256 -631 -186 0 
633 438 -22 0 
528 682 940 0 
416 67 198 0 
-842 676 917 0 
759 423 -76 0 
673 -829 -607 0 
390 347 -429 0 
879 929 652 0 
-831 204 -294 0 
447 -219 406 0 
-515 631 -83 0 
339 350 -300 0 
375 -198 -219 0 
-405 758 -744 0 
-722 345 -527 0 
-336 -568 -224 0 
510 -385 339 0 
272 -156 893 0 
272 661 377 0 
-773 225 638 0 
52 145 -10 0 
15 272 -138 0 
383 758 -1 0 
-552 -890 568 0 
-631 -183 715 0 
-147 -844 499 0 
572 13 -319 0 
-820 64 -574 0 
175 56 -987 0 
-511 -321 368 0 
653 -843 -994 0 
623 -381 20 0 
619 -647 -993 0 
17 -727 184 0 
-663 -145 -977 0 
321 -823 449 0 
90 -443 -263 0 
984 -822 185 0 
-608 -458 835 0 
398 743 727 0 
-612 415 -547 0 
-152 -670 436 0 
-881 -435 -460 0 
-631 -289 626 0 
23 860 -525 0 
-324 -354 20 0 
-758 140 158 0 
-719 90 951 0 
-673 153 183 0 
610 662 -840 0 
-966 -975 446 0 
-813 194 857 0 
8 -150 716 0 
-122 507 -827 0 
419 -132 932 0 
-95 197 25 0 
394 234 400 0 
-532 -45 245 0 
-663 -981 -514 0 
222 -822 -345 0 
-548 -829 130 0 
-754 799 630 0 
-49 -978 35 0 
-185 283 -868 0 
589 -378 772 0 
541 -186 -302 0 
465 458 647 0 
-696 498 -160 0 
-429 -475 836 0 
-991 479 -468 0 
987 -311 326 0 
-978 -673 274 0 
-872 838 -586 0 
488 703 -536 0 
16 290 -404 0 
-444 -800 -141 0 
-496 528 670 0 
728 -874 361 0 
124 525 284 0 
508 -205 -530 0 
437 834 -642 0 
113 117 -9 0 
-465 947 -943 0 
-824 906 -768 0 
85 671 -170 0 
980 -235 969 0 
283 -233 -813 0 
218 -901 -164 0 
928 530 308 0 
-831 -133 371 0 
879 -738 -650 0 
538 -218 72 0 
465 359 -83 0 
-102 -444 -726 0 
487 -508 454 0 
818 69 -103 0 
13 -71 235 0 
594 -673 650 0 
468 785 862 0 
-363 -852 -984 0 
-476 693 -944 0 
966 -924 -370 0 
603 666 -24 0 
468 964 -685 0 
210 -242 -623 0 
-2 -266 94 0 
638 627 -650 0 
-820 487 -791 0 
230 348 -649 0 
441 -295 137 0 
-526 22 -279 0 
-988 -280 -363 0 
-639 774 292 0 
-30 -957 686 0 
-324 -95 235 0 
-474 -778 -498 0 
551 174 649 0 
502 -548 -633 0 
-575 -700 -978 0 
448 -668 124 0 
838 -496 776 0 
904 625 -328 0 
-960 362 -889 0 
965 329 -115 0 
-610 82 -5 0 
609 -541 -715 0 
785 949 707 0 
-386 -25 -527 0 
510 -582 -34 0 
638 -392 -296 0 
124 632 -179 0 
503 600 77 0 
-334 720 -68 0 
439 882 793 0 
-102 -174 -183 0 
-741 -717 535 0 
29 911 -818 0 
-295 -508 706 0 
-495 -218 -775 0 
921 868 880 0 
-377 -823 -940 0 
-642 187 295 0 
-555 -448 74 0 
-830 -134 344 0 
-609 490 -819 0 
276 -914 341 0 
105 -316 783 0 
702 233 -632 0 
835 279 435 0 
838 878 -951 0 
-142 -643 4 0 
231 -927 335 0 
620 678 -312 0 
79 -932 -678 0 
-964 285 -596 0 
-3 405 421 0 
308 974 831 0 
-146 744 -822 0 
778 113 -180 0 
-194 -834 475 0 
-193 139 509 0 
-509 -230 723 0 
-160 602 362 0 
-102 -514 325 0 
-6 929 515 0 
-272 -491 164 0 
905 -413 954 0 
853 -909 -673 0 
260 -896 -535 0 
-477 -492 -842 0 
-289 -597 -459 0 
-955 434 836 0 
987 -81 -100 0 
-639 -494 -963 0 
-315 494 364 0 
-458 597 -906 0 
-815 278 838 0 
265 -657 995 0 
-799 -903 568 0 
915 -991 -203 0 
-308 -820 -351 0 
-514 611 508 0 
703 398 502 0 
-920 903 -450 0 
-716 339 862 0 
-650 596 785 0 
-218 793 484 0 
994 373 673 0 
-312 626 310 0 
4 -399 -291 0 
-253 996 67 0 
443 565 49 0 
951 -684 220 0 
289 -456 764 0 
-212 459 197 0 
384 114 -57 0 
579 189 -497 0 
-336 6 893 0 
-466 655 64 0 
-490 814 -881 0 
-250 -907 476 0 
-893 -538 -322 0 
220 385 -249 0 
864 854 486 0 
304 -500 830 0 
446 -207 -985 0 
659 875 -696 0 
692 384 53 0 
-777 271 -557 0 
548 -845 343 0 
569 -942 -608 0 
-963 -898 -241 0 
-961 311 301 0 
288 115 -557 0 
-856 -200 690 0 
-33 -300 -792 0 
-482 -263 310 0 
811 -502 61 0 
-160 644 858 0 
-703 450 471 0 
82 89 643 0 
188 711 328 0 
499 668 1000 0 
655 -196 -631 0 
448 50 -316 0 
-726 673 823 0 
942 -411 113 0 
-416 -172 683 0 
267 987 -864 0 
338 573 812 0 
-28 -648 266 0 
773 8 643 0 
-853 728 245 0 
191 303 829 0 
-411 52 285 0 
-207 -904 801 0 
313 -503 46 0 
-501 280 979 0 
-360 -780 865 0 
211 502 397 0 
-679 -980 -987 0 
396 -183 -208 0 
761 317 74 0 
-543 -755 319 0 
73 392 586 0 
157 62 -78 0 
-45 210 -735 0 
316 -83 463 0 
517 -735 -714 0 
845 -618 71 0 
918 -548 4 0 
-710 534 427 0 
351 -18 190 0 
-616 -855 511 0 
-283 -774 -360 0 
-115 -952 298 0 
506 -437 -575 0 
-786 -527 515 0 
44 633 -57 0 
-773 -190 278 0 
-584 484 -73 0 
-256 -866 87 0 
-765 671 732 0 
-135 -396 112 0 
-239 817 65 0 
-425 -135 891 0 
-554 -828 457 0 
-43 -151 -301 0 
115 -27 -407 0 
-718 -126 988 0 
-961 -407 -845 0 
-399 -586 166 0 
520 773 311 0 
-860 -721 -248 0 
-378 855 -582 0 
989 -324 -159 0 
724 -189 -903 0 
-231 -78 491 0 
-77 286 -297 0 
-86 152 299 0 
584 -957 -846 0 
298 -504 -483 0 
-648 -455 263 0 
809 7 384 0 
-655 -279 390 0 
-249 -269 -841 0 
-604 548 77 0 
-637 852 584 0 
730 123 -297 0 
235 3 271 0 
459 -656 200 0 
-933 261 -436 0 
-101 -317 -890 0 
-329 619 395 0 
-377 -875 488 0 
572 -835 -909 0 
757 -904 -168 0 
639 -710 -99 0 
687 -122 479 0 
-411 496 1 0 
391 -969 916 0 
-107 -640 15 0 
-205 520 -992 0 
327 -624 330 0 
-962 -153 867 0 
546 -586 833 0 
-955 -946 -409 0 
-436 -260 254 0 
880 912 596 0 
220 993 91 0 
-245 100 169 0 
834 -415 919 0 
-324 847 306 0 
-427 161 542 0 
882 -563 968 0 
-322 855 330 0 
-219 -793 886 0 
-873 964 -465 0 
-410 839 739 0 
-796 -191 35 0 
92 461 -564 0 
-652 -418 127 0 
943 -992 -629 0 
-421 385 -973 0 
-221 791 227 0 
836 -117 6 0 
-697 -373 -443 0 
-134 -434 780 0 
502 -523 899 0 
-423 74 138 0 
537 -171 -985 0 
729 297 712 0 
-983 -757 -635 0 
-422 991 -855 0 
-754 903 -253 0 
651 381 758 0 
-580 -540 376 0 
-508 345 170 0 
262 183 -214 0 
-669 136 -496 0 
80 935 -724 0 
165 239 218 0 
-815 -780 197 0 
-281 784 271 0 
-159 -668 765 0 
-67 -221 749 0 
-344 -179 -740 0 
-236 -785 -519 0 
899 547 -46 0 
566 918 669 0 
-755 648 283 0 
-515 -458 -722 0 
-98 920 364 0 
334 3 630 0 
1000 -240 -389 0 
-792 -10 48 0 
116 -985 -630 0 
-856 879 -562 0 
880 -175 255 0 
-733 -883 -819 0 
900 383 -211 0 
-26 -486 807 0 
-407 100 -37 0 
-977 -86 82 0 
-685 597 766 0 
-479 258 518 0 
-908 871 -596 0 
772 689 851 0 
370 -824 -152 0 
-528 -859 429 0 
-429 -498 303 0 
275 -577 -694 0 
-480 -931 273 0 
377 -401 -495 0 
-408 911 -555 0 
577 161 855 0 
-854 812 -541 0 
-585 62 -996 0 
-550 877 -364 0 
356 -907 986 0 
20 -563 -662 0 
-357 -764 654 0 
430 3 72 0 
-644 -658 990 0 
60 796 125 0 
-364 -790 -661 0 
-436 440 -618 0 
-16 -214 -678 0 
398 290 -180 0 
809 981 89 0 
-883 549 901 0 
-968 -404 409 0 
-320 978 -122 0 
237 449 -206 0 
540 801 -103 0 
187 119 514 0 
-806 139 843 0 
-671 -307 -66 0 
281 -607 579 0 
-68 705 -592 0 
-770 -16 355 0 
970 271 -513 0 
175 -968 616 0 
-364 -302 -142 0 
171 28 921 0 
391 571 524 0 
-374 -802 -376 0 
-187 293 -610 0 
643 -497 -27 0 
-27 397 -487 0 
936 -885 -461 0 
-570 -326 -53 0 
907 845 -635 0 
929 -163 747 0 
621 -101 284 0 
330 473 248 0 
-572 -787 317 0 
685 -332 507 0 
-785 -92 592 0 
11 523 -224 0 
965 -535 -904 0 
-591 314 -690 0 
-590 -882 -221 0 
582 -599 562 0 
950 151 239 0 
-771 201 70 0 
817 610 736 0 
-196 65 17 0 
-816 -534 272 0 
-289 478 -544 0 
126 -441 764 0 
-309 623 -154 0 
-917 -964 22 0 
227 -327 188 0 
-304 -701 -220 0 
174 629 692 0 
663 -438 797 0 
152 273 602 0 
-283 -108 -896 0 
-912 12 223 0 
-666 849 -484 0 
-919 446 495 0 
737 -200 350 0 
-785 -714 -843 0 
-971 -602 163 0 
-986 610 -859 0 
42 276 706 0 
853 -202 127 0 
770 79 791 0 
619 181 684 0 
-344 -184 -324 0 
512 539 626 0 
760 -307 242 0 
617 796 -877 0 
263 421 464 0 
346 -378 -752 0 
-971 275 631 0 
-943 856 789 0 
-545 -176 -541 0 
-82 -6 800 0 
-346 421 75 0 
-418 -635 -800 0 
-334 165 -810 0 
-928 600 -213 0 
-348 -38 130 0 
705 991 644 0 
308 -549 -567 0 
401 -128 -203 0 
945 171 344 0 
596 -392 710 0 
-909 417 -66 0 
538 392 -520 0 
978 -773 297 0 
217 238 273 0 
35 352 -186 0 
-390 955 921 0 
-33 -903 431 0 
774 -832 -210 0 
-201 908 178 0 
754 312 439 0 
150 156 -749 0 
577 -324 191 0 
-169 58 654 0 
75 -172 -41 0 
280 -995 796 0 
-933 776 -102 0 
-408 841 -525 0 
85 78 -201 0 
-742 999 -365 0 
468 424 481 0 
-489 962 -873 0 
46 -854 -538 0 
-710 138 -311 0 
451 956 630 0 
370 -760 -244 0 
686 323 -414 0 
-952 746 -430 0 
856 -603 913 0 
-411 -363 -541 0 
-434 -849 579 0 
872 -652 538 0 
-119 -250 -986 0 
-796 -335 -504 0 
-827 -119 801 0 
391 -183 -937 0 
183 -694 861 0 
2 204 613 0 
957 627 -922 0 
974 105 -233 0 
626 -388 -733 0 
272 -555 172 0 
790 -738 351 0 
-730 917 945 0 
-262 -813 40 0 
76 803 -418 0 
-623 -117 896 0 
759 612 160 0 
-409 -680 -350 0 
-24 -188 521 0 
29 -791 -814 0 
-875 -668 942 0 
-496 945 -619 0 
333 -516 560 0 
-478 -455 -909 0 
31 506 -350 0 
-517 260 752 0 
-410 388 779 0 
-824 771 -20 0 
23 832 664 0 
-255 620 787 0 
-159 839 685 0 
-321 48 -384 0 
101 291 -138 0 
-546 252 460 0 
-975 924 -26 0 
796 642 -428 0 
-699 88 831 0 
-48 604 93 0 
528 480 -361 0 
-935 70 -905 0 
-953 808 766 0 
-79 265 -630 0 
673 -565 64 0 
-751 132 -504 0 
-127 -930 271 0 
-164 875 -731 0 
-193 -105 -453 0 
-242 594 917 0 
-238 -528 -19 0 
-114 522 -606 0 
-522 252 -607 0 
-81 687 -670 0 
624 -355 -255 0 
982 52 -995 0 
-927 -118 555 0 
-317 -752 672 0 
442 -740 411 0 
-199 181 156 0 
-852 959 -136 0 
616 996 -711 0 
952 -419 -283 0 
-14 338 -852 0 
-947 -971 44 0 
39 587 18 0 
-843 -924 -169 0 
900 157 566 0 
254 870 395 0 
-871 527 939 0 
796 90 618 0 
-621 862 -172 0 
-227 672 -510 0 
-856 -400 -50 0 
321 597 -692 0 
-612 770 -268 0 
-379 420 793 0 
546 568 -972 0 
256 913 819 0 
821 -953 525 0 
-37 -741 -13 0 
158 -384 -27 0 
567 451 536 0 
669 -448 721 0 
168 -556 627 0 
-63 -145 -377 0 
-699 396 176 0 
-362 344 874 0 
107 610 934 0 
362 -887 -803 0 
-219 -982 -18 0 
-585 -418 68 0 
514 -502 113 0 
-475 172 574 0 
-692 -461 281 0 
817 498 809 0 
-182 -156 -171 0 
642 -463 907 0 
-825 709 514 0 
-945 -258 664 0 
-761 28 167 0 
-930 -524 -224 0 
747 -493 411 0 
665 845 877 0 
833 -631 742 0 
-850 -367 -393 0 
-719 -19 39 0 
-748 -104 -860 0 
-62 -356 88 0 
-795 -409 943 0 
-494 -35 -284 0 
-304 -288 -240 0 
865 56 880 0 
809 163 233 0 
857 -832 846 0 
436 -845 -722 0 
-801 550 946 0 
-603 790 963 0 
-322 836 476 0 
-205 829 -811 0 
788 -591 233 0 
-353 -92 -719 0 
-578 3 -783 0 
-94 341 -902 0 
400 293 151 0 
-248 -646 -496 0 
-470 -381 -218 0 
796 558 -420 0 
-330 776 846 0 
23 146 567 0 
661 -448 -874 0 
-612 79 843 0 
-372 -131 -302 0 
850 -417 257 0 
-360 74 354 0 
89 920 -537 0 
876 148 406 0 
-885 -375 -744 0 
-832 -208 -684 0 
309 768 -67 0 
743 -41 -374 0 
-133 -275 369 0 
-831 -309 45 0 
905 -672 612 0 
209 -545 -546 0 
668 -826 241 0 
-234 -736 637 0 
-316 48 -104 0 
-891 946 -785 0 
-140 119 292 0 
-585 459 682 0 
20 -407 674 0 
217 768 -641 0 
476 119 -410 0 
-363 -664 416 0 
942 -59 265 0 
-796 -270 -78 0 
-368 -297 546 0 
-880 -108 802 0 
-564 390 -408 0 
711 180 718 0 
978 321 -802 0 
143 465 229 0 
538 -923 485 0 
-605 234 640 0 
-524 160 559 0 
-258 963 -460 0 
309 835 -584 0 
611 -230 -69 0 
753 93 794 0 
783 827 -64 0 
-722 87 -126 0 
658 -657 604 0 
805 -479 91 0 
-180 884 -126 0 
729 -18 61 0 
366 -529 507 0 
266 936 544 0 
201 844 -269 0 
191 -632 -30 0 
-709 572 181 0 
217 615 871 0 
-822 -204 -891 0 
844 203 515 0 
-954 832 -173 0 
-48 350 460 0 
656 329 497 0 
-747 168 -34 0 
-592 -401 -864 0 
-940 957 675 0 
-683 -191 82 0 
-745 606 -160 0 
356 -634 -170 0 
186 -206 -896 0 
81 -661 200 0 
944 -25 -488 0 
-373 -750 -647 0 
-877 851 246 0 
562 -931 -59 0 
-398 353 -639 0 
441 -988 -971 0 
543 273 -509 0 
408 -80 132 0 
-646 639 421 0 
179 718 -700 0 
938 -351 760 0 
287 -464 699 0 
739 -730 455 0 
-482 -174 622 0 
-977 -119 -38 0 
5 588 -804 0 
118 403 -967 0 
-336 -657 586 0 
452 597 -500 0 
-652 676 939 0 
625 -489 907 0 
378 -596 534 0 
-786 618 -576 0 
-402 763 302 0 
-945 133 -178 0 
-516 -256 -671 0 
185 -330 -478 0 
376 190 -734 0 
355 -642 578 0 
-347 837 253 0 
996 514 -904 0 
-860 74 -651 0 
-283 225 -136 0 
886 -793 -780 0 
129 700 642 0 
802 -829 167 0 
648 133 -396 0 
610 -828 853 0 
262 -887 -568 0 
593 732 869 0 
-665 161 -881 0 
792 -348 364 0 
385 91 -122 0 
43 -548 659 0 
610 357 476 0 
-904 632 672 0 
86 543 -391 0 
78 260 -355 0 
878 -461 -299 0 
-217 849 438 0 
-759 -179 -798 0 
960 -57 875 0 
325 -234 -717 0 
733 998 110 0 
-831 730 536 0 
628 -830 315 0 
-627 -700 870 0 
816 345 -410 0 
-105 -133 461 0 
-719 -492 -380 0 
502 770 98 0 
-195 469 -424 0 
-160 -191 488 0 
-937 55 722 0 
867 -903 554 0 
-5 659 -725 0 
270 -602 389 0 
888 959 770 0 
459 190 741 0 
357 987 -972 0 
-413 877 -497 0 
-238 -405 -911 0 
696 808 -938 0 
324 614 -625 0 
-859 -949 -700 0 
-94 -895 50 0 
-663 228 -445 0 
2 548 891 0 
495 -748 -490 0 
-872 -312 -190 0 
35 789 194 0 
-84 397 221 0 
-9 -479 521 0 
399 -163 652 0 
