p cnf 1000 3000
846 -137 -925 0 
-869 -990 645 0 
-268 -768 -45 0 
-615 986 736 0 
-448 -996 933 0 
307 -640 -374 0 
998 735 -963 0 
-501 36 -149 0 
-301 256 138 0 
-983 -469 864 0 
-832 938 -911 0 
487 575 902 0 
731 66 366 0 
65 391 -266 0 
-437 974 -946 0 
962 -526 -335 0 
161 692 -428 0 
949 -402 926 0 
-756 -545 -983 0 
-897 905 -840 0 
-675 -657 838 0 
99 810 -585 0 
-782 -208 -139 0 
969 -646 335 0 
-320 -211 534 0 
-604 762 210 0 
-127 984 669 0 
251 -859 589 0 
590 -662 692 0 
804 746 -251 0 
820 -572 -318 0 
898 411 -389 0 
407 747 968 0 
-701 -726 824 0 
122 556 -270 0 
-552 8 -874 0 
251 229 -998 0 
-53 829 -975 0 
-496 522 21 0 
450 129 550 0 
-951 955 581 0 
145 967 553 0 
196 318 209 0 
511 -933 45 0 
-547 878 252 0 
849 -30 -866 0 
-753 698 -529 0 
372 410 -341 0 
-585 858 -3 0 
959 461 5 0 
-861 -782 -325 0 
-290 -434 -663 0 
-76 -281 538 0 
-973 -452 525 0 
-446 120 190 0 
630 -328 170 0 
-430 248 25 0 
-138 164 -738 0 
822 -771 926 0 
-957 -188 692 0 
-758 800 439 0 
-188 -756 764 0 
162 904 -647 0 
378 171 500 0 
-580 -25 505 0 
719 -60 -710 0 
160 934 228 0 
271 -817 -991 0 
560 52 62 0 
-838 533 234 0 
684 576 982 0 
448 -443 -214 0 
-920 101 965 0 
556 664 604 0 
955 471 -899 0 
-109 683 -51 0 
59 -259 494 0 
866 -693 -385 0 
764 139 310 0 
539 361 745 0 
-1 -483 -717 0 
457 -379 -392 0 
165 -240 -135 0 
-283 248 -345 0 
-193 -787 -996 0 
-35 -324 571 0 
-159 849 134 0 
-422 431 -294 0 
588 944 -390 0 
-220 -641 -867 0 
-138 -775 -207 0 
583 653 304 0 
675 -5 397 0 
-172 -253 -528 0 
-644 81 -663 0 
105 777 242 0 
224 865 -374 0 
-158 215 110 0 
-737 -256 -684 0 
-406 763 -282 0 
-746 872 730 0 
877 211 522 0 
-806 293 -595 0 
-954 826 -266 0 
262 613 -713 0 
-351 -288 727 0 
-919 90 -663 0 
753 356 145 0 
-509 -70 -9 0 
282 846 -500 0 
-869 -867 105 0 
-994 152 759 0 
-160 631 571 0 
448 841 329 0 
886 -473 -783 0 
-275 -708 706 0 
-333 -283 -38 0 
-384 -84 6 0 
-836 -202 190 0 
358 -501 -363 0 
-136 -94 -755 0 
30 -761 -808 0 
995 -383 -464 0 
621 -417 3 0 
-332 597 -214 0 
979 84 -21 0 
190 555 -237 0 
-480 66 -542 0 
-961 -861 128 0 
-570 726 -251 0 
-180 884 856 0 
-214 319 -715 0 
-357 -283 -173 0 
25 342 570 0 
-728 -4 220 0 
-37 580 131 0 
63 296 -222 0 
300 142 275 0 
-476 643 670 0 
-122 -702 725 0 
-102 -439 -793 0 
-547 -933 984 0 
866 -575 -982 0 
267 60 -242 0 
-871 358 54 0 
86 309 -583 0 
-191 382 797 0 
716 34 90 0 
194 559 -609 0 
334 918 114 0 
944 -587 -395 0 
-741 215 -444 0 
399 -763 -513 0 
28 15 307 0 
742 925 212 0 
98 781 -294 0 
-886 -494 -165 0 
234 -89 -198 0 
-233 390 88 0 
-110 462 -163 0 
-923 -691 -924 0 
-803 391 -65 0 
-726 916 -930 0 
-690 582 -610 0 
-361 448 543 0 
470 492 902 0 
104 600 -153 0 
-104 834 -169 0 
17 408 605 0 
-752 -120 105 0 
506 580 494 0 
247 -420 580 0 
81 11 999 0 
467 -52 164 0 
-615 459 909 0 
273 260 130 0 
-511 208 327 0 
137 -837 962 0 
-256 957 -897 0 
-666 -927 692 0 
-601 155 163 0 
-46 -235 851 0 
537 -436 292 0 
884 -208 14 0 
-926 -249 632 0 
68 769 163 0 
-551 299 575 0 
-24 -871 248 0 
764 -548 615 0 
-970 -783 -789 0 
-169 241 906 0 
-697 663 678 0 
-985 176 207 0 
725 -265 556 0 
-856 153 683 0 
-511 699 -565 0 
648 -861 -844 0 
476 -329 698 0 
114 555 -620 0 
630 1000 413 0 
-703 29 -741 0 
-233 799 -912 0 
-244 702 316 0 
697 -16 271 0 
839 540 -734 0 
586 685 -997 0 
-512 68 -708 0 
320 -392 -972 0 
-453 -402 -35 0 
23 114 -70 0 
-98 -758 -91 0 
-647 316 821 0 
-983 208 -146 0 
-356 -6 -563 0 
-322 656 -597 0 
-975 -867 792 0 
-187 -993 489 0 
-699 -330 -687 0 
867 912 212 0 
316 -524 -613 0 
-705 560 -487 0 
-347 -598 -791 0 
440 652 -877 0 
-72 279 -89 0 
-65 -717 -234 0 
-110 466 -46 0 
-177 151 -306 0 
-322 -65 163 0 
-189 117 -525 0 
695 395 896 0 
-867 -907 262 0 
-386 944 -596 0 
814 -900 -207 0 
766 -859 -630 0 
-865 427 872 0 
249 -562 -75 0 
-43 -326 -745 0 
962 -753 961 0 
334 818 302 0 
25 717 949 0 
510 -673 345 0 
-299 39 32 0 
-119 918 -11 0 
-67 -204 -477 0 
272 -531 -151 0 
239 -405 -936 0 
-195 -269 119 0 
-731 555 745 0 
-139 -944 -739 0 
485 -629 -770 0 
-642 -82 -644 0 
-590 815 -83 0 
152 -421 -592 0 
268 -839 -214 0 
-568 -395 685 0 
-148 241 -736 0 
-596 -173 694 0 
889 -486 -713 0 
894 -530 -408 0 
126 821 -408 0 
227 761 -886 0 
446 -846 -666 0 
-367 682 -99 0 
306 582 230 0 
189 -920 414 0 
-702 783 -756 0 
706 952 -720 0 
-752 453 -237 0 
-626 -868 -117 0 
13 484 892 0 
103 -739 -22 0 
-59 308 877 0 
-573 371 299 0 
-293 -877 -546 0 
514 432 901 0 
224 -507 144 0 
352 345 513 0 
-546 502 658 0 
201 -799 113 0 
301 -211 299 0 
-885 -198 600 0 
-14 380 344 0 
-414 -525 968 0 
-818 -693 -578 0 
375 -111 -834 0 
-768 189 -108 0 
261 -224 636 0 
-521 -237 -945 0 
-979 -296 -207 0 
-687 -471 -297 0 
-601 -24 -181 0 
-314 -861 366 0 
65 -644 -825 0 
-295 557 -558 0 
199 -880 -511 0 
-905 403 758 0 
-443 786 902 0 
-19 165 -99 0 
303 474 -850 0 
-700 600 742 0 
-879 594 -544 0 
-97 -924 -311 0 
647 971 -184 0 
-818 357 33 0 
411 9 -644 0 
532 -336 663 0 
-69 -189 302 0 
777 -608 -359 0 
513 -943 538 0 
810 911 -634 0 
-553 -911 -260 0 
-699 932 -278 0 
713 503 -254 0 
747 -304 105 0 
579 -235 -974 0 
-408 436 -720 0 
-433 41 413 0 
-563 144 -628 0 
-768 -726 292 0 
-943 -287 -74 0 
972 -316 593 0 
-546 691 -27 0 
-372 912 -437 0 
-528 -273 715 0 
-354 -656 619 0 
584 -71 271 0 
-490 -672 -538 0 
-357 -2 990 0 
-464 -326 -988 0 
777 615 453 0 
-805 -948 -327 0 
-982 -467 504 0 
-588 81 -313 0 
-575 307 226 0 
577 627 793 0 
-282 -846 -968 0 
74 -366 -628 0 
869 -920 -436 0 
-32 844 522 0 
252 -47 -731 0 
98 413 -908 0 
-690 -243 49 0 
-232 79 -784 0 
-389 319 -525 0 
-883 -770 -147 0 
-680 -865 -579 0 
-877 -729 559 0 
-466 198 -361 0 
-214 478 719 0 
-689 -37 -701 0 
66 999 -230 0 
-785 -815 537 0 
718 193 -342 0 
718 809 -230 0 
532 567 -23 0 
-67 717 -92 0 
42 -184 -554 0 
-853 339 574 0 
-88 -871 416 0 
-977 -500 481 0 
886 -43 -579 0 
-709 -880 -878 0 
-58 985 421 0 
-833 -977 980 0 
974 -807 746 0 
230 387 -760 0 
962 507 133 0 
-634 -858 539 0 
265 -740 -692 0 
-81 536 -727 0 
173 -69 -777 0 
463 -375 -271 0 
59 748 -800 0 
-444 -294 -13 0 
-208 -177 605 0 
700 -299 453 0 
698 38 718 0 
-271 593 -560 0 
-194 -227 -114 0 
-437 -552 -65 0 
7 -649 905 0 
-183 873 -953 0 
143 -970 -719 0 
63 -946 -194 0 
-109 -760 -210 0 
636 -327 -304 0 
494 -893 -935 0 
-552 707 395 0 
-456 -453 -149 0 
-226 -255 -966 0 
79 -947 -756 0 
313 -105 267 0 
-775 -668 -254 0 
-932 101 97 0 
370 144 822 0 
-419 -641 901 0 
-210 901 -516 0 
-929 881 -707 0 
-254 665 618 0 
-39 638 -584 0 
386 -409 961 0 
761 6 -884 0 
912 -230 -803 0 
510 -900 348 0 
-472 317 874 0 
326 943 -112 0 
396 75 828 0 
658 -150 565 0 
-250 -603 30 0 
-362 728 967 0 
-671 -409 -723 0 
906 717 -730 0 
42 -61 470 0 
228 -584 705 0 
827 948 769 0 
-819 -580 -487 0 
-833 870 -761 0 
468 571 -667 0 
-62 -334 -835 0 
-29 -702 -311 0 
-510 -625 606 0 
-101 -97 167 0 
-513 -55 -912 0 
-578 314 -589 0 
331 33 -712 0 
-765 -394 -756 0 
-87 -411 -398 0 
-953 26 898 0 
535 -136 -823 0 
305 209 930 0 
422 -931 147 0 
723 -694 -827 0 
-483 -476 334 0 
-819 -600 773 0 
606 458 821 0 
986 -903 -179 0 
470 -239 -995 0 
981 835 -292 0 
849 946 -597 0 
-763 -874 432 0 
518 348 -256 0 
-94 -573 291 0 
-753 965 41 0 
959 25 703 0 
-670 -824 -752 0 
-79 293 -367 0 
9 -930 -13 0 
-961 -86 238 0 
659 386 666 0 
991 -399 -608 0 
-49 571 -91 0 
861 -752 668 0 
-281 -419 484 0 
684 -991 -186 0 
398 408 908 0 
906 453 809 0 
336 -507 -560 0 
-820 -798 -835 0 
745 -662 872 0 
-574 -589 151 0 
780 876 898 0 
-3 729 740 0 
-315 695 871 0 
53 -782 702 0 
-626 274 -899 0 
705 294 -708 0 
797 587 -260 0 
121 427 45 0 
221 594 788 0 
-628 -440 257 0 
798 -581 804 0 
310 935 477 0 
-22 467 -443 0 
-66 572 313 0 
928 165 168 0 
442 600 -845 0 
-825 142 -254 0 
854 441 -203 0 
333 227 714 0 
-144 -943 -693 0 
-618 583 -889 0 
-803 741 730 0 
-641 453 -948 0 
-228 -956 28 0 
-536 -788 -593 0 
916 -337 477 0 
-1000 821 413 0 
602 -312 -62 0 
182 -243 371 0 
-204 125 -636 0 
-677 963 297 0 
787 804 -753 0 
-938 -987 158 0 
-287 346 -67 0 
-690 40 501 0 
246 -411 -945 0 
203 -212 495 0 
-540 591 -78 0 
590 472 -473 0 
-595 76 -824 0 
-393 -691 535 0 
-255 783 -774 0 
904 -463 198 0 
617 653 619 0 
776 209 -252 0 
380 -1000 28 0 
-472 21 622 0 
-351 -359 429 0 
239 82 -937 0 
484 -265 521 0 
287 353 341 0 
-890 -343 481 0 
-76 149 -192 0 
137 -668 -171 0 
253 -614 923 0 
94 -268 -803 0 
-575 -613 -105 0 
540 400 879 0 
-998 -910 -946 0 
633 -309 952 0 
-122 -176 -145 0 
-279 -68 -705 0 
642 515 -808 0 
245 -941 -431 0 
646 -480 -526 0 
839 -594 709 0 
-118 -954 522 0 
872 -237 780 0 
-244 352 -296 0 
1 -642 -881 0 
-174 -757 487 0 
448 -674 825 0 
531 79 869 0 
-952 310 -72 0 
682 -517 495 0 
-805 -160 145 0 
-365 -589 921 0 
315 116 -574 0 
-686 340 -229 0 
-268 -255 -169 0 
423 -429 -720 0 
182 937 623 0 
822 307 392 0 
-696 896 -680 0 
974 437 786 0 
-388 199 -829 0 
422 -386 831 0 
645 594 350 0 
-133 -59 949 0 
-762 226 -634 0 
83 536 654 0 
642 -749 -696 0 
452 743 53 0 
-280 256 -711 0 
404 266 225 0 
887 -745 285 0 
385 135 -300 0 
-255 472 447 0 
975 128 482 0 
28 374 363 0 
418 164 -779 0 
-443 -975 545 0 
82 199 367 0 
68 909 700 0 
217 -19 -265 0 
-766 465 -421 0 
165 -923 359 0 
-145 -798 -951 0 
56 304 583 0 
-600 145 199 0 
-119 799 51 0 
-87 886 760 0 
686 -403 846 0 
631 606 -344 0 
-472 -193 236 0 
412 -537 603 0 
369 765 -722 0 
-657 819 531 0 
104 501 -418 0 
275 633 -283 0 
367 713 660 0 
418 -442 -949 0 
331 868 -107 0 
159 -36 764 0 
-606 933 109 0 
-476 665 377 0 
373 -680 140 0 
-670 -129 852 0 
-504 862 -759 0 
208 -438 -433 0 
517 -189 525 0 
113 31 927 0 
785 135 560 0 
779 -843 -503 0 
-456 287 963 0 
-805 677 -697 0 
-753 -155 337 0 
38 319 -703 0 
-349 -845 -531 0 
-579 647 406 0 
382 -296 962 0 
-791 456 755 0 
363 10 424 0 
746 -943 -282 0 
-871 -669 564 0 
267 652 -351 0 
129 -1000 181 0 
-660 92 401 0 
722 215 -137 0 
855 967 -323 0 
-942 897 454 0 
-676 -955 -771 0 
-818 -369 99 0 
-513 -889 214 0 
682 463 -506 0 
868 -602 121 0 
-118 -50 733 0 
-469 -41 -301 0 
-761 625 911 0 
962 644 174 0 
-132 -872 121 0 
14 598 710 0 
-928 44 121 0 
792 50 -485 0 
-76 -424 -922 0 
501 -209 -386 0 
57 -982 937 0 
-37 203 -784 0 
-491 -59 31 0 
-850 -213 632 0 
910 712 -563 0 
-320 67 927 0 
-816 -249 -638 0 
-672 -380 -73 0 
-530 26 -628 0 
-464 803 -827 0 
422 -846 -465 0 
59 973 -213 0 
-377 732 -555 0 
204 228 -694 0 
684 -282 -623 0 
-336 331 214 0 
-778 -662 -49 0 
487 993 -372 0 
927 714 37 0 
103 787 -73 0 
-56 -421 479 0 
886 -849 -608 0 
503 477 -953 0 
445 -273 659 0 
-79 66 977 0 
-111 -431 -951 0 
154 1 -571 0 
-279 66 -231 0 
131 163 520 0 
-197 760 -305 0 
-618 -568 884 0 
-897 928 -469 0 
402 -829 -737 0 
-294 -689 138 0 
-914 377 339 0 
274 -821 2 0 
18 -712 -326 0 
452 -898 -345 0 
-937 -14 229 0 
477 -85 49 0 
-138 -980 -460 0 
667 -657 -393 0 
664 -152 -944 0 
-11 877 675 0 
-733 -451 266 0 
197 -759 227 0 
-857 600 595 0 
-737 -196 -212 0 
715 233 701 0 
759 -980 -701 0 
486 -420 -822 0 
-478 761 616 0 
-515 -623 685 0 
146 -906 487 0 
-253 -51 465 0 
-303 -971 -156 0 
-663 305 112 0 
-50 -938 -690 0 
287 527 399 0 
-784 945 530 0 
864 -260 135 0 
-93 -663 -188 0 
412 557 -747 0 
-898 915 352 0 
-176 291 -960 0 
-888 -300 -616 0 
-917 501 524 0 
951 791 904 0 
399 703 966 0 
-608 -69 690 0 
-854 -716 452 0 
420 -505 -530 0 
-179 -755 397 0 
-693 -652 43 0 
364 -53 498 0 
-87 782 708 0 
61 -856 906 0 
995 673 23 0 
-750 425 -534 0 
-935 479 709 0 
-6 -589 807 0 
279 -18 -710 0 
264 61 947 0 
-797 154 556 0 
838 965 662 0 
-26 -579 -737 0 
-185 -280 288 0 
-310 910 9 0 
182 -433 -828 0 
566 395 -467 0 
740 -780 333 0 
-528 215 921 0 
68 -659 587 0 
220 -44 -321 0 
-822 -585 -714 0 
674 989 226 0 
-502 276 -159 0 
49 553 -917 0 
94 -189 619 0 
-84 -989 -819 0 
920 -561 688 0 
854 -72 -57 0 
891 -308 965 0 
224 -368 797 0 
448 856 798 0 
40 986 -113 0 
303 565 -619 0 
-301 -934 -384 0 
-754 240 -585 0 
65 -761 -751 0 
683 -308 996 0 
-711 242 -453 0 
580 -678 857 0 
-908 96 -197 0 
-707 434 -947 0 
734 -301 843 0 
456 748 -951 0 
636 233 265 0 
-751 -645 -860 0 
238 32 -945 0 
890 370 -549 0 
637 307 -151 0 
744 109 227 0 
871 863 -81 0 
-229 -933 -187 0 
974 -528 -608 0 
-26 -708 -395 0 
928 -373 343 0 
-174 -438 818 0 
-420 942 911 0 
637 95 -108 0 
-870 799 65 0 
8 834 -490 0 
-167 -366 125 0 
-912 -423 -582 0 
593 513 796 0 
-202 828 -810 0 
14 989 -904 0 
517 148 975 0 
-372 -924 822 0 
-390 699 35 0 
-916 -691 -861 0 
-187 -130 -694 0 
-175 460 148 0 
36 -297 -362 0 
-171 -369 -767 0 
-354 989 -281 0 
-688 529 66 0 
-841 551 587 0 
-830 -45 418 0 
-615 -439 10 0 
-54 536 -889 0 
296 -547 571 0 
437 316 -17 0 
253 -130 -822 0 
-32 540 308 0 
-765 386 870 0 
369 949 605 0 
712 -251 213 0 
825 10 -899 0 
-428 750 -833 0 
545 324 811 0 
-34 709 -433 0 
578 -864 -462 0 
959 -812 784 0 
-69 32 965 0 
257 308 219 0 
39 -845 -208 0 
-656 416 -447 0 
-394 922 991 0 
-912 -145 451 0 
287 -266 971 0 
-797 -555 436 0 
14 -258 -716 0 
-747 721 -23 0 
-652 240 713 0 
166 -937 559 0 
948 955 -55 0 
271 166 314 0 
-652 -862 -395 0 
62 -453 745 0 
-91 981 737 0 
-211 -547 48 0 
-752 -803 121 0 
32 777 356 0 
895 155 -376 0 
471 276 644 0 
773 192 -324 0 
-195 -80 96 0 
161 649 -744 0 
856 229 694 0 
-864 754 678 0 
187 806 234 0 
-773 168 431 0 
682 309 -139 0 
-72 -850 -524 0 
614 -656 486 0 
-229 923 914 0 
-929 -510 619 0 
871 188 -209 0 
458 421 -174 0 
540 515 -575 0 
-615 -769 -691 0 
-678 -962 -10 0 
35 355 -948 0 
700 758 770 0 
-892 -897 -645 0 
-422 -217 833 0 
206 -935 40 0 
-209 -475 -949 0 
211 -568 445 0 
-385 -398 298 0 
678 -729 -548 0 
354 -264 -900 0 
-134 -240 593 0 
-488 -132 523 0 
-507 52 -853 0 
-490 156 -369 0 
-652 -570 -889 0 
-576 -258 809 0 
538 -290 -255 0 
-770 597 117 0 
543 774 -550 0 
641 486 260 0 
-656 -737 -873 0 
61 783 1 0 
184 949 -436 0 
-432 -992 -689 0 
-742 300 207 0 
-58 841 -482 0 
-276 814 495 0 
-202 602 176 0 
386 823 -732 0 
740 -742 524 0 
738 179 819 0 
696 795 238 0 
509 244 155 0 
-522 484 100 0 
287 -504 -763 0 
-131 830 -720 0 
503 710 902 0 
-89 -292 237 0 
-25 424 -608 0 
599 -904 84 0 
-540 697 -206 0 
547 909 585 0 
-265 -967 519 0 
-762 -599 -682 0 
-986 5 654 0 
945 -752 471 0 
-581 -115 775 0 
-946 771 -841 0 
987 766 -911 0 
969 -930 -222 0 
306 -921 -325 0 
727 622 525 0 
10 120 21 0 
-569 633 -997 0 
-538 -190 838 0 
821 593 -508 0 
614 667 -27 0 
324 396 127 0 
-973 569 793 0 
51 -438 311 0 
369 -868 -188 0 
-206 125 -624 0 
-888 873 194 0 
-392 851 -296 0 
936 570 -307 0 
-408 -317 828 0 
589 -763 -76 0 
8 189 851 0 
91 422 22 0 
-88 -862 752 0 
552 879 -907 0 
430 -532 -851 0 
271 -613 117 0 
-536 111 -874 0 
438 -226 262 0 
-418 507 772 0 
-329 955 944 0 
302 -330 823 0 
912 163 -524 0 
993 -761 -864 0 
200 519 823 0 
844 -832 648 0 
460 -987 651 0 
305 607 -567 0 
87 -855 -686 0 
185 -515 485 0 
888 554 105 0 
43 -85 -50 0 
253 -708 -731 0 
485 62 14 0 
987 293 261 0 
332 -259 928 0 
-82 -355 -602 0 
-504 776 59 0 
572 -292 -887 0 
-814 406 976 0 
-280 965 -841 0 
704 -391 463 0 
-514 -866 792 0 
-414 -683 -301 0 
-698 -31 724 0 
-941 -118 -70 0 
-129 886 368 0 
69 447 -212 0 
748 -346 124 0 
401 -742 -852 0 
330 -199 963 0 
-439 509 -541 0 
-513 291 873 0 
122 -250 -213 0 
-568 -393 -50 0 
108 204 412 0 
-544 -776 -527 0 
500 -352 73 0 
607 -335 -929 0 
36 -440 -354 0 
20 -584 -326 0 
-834 -136 -676 0 
717 579 162 0 
-290 -764 -84 0 
-467 398 325 0 
-641 -339 950 0 
-757 481 991 0 
-720 679 -609 0 
-664 -94 -384 0 
822 -952 731 0 
-195 -4 -484 0 
-699 -769 799 0 
336 481 555 0 
469 814 -545 0 
-102 56 793 0 
994 162 954 0 
-430 680 -577 0 
-166 -511 -457 0 
181 -177 322 0 
-350 -297 269 0 
5 615 -677 0 
534 -128 163 0 
904 -952 -973 0 
-209 898 -27 0 
-551 -945 -868 0 
917 -496 -629 0 
897 -217 -347 0 
828 -544 708 0 
-842 -800 -943 0 
170 -713 -106 0 
19 -175 -926 0 
428 464 188 0 
430 -95 176 0 
580 -604 -947 0 
110 -108 -803 0 
833 -194 459 0 
578 682 -779 0 
-836 -561 -75 0 
262 -972 587 0 
508 -360 44 0 
606 18 464 0 
-184 -577 -148 0 
827 743 -853 0 
357 413 769 0 
-153 -501 -795 0 
767 783 -942 0 
83 -290 -780 0 
-430 316 -778 0 
471 -131 21 0 
-437 124 674 0 
559 -681 211 0 
949 -808 -572 0 
-742 -139 -146 0 
362 -460 811 0 
-734 -757 -917 0 
421 -742 649 0 
373 286 -815 0 
538 -957 -150 0 
-221 783 -128 0 
538 -177 -353 0 
-713 -494 -193 0 
968 502 -734 0 
-541 -781 433 0 
640 681 -348 0 
-978 -4 2 0 
951 -53 -350 0 
868 217 -355 0 
-870 -973 -366 0 
-889 -737 169 0 
914 -69 361 0 
692 -935 861 0 
-474 -276 -687 0 
104 -93 918 0 
-346 702 242 0 
-734 612 419 0 
413 -496 474 0 
-577 -174 752 0 
-368 492 859 0 
389 755 -26 0 
-779 533 914 0 
887 256 971 0 
486 -748 -435 0 
-52 479 118 0 
-281 -215 -421 0 
267 53 538 0 
512 981 -722 0 
250 182 504 0 
561 893 -298 0 
482 -438 -18 0 
-89 -872 459 0 
95 352 -932 0 
906 -827 873 0 
641 -141 540 0 
-653 154 206 0 
-965 18 377 0 
-785 435 790 0 
887 32 728 0 
-15 -259 -411 0 
913 842 29 0 
267 -648 324 0 
129 492 574 0 
-808 -804 -820 0 
-699 -245 240 0 
-927 165 -902 0 
-600 -369 -511 0 
-506 510 -581 0 
119 903 -426 0 
-919 -185 881 0 
-63 268 -440 0 
952 143 106 0 
-147 -564 696 0 
238 80 -569 0 
-737 939 -235 0 
-672 790 -546 0 
-198 -772 478 0 
-800 -40 -22 0 
-739 -631 -981 0 
-673 -416 -93 0 
-823 -845 -424 0 
-409 833 264 0 
965 687 -361 0 
284 -581 526 0 
522 -576 126 0 
969 -289 421 0 
-464 522 -151 0 
-287 665 -4 0 
-271 257 -333 0 
-906 827 -634 0 
-987 -79 -669 0 
-596 -49 -721 0 
950 40 877 0 
-309 -492 179 0 
-71 213 -586 0 
94 1000 721 0 
361 -261 466 0 
441 -158 240 0 
225 229 -146 0 
-216 -637 -545 0 
724 -367 -915 0 
-24 -527 -321 0 
-755 -937 754 0 
-926 -867 -343 0 
161 386 249 0 
55 -883 807 0 
682 304 -87 0 
-973 657 -64 0 
638 -452 129 0 
-18 840 -123 0 
-327 -408 279 0 
-14 340 863 0 
996 895 203 0 
796 476 -540 0 
279 214 -49 0 
-234 865 369 0 
-316 -411 -941 0 
-756 -782 -582 0 
-763 518 138 0 
66 -377 -982 0 
480 -893 -62 0 
-342 -340 -618 0 
-26 -614 -515 0 
930 90 -346 0 
-172 -987 404 0 
-866 368 384 0 
917 762 -338 0 
868 185 -464 0 
-218 677 251 0 
755 640 199 0 
-584 -808 978 0 
-923 881 772 0 
-808 -372 -546 0 
-945 423 -825 0 
265 -505 -457 0 
355 718 826 0 
291 918 670 0 
-157 643 -307 0 
652 -4 -2 0 
704 -183 747 0 
944 463 -626 0 
-66 -754 729 0 
11 613 -33 0 
801 -535 -965 0 
627 856 -972 0 
114 663 -953 0 
-503 69 -9 0 
20 972 -144 0 
-113 59 -507 0 
-205 387 -73 0 
201 -652 310 0 
-921 348 380 0 
59 965 807 0 
-8 715 -480 0 
951 365 855 0 
-854 -987 893 0 
-367 659 202 0 
564 -219 -427 0 
843 -422 -757 0 
334 95 227 0 
350 494 567 0 
-495 -326 -184 0 
-970 -280 893 0 
715 336 522 0 
-170 -420 602 0 
181 -106 -332 0 
-970 -384 -539 0 
628 205 -274 0 
110 480 883 0 
-211 -767 -289 0 
-511 -940 930 0 
872 158 -737 0 
941 566 -763 0 
-390 781 -976 0 
-630 -259 837 0 
106 666 38 0 
426 164 546 0 
-644 582 -619 0 
-224 865 -245 0 
-808 -582 -396 0 
230 970 -991 0 
659 -935 522 0 
670 289 965 0 
-659 -569 -417 0 
643 691 765 0 
157 567 -270 0 
11 -914 232 0 
-503 -614 -353 0 
-323 49 248 0 
-143 625 365 0 
660 -888 -460 0 
-368 -81 -619 0 
-761 938 -700 0 
-450 153 -917 0 
544 148 526 0 
-101 -568 -316 0 
211 726 -721 0 
263 586 -995 0 
-205 -554 662 0 
556 -296 -872 0 
815 -913 792 0 
444 881 783 0 
-938 194 925 0 
228 655 460 0 
509 797 383 0 
-909 421 862 0 
-806 -624 -449 0 
369 457 813 0 
964 -576 -295 0 
822 -319 785 0 
201 -908 899 0 
356 -509 -580 0 
160 -489 645 0 
815 -324 -597 0 
-894 -836 380 0 
-226 836 -669 0 
-852 762 527 0 
-929 769 657 0 
-858 948 119 0 
580 898 -922 0 
129 -557 416 0 
59 -795 -22 0 
-718 798 446 0 
-102 -764 -545 0 
980 917 -206 0 
505 -371 20 0 
830 -850 -716 0 
742 252 593 0 
23 659 -950 0 
478 431 173 0 
-282 -126 917 0 
-759 580 482 0 
-239 -244 271 0 
250 -894 251 0 
-810 -349 93 0 
-353 -898 -199 0 
734 -661 569 0 
-120 729 644 0 
-594 598 471 0 
-882 514 437 0 
643 -670 324 0 
-937 -897 151 0 
-767 741 -891 0 
-730 -625 479 0 
860 601 562 0 
-913 514 109 0 
-356 355 251 0 
-276 921 -458 0 
691 889 -617 0 
75 -855 19 0 
990 -160 -597 0 
845 -719 -356 0 
-430 435 561 0 
269 -288 -929 0 
-359 199 -677 0 
-799 50 868 0 
-240 -238 -813 0 
-246 237 475 0 
723 -57 -731 0 
-418 704 312 0 
206 776 31 0 
-743 -124 712 0 
-707 370 165 0 
-527 884 530 0 
-223 -903 277 0 
-215 -112 672 0 
-96 -425 84 0 
-117 -724 72 0 
783 -39 -960 0 
698 497 905 0 
45 -443 334 0 
685 -330 -877 0 
-577 426 -937 0 
-305 195 371 0 
-804 732 -238 0 
-925 -337 -615 0 
128 178 -931 0 
-628 927 983 0 
-469 -766 480 0 
505 799 -863 0 
41 -325 -122 0 
344 -209 -903 0 
-996 -429 -415 0 
301 -243 -898 0 
-254 781 -24 0 
530 -611 555 0 
669 -137 96 0 
862 737 -997 0 
-154 518 324 0 
167 680 847 0 
258 -736 -783 0 
120 933 493 0 
657 -927 391 0 
-939 522 -540 0 
399 713 139 0 
114 25 309 0 
646 169 135 0 
-87 -634 395 0 
304 5 779 0 
463 806 943 0 
726 -794 880 0 
33 325 -501 0 
-123 -788 -608 0 
-631 129 -488 0 
756 596 255 0 
-180 353 571 0 
-540 -69 -812 0 
740 -393 -730 0 
-207 -733 -195 0 
-500 49 -929 0 
782 731 -813 0 
-441 -108 965 0 
475 -789 -141 0 
953 -904 790 0 
124 -264 -344 0 
298 612 208 0 
956 236 162 0 
882 -682 391 0 
305 -659 -374 0 
-987 -452 455 0 
-117 -540 680 0 
940 -924 651 0 
567 -21 -923 0 
200 -604 653 0 
-295 -893 -654 0 
-820 -281 671 0 
629 683 -705 0 
-368 579 -180 0 
-530 87 -717 0 
793 -144 586 0 
-318 -557 825 0 
-920 24 -527 0 
-953 -303 -751 0 
712 -185 265 0 
329 -466 -260 0 
-158 -662 449 0 
310 -938 -708 0 
707 -944 441 0 
894 900 60 0 
865 -540 -492 0 
-459 -626 232 0 
-11 842 -13 0 
752 -707 -177 0 
924 -918 -777 0 
-987 440 754 0 
-577 -333 -551 0 
423 758 190 0 
-783 -301 985 0 
950 561 248 0 
984 -620 -605 0 
-339 94 831 0 
-845 -838 411 0 
-38 -763 48 0 
-592 -153 -387 0 
-106 539 -354 0 
-890 -747 -480 0 
875 -478 -623 0 
850 166 -443 0 
-131 256 446 0 
672 337 -561 0 
-726 -701 446 0 
-877 246 472 0 
963 232 -207 0 
-666 992 -131 0 
966 -427 -854 0 
-669 78 -131 0 
275 11 -646 0 
-85 360 -285 0 
659 251 204 0 
-29 -661 128 0 
-448 884 163 0 
-102 -632 42 0 
439 -255 171 0 
-795 -553 273 0 
-376 -798 243 0 
-620 -888 -527 0 
-10 -780 -799 0 
-86 522 -269 0 
-351 -251 850 0 
720 937 -612 0 
856 -912 -377 0 
816 -679 639 0 
93 -58 -693 0 
-969 -749 524 0 
554 613 779 0 
-875 -531 278 0 
-679 308 981 0 
-292 -570 703 0 
647 -268 901 0 
858 -872 518 0 
312 -508 345 0 
-921 -803 669 0 
509 347 751 0 
363 744 166 0 
-854 -87 580 0 
-495 -619 306 0 
97 739 -16 0 
29 -85 -335 0 
-779 -273 21 0 
-194 152 -864 0 
-652 523 739 0 
268 986 -366 0 
118 152 -67 0 
391 884 -386 0 
-108 393 71 0 
-148 937 -604 0 
950 359 363 0 
-221 -258 394 0 
663 304 -100 0 
-735 816 98 0 
240 -67 34 0 
757 86 695 0 
-168 -353 -265 0 
-76 816 721 0 
986 -871 322 0 
-210 -815 -673 0 
534 823 381 0 
784 785 64 0 
-763 615 -600 0 
-471 972 -473 0 
574 -201 -688 0 
170 525 609 0 
-744 579 -478 0 
-547 516 422 0 
-403 -731 -495 0 
383 544 516 0 
-427 665 298 0 
-593 -255 961 0 
331 9 -454 0 
905 351 -307 0 
-695 -693 -707 0 
-419 846 -86 0 
-332 862 326 0 
-762 296 955 0 
871 189 252 0 
-893 -495 562 0 
-178 -968 651 0 
-548 -651 -234 0 
-291 49 -425 0 
680 448 -445 0 
288 -754 -488 0 
-875 -895 708 0 
653 -684 912 0 
525 308 -419 0 
-595 500 -831 0 
187 722 664 0 
971 -772 717 0 
-610 -924 -795 0 
-487 -763 -987 0 
446 -207 551 0 
873 -60 -75 0 
740 772 -737 0 
-379 141 74 0 
99 -354 188 0 
-520 -834 898 0 
910 -683 137 0 
84 -302 -427 0 
-871 668 -262 0 
-950 1 247 0 
-894 239 762 0 
-666 -357 -959 0 
760 -962 -159 0 
491 85 -379 0 
-946 -822 -194 0 
-600 942 -469 0 
310 -364 859 0 
-587 -133 859 0 
-451 -93 -109 0 
-999 329 -603 0 
558 -733 620 0 
-501 739 -237 0 
623 -784 61 0 
-412 79 869 0 
89 819 442 0 
942 670 -204 0 
653 -759 209 0 
91 635 -899 0 
208 356 -509 0 
-377 -243 235 0 
642 -57 200 0 
-253 -245 -224 0 
808 -215 461 0 
-339 -589 353 0 
-855 -853 -258 0 
91 -696 -367 0 
-959 -435 628 0 
-632 -741 -569 0 
252 551 163 0 
-122 -750 983 0 
-218 -196 918 0 
-418 -495 907 0 
564 -620 -700 0 
866 612 -268 0 
-489 761 6 0 
634 -347 -406 0 
-946 834 742 0 
-303 -40 944 0 
-690 -655 751 0 
10 755 -177 0 
-175 481 -56 0 
647 -187 -427 0 
828 858 575 0 
-719 -165 -419 0 
880 -715 -521 0 
398 976 -482 0 
-870 -569 874 0 
-214 -734 179 0 
585 16 306 0 
999 964 512 0 
932 231 -875 0 
976 -484 -522 0 
438 605 73 0 
-402 339 3 0 
84 60 573 0 
325 -949 223 0 
144 -725 459 0 
-610 725 -246 0 
479 167 -901 0 
-846 408 181 0 
-410 459 327 0 
-473 237 -468 0 
829 -507 -751 0 
252 -554 976 0 
564 246 -879 0 
-687 -454 -441 0 
853 -890 537 0 
513 290 510 0 
229 804 -677 0 
840 -512 -55 0 
-325 -110 720 0 
731 171 926 0 
-405 -399 884 0 
-814 670 -185 0 
-468 399 348 0 
290 -100 -277 0 
-320 627 423 0 
834 878 378 0 
-950 -176 326 0 
340 -961 394 0 
-261 -411 -140 0 
941 742 -535 0 
862 -60 897 0 
-365 -313 -912 0 
-842 -984 760 0 
145 139 -923 0 
152 535 424 0 
-894 -15 -599 0 
-706 -901 -671 0 
-298 152 174 0 
-467 76 -521 0 
205 -674 -962 0 
-653 423 -157 0 
-560 -989 766 0 
-559 -110 531 0 
937 -194 765 0 
803 -963 733 0 
6 -971 -547 0 
-355 880 131 0 
-834 -89 -222 0 
-141 -574 253 0 
-254 -684 98 0 
65 -500 -605 0 
-25 231 605 0 
379 -826 -402 0 
-736 521 963 0 
-893 -487 -791 0 
-123 -598 922 0 
-420 -536 -282 0 
-155 449 156 0 
368 -456 46 0 
300 -715 887 0 
-650 -361 652 0 
-485 113 -380 0 
648 -610 -861 0 
21 -841 999 0 
92 865 -462 0 
-801 103 -24 0 
-304 -277 353 0 
103 -219 -373 0 
-955 322 356 0 
-406 463 196 0 
539 415 220 0 
322 -845 -894 0 
664 -838 -233 0 
418 23 421 0 
-662 144 659 0 
-345 809 830 0 
821 -697 -414 0 
777 -251 668 0 
-42 546 -488 0 
201 246 995 0 
-318 -102 -933 0 
169 748 -209 0 
-495 797 873 0 
-327 -957 307 0 
-268 -28 -610 0 
1 -91 -115 0 
-553 -277 554 0 
564 -237 -885 0 
-806 -184 -110 0 
466 -660 211 0 
467 -192 -142 0 
-414 829 725 0 
435 734 952 0 
782 -938 -236 0 
849 997 -971 0 
-884 -691 664 0 
-772 -524 401 0 
859 -989 377 0 
-757 -313 731 0 
-282 -549 -54 0 
-764 899 -841 0 
-54 609 209 0 
637 -274 -854 0 
174 -791 -228 0 
380 -348 467 0 
28 -955 42 0 
913 -88 554 0 
-148 -833 -686 0 
260 736 176 0 
-118 -850 894 0 
738 871 459 0 
772 -429 -535 0 
999 -824 -128 0 
-990 -363 -460 0 
793 299 -261 0 
391 179 -483 0 
-595 -790 -663 0 
-77 355 -206 0 
11 -320 371 0 
-175 -435 488 0 
-776 -550 483 0 
153 702 261 0 
271 -666 -835 0 
-292 -943 -33 0 
996 895 -556 0 
-856 926 -1000 0 
585 -386 110 0 
-576 -600 -814 0 
132 631 -127 0 
858 -91 -263 0 
997 -287 458 0 
-88 991 -281 0 
-807 408 -522 0 
793 832 -327 0 
-762 763 -192 0 
175 -751 -120 0 
-226 703 621 0 
8 804 867 0 
-377 -922 853 0 
-469 -816 164 0 
-468 227 -318 0 
730 -796 -928 0 
-172 -199 566 0 
415 269 -267 0 
-847 257 317 0 
-657 -690 -722 0 
614 -611 -987 0 
719 716 98 0 
451 147 223 0 
-445 561 -214 0 
-801 -215 649 0 
609 857 -167 0 
-41 651 127 0 
-198 -793 -840 0 
717 -284 -979 0 
-646 904 237 0 
-916 -608 767 0 
-218 -684 -564 0 
-477 -181 -633 0 
-457 -709 -571 0 
171 827 -11 0 
23 -98 -136 0 
22 -706 907 0 
991 -132 -926 0 
-393 -906 -418 0 
256 -592 468 0 
-403 937 547 0 
-907 -39 871 0 
-379 -297 412 0 
409 -562 765 0 
722 -999 -454 0 
-928 -809 -733 0 
731 723 808 0 
-991 -731 -467 0 
-346 -537 872 0 
-47 -636 -532 0 
783 878 -846 0 
518 -92 729 0 
504 492 -436 0 
208 -884 221 0 
487 -562 918 0 
295 818 732 0 
899 -498 -704 0 
-818 -31 -874 0 
586 -666 553 0 
-114 555 66 0 
148 -668 -681 0 
-154 611 500 0 
572 381 844 0 
-788 967 -860 0 
-133 405 -920 0 
647 162 870 0 
-325 458 482 0 
-957 215 791 0 
27 358 40 0 
-917 -469 547 0 
-924 218 -888 0 
-964 -578 -206 0 
515 -123 -210 0 
661 -251 -862 0 
-792 765 -501 0 
393 -752 -773 0 
602 675 -277 0 
920 -4 256 0 
-405 444 154 0 
740 672 487 0 
-699 483 423 0 
-874 953 861 0 
525 -818 -151 0 
708 626 756 0 
437 -332 649 0 
-148 -254 -669 0 
-287 498 163 0 
23 -401 -400 0 
-50 134 27 0 
46 102 -735 0 
722 -981 255 0 
869 -513 562 0 
782 815 -133 0 
790 -285 367 0 
-270 -365 -630 0 
-981 681 -557 0 
666 -259 -981 0 
-735 518 771 0 
383 850 326 0 
-978 -869 958 0 
-64 -720 -471 0 
-378 -835 852 0 
-480 -484 -541 0 
58 399 330 0 
775 -758 197 0 
-905 629 813 0 
-14 73 -762 0 
354 -333 629 0 
188 706 622 0 
-977 -911 -470 0 
953 817 643 0 
-947 -723 -796 0 
563 -413 863 0 
-221 429 -380 0 
442 401 -339 0 
298 540 242 0 
403 992 22 0 
-839 -633 712 0 
-558 -836 -139 0 
49 -48 -232 0 
644 886 -504 0 
-92 -179 -473 0 
-173 230 366 0 
-574 -848 41 0 
427 -22 -136 0 
-749 661 298 0 
796 -176 -543 0 
590 160 -468 0 
-163 150 -948 0 
-370 1000 -356 0 
-364 -570 -769 0 
457 370 172 0 
471 -325 168 0 
-230 999 533 0 
45 704 -396 0 
320 -482 641 0 
-452 -49 514 0 
71 -265 -553 0 
-25 96 -815 0 
575 -43 603 0 
-257 -328 -731 0 
-123 -332 920 0 
439 -771 206 0 
-776 235 -255 0 
-10 933 313 0 
-419 238 -544 0 
528 633 642 0 
38 -201 666 0 
-147 642 -408 0 
-674 767 508 0 
101 828 572 0 
-113 -167 840 0 
-689 745 115 0 
659 -166 -385 0 
188 -287 991 0 
212 -457 890 0 
601 -966 -703 0 
-226 -524 995 0 
409 781 200 0 
-612 -323 -248 0 
977 -495 -446 0 
-303 -353 123 0 
-306 817 257 0 
-48 901 -691 0 
-201 173 719 0 
295 559 -123 0 
103 84 -918 0 
86 264 199 0 
427 177 340 0 
799 -409 -618 0 
-934 327 281 0 
207 732 56 0 
-647 66 -464 0 
-389 518 -58 0 
-703 180 846 0 
366 847 868 0 
-872 662 -635 0 
84 399 -177 0 
398 147 895 0 
708 -387 968 0 
143 515 -442 0 
468 -636 173 0 
-87 -917 543 0 
920 -597 770 0 
-402 -634 -651 0 
11 -620 797 0 
-869 -546 -516 0 
-157 187 -133 0 
-504 520 240 0 
322 459 931 0 
-59 74 -158 0 
-277 343 -220 0 
-79 -105 -805 0 
274 -893 834 0 
629 -978 930 0 
271 -845 -827 0 
-17 -537 -91 0 
836 735 864 0 
2 526 -277 0 
-559 664 1 0 
798 74 -275 0 
223 -141 821 0 
-768 599 -757 0 
387 142 156 0 
84 -789 523 0 
790 -79 855 0 
712 -283 -200 0 
155 122 -956 0 
637 -123 -592 0 
-346 386 501 0 
-187 -640 197 0 
-68 348 -363 0 
-223 -548 737 0 
-219 -813 526 0 
175 186 181 0 
750 -1 -805 0 
692 16 539 0 
-744 132 -935 0 
851 924 472 0 
-485 -439 29 0 
-54 896 -514 0 
-138 -539 814 0 
270 -135 -914 0 
746 -875 381 0 
302 -568 462 0 
405 -358 209 0 
540 -897 906 0 
847 31 -148 0 
911 -495 159 0 
-745 -430 885 0 
-404 -621 -642 0 
-228 61 361 0 
-329 429 408 0 
-406 -342 -280 0 
186 713 -64 0 
-965 -609 -866 0 
65 -71 776 0 
633 739 -524 0 
-22 655 -1000 0 
-857 -360 499 0 
880 -119 733 0 
-750 192 -38 0 
856 -437 41 0 
851 247 660 0 
900 379 -126 0 
-480 -926 731 0 
-358 -932 -298 0 
-593 938 234 0 
-308 -196 -290 0 
432 -422 -510 0 
-40 810 -33 0 
67 304 -781 0 
-228 860 553 0 
-864 187 719 0 
981 -350 210 0 
-348 32 -867 0 
90 -363 405 0 
692 562 -795 0 
721 608 952 0 
-983 -180 -956 0 
-320 -512 501 0 
298 817 516 0 
305 504 -373 0 
-75 -57 -648 0 
836 -181 -362 0 
-993 -809 617 0 
-197 917 -101 0 
-78 847 -725 0 
-877 512 364 0 
-234 623 118 0 
494 -704 -180 0 
678 247 561 0 
-496 -35 -173 0 
-474 -682 302 0 
-670 -270 900 0 
729 797 -960 0 
-140 235 -105 0 
-176 -661 678 0 
58 -641 -306 0 
-568 90 -121 0 
71 -30 -586 0 
-857 -204 468 0 
940 109 257 0 
-520 -309 -192 0 
-669 133 910 0 
-4 383 438 0 
-143 503 367 0 
774 -356 -582 0 
-633 500 -512 0 
-77 -320 160 0 
745 -328 -446 0 
147 -549 -228 0 
632 -102 849 0 
724 -153 -686 0 
809 540 766 0 
-809 689 544 0 
-817 -482 742 0 
-325 551 -725 0 
-599 -281 -270 0 
896 152 5 0 
503 -793 -854 0 
248 571 430 0 
-325 -113 -563 0 
750 12 -465 0 
612 -923 244 0 
527 956 361 0 
-907 -384 -779 0 
-171 103 185 0 
-713 -42 -754 0 
-991 -108 493 0 
939 -424 892 0 
665 901 250 0 
93 -680 -185 0 
570 -245 -208 0 
-154 195 -969 0 
557 920 987 0 
-114 746 105 0 
406 352 -255 0 
-490 -999 300 0 
-304 -157 135 0 
814 437 -483 0 
507 635 943 0 
166 962 -139 0 
690 769 898 0 
826 722 930 0 
892 920 -745 0 
-44 -982 -189 0 
98 869 -518 0 
966 771 -755 0 
419 -91 753 0 
409 284 305 0 
-867 220 -293 0 
-42 -461 107 0 
-475 799 -594 0 
855 735 261 0 
-334 -492 -128 0 
4 -73 -398 0 
807 376 991 0 
368 928 -812 0 
864 333 -626 0 
-899 406 232 0 
627 -682 -191 0 
744 921 -542 0 
-902 -658 984 0 
978 519 470 0 
674 591 -858 0 
-611 335 -638 0 
708 487 -292 0 
123 767 927 0 
279 73 514 0 
-880 -623 -767 0 
-22 -119 -461 0 
946 -821 -862 0 
-28 592 -451 0 
207 608 901 0 
78 475 -948 0 
687 820 -490 0 
-155 -723 165 0 
-48 233 -789 0 
-669 355 734 0 
-399 310 -122 0 
886 -157 741 0 
-415 518 68 0 
-469 101 504 0 
-302 873 -490 0 
-970 445 -346 0 
484 -303 -510 0 
-533 934 879 0 
541 577 130 0 
943 -168 -862 0 
931 121 -401 0 
-536 782 549 0 
68 -817 456 0 
-796 849 326 0 
-283 536 346 0 
558 969 178 0 
-731 890 -631 0 
81 -973 328 0 
-363 -399 265 0 
-62 120 -363 0 
-561 -891 -199 0 
452 -573 -546 0 
153 -19 744 0 
-863 716 342 0 
-165 -907 -161 0 
-4 744 -39 0 
651 -570 -860 0 
-647 -755 -1 0 
293 -288 -236 0 
770 137 -702 0 
165 -490 -69 0 
677 466 820 0 
-784 544 803 0 
355 471 -969 0 
-231 -105 -13 0 
451 165 -1000 0 
816 825 623 0 
-487 -736 -280 0 
748 -299 190 0 
-309 668 -566 0 
52 702 90 0 
-250 767 151 0 
91 -577 -507 0 
-897 -744 52 0 
-314 -667 -423 0 
-530 -549 840 0 
-106 159 -703 0 
703 379 -18 0 
-471 -279 825 0 
582 218 620 0 
-133 373 -100 0 
-121 635 -207 0 
-13 -528 -608 0 
385 772 826 0 
519 979 -808 0 
660 847 -704 0 
516 632 251 0 
-421 -251 -650 0 
-186 141 -349 0 
-131 -633 -435 0 
-995 -854 420 0 
-688 -607 892 0 
78 -83 513 0 
-434 -619 -816 0 
180 -199 -605 0 
-107 794 -842 0 
-717 -911 179 0 
-437 -638 -457 0 
-368 219 812 0 
-655 -219 354 0 
-473 238 -457 0 
-810 -763 -380 0 
148 166 93 0 
-797 -316 713 0 
672 472 -567 0 
931 -274 -162 0 
706 140 461 0 
448 -721 -162 0 
747 -262 -716 0 
948 -169 -263 0 
-277 368 -372 0 
582 -146 522 0 
-886 -271 -833 0 
-827 -450 145 0 
-612 -328 -96 0 
-197 -334 398 0 
389 -930 654 0 
-970 -48 819 0 
-236 27 977 0 
-832 -270 -430 0 
-598 -172 560 0 
285 -757 558 0 
-883 -484 892 0 
809 -551 465 0 
47 644 328 0 
399 35 -872 0 
-745 -983 -833 0 
-607 -611 874 0 
343 816 915 0 
331 986 -442 0 
644 238 178 0 
-527 103 102 0 
854 -295 475 0 
-144 417 -10 0 
-303 -204 -796 0 
-615 -378 -377 0 
-430 202 -179 0 
640 -298 417 0 
399 439 886 0 
-854 -134 -503 0 
-972 -190 21 0 
-274 794 64 0 
-980 -377 -189 0 
981 -867 559 0 
808 164 806 0 
704 858 -191 0 
-62 333 -615 0 
441 231 860 0 
-510 941 126 0 
652 -985 601 0 
-958 -254 -766 0 
334 -484 140 0 
-69 -271 -614 0 
146 -102 -951 0 
-131 -340 503 0 
443 -172 745 0 
472 893 567 0 
-680 -3 573 0 
913 674 -43 0 
-86 -951 -774 0 
-682 361 -253 0 
-376 795 390 0 
-817 711 -355 0 
-390 820 776 0 
192 -915 -795 0 
-234 871 -661 0 
-68 -915 -955 0 
842 398 319 0 
-807 559 963 0 
-587 -732 44 0 
119 47 857 0 
-546 66 714 0 
-474 -630 840 0 
-717 -754 -251 0 
447 -890 -320 0 
468 302 896 0 
244 396 -910 0 
-612 617 439 0 
889 58 452 0 
189 -83 -985 0 
-168 -564 -883 0 
-252 968 -111 0 
-325 299 -1 0 
-369 -68 500 0 
236 -315 12 0 
964 -832 740 0 
-199 -847 562 0 
-731 -907 -476 0 
186 -317 -394 0 
-523 516 100 0 
-964 782 -157 0 
747 -529 -53 0 
226 -806 426 0 
-233 620 -247 0 
658 -526 -994 0 
-981 -308 -937 0 
318 -150 819 0 
641 774 -593 0 
-864 -4 -310 0 
-46 785 613 0 
-887 822 763 0 
227 843 327 0 
-385 -733 -324 0 
-828 140 256 0 
731 -435 -771 0 
-863 411 588 0 
-443 -682 -288 0 
494 326 983 0 
775 430 -794 0 
-859 -428 -656 0 
605 86 -809 0 
655 -145 -962 0 
771 347 37 0 
681 569 910 0 
-775 949 -332 0 
531 -989 -612 0 
860 -733 -37 0 
366 -396 -822 0 
353 836 165 0 
881 -740 504 0 
685 7 984 0 
980 678 425 0 
659 -785 951 0 
523 982 156 0 
-139 -727 304 0 
-919 -594 -258 0 
-776 -839 660 0 
452 995 937 0 
-755 -483 -712 0 
850 -900 -746 0 
97 -960 -116 0 
377 -847 -304 0 
-613 -94 -943 0 
-291 -465 326 0 
-447 -178 927 0 
-521 249 283 0 
-203 232 -27 0 
694 -992 -300 0 
714 -141 85 0 
617 -592 -314 0 
430 -55 -319 0 
-14 -543 502 0 
78 -161 309 0 
-616 -522 650 0 
-424 -155 -821 0 
-347 910 61 0 
476 -193 277 0 
893 821 -505 0 
-644 -469 940 0 
-580 -269 322 0 
405 616 385 0 
533 86 552 0 
114 -930 -429 0 
-96 -689 -437 0 
347 779 -326 0 
-351 589 -93 0 
932 -722 -66 0 
-68 213 -752 0 
-472 -760 605 0 
-445 -234 -291 0 
-676 871 -957 0 
-215 321 -407 0 
74 889 -539 0 
297 -941 -1000 0 
483 892 318 0 
41 2 157 0 
-928 418 521 0 
345 -436 608 0 
-318 847 -659 0 
-77 -304 -450 0 
-206 280 -371 0 
39 -818 295 0 
141 940 -49 0 
-130 625 -61 0 
-557 -321 862 0 
-986 -987 -200 0 
-605 -191 994 0 
129 -284 -56 0 
372 -588 -320 0 
-2 163 -81 0 
632 -790 862 0 
351 -492 -522 0 
232 317 -742 0 
685 248 -566 0 
17 755 164 0 
792 540 855 0 
515 24 -846 0 
653 -571 90 0 
-945 -870 -562 0 
741 -387 42 0 
151 -820 444 0 
687 4 556 0 
-591 336 37 0 
-956 332 405 0 
-125 -824 891 0 
-954 -645 164 0 
551 -530 702 0 
-741 330 -702 0 
-514 -410 -945 0 
-573 499 -474 0 
633 -510 -158 0 
752 -768 -906 0 
-162 821 -84 0 
-540 584 -354 0 
-716 -970 867 0 
111 -861 -472 0 
-364 -554 903 0 
-808 -854 963 0 
-710 -972 236 0 
857 -895 679 0 
118 -536 -303 0 
-699 999 237 0 
441 -831 904 0 
-4 162 104 0 
154 -860 -844 0 
949 869 215 0 
-72 -146 944 0 
-99 704 480 0 
66 -618 -786 0 
-901 -607 -382 0 
567 939 951 0 
283 20 810 0 
-808 -782 481 0 
-242 634 713 0 
-535 715 -501 0 
-977 -50 -865 0 
474 -611 438 0 
938 -609 89 0 
132 -439 -196 0 
716 451 479 0 
908 387 -958 0 
18 766 -652 0 
194 513 767 0 
-791 -825 -53 0 
887 -278 152 0 
-373 210 -712 0 
108 -838 739 0 
-170 866 435 0 
756 348 480 0 
130 49 -175 0 
-677 707 581 0 
19 625 -337 0 
800 620 -745 0 
9 -300 -29 0 
56 211 238 0 
-143 889 -891 0 
563 687 -459 0 
-481 -194 801 0 
388 578 -83 0 
443 948 -909 0 
928 -975 559 0 
648 2 608 0 
-174 -908 -210 0 
-760 -937 -512 0 
131 396 573 0 
-204 656 250 0 
-647 -287 27 0 
363 417 490 0 
-337 -928 456 0 
-415 -879 -820 0 
327 329 -391 0 
-74 640 -62 0 
485 -629 -540 0 
522 -586 925 0 
-204 449 -678 0 
-782 -429 325 0 
358 319 -633 0 
87 -690 -320 0 
967 571 -124 0 
1 -754 301 0 
78 -377 -556 0 
638 610 -652 0 
-413 143 -140 0 
-65 758 -219 0 
481 -553 702 0 
708 -420 -362 0 
902 -371 611 0 
270 636 -159 0 
375 447 239 0 
-313 -446 365 0 
742 -855 -410 0 
-762 -895 -799 0 
562 -846 686 0 
599 -178 -609 0 
910 -216 196 0 
903 792 -863 0 
205 997 732 0 
78 312 588 0 
-886 552 -202 0 
418 898 899 0 
-99 56 24 0 
-391 893 620 0 
-262 -396 -288 0 
820 -978 -579 0 
-5 179 -372 0 
-564 -163 -259 0 
376 310 8 0 
-65 -330 500 0 
-417 -618 -780 0 
-317 -607 -276 0 
-335 442 173 0 
-939 641 591 0 
998 86 377 0 
-447 -305 -123 0 
808 -649 843 0 
500 83 861 0 
582 498 -382 0 
588 9 -29 0 
36 -877 -988 0 
-417 -236 854 0 
350 -578 -571 0 
-270 134 692 0 
817 376 860 0 
-981 -677 120 0 
-574 660 -338 0 
-754 997 -828 0 
921 -653 -752 0 
-643 753 354 0 
846 13 -533 0 
-563 -54 983 0 
-469 -590 809 0 
730 -195 935 0 
-545 -72 -875 0 
68 173 -369 0 
145 142 -602 0 
-867 -97 732 0 
392 625 880 0 
902 980 -901 0 
837 -831 -285 0 
237 793 836 0 
-346 -653 985 0 
829 902 678 0 
-497 286 -447 0 
-736 -524 685 0 
396 -838 -163 0 
-766 759 841 0 
268 -116 -566 0 
107 -334 182 0 
557 -757 191 0 
382 -724 -430 0 
247 -401 320 0 
900 -714 276 0 
-135 369 90 0 
425 -280 -951 0 
-199 173 -103 0 
-874 -487 773 0 
768 -636 -947 0 
-889 921 -717 0 
-16 657 -792 0 
595 493 578 0 
136 -241 -983 0 
615 -547 220 0 
-594 89 88 0 
341 351 14 0 
-165 -371 -197 0 
317 -319 510 0 
924 -433 -143 0 
730 -568 455 0 
536 -625 -304 0 
-205 -329 -209 0 
-95 526 -691 0 
93 -743 -604 0 
-571 -457 -794 0 
-310 730 -699 0 
-889 806 981 0 
634 -869 836 0 
794 647 -895 0 
379 -810 -199 0 
312 -12 -534 0 
-843 -712 370 0 
-946 721 -259 0 
934 974 105 0 
644 879 -756 0 
-19 -376 -522 0 
55 -588 -485 0 
147 39 968 0 
-786 -87 -299 0 
-832 -563 157 0 
6 -942 -384 0 
-533 163 -526 0 
-630 898 -372 0 
100 628 -84 0 
471 -83 641 0 
-424 -554 -527 0 
-321 463 -542 0 
458 680 -987 0 
-255 -70 601 0 
13 106 -434 0 
792 -353 835 0 
223 158 -544 0 
310 5 12 0 
709 -932 -68 0 
-342 -886 329 0 
288 -272 385 0 
-572 -185 -657 0 
713 924 -279 0 
-802 -869 496 0 
398 656 914 0 
853 865 -609 0 
-770 -988 -975 0 
-326 -945 829 0 
-679 -580 -506 0 
278 255 -35 0 
327 193 -111 0 
2 -676 808 0 
-361 -278 -709 0 
-351 227 -890 0 
-152 -984 -592 0 
736 912 -916 0 
-832 -906 654 0 
-615 -513 -676 0 
694 -315 -540 0 
904 139 375 0 
-372 695 30 0 
-8 -866 840 0 
-226 -248 313 0 
749 653 -867 0 
530 -86 1000 0 
-308 -876 -735 0 
-777 -238 95 0 
586 249 643 0 
-429 636 -328 0 
-125 727 976 0 
-270 -340 969 0 
352 -602 483 0 
-555 -498 683 0 
610 392 486 0 
-697 -234 -363 0 
76 -731 -737 0 
786 416 166 0 
-278 371 358 0 
533 -167 -229 0 
56 -899 -428 0 
299 893 642 0 
-160 -946 992 0 
-918 -185 774 0 
942 625 -717 0 
-524 2 404 0 
-852 -812 103 0 
-598 -91 -841 0 
-501 587 -526 0 
-512 420 272 0 
-818 504 42 0 
-613 -325 -655 0 
-288 -219 248 0 
776 667 789 0 
-218 -542 316 0 
876 59 127 0 
-543 -397 -137 0 
557 -13 -419 0 
475 631 84 0 
-241 369 -181 0 
-439 941 -806 0 
-872 -843 490 0 
-462 -573 321 0 
-281 -548 896 0 
154 981 -921 0 
433 915 -183 0 
448 51 792 0 
49 279 885 0 
-682 -831 581 0 
630 -114 -918 0 
-81 -232 103 0 
-978 -344 -271 0 
-55 -74 205 0 
619 162 -470 0 
-452 -253 -335 0 
717 -162 -695 0 
-982 -605 105 0 
59 449 54 0 
727 -110 -146 0 
-853 -3 -206 0 
-865 -647 -870 0 
-156 416 588 0 
-479 970 -224 0 
108 -369 -549 0 
-209 -513 10 0 
336 -110 -355 0 
-365 -300 -425 0 
707 -142 -788 0 
-82 380 627 0 
112 -86 -712 0 
470 -760 831 0 
632 -999 222 0 
776 602 667 0 
58 -532 -135 0 
-35 -162 950 0 
-215 -364 -251 0 
135 -235 -848 0 
-536 -514 -137 0 
99 -848 726 0 
906 504 384 0 
-16 582 474 0 
-723 -919 500 0 
-218 -490 181 0 
-153 -624 -629 0 
-119 829 387 0 
-14 -485 -111 0 
600 -463 587 0 
677 893 -617 0 
637 266 125 0 
762 -267 -288 0 
-372 -653 -602 0 
664 -238 33 0 
-285 -157 56 0 
-770 -576 -67 0 
300 -437 -978 0 
511 638 -761 0 
884 -860 337 0 
185 326 16 0 
835 313 -695 0 
-840 495 -390 0 
-533 -280 474 0 
394 425 939 0 
912 -868 -678 0 
411 996 779 0 
517 -281 507 0 
839 296 -869 0 
-502 30 670 0 
-16 -942 -473 0 
-822 761 -101 0 
727 -189 -976 0 
347 -824 -642 0 
70 144 -30 0 
176 -790 955 0 
726 -765 -453 0 
-941 -630 255 0 
430 -575 -915 0 
-367 492 244 0 
625 -979 -120 0 
-89 -418 275 0 
106 547 679 0 
15 157 -908 0 
696 -662 -403 0 
844 554 454 0 
-190 559 -710 0 
485 332 604 0 
534 -183 819 0 
-579 -783 419 0 
-998 750 191 0 
121 112 232 0 
195 881 -140 0 
114 -611 876 0 
-344 73 -250 0 
-969 -206 338 0 
-558 70 -906 0 
-849 586 240 0 
-102 -245 -327 0 
-310 -639 995 0 
801 663 -51 0 
-402 -975 -772 0 
720 965 -107 0 
-63 -309 -51 0 
224 -139 932 0 
-361 -627 188 0 
-578 318 945 0 
-241 -697 -378 0 
-263 -934 -964 0 
-837 864 -994 0 
361 -380 -409 0 
-539 -775 952 0 
-768 -825 -492 0 
30 -117 -172 0 
720 -269 677 0 
254 -872 99 0 
758 -211 451 0 
260 799 -942 0 
-294 -428 -992 0 
-78 772 433 0 
-797 847 432 0 
-649 -836 -777 0 
-787 171 867 0 
652 962 -472 0 
816 374 357 0 
-318 -481 -976 0 
-243 -512 -702 0 
-852 -274 -76 0 
7 872 806 0 
37 492 -707 0 
695 -61 -888 0 
-217 -237 -315 0 
462 841 57 0 
455 764 422 0 
-152 875 53 0 
-871 -390 -924 0 
-12 191 -801 0 
-113 -448 -466 0 
-788 -674 554 0 
507 596 -956 0 
-812 201 948 0 
67 434 -334 0 
938 -819 -567 0 
-441 592 294 0 
-499 -432 -559 0 
-394 -236 697 0 
728 -59 -775 0 
-190 -602 593 0 
963 452 -819 0 
400 -204 447 0 
-998 -212 227 0 
-19 301 285 0 
-791 9 493 0 
618 60 221 0 
-707 641 246 0 
457 -198 -530 0 
-295 114 -65 0 
163 -513 -200 0 
-460 -467 -303 0 
-402 345 922 0 
179 -4 623 0 
368 -995 459 0 
-239 -508 -962 0 
48 -538 -335 0 
-475 598 394 0 
574 910 -1 0 
639 -597 -495 0 
-483 314 -466 0 
890 423 622 0 
-516 275 -438 0 
-244 303 687 0 
-514 352 -858 0 
391 262 -632 0 
-607 -899 744 0 
989 -447 730 0 
-817 634 -526 0 
514 -478 -613 0 
-956 -531 537 0 
-260 -806 -523 0 
901 551 -653 0 
237 -857 -535 0 
-186 856 -318 0 
403 907 -83 0 
-639 -572 -974 0 
-88 145 257 0 
-255 622 460 0 
41 -278 590 0 
790 -335 462 0 
-160 -554 427 0 
567 -872 138 0 
230 408 -970 0 
-354 716 573 0 
337 -465 -871 0 
232 22 -324 0 
124 426 934 0 
-8 -601 414 0 
-869 -207 -531 0 
166 -760 -349 0 
414 -34 897 0 
91 -778 162 0 
900 -381 -600 0 
992 768 -727 0 
141 -139 -525 0 
974 -577 -548 0 
-671 90 673 0 
151 318 -17 0 
-707 275 -562 0 
176 320 388 0 
-688 -200 333 0 
239 109 -17 0 
-393 -855 -435 0 
626 -454 130 0 
917 588 -904 0 
177 -679 911 0 
434 -262 564 0 
-930 782 405 0 
113 783 74 0 
-538 282 -225 0 
26 263 -906 0 
-108 -371 -48 0 
-719 -493 15 0 
-482 -861 894 0 
-249 8 -959 0 
689 340 -801 0 
-374 412 6 0 
-944 -431 -804 0 
-415 -724 -74 0 
780 -329 97 0 
-472 -164 331 0 
509 455 -583 0 
-747 -79 -946 0 
56 -954 37 0 
-245 -425 899 0 
693 -45 912 0 
974 668 357 0 
-85 685 -272 0 
-235 969 99 0 
6 -574 -788 0 
276 448 770 0 
701 -471 -322 0 
-460 377 649 0 
687 -541 -631 0 
530 -435 913 0 
-818 81 -479 0 
-305 -361 702 0 
921 876 837 0 
811 239 -558 0 
157 -207 555 0 
345 16 -939 0 
788 -427 25 0 
-810 349 199 0 
269 889 513 0 
36 -3 127 0 
499 -790 -246 0 
684 -554 -682 0 
-901 -488 255 0 
796 637 -312 0 
501 272 696 0 
-711 16 -818 0 
434 323 -672 0 
389 -73 621 0 
-240 683 -356 0 
-85 -493 301 0 
-347 422 -581 0 
-206 -638 782 0 
-909 717 -731 0 
-147 -394 92 0 
-851 -768 -914 0 
163 -40 599 0 
-146 359 -972 0 
287 638 519 0 
187 871 435 0 
821 789 786 0 
-623 33 -381 0 
-521 -934 945 0 
54 -252 -353 0 
520 670 753 0 
312 -832 75 0 
125 -95 988 0 
-337 -234 -983 0 
-688 -346 952 0 
459 624 620 0 
510 590 305 0 
-467 955 -47 0 
963 -461 -302 0 
457 451 117 0 
995 811 769 0 
724 414 -457 0 
-408 -866 -567 0 
892 992 -200 0 
-385 -857 -369 0 
-106 319 -37 0 
536 -95 958 0 
-653 517 483 0 
247 -578 -499 0 
352 701 358 0 
861 -33 392 0 
951 -857 -224 0 
104 -409 290 0 
-75 648 -707 0 
986 671 -969 0 
19 926 250 0 
-866 638 959 0 
171 -240 682 0 
948 72 607 0 
123 468 -399 0 
-960 100 776 0 
-811 72 -6 0 
293 -17 -111 0 
-696 -636 -210 0 
482 -361 -256 0 
-782 -311 -503 0 
-433 -369 -673 0 
688 -71 -92 0 
-948 -4 -364 0 
895 -594 77 0 
677 951 214 0 
-433 -286 828 0 
815 -964 288 0 
-51 -221 242 0 
-288 -453 97 0 
96 379 994 0 
256 664 -191 0 
792 117 -53 0 
-226 -336 -465 0 
487 -683 -714 0 
-401 -301 -683 0 
992 101 899 0 
773 792 536 0 
-371 -18 -436 0 
-416 -964 -827 0 
-242 -399 789 0 
-153 -694 -165 0 
-390 263 -491 0 
-756 -876 294 0 
963 -491 -600 0 
-375 -553 518 0 
283 -341 -129 0 
328 124 782 0 
-405 -399 25 0 
-284 247 918 0 
-165 901 456 0 
-367 -422 -303 0 
-29 86 630 0 
332 116 -940 0 
445 -668 -201 0 
-241 718 255 0 
-602 -274 -686 0 
-847 -71 371 0 
400 709 -347 0 
873 510 881 0 
996 161 391 0 
-610 -868 227 0 
978 -699 88 0 
813 661 -98 0 
-776 -123 63 0 
810 848 -380 0 
456 -400 -409 0 
671 -969 -133 0 
175 664 -947 0 
308 -312 -478 0 
-257 -233 -570 0 
-908 40 801 0 
-438 -909 568 0 
767 930 -38 0 
591 24 991 0 
802 246 491 0 
322 650 -197 0 
314 -590 776 0 
492 105 -894 0 
-610 -907 538 0 
588 -488 349 0 
107 1 45 0 
-423 -291 -996 0 
-58 -631 -985 0 
-101 -316 459 0 
-74 171 -980 0 
646 356 543 0 
-411 -687 19 0 
989 735 -955 0 
142 -300 -964 0 
530 88 901 0 
-61 924 566 0 
333 -478 -429 0 
334 -190 -767 0 
-363 -679 -608 0 
909 419 400 0 
-217 -274 806 0 
-590 -217 236 0 
-850 909 -144 0 
-404 565 484 0 
-669 -414 959 0 
897 -83 -698 0 
741 233 -672 0 
572 -272 -117 0 
472 974 94 0 
808 910 164 0 
425 959 789 0 
-746 -745 -251 0 
1000 414 -847 0 
-421 -310 199 0 
-51 -669 299 0 
777 -353 -110 0 
180 -88 163 0 
-579 -13 -668 0 
-813 212 -178 0 
556 615 -888 0 
117 -439 671 0 
570 234 566 0 
941 103 563 0 
-103 -864 710 0 
696 171 921 0 
423 711 -365 0 
471 298 555 0 
826 -500 908 0 
850 205 -470 0 
-297 -527 -382 0 
422 -131 580 0 
-966 482 857 0 
-502 547 -702 0 
670 112 -514 0 
204 230 -271 0 
-963 318 -829 0 
525 555 241 0 
-704 885 -381 0 
170 553 189 0 
-915 -89 -262 0 
-512 -14 -622 0 
218 41 949 0 
-638 -66 920 0 
-497 -909 -501 0 
-216 878 -875 0 
-322 -439 472 0 
-147 326 215 0 
-892 943 704 0 
110 -591 -760 0 
-325 -734 -814 0 
-90 716 -648 0 
-849 -673 430 0 
241 293 -851 0 
-605 416 672 0 
391 240 -219 0 
-622 -789 -279 0 
-701 360 374 0 
-535 -302 -148 0 
-789 86 275 0 
-468 943 -791 0 
-735 924 321 0 
-638 -320 -65 0 
840 -944 -723 0 
704 -380 501 0 
317 -869 43 0 
-269 334 -434 0 
773 -382 725 0 
653 -927 -855 0 
695 -332 160 0 
-148 770 -336 0 
927 -854 -673 0 
754 -190 201 0 
-759 -350 -595 0 
607 -80 275 0 
-542 -939 -867 0 
908 493 511 0 
-408 93 670 0 
-987 38 163 0 
4 732 922 0 
833 64 810 0 
134 883 -792 0 
264 -23 -211 0 
-545 -291 -535 0 
-135 -111 531 0 
-39 553 -890 0 
-287 -488 -122 0 
-875 -928 -652 0 
656 254 81 0 
-500 -727 174 0 
-83 -459 -161 0 
649 912 446 0 
-490 113 -13 0 
-454 -561 -800 0 
-940 916 235 0 
-37 419 -469 0 
644 139 -491 0 
695 -869 847 0 
446 562 664 0 
-380 -439 -205 0 
909 960 -651 0 
386 -383 -630 0 
-383 -309 506 0 
327 -808 387 0 
106 590 266 0 
84 192 -382 0 
685 -82 -201 0 
-348 -356 -838 0 
428 213 -431 0 
225 -609 -930 0 
-466 729 23 0 
750 1 -995 0 
409 -953 340 0 
-503 -520 -51 0 
