p cnf 1000 2600
-148 410 122 0 
-28 806 -187 0 
-488 -632 445 0 
-612 267 -396 0 
22 541 457 0 
190 -110 295 0 
-340 -784 121 0 
-762 -719 -40 0 
436 414 -776 0 
-376 -326 -119 0 
610 -617 128 0 
134 -302 -664 0 
-803 518 -766 0 
-292 676 825 0 
346 -990 -135 0 
-86 239 598 0 
-875 -705 -896 0 
-151 32 753 0 
-295 -254 367 0 
526 593 654 0 
-985 715 967 0 
-765 -255 102 0 
-254 702 -925 0 
139 989 -905 0 
-742 -745 766 0 
-603 -133 -78 0 
-520 -332 954 0 
-574 -319 538 0 
-340 -793 713 0 
189 253 546 0 
654 -367 372 0 
560 640 816 0 
-690 -741 454 0 
499 -560 -120 0 
356 -207 -784 0 
-878 -82 -794 0 
950 -188 11 0 
485 769 127 0 
884 219 -196 0 
539 141 552 0 
467 -799 882 0 
998 273 180 0 
439 402 -40 0 
70 -125 8 0 
845 -176 139 0 
-661 313 -797 0 
156 262 199 0 
654 157 -856 0 
-573 835 68 0 
-220 585 797 0 
196 -860 -825 0 
-64 -109 815 0 
183 396 -983 0 
811 411 -238 0 
-294 428 362 0 
-30 -791 -805 0 
-466 730 329 0 
-18 59 -288 0 
405 328 -344 0 
737 868 362 0 
-517 -173 -782 0 
954 944 -781 0 
89 -457 279 0 
446 -646 -291 0 
-76 -854 -134 0 
641 311 254 0 
355 714 -463 0 
-514 -362 876 0 
525 -950 -375 0 
44 511 -731 0 
-719 108 -320 0 
709 -271 730 0 
-297 178 -426 0 
99 793 -703 0 
289 -220 -334 0 
-979 -163 -108 0 
-359 -363 782 0 
975 -732 606 0 
260 -65 -457 0 
-597 747 -71 0 
162 -773 -129 0 
416 -592 644 0 
886 -50 -279 0 
-429 -822 -585 0 
-121 -282 835 0 
-263 280 -538 0 
647 -1000 -955 0 
-671 628 541 0 
66 714 420 0 
-32 813 -985 0 
110 187 -542 0 
521 559 67 0 
385 41 -519 0 
-95 923 -975 0 
-154 717 629 0 
587 610 428 0 
-739 -645 -383 0 
-414 -665 -642 0 
-903 517 240 0 
981 508 464 0 
-5 402 668 0 
140 -289 -482 0 
349 -825 -784 0 
-31 -683 448 0 
-687 670 159 0 
643 187 737 0 
-893 552 554 0 
485 10 766 0 
813 -336 -140 0 
-842 -644 457 0 
670 -806 -379 0 
544 -839 358 0 
-554 -900 -906 0 
286 -540 -561 0 
265 539 420 0 
765 698 -389 0 
-354 557 413 0 
-239 -677 480 0 
-888 -502 -61 0 
534 -52 -63 0 
12 776 -526 0 
-829 -947 955 0 
910 175 53 0 
-112 -470 -527 0 
3 -626 11 0 
659 812 -133 0 
-866 -284 -403 0 
-997 -736 -943 0 
586 120 12 0 
368 -57 -874 0 
-279 -980 -678 0 
-425 674 -72 0 
966 187 -35 0 
-10 365 -225 0 
-107 -870 785 0 
-745 595 -304 0 
-319 40 -549 0 
605 240 -356 0 
-709 -116 -521 0 
585 -287 761 0 
-409 -535 651 0 
-212 354 -855 0 
-633 72 -904 0 
682 -554 -214 0 
-164 -239 -442 0 
-821 -638 248 0 
-20 -975 488 0 
797 -593 -999 0 
397 -977 -414 0 
130 -813 42 0 
575 -199 69 0 
-606 -505 880 0 
697 258 996 0 
-65 706 -9 0 
-445 -822 -431 0 
-969 -65 -297 0 
153 102 -819 0 
994 -143 799 0 
45 -708 -726 0 
511 -632 874 0 
822 -191 -512 0 
-754 352 687 0 
-503 785 252 0 
-46 15 940 0 
626 -514 300 0 
-124 215 214 0 
142 778 651 0 
-852 -185 -247 0 
-579 -470 147 0 
-560 -260 -761 0 
-668 878 -939 0 
-36 993 621 0 
950 -428 12 0 
-42 -206 -984 0 
-567 -400 -416 0 
7 353 -137 0 
-918 -559 -704 0 
756 522 169 0 
29 570 -675 0 
431 -759 -432 0 
494 519 285 0 
-568 938 230 0 
-304 -132 865 0 
-721 -470 -997 0 
702 741 625 0 
-478 571 -720 0 
996 -29 712 0 
-370 598 -611 0 
-253 -852 778 0 
951 548 209 0 
652 496 -850 0 
136 392 -322 0 
606 515 -964 0 
-543 -609 245 0 
-542 98 -909 0 
838 532 462 0 
-690 -771 224 0 
-410 915 -929 0 
411 592 -590 0 
-819 -545 33 0 
-971 -618 952 0 
-628 -392 -881 0 
880 -293 -949 0 
-593 18 616 0 
225 286 -131 0 
645 -540 450 0 
-868 376 47 0 
866 -194 444 0 
481 846 148 0 
-864 718 -720 0 
827 317 775 0 
-522 916 -203 0 
242 148 853 0 
-470 -377 697 0 
-317 747 493 0 
585 -347 48 0 
482 323 -736 0 
31 102 174 0 
-840 928 -322 0 
-890 -546 -80 0 
-874 232 -21 0 
694 31 924 0 
901 -442 106 0 
339 -543 -354 0 
-464 692 841 0 
77 -148 -119 0 
357 457 825 0 
147 140 -716 0 
364 -195 990 0 
-212 241 -41 0 
-980 -541 -807 0 
778 -478 297 0 
-76 -217 259 0 
288 -445 -832 0 
120 -994 557 0 
-129 -934 43 0 
-453 214 -419 0 
632 -368 222 0 
-163 -960 -488 0 
555 643 -984 0 
626 682 -278 0 
345 -161 -697 0 
846 -637 951 0 
-514 -633 -318 0 
694 711 384 0 
-897 -287 470 0 
775 -10 793 0 
949 -271 339 0 
-533 -111 -108 0 
222 -762 70 0 
522 680 -109 0 
768 -363 256 0 
-1 602 102 0 
852 266 -704 0 
43 140 826 0 
-158 406 255 0 
-237 -6 -17 0 
-360 -703 800 0 
-978 -919 -397 0 
-762 -460 -17 0 
995 -104 -827 0 
-356 -456 -659 0 
-507 547 -631 0 
706 733 -740 0 
913 -843 986 0 
25 110 874 0 
-127 1 614 0 
577 343 -294 0 
-8 -716 -636 0 
-894 -833 -243 0 
163 -281 936 0 
232 485 -214 0 
65 -560 -144 0 
-638 -36 919 0 
-815 776 67 0 
-391 535 400 0 
-499 33 303 0 
-665 -739 38 0 
351 -763 -529 0 
-893 -205 -765 0 
761 831 399 0 
432 -826 678 0 
-67 763 -753 0 
-157 581 -813 0 
351 -410 295 0 
-67 385 991 0 
-449 -765 -93 0 
-469 -272 507 0 
388 601 -176 0 
659 -578 -114 0 
-984 622 -494 0 
-880 927 -36 0 
804 655 980 0 
791 -846 732 0 
492 376 -222 0 
-907 753 -174 0 
497 -144 127 0 
-333 26 787 0 
-286 629 171 0 
378 -2 11 0 
-601 51 -511 0 
232 461 514 0 
-614 -488 -362 0 
758 63 35 0 
-779 507 973 0 
182 -897 256 0 
-602 -230 802 0 
-77 449 -69 0 
69 -156 118 0 
-962 -900 920 0 
-105 156 469 0 
-18 -999 -251 0 
24 1 -793 0 
784 403 62 0 
-996 -321 -165 0 
-879 -277 -63 0 
-252 -194 -888 0 
154 -653 -608 0 
-456 -227 668 0 
918 -491 542 0 
-918 -866 991 0 
-156 426 406 0 
-99 360 -120 0 
-396 366 -293 0 
-253 -982 -162 0 
-169 632 -576 0 
-787 263 677 0 
-947 286 -79 0 
295 -157 487 0 
758 -734 304 0 
94 943 -481 0 
261 223 529 0 
743 -242 -611 0 
-446 408 931 0 
-437 -878 804 0 
182 -98 439 0 
-332 75 647 0 
676 -235 640 0 
713 -556 551 0 
923 931 -247 0 
-469 785 96 0 
-592 -943 709 0 
-769 -602 471 0 
-22 891 8 0 
-299 -893 608 0 
777 217 971 0 
186 -354 935 0 
893 64 950 0 
-620 -204 -710 0 
-734 374 -213 0 
-120 -968 757 0 
-391 -922 -374 0 
-58 446 -239 0 
-872 -326 -682 0 
672 -370 -862 0 
360 769 -529 0 
880 -796 319 0 
-165 -814 337 0 
44 -648 -637 0 
-78 71 -138 0 
844 421 -41 0 
748 -759 -703 0 
-78 125 -712 0 
-320 694 -759 0 
-617 -632 -262 0 
-893 836 813 0 
936 850 977 0 
770 -442 -493 0 
324 424 -141 0 
948 876 -367 0 
-573 -378 495 0 
-234 -779 -372 0 
579 665 -418 0 
393 -601 547 0 
-566 -236 295 0 
745 -155 82 0 
-331 -936 653 0 
740 795 351 0 
975 -134 -657 0 
304 567 653 0 
-423 -146 130 0 
72 694 -76 0 
-401 -112 485 0 
-516 -849 -254 0 
154 221 70 0 
-800 -363 -760 0 
-638 -929 -355 0 
-492 -681 377 0 
686 859 -754 0 
712 516 59 0 
51 -930 243 0 
179 848 921 0 
482 783 -503 0 
634 570 -65 0 
558 900 910 0 
377 -975 215 0 
-322 -925 18 0 
279 66 -882 0 
-509 740 -944 0 
-887 -415 527 0 
-751 844 -810 0 
414 -470 -865 0 
-486 920 -439 0 
332 395 33 0 
-460 217 -734 0 
521 515 371 0 
-477 830 398 0 
-681 643 513 0 
-158 -548 -457 0 
-618 -452 -555 0 
-563 -73 437 0 
-298 -400 749 0 
-253 81 484 0 
-965 971 -520 0 
-213 -94 926 0 
-220 -970 -170 0 
754 369 -910 0 
411 -206 -788 0 
-264 311 486 0 
-718 -44 899 0 
550 -97 509 0 
301 -177 -593 0 
495 -246 -434 0 
914 -97 567 0 
-385 -844 347 0 
-142 -528 -564 0 
530 604 92 0 
-25 588 -669 0 
455 -693 -723 0 
401 618 -918 0 
278 -373 995 0 
-609 485 682 0 
-22 421 -295 0 
896 -492 305 0 
157 -29 771 0 
769 -758 183 0 
445 575 -987 0 
198 512 641 0 
-327 317 392 0 
-741 108 296 0 
648 -270 516 0 
555 857 -861 0 
819 936 838 0 
304 -780 696 0 
638 -674 552 0 
-881 -819 -436 0 
511 457 -80 0 
213 436 -429 0 
-380 295 316 0 
-218 100 -590 0 
163 555 -513 0 
548 173 830 0 
471 733 911 0 
964 195 -473 0 
921 46 157 0 
-235 -98 230 0 
774 -982 -574 0 
779 812 -27 0 
-292 178 -495 0 
989 179 638 0 
-673 38 -185 0 
255 -894 223 0 
-615 -150 307 0 
87 171 -659 0 
-416 -748 -976 0 
-316 -546 -46 0 
-813 -99 119 0 
974 -498 -834 0 
-481 679 130 0 
-211 954 931 0 
-267 -754 489 0 
-919 -945 464 0 
-591 -536 202 0 
-793 433 -891 0 
88 -908 -670 0 
302 556 -688 0 
-727 -601 -696 0 
325 -991 913 0 
-62 65 -157 0 
66 -964 776 0 
-239 668 418 0 
397 865 466 0 
-55 -694 -637 0 
461 221 205 0 
-474 515 -367 0 
-583 -280 931 0 
635 745 995 0 
225 401 486 0 
746 -244 -352 0 
-552 -781 -724 0 
-427 316 109 0 
-592 -578 296 0 
317 949 -931 0 
-80 -64 -475 0 
-876 -548 -778 0 
566 -238 -994 0 
271 -372 981 0 
330 -502 -378 0 
-80 227 866 0 
-613 285 870 0 
-434 -216 739 0 
896 -853 42 0 
17 -330 98 0 
680 -650 -628 0 
-398 498 -791 0 
-602 134 -365 0 
656 483 255 0 
-912 -170 -436 0 
-903 591 -799 0 
-856 435 261 0 
-133 136 515 0 
865 164 409 0 
-416 -43 -640 0 
-966 -790 -977 0 
354 902 200 0 
-543 -871 382 0 
803 5 792 0 
316 596 149 0 
-209 -9 982 0 
13 449 380 0 
-646 -951 -747 0 
-484 -855 728 0 
-153 -205 599 0 
-447 326 -969 0 
739 -732 -302 0 
-304 77 20 0 
963 -222 81 0 
188 -700 162 0 
-489 -732 306 0 
-693 689 24 0 
448 961 -750 0 
-66 857 765 0 
277 -525 527 0 
-414 900 774 0 
445 -908 572 0 
968 -829 -533 0 
-223 549 930 0 
-111 -66 835 0 
500 197 864 0 
-610 -149 -687 0 
-27 529 -217 0 
-304 -85 117 0 
-792 701 311 0 
-537 589 -19 0 
-213 997 -256 0 
-987 -667 -322 0 
-661 429 -927 0 
989 -908 -567 0 
751 -319 -800 0 
732 586 -218 0 
551 553 -769 0 
824 -246 240 0 
-145 702 -192 0 
166 945 -773 0 
-86 829 -316 0 
859 78 -80 0 
-363 -970 -474 0 
910 426 731 0 
665 -433 365 0 
696 -376 932 0 
497 285 -881 0 
-800 -789 -665 0 
840 583 38 0 
-436 252 361 0 
-963 -810 436 0 
-958 237 -44 0 
315 939 -934 0 
503 -632 279 0 
285 -104 -86 0 
55 -319 477 0 
-754 -825 -83 0 
-479 -950 455 0 
172 -450 37 0 
-122 276 -853 0 
744 228 387 0 
-271 579 798 0 
409 -81 -645 0 
-205 -591 497 0 
-472 -398 823 0 
93 649 -309 0 
-459 -802 426 0 
214 532 426 0 
163 -47 808 0 
699 -344 -658 0 
629 -624 -138 0 
-993 566 588 0 
586 129 -460 0 
-555 487 748 0 
-405 445 -952 0 
-898 53 -806 0 
256 150 753 0 
-1 -291 -928 0 
-700 -216 -731 0 
928 892 -404 0 
361 -80 -604 0 
-555 269 -949 0 
890 -344 -551 0 
-823 843 982 0 
865 475 245 0 
-712 630 -495 0 
-493 639 -391 0 
507 379 109 0 
-606 -777 905 0 
715 -985 3 0 
-585 853 855 0 
58 810 851 0 
-383 -19 -982 0 
-780 668 732 0 
78 554 745 0 
-386 489 -142 0 
514 -558 411 0 
219 27 489 0 
528 -531 -37 0 
730 54 -205 0 
570 -314 -992 0 
-252 19 -40 0 
829 778 -78 0 
163 -518 725 0 
-868 -796 209 0 
-571 327 464 0 
813 -256 906 0 
605 -730 224 0 
-388 59 -161 0 
745 616 -202 0 
106 306 -368 0 
-313 -138 -994 0 
-325 570 333 0 
-867 -803 -805 0 
414 793 -3 0 
34 527 -597 0 
-655 -207 -734 0 
-496 467 -846 0 
-179 -390 -544 0 
333 99 362 0 
-481 106 -663 0 
-131 -882 -23 0 
-997 -47 782 0 
890 -535 -84 0 
-698 -98 -410 0 
-215 -363 29 0 
495 -355 -272 0 
-338 240 -629 0 
-22 814 -276 0 
576 -911 87 0 
38 -498 323 0 
-926 -52 22 0 
946 -972 566 0 
759 -345 -745 0 
-763 -114 -604 0 
770 -709 -433 0 
290 713 899 0 
-876 -64 813 0 
-329 524 923 0 
-397 375 -563 0 
-251 630 745 0 
829 6 -966 0 
296 658 -501 0 
243 283 -490 0 
84 -848 908 0 
-946 -338 627 0 
-812 -393 668 0 
-647 -523 -81 0 
-309 742 54 0 
-37 616 -931 0 
426 224 358 0 
831 -410 -196 0 
117 -598 -903 0 
553 -347 373 0 
-56 -987 440 0 
-402 573 318 0 
172 -500 -28 0 
-696 -396 -476 0 
-440 631 -778 0 
-538 830 -146 0 
-26 267 -415 0 
-654 -244 -859 0 
287 410 568 0 
-762 295 514 0 
635 -446 -137 0 
-136 367 913 0 
-527 -991 717 0 
-754 -674 -971 0 
824 476 -134 0 
753 651 97 0 
7 -135 953 0 
795 224 394 0 
-769 -7 -141 0 
132 242 968 0 
471 35 -959 0 
366 297 660 0 
-105 297 -354 0 
195 -655 -729 0 
83 939 371 0 
-601 422 622 0 
746 736 -249 0 
470 -595 -714 0 
877 -33 99 0 
-753 -486 246 0 
-797 -141 38 0 
-402 -268 15 0 
224 -24 -108 0 
303 -891 626 0 
-847 -309 -308 0 
-287 438 -814 0 
903 971 -348 0 
-672 621 563 0 
727 334 515 0 
808 660 -584 0 
-945 690 715 0 
-569 -252 -861 0 
752 154 -541 0 
-152 137 202 0 
606 672 -984 0 
354 -328 806 0 
13 -537 -833 0 
973 932 -126 0 
-219 -190 633 0 
130 -707 -294 0 
-600 168 240 0 
-136 -320 -464 0 
210 406 972 0 
615 -532 -865 0 
-426 -886 176 0 
173 133 -272 0 
-954 216 -677 0 
241 -923 298 0 
375 -814 665 0 
-718 464 90 0 
-193 292 -56 0 
-419 282 744 0 
-50 605 -433 0 
-48 -296 -647 0 
-189 354 -570 0 
-550 -681 -357 0 
-974 -258 -404 0 
-47 31 -898 0 
-962 -513 -410 0 
230 850 216 0 
433 43 555 0 
-720 656 -591 0 
-92 -59 -738 0 
570 242 363 0 
-273 -530 271 0 
-480 449 853 0 
215 647 -354 0 
-107 589 -573 0 
585 -346 -887 0 
-83 640 243 0 
875 -209 -914 0 
492 646 639 0 
-990 -517 435 0 
-1 -297 330 0 
-863 136 802 0 
89 108 447 0 
559 -956 234 0 
97 190 -835 0 
-562 -579 369 0 
-365 -632 -657 0 
858 247 -145 0 
126 900 -147 0 
994 208 611 0 
-162 777 6 0 
-116 622 94 0 
272 896 434 0 
-484 -74 221 0 
-138 328 -21 0 
-243 -549 875 0 
377 -690 -388 0 
-421 80 -896 0 
-226 776 -545 0 
-354 46 668 0 
-135 814 -486 0 
90 275 879 0 
-660 255 595 0 
-313 72 649 0 
462 485 501 0 
903 -652 554 0 
-712 429 -978 0 
-65 -996 735 0 
-966 -299 693 0 
65 -622 341 0 
696 -174 615 0 
-852 -164 -396 0 
637 163 776 0 
-211 922 929 0 
-527 419 252 0 
-258 337 -214 0 
-399 -391 -94 0 
-950 -859 -660 0 
917 824 582 0 
565 410 -47 0 
-477 613 -721 0 
255 839 952 0 
-212 -30 2 0 
-989 411 -184 0 
889 -970 -90 0 
230 -850 -285 0 
-113 -114 -51 0 
-258 -831 99 0 
-369 -743 -68 0 
-997 819 -297 0 
-497 690 -460 0 
670 -122 46 0 
602 297 -750 0 
-364 204 850 0 
60 -154 -396 0 
969 -231 339 0 
-862 -464 -599 0 
-623 392 -74 0 
403 -843 -744 0 
379 -766 -78 0 
-715 -941 357 0 
-228 984 873 0 
-613 746 -645 0 
-746 -33 558 0 
45 869 -677 0 
63 342 646 0 
-496 483 -152 0 
-761 994 909 0 
86 685 -387 0 
175 -142 244 0 
596 286 -996 0 
612 -219 -328 0 
-972 -136 -107 0 
-90 521 958 0 
-313 -491 402 0 
568 995 888 0 
74 614 -751 0 
378 475 351 0 
506 744 -687 0 
8 -880 625 0 
734 885 928 0 
353 -790 397 0 
300 -467 767 0 
-234 278 -928 0 
964 80 32 0 
-541 -483 -534 0 
407 -87 771 0 
-42 -615 -446 0 
-342 -229 699 0 
199 447 -649 0 
-241 24 -93 0 
-22 -890 564 0 
-894 726 834 0 
-908 548 -882 0 
490 292 327 0 
-251 349 -880 0 
385 732 -532 0 
596 610 -587 0 
-62 961 -424 0 
-677 715 -251 0 
-872 129 -393 0 
804 -372 766 0 
926 869 -56 0 
-822 23 -689 0 
-705 -572 8 0 
101 -376 -212 0 
-124 544 -321 0 
425 -623 -378 0 
-943 791 -181 0 
-917 996 -544 0 
-617 663 652 0 
-858 -273 364 0 
874 -706 907 0 
49 -294 227 0 
225 -31 -561 0 
980 -71 -500 0 
-55 -956 -788 0 
-314 -197 -642 0 
-944 275 -650 0 
-249 277 -540 0 
-591 -308 882 0 
134 934 248 0 
-102 382 -161 0 
-558 390 67 0 
89 -748 791 0 
220 -764 -574 0 
-327 -957 883 0 
-139 -731 -198 0 
-293 934 -69 0 
579 530 -843 0 
26 -818 380 0 
802 754 -809 0 
-784 651 -995 0 
-714 -655 973 0 
-57 -597 -609 0 
271 -366 468 0 
774 -637 458 0 
-594 -359 -735 0 
106 632 618 0 
-910 579 -935 0 
-247 719 -14 0 
723 489 674 0 
-909 -874 -127 0 
739 -259 446 0 
-84 885 688 0 
-492 845 704 0 
368 997 770 0 
-774 -2 -695 0 
-523 -780 -250 0 
377 -560 -123 0 
-195 -919 -228 0 
-215 -994 -409 0 
611 562 -970 0 
505 810 -275 0 
348 913 -760 0 
275 38 -267 0 
-672 -842 520 0 
-25 -868 -923 0 
124 512 -305 0 
183 881 847 0 
393 857 255 0 
352 539 491 0 
-660 -257 -880 0 
866 461 582 0 
-230 267 902 0 
-69 -322 -851 0 
-684 895 -498 0 
976 932 403 0 
538 849 -195 0 
639 585 964 0 
120 -788 -121 0 
-982 337 -913 0 
-109 -466 143 0 
-536 -573 801 0 
-172 899 916 0 
-232 637 500 0 
346 -642 -538 0 
-439 62 -834 0 
240 998 644 0 
577 472 -772 0 
-116 -333 -269 0 
247 -579 -835 0 
596 460 -895 0 
-10 -524 928 0 
-357 -42 434 0 
-758 442 -547 0 
898 -350 558 0 
489 -51 601 0 
363 -252 957 0 
649 802 -687 0 
195 174 158 0 
-282 114 211 0 
759 -608 -673 0 
439 -595 820 0 
749 174 -982 0 
-154 -979 702 0 
619 -549 -200 0 
781 89 442 0 
-105 951 946 0 
-738 -164 -610 0 
-276 59 427 0 
-932 -845 634 0 
-351 507 -302 0 
-419 62 -86 0 
127 711 -525 0 
873 642 -955 0 
191 -14 65 0 
-545 -220 -581 0 
-781 -576 -222 0 
340 672 659 0 
769 844 -586 0 
597 -610 -898 0 
883 -933 22 0 
-495 567 -734 0 
360 -190 -540 0 
-990 -849 721 0 
-704 -679 -10 0 
-663 787 -111 0 
-963 869 -740 0 
522 874 -767 0 
-426 -38 -215 0 
573 252 886 0 
808 -434 267 0 
-349 460 805 0 
299 -940 -190 0 
-510 -651 -591 0 
-574 -802 800 0 
-425 746 -396 0 
260 470 -424 0 
1000 -141 -400 0 
690 701 -111 0 
408 -292 372 0 
-265 -495 -657 0 
-220 -799 -3 0 
-58 66 -901 0 
-243 -115 -896 0 
-668 37 -136 0 
910 480 -735 0 
611 527 39 0 
816 1 -118 0 
-290 -878 264 0 
-513 -790 -773 0 
-841 -299 -960 0 
262 -265 539 0 
413 178 73 0 
-378 93 166 0 
735 107 -168 0 
-979 -42 -727 0 
397 -926 -823 0 
889 -135 368 0 
383 -322 -726 0 
48 729 823 0 
-569 -948 845 0 
-126 -352 760 0 
135 -193 -597 0 
880 330 581 0 
43 -421 -317 0 
-176 492 -128 0 
786 -422 909 0 
445 -138 735 0 
450 -260 447 0 
285 -434 -576 0 
-499 -534 -419 0 
295 640 -527 0 
-17 144 228 0 
-869 -112 387 0 
-746 -847 -786 0 
-372 791 544 0 
534 123 808 0 
51 -173 91 0 
296 -787 -94 0 
993 516 955 0 
892 131 232 0 
753 -257 582 0 
412 582 976 0 
-502 104 -1 0 
-822 2 76 0 
507 74 615 0 
956 -742 48 0 
288 -419 -239 0 
899 -19 -573 0 
-300 -189 398 0 
-118 -475 772 0 
-239 399 434 0 
-786 -653 340 0 
609 -874 321 0 
777 506 295 0 
304 -981 -351 0 
-156 680 167 0 
177 -399 599 0 
16 315 -618 0 
-995 496 -158 0 
589 941 624 0 
-558 -292 -490 0 
927 578 -224 0 
-449 -983 -551 0 
819 -441 -267 0 
342 122 296 0 
-517 -994 527 0 
-504 -383 -240 0 
-300 -470 -249 0 
-710 -440 -257 0 
-58 741 -465 0 
295 -419 -403 0 
916 -260 809 0 
-707 -233 -57 0 
-201 -471 -820 0 
131 208 560 0 
-425 -40 -608 0 
-483 688 -887 0 
108 839 22 0 
-791 -443 -664 0 
94 502 -799 0 
-974 -164 887 0 
-259 314 605 0 
-500 -999 -770 0 
-744 827 676 0 
920 805 225 0 
763 -479 861 0 
-324 731 300 0 
-126 788 -797 0 
-651 667 -271 0 
-480 269 750 0 
670 -267 856 0 
-298 -655 170 0 
308 -280 -16 0 
-722 -735 -935 0 
-84 20 -910 0 
808 -895 448 0 
-209 992 -703 0 
819 -357 486 0 
116 -818 648 0 
456 -544 510 0 
129 -892 -460 0 
-840 226 -865 0 
-959 -782 628 0 
813 486 -429 0 
883 -303 131 0 
-191 -938 -79 0 
288 -287 -297 0 
9 619 953 0 
819 -358 932 0 
59 -56 -83 0 
725 303 -514 0 
490 -175 760 0 
123 -343 598 0 
294 780 528 0 
847 26 492 0 
-424 729 -311 0 
-421 605 639 0 
-852 -576 937 0 
384 476 -508 0 
-462 613 536 0 
971 -705 55 0 
-720 628 -16 0 
735 -197 -995 0 
-81 -688 171 0 
296 591 114 0 
-503 381 -336 0 
-315 737 606 0 
263 3 -441 0 
-177 142 -62 0 
406 -797 837 0 
324 860 259 0 
263 907 -156 0 
817 483 -910 0 
916 255 621 0 
955 272 768 0 
-871 -898 247 0 
-308 -334 739 0 
167 704 902 0 
-978 427 -220 0 
542 -781 -767 0 
-689 304 -528 0 
240 -483 367 0 
-831 -77 -883 0 
368 230 -555 0 
341 -172 566 0 
333 871 789 0 
938 -574 754 0 
-200 -239 829 0 
-347 572 647 0 
-710 299 -511 0 
836 -142 372 0 
96 614 -453 0 
32 -982 399 0 
-872 -896 249 0 
-353 872 17 0 
664 -718 -217 0 
656 -437 505 0 
-540 -888 -2 0 
-208 407 226 0 
268 -977 915 0 
-191 869 -508 0 
86 573 20 0 
-343 146 110 0 
-996 -518 848 0 
612 348 -261 0 
82 520 -491 0 
750 688 300 0 
-975 573 569 0 
-953 -896 691 0 
612 -267 -466 0 
283 631 685 0 
-903 -403 625 0 
-186 -769 -869 0 
115 -227 492 0 
264 257 971 0 
286 -107 573 0 
-471 -593 84 0 
-132 -73 -752 0 
-613 -844 579 0 
-229 236 520 0 
-371 -612 479 0 
450 -264 -314 0 
810 235 224 0 
-36 -985 -76 0 
172 -943 -252 0 
-485 775 -729 0 
-358 -40 -317 0 
-872 -165 992 0 
-613 -452 -593 0 
-990 610 929 0 
62 580 887 0 
761 -951 -519 0 
923 -892 -503 0 
-392 993 146 0 
-653 -227 -561 0 
-893 -713 -989 0 
-585 -133 -987 0 
-770 -449 -691 0 
-63 -558 223 0 
444 -994 289 0 
-418 -622 -26 0 
37 -804 789 0 
-724 956 67 0 
-674 165 783 0 
-468 -488 -103 0 
-951 -199 699 0 
-240 446 49 0 
348 -493 -322 0 
-53 -462 -689 0 
-957 440 -893 0 
61 -470 -505 0 
977 755 257 0 
-687 725 -324 0 
3 551 626 0 
-23 -774 -876 0 
-284 104 -132 0 
-407 -224 379 0 
-34 396 954 0 
801 -92 355 0 
-620 413 -568 0 
278 931 -558 0 
-629 241 735 0 
268 811 356 0 
-950 348 -964 0 
-330 -367 803 0 
506 309 -441 0 
-883 887 992 0 
79 866 944 0 
-791 417 725 0 
-248 -511 -523 0 
124 -621 158 0 
-812 -345 -643 0 
-395 -875 381 0 
329 900 346 0 
-325 627 975 0 
949 -97 -276 0 
736 -400 -726 0 
286 -605 -99 0 
-737 -239 -302 0 
-606 462 -13 0 
-374 -706 667 0 
275 133 699 0 
153 -501 762 0 
777 504 279 0 
569 -514 297 0 
-348 479 410 0 
272 833 -606 0 
-578 749 472 0 
-513 -172 -591 0 
-461 222 792 0 
-389 -109 -52 0 
-208 432 238 0 
-639 -985 621 0 
-910 485 -484 0 
844 -387 -794 0 
18 835 235 0 
-936 856 748 0 
608 656 180 0 
849 -575 68 0 
-707 -185 966 0 
-611 11 782 0 
766 -667 -939 0 
-952 726 460 0 
631 434 60 0 
-191 955 465 0 
248 -104 -381 0 
-584 335 -281 0 
231 -383 -572 0 
-768 854 -491 0 
-512 -165 562 0 
-211 -848 -861 0 
-260 -329 -263 0 
-245 81 587 0 
-81 -845 432 0 
-904 108 -944 0 
-897 -971 -679 0 
384 -471 426 0 
-750 85 958 0 
915 650 -390 0 
999 -811 -106 0 
141 -888 -874 0 
608 -286 237 0 
-833 -682 757 0 
-270 539 -980 0 
-994 -445 -212 0 
439 -511 -444 0 
-442 390 476 0 
-848 -828 -214 0 
-522 -57 -583 0 
73 354 -952 0 
-666 -234 -265 0 
687 436 755 0 
160 -76 -501 0 
350 977 -596 0 
-801 -648 -453 0 
252 -567 902 0 
76 756 -847 0 
-491 253 -84 0 
37 -647 977 0 
383 -8 -540 0 
-90 -503 472 0 
961 346 705 0 
222 753 -440 0 
944 510 -878 0 
480 -782 -766 0 
-863 -608 303 0 
-534 765 276 0 
281 670 347 0 
-702 383 836 0 
-75 268 -240 0 
-435 -684 338 0 
-136 -133 -124 0 
612 635 353 0 
-90 -306 -675 0 
-110 739 -58 0 
617 664 -974 0 
-81 798 496 0 
-740 -694 -917 0 
-388 47 281 0 
206 523 -966 0 
-561 24 -98 0 
-708 -607 -141 0 
-809 314 -402 0 
-168 -113 -386 0 
592 -116 464 0 
-794 -390 -36 0 
83 800 -21 0 
-705 -424 -388 0 
-100 3 -701 0 
390 -55 498 0 
474 816 -727 0 
93 935 111 0 
-258 161 -697 0 
-643 -458 -995 0 
-612 105 -857 0 
603 -919 -880 0 
283 325 865 0 
10 470 557 0 
-218 -776 -27 0 
362 517 800 0 
-22 937 -993 0 
-336 -593 -206 0 
-211 -503 798 0 
688 -263 408 0 
624 -145 804 0 
33 -414 927 0 
-539 -150 -914 0 
-451 468 521 0 
45 -312 842 0 
725 446 48 0 
-187 81 -67 0 
-958 244 -230 0 
147 -34 -705 0 
716 233 -672 0 
-608 -739 -229 0 
462 -392 -773 0 
-370 54 -767 0 
955 -662 -468 0 
611 -539 413 0 
778 288 -913 0 
-574 442 390 0 
934 131 312 0 
349 -381 403 0 
-613 -165 391 0 
674 237 -635 0 
904 492 688 0 
518 517 72 0 
504 505 -502 0 
127 -769 252 0 
-127 -777 227 0 
561 -474 952 0 
138 847 -224 0 
329 115 461 0 
310 -944 369 0 
-232 706 -947 0 
507 494 921 0 
886 240 401 0 
-641 206 899 0 
-309 435 -971 0 
-514 14 -941 0 
620 666 426 0 
-795 -37 -55 0 
-237 781 838 0 
-2 885 42 0 
865 619 -994 0 
776 -232 583 0 
-73 308 869 0 
-595 -667 859 0 
21 946 125 0 
163 -282 53 0 
-197 -372 347 0 
18 397 589 0 
333 725 -18 0 
907 -833 -569 0 
-901 96 983 0 
-591 -334 -811 0 
142 779 -871 0 
725 -319 -885 0 
553 262 -533 0 
-251 408 95 0 
29 -940 512 0 
66 950 241 0 
-484 -623 -837 0 
-13 939 417 0 
-346 -129 948 0 
-158 324 440 0 
866 -325 408 0 
484 -5 433 0 
-106 -308 853 0 
621 768 92 0 
-560 -340 311 0 
-614 -901 -905 0 
-667 -402 -266 0 
-278 -558 64 0 
120 971 495 0 
-331 -927 982 0 
-951 -208 -121 0 
650 -215 -950 0 
-922 306 -108 0 
-704 -368 989 0 
422 70 -840 0 
999 108 348 0 
-276 573 132 0 
-551 -966 902 0 
141 -271 175 0 
-960 -837 -697 0 
-317 -459 291 0 
-56 -719 -661 0 
330 -264 -440 0 
-728 592 340 0 
-262 843 796 0 
-627 565 -172 0 
-971 -65 41 0 
445 -674 620 0 
-871 367 -48 0 
-539 262 -21 0 
683 158 -13 0 
369 -866 927 0 
371 400 628 0 
20 -696 -69 0 
-507 486 -657 0 
236 -799 320 0 
143 -447 94 0 
332 806 354 0 
588 563 689 0 
-369 304 706 0 
81 935 586 0 
-623 637 -516 0 
254 177 123 0 
-477 -353 -468 0 
841 332 -892 0 
-152 -449 -679 0 
265 -12 -482 0 
-286 671 807 0 
52 389 -437 0 
-436 160 600 0 
519 -285 205 0 
257 667 -103 0 
717 463 -949 0 
60 793 -209 0 
93 944 214 0 
758 -280 -152 0 
-133 -751 850 0 
-402 -283 574 0 
-823 53 779 0 
812 660 7 0 
-327 -880 475 0 
917 -869 -561 0 
392 -922 1 0 
-663 -336 -513 0 
-317 -83 546 0 
-322 579 -764 0 
-759 152 257 0 
575 924 604 0 
-777 621 -44 0 
62 312 305 0 
390 685 420 0 
-203 461 -84 0 
-522 -723 114 0 
-165 -749 822 0 
-587 28 -298 0 
-839 982 964 0 
436 627 -20 0 
194 297 -441 0 
128 -837 -754 0 
-755 236 -572 0 
668 212 -863 0 
458 -662 -17 0 
837 330 644 0 
679 -519 -41 0 
-734 -64 -825 0 
-57 -375 -559 0 
-806 570 559 0 
-617 394 -683 0 
771 314 177 0 
781 -433 -323 0 
-790 -512 773 0 
-862 -927 -852 0 
-475 841 -882 0 
-156 -804 915 0 
-913 865 -421 0 
-138 -218 -77 0 
872 -643 289 0 
-811 -574 393 0 
154 770 439 0 
-477 -179 -43 0 
-475 -838 944 0 
-229 -413 600 0 
333 -682 949 0 
258 -165 -737 0 
-75 450 -105 0 
739 -172 -464 0 
-923 488 -831 0 
-399 411 -294 0 
-974 233 276 0 
-850 -617 252 0 
399 -136 936 0 
444 164 -767 0 
-429 983 -875 0 
944 284 447 0 
-73 865 706 0 
-844 189 -679 0 
475 189 586 0 
-288 -406 -238 0 
612 -478 -334 0 
737 295 -285 0 
701 -539 972 0 
552 -311 847 0 
-210 79 886 0 
465 424 -805 0 
974 45 567 0 
282 15 -428 0 
684 -341 -847 0 
-937 730 -732 0 
216 -460 690 0 
812 398 -111 0 
746 -970 -661 0 
-980 -585 453 0 
-956 -826 -991 0 
-232 -929 680 0 
565 336 447 0 
51 -763 -408 0 
-636 390 -961 0 
-768 51 137 0 
-121 714 -268 0 
940 -62 -228 0 
199 649 -445 0 
966 -985 -854 0 
-231 248 -801 0 
-312 504 -382 0 
358 -315 231 0 
-336 -218 -523 0 
-358 966 507 0 
-815 -779 -149 0 
-245 564 784 0 
563 126 -829 0 
-851 -335 22 0 
-689 297 463 0 
-936 506 13 0 
-398 704 -496 0 
-898 807 381 0 
760 567 -255 0 
222 -791 -356 0 
-589 -821 -871 0 
-126 -28 -412 0 
-19 228 -876 0 
936 350 333 0 
-478 226 -474 0 
-627 -231 -922 0 
-628 -128 639 0 
-916 958 164 0 
986 634 331 0 
-967 32 -680 0 
-770 806 329 0 
842 642 -984 0 
997 -799 976 0 
294 445 -169 0 
91 737 -922 0 
-211 146 -717 0 
-832 -638 375 0 
-890 -595 458 0 
626 888 -508 0 
441 -98 763 0 
294 -269 102 0 
-399 -728 253 0 
-264 -851 750 0 
-146 -344 -389 0 
-14 95 -436 0 
29 -488 458 0 
487 313 207 0 
261 -68 -388 0 
564 -59 766 0 
-878 -944 -210 0 
548 -345 -422 0 
-155 -908 602 0 
-149 368 814 0 
-821 153 744 0 
243 -486 192 0 
988 777 133 0 
-979 -302 245 0 
371 -505 -339 0 
807 922 -686 0 
-200 -829 -131 0 
-630 -892 -314 0 
541 773 -462 0 
998 -745 933 0 
350 589 -51 0 
764 -410 677 0 
326 -65 -646 0 
563 182 284 0 
238 -617 539 0 
-124 -249 -256 0 
614 -365 -391 0 
-650 284 -288 0 
375 -31 763 0 
-199 727 -331 0 
-899 -46 490 0 
-563 -733 -928 0 
941 124 -142 0 
324 203 -447 0 
-270 -371 -314 0 
625 79 -31 0 
-900 948 -157 0 
749 -214 503 0 
946 841 -77 0 
-381 233 -551 0 
-591 762 -658 0 
-893 -366 139 0 
530 -48 917 0 
-378 -697 583 0 
-146 950 62 0 
-213 -593 212 0 
-181 270 3 0 
332 -253 -872 0 
124 -503 813 0 
-643 -707 -341 0 
21 610 -278 0 
651 -33 459 0 
328 66 872 0 
-138 -436 48 0 
23 -781 755 0 
-186 -958 241 0 
-783 -347 861 0 
706 -542 -543 0 
152 -864 159 0 
566 399 -737 0 
-700 -978 393 0 
-679 765 374 0 
-236 630 432 0 
516 -931 966 0 
-811 -568 -724 0 
-783 574 233 0 
-553 -243 590 0 
727 526 137 0 
-652 -886 -575 0 
81 -593 -802 0 
-388 641 585 0 
620 -517 343 0 
40 947 417 0 
911 435 499 0 
718 620 -965 0 
756 -377 -50 0 
-870 373 785 0 
-458 609 -336 0 
101 637 -187 0 
-138 733 -590 0 
-492 387 374 0 
-732 -931 -180 0 
362 18 870 0 
-673 415 -305 0 
289 15 -64 0 
334 -897 984 0 
502 -798 837 0 
692 199 -648 0 
759 368 58 0 
308 911 -756 0 
-211 88 -440 0 
-174 605 -475 0 
476 699 -738 0 
-527 793 -483 0 
-557 226 -403 0 
-733 215 129 0 
42 440 -85 0 
-775 664 -564 0 
-177 683 235 0 
-730 471 -242 0 
-615 90 702 0 
538 667 468 0 
-737 229 -206 0 
683 -149 -593 0 
341 -86 -963 0 
-407 330 -752 0 
-123 -576 227 0 
41 159 895 0 
191 -824 -944 0 
-221 848 -269 0 
-196 -348 -261 0 
-789 -835 -861 0 
-288 281 -449 0 
-879 340 862 0 
-915 -341 976 0 
412 104 -953 0 
706 267 481 0 
516 -325 376 0 
-293 928 -500 0 
427 753 99 0 
-745 813 -389 0 
-489 871 644 0 
116 207 487 0 
650 277 -853 0 
731 -234 -834 0 
-962 461 -296 0 
65 -449 866 0 
644 172 -227 0 
4 -385 -962 0 
17 -445 515 0 
371 -750 -401 0 
-450 402 -787 0 
-95 -239 -518 0 
-738 -360 692 0 
-571 171 140 0 
958 -412 -974 0 
314 352 858 0 
-1000 487 -128 0 
-699 877 -860 0 
812 669 182 0 
-913 296 26 0 
747 -293 -380 0 
323 -993 105 0 
-366 -199 -508 0 
89 763 483 0 
-895 -678 878 0 
-467 555 918 0 
576 -11 -28 0 
-288 -947 -583 0 
821 -183 -140 0 
-692 502 530 0 
-231 949 978 0 
514 -778 -890 0 
805 -737 340 0 
317 82 -934 0 
656 -541 638 0 
66 233 -734 0 
-364 116 487 0 
5 666 40 0 
271 57 333 0 
-274 788 580 0 
-840 -766 -125 0 
92 566 567 0 
159 736 240 0 
540 -637 -346 0 
-972 -884 -541 0 
-55 -581 -107 0 
399 -627 997 0 
-115 726 -377 0 
146 -515 259 0 
-189 959 88 0 
536 505 249 0 
507 915 -529 0 
-943 855 -988 0 
738 -687 790 0 
670 -396 -958 0 
-986 -409 244 0 
300 -761 -913 0 
-345 72 -829 0 
-873 -2 -488 0 
-110 -364 -495 0 
-202 -925 575 0 
24 520 -419 0 
-528 -967 -74 0 
-258 -48 -428 0 
-727 -93 -460 0 
905 593 703 0 
885 -959 628 0 
-865 -888 -97 0 
-621 335 59 0 
941 -325 -81 0 
939 -640 367 0 
-179 -267 704 0 
-784 95 121 0 
98 -349 750 0 
-894 -151 94 0 
-913 -759 64 0 
48 -426 698 0 
-419 769 877 0 
175 -255 846 0 
337 -21 -536 0 
-660 -222 395 0 
-358 331 -838 0 
-612 95 -10 0 
-480 -253 872 0 
985 515 735 0 
-561 -691 598 0 
-994 -35 -943 0 
-289 -92 379 0 
622 -519 -351 0 
-622 604 -854 0 
499 -43 576 0 
522 -763 -785 0 
-900 -966 605 0 
525 -268 -716 0 
-185 -258 -396 0 
571 493 967 0 
876 265 16 0 
803 -412 745 0 
922 720 823 0 
-776 -220 775 0 
116 -63 -683 0 
-972 987 -486 0 
269 -345 54 0 
-405 -72 -610 0 
898 -538 381 0 
-837 -792 -200 0 
-150 -452 267 0 
-36 105 422 0 
835 -628 104 0 
709 -616 -112 0 
887 -412 643 0 
-85 -826 -268 0 
843 191 963 0 
531 48 888 0 
371 -532 408 0 
-500 -474 874 0 
-694 832 -144 0 
-659 771 -165 0 
888 53 -96 0 
643 991 -667 0 
-107 261 -706 0 
-792 -529 -349 0 
-156 228 -460 0 
479 725 -625 0 
648 -849 717 0 
794 -736 -802 0 
-930 -843 -839 0 
-978 143 -384 0 
118 -162 -976 0 
97 656 981 0 
-432 769 322 0 
-138 -513 773 0 
921 -554 -608 0 
481 -824 51 0 
-118 589 447 0 
435 -476 169 0 
524 -396 -388 0 
-787 -150 662 0 
194 -547 414 0 
-249 946 -935 0 
739 783 297 0 
54 567 -1000 0 
450 676 -502 0 
173 -610 -302 0 
409 935 304 0 
-174 -573 765 0 
802 498 -144 0 
-34 -117 -652 0 
-906 -303 816 0 
86 971 243 0 
644 -481 -321 0 
-67 -702 -359 0 
-108 846 497 0 
213 -563 -194 0 
-165 -692 -920 0 
-215 971 544 0 
484 -644 -860 0 
-142 -439 606 0 
-862 -293 209 0 
-382 -552 -930 0 
946 318 387 0 
574 571 -460 0 
417 -9 308 0 
-499 -193 976 0 
998 775 719 0 
593 -724 663 0 
-844 -571 -149 0 
-948 -20 168 0 
606 -529 511 0 
-501 -576 -797 0 
-130 -803 -591 0 
59 34 -989 0 
86 679 -362 0 
-69 -512 -659 0 
840 100 53 0 
-954 64 -124 0 
190 53 -722 0 
130 -334 -345 0 
199 887 60 0 
-770 -40 -976 0 
426 -78 -974 0 
-987 -572 571 0 
-697 -822 -378 0 
521 -123 571 0 
813 490 -244 0 
165 -256 133 0 
906 -463 820 0 
-160 -209 -505 0 
323 -509 -367 0 
177 215 -3 0 
253 536 840 0 
174 -524 109 0 
166 -326 820 0 
996 -354 185 0 
846 -738 -329 0 
865 229 716 0 
883 -498 630 0 
-314 -515 327 0 
298 740 -583 0 
455 160 507 0 
-143 130 83 0 
-593 168 917 0 
801 -87 -642 0 
176 728 843 0 
855 -86 -592 0 
329 275 94 0 
863 -647 -915 0 
886 -212 538 0 
812 -185 156 0 
-649 422 490 0 
-324 462 912 0 
-511 -7 102 0 
-602 -898 -221 0 
-461 221 -666 0 
535 -270 916 0 
-705 -51 -820 0 
-134 -93 -479 0 
-432 29 918 0 
-797 -443 150 0 
-112 -137 -140 0 
993 -674 -838 0 
-335 851 503 0 
406 -836 -566 0 
69 -605 679 0 
277 -878 -114 0 
-789 -657 701 0 
-405 -344 64 0 
608 214 -475 0 
-604 294 -897 0 
-790 423 611 0 
415 39 686 0 
981 223 -53 0 
-838 -837 -685 0 
-822 318 -230 0 
28 -185 -526 0 
-693 399 263 0 
373 -853 449 0 
187 292 481 0 
-902 467 815 0 
-158 51 -241 0 
-858 -478 237 0 
752 -310 988 0 
821 -192 171 0 
-795 72 -531 0 
321 117 -907 0 
-957 96 -535 0 
447 431 -548 0 
-239 464 -305 0 
870 270 -382 0 
80 173 950 0 
978 -748 -787 0 
458 -487 457 0 
-446 934 -516 0 
429 -925 -924 0 
38 -98 -367 0 
656 -575 -81 0 
-584 -968 81 0 
649 -138 405 0 
549 -948 152 0 
250 577 457 0 
-383 -76 -734 0 
-305 571 447 0 
-356 812 -520 0 
898 701 -109 0 
-880 -524 231 0 
-796 715 -371 0 
518 -965 -694 0 
689 66 -241 0 
-104 192 -904 0 
77 -239 615 0 
693 479 -364 0 
571 549 312 0 
798 596 46 0 
686 -774 737 0 
196 -824 -866 0 
488 562 -388 0 
-127 952 425 0 
-338 -334 71 0 
581 -925 -219 0 
-172 -769 -424 0 
925 876 -249 0 
-838 356 -320 0 
-31 656 -621 0 
324 547 -984 0 
-196 -970 -573 0 
-219 498 50 0 
463 -951 585 0 
29 882 397 0 
-159 238 -793 0 
-150 168 -222 0 
-991 -858 -677 0 
-2 -378 -894 0 
-159 -164 -893 0 
-415 548 -738 0 
-910 763 497 0 
-764 -340 963 0 
-552 -388 -69 0 
960 -944 21 0 
984 -3 -802 0 
728 321 117 0 
-696 -2 677 0 
-782 -648 343 0 
-48 -756 -334 0 
617 51 -803 0 
-625 524 -545 0 
563 232 -264 0 
192 -523 -453 0 
284 -430 -215 0 
-581 128 516 0 
279 805 921 0 
-43 -504 -672 0 
-563 -194 -350 0 
217 102 956 0 
-753 -545 -495 0 
-111 106 454 0 
610 384 -95 0 
-85 -743 -524 0 
182 -837 -60 0 
-752 719 523 0 
444 654 -660 0 
-130 -607 -82 0 
-838 366 866 0 
-893 550 -758 0 
247 -426 448 0 
-502 952 -651 0 
-984 361 -847 0 
-143 279 977 0 
542 -751 271 0 
887 848 270 0 
141 -3 96 0 
916 261 222 0 
-586 -236 -726 0 
-587 176 -103 0 
-427 -190 -378 0 
-431 656 -535 0 
-637 -397 -668 0 
-675 -653 -626 0 
-337 407 219 0 
-183 956 541 0 
-85 65 582 0 
684 -326 -737 0 
508 -601 791 0 
332 761 -117 0 
-341 -883 -954 0 
-461 946 -710 0 
207 -501 -662 0 
291 -522 621 0 
11 182 429 0 
447 449 806 0 
-971 520 317 0 
-801 719 -903 0 
-335 -380 -243 0 
-604 211 -440 0 
486 950 -39 0 
990 722 51 0 
-256 -402 -193 0 
259 -49 474 0 
-15 -337 -826 0 
-53 523 384 0 
875 -771 -504 0 
511 -588 -478 0 
287 693 67 0 
-101 671 587 0 
102 857 -716 0 
-786 -933 551 0 
138 67 173 0 
80 -867 142 0 
-503 -330 -983 0 
-907 -89 -757 0 
14 984 -521 0 
-754 -994 692 0 
573 544 -411 0 
-24 720 -56 0 
-618 413 -42 0 
769 -712 109 0 
155 -840 -779 0 
667 47 766 0 
454 -931 -970 0 
40 193 417 0 
826 134 755 0 
-674 -545 -430 0 
684 24 452 0 
670 -149 393 0 
-198 -625 -880 0 
-724 -289 -104 0 
758 -498 167 0 
554 597 644 0 
-360 762 -516 0 
600 432 -620 0 
-399 729 -605 0 
83 -343 543 0 
588 -585 -884 0 
-308 921 -479 0 
526 -413 -860 0 
-451 99 789 0 
665 179 -103 0 
577 -293 888 0 
944 -439 436 0 
-605 -941 574 0 
-248 442 -329 0 
496 303 16 0 
-688 -678 -352 0 
-212 -790 -29 0 
450 777 -639 0 
-744 504 597 0 
441 -429 -556 0 
-293 197 608 0 
220 582 768 0 
-290 329 -1 0 
-41 37 73 0 
335 820 853 0 
-834 -509 552 0 
-744 -410 -535 0 
318 58 -375 0 
-897 736 -364 0 
360 -80 330 0 
860 59 -295 0 
585 301 235 0 
763 -775 896 0 
-157 -337 996 0 
-144 711 436 0 
648 -479 579 0 
37 78 54 0 
-362 204 997 0 
-264 414 381 0 
-664 714 3 0 
-834 -442 -234 0 
10 66 853 0 
813 418 -381 0 
-764 201 557 0 
876 -332 224 0 
-842 -458 346 0 
312 255 -30 0 
665 738 -736 0 
-481 -346 -904 0 
-117 -326 -747 0 
-918 -209 -68 0 
-344 341 -28 0 
457 -73 -220 0 
107 415 -277 0 
925 -994 859 0 
296 -132 -321 0 
423 393 -20 0 
857 -424 330 0 
-793 635 258 0 
-50 80 8 0 
386 -782 662 0 
-184 -362 -457 0 
713 974 -468 0 
-82 -45 402 0 
592 195 179 0 
926 773 -253 0 
-468 543 -728 0 
412 -760 268 0 
776 -188 64 0 
948 354 -189 0 
-641 -58 96 0 
-117 -158 -151 0 
125 -300 66 0 
-676 798 873 0 
979 417 59 0 
704 971 49 0 
267 -984 -269 0 
-188 -204 -753 0 
-101 20 -179 0 
353 -231 -888 0 
-381 462 293 0 
592 -633 -748 0 
991 653 -520 0 
-817 596 -122 0 
-35 -989 -356 0 
-767 720 -978 0 
405 -668 929 0 
391 42 -7 0 
376 65 139 0 
-294 13 39 0 
610 -692 -128 0 
67 951 -803 0 
758 -176 -102 0 
816 -345 380 0 
-886 -352 -420 0 
-50 -935 -30 0 
-837 -989 150 0 
260 -834 889 0 
-220 750 818 0 
736 137 67 0 
-340 836 -19 0 
-69 147 713 0 
-871 -478 -21 0 
953 -594 993 0 
-27 -655 155 0 
-383 -965 -549 0 
-608 506 -247 0 
92 158 -942 0 
-365 -258 886 0 
-930 -30 -723 0 
-697 310 -890 0 
186 746 -491 0 
93 -997 341 0 
150 -413 -664 0 
390 -682 199 0 
-949 582 -423 0 
-581 796 650 0 
173 542 -745 0 
629 -165 -671 0 
-573 -724 963 0 
-392 -466 -872 0 
708 -888 372 0 
-17 589 -209 0 
775 292 -718 0 
36 -273 -321 0 
70 372 -947 0 
740 -665 -274 0 
624 682 999 0 
-175 -787 -440 0 
-159 -43 776 0 
15 -898 280 0 
-728 915 -985 0 
388 -408 157 0 
-669 379 -989 0 
231 15 44 0 
-464 -221 -789 0 
-792 763 -311 0 
-277 48 591 0 
842 -960 -969 0 
619 -864 579 0 
-918 666 174 0 
59 86 817 0 
-634 -316 57 0 
-99 -184 302 0 
-800 714 706 0 
900 -811 -515 0 
451 -379 398 0 
-792 -664 545 0 
-915 -416 957 0 
807 86 -440 0 
674 202 -528 0 
804 -981 -202 0 
456 213 -18 0 
-463 -621 -22 0 
785 -522 -126 0 
925 -426 333 0 
-29 446 917 0 
495 835 466 0 
-870 969 679 0 
955 532 533 0 
-722 -944 -497 0 
-217 -687 599 0 
-912 696 -86 0 
-223 434 -861 0 
-340 337 574 0 
88 -38 453 0 
-676 901 -989 0 
39 -44 -94 0 
52 -342 87 0 
168 836 -251 0 
-694 55 -374 0 
-526 -204 -907 0 
588 -430 -740 0 
642 -546 544 0 
-606 -637 -41 0 
-769 -471 -677 0 
505 421 578 0 
-703 800 518 0 
433 -739 160 0 
789 -470 605 0 
-51 -845 -808 0 
361 423 -781 0 
-879 443 -942 0 
-532 -821 -530 0 
429 784 560 0 
117 540 -71 0 
-188 -826 -529 0 
-225 175 -245 0 
599 392 767 0 
-854 71 995 0 
-663 -256 -157 0 
807 -560 44 0 
177 88 768 0 
-492 -668 -236 0 
735 -715 -163 0 
171 24 -634 0 
-282 -917 -782 0 
-361 799 255 0 
-465 73 -720 0 
828 -49 939 0 
879 -913 570 0 
15 -830 405 0 
122 -670 753 0 
926 -830 638 0 
686 -584 -693 0 
-568 -916 851 0 
-103 -388 -468 0 
791 537 -210 0 
110 479 486 0 
-518 -854 943 0 
-621 -459 -39 0 
634 -746 721 0 
485 47 347 0 
199 981 -945 0 
-952 -52 909 0 
-262 -730 949 0 
-229 326 254 0 
-306 -532 685 0 
-1 -844 634 0 
-860 -899 -341 0 
825 59 550 0 
978 -92 166 0 
861 -366 -666 0 
979 -759 544 0 
-491 -4 -743 0 
-793 -765 89 0 
173 -328 454 0 
-953 813 685 0 
214 -577 160 0 
-107 13 594 0 
-641 690 -687 0 
-513 641 -775 0 
-718 160 500 0 
-458 -611 -579 0 
381 786 -994 0 
713 -886 514 0 
-603 -434 -63 0 
-753 437 -89 0 
-126 436 565 0 
356 898 -127 0 
-749 576 86 0 
-200 163 132 0 
-299 -414 -93 0 
-346 -477 -178 0 
-608 304 -476 0 
635 901 -911 0 
494 -122 -879 0 
-420 -76 446 0 
676 906 941 0 
-819 332 575 0 
872 639 -608 0 
-630 242 -319 0 
-209 2 44 0 
-391 -19 844 0 
248 -920 198 0 
887 -765 744 0 
-110 106 253 0 
-574 -408 95 0 
-385 144 -371 0 
291 333 384 0 
-804 617 388 0 
541 486 -124 0 
-609 -734 208 0 
191 79 404 0 
641 929 -345 0 
-831 -955 -471 0 
-981 227 -196 0 
330 -34 -395 0 
419 -152 -122 0 
561 -912 -438 0 
105 -248 -111 0 
413 332 810 0 
-646 -152 967 0 
-427 -675 960 0 
-929 559 782 0 
760 -767 -181 0 
936 -330 511 0 
502 790 -37 0 
-163 509 -346 0 
-715 499 834 0 
-651 914 -760 0 
-708 316 -707 0 
289 583 -725 0 
585 698 174 0 
-303 -553 -224 0 
727 -286 981 0 
452 -785 -876 0 
748 -161 -145 0 
-905 -921 559 0 
-839 -74 -794 0 
-940 -152 507 0 
-894 -323 -346 0 
-448 414 -998 0 
289 55 -876 0 
395 690 673 0 
-39 -24 -758 0 
-889 -623 362 0 
822 168 472 0 
434 762 -493 0 
74 -464 925 0 
771 -568 649 0 
-682 1000 844 0 
15 -250 351 0 
-96 -817 -43 0 
953 -813 83 0 
-122 941 -644 0 
917 944 -753 0 
-295 811 281 0 
-208 -787 564 0 
616 -758 -317 0 
763 56 889 0 
130 836 -798 0 
-28 -426 -392 0 
-530 25 39 0 
-579 -359 -2 0 
791 -995 -462 0 
202 -307 284 0 
-697 426 -946 0 
-593 172 -961 0 
61 225 -12 0 
116 -956 -630 0 
-291 -197 474 0 
-814 380 -651 0 
-791 347 -695 0 
-477 833 107 0 
-635 -806 674 0 
-777 -746 -226 0 
-377 -881 -485 0 
82 279 998 0 
-321 -106 -393 0 
923 -486 -956 0 
-53 373 -199 0 
886 -278 773 0 
-239 -95 -127 0 
971 -52 -736 0 
-506 -461 831 0 
-735 -848 -126 0 
-217 -301 831 0 
-335 715 -589 0 
277 -33 -860 0 
-280 -552 304 0 
288 -806 661 0 
134 -686 346 0 
380 -289 187 0 
881 187 -647 0 
441 -497 425 0 
718 849 844 0 
556 578 24 0 
-877 -352 -816 0 
88 732 188 0 
-96 -716 -802 0 
-585 329 52 0 
726 559 -79 0 
-490 -747 383 0 
875 802 -634 0 
-714 786 549 0 
494 286 -113 0 
709 739 -19 0 
877 97 461 0 
137 371 280 0 
870 -144 900 0 
-951 594 295 0 
735 987 916 0 
-492 650 -881 0 
-488 -40 -386 0 
632 -646 966 0 
866 -932 615 0 
950 -21 13 0 
-420 -395 606 0 
-401 -493 -540 0 
747 -670 89 0 
-538 528 -72 0 
-496 666 -422 0 
485 -513 -483 0 
-251 -265 448 0 
716 240 -225 0 
-79 -686 -281 0 
305 -753 128 0 
769 910 930 0 
-792 -227 932 0 
-690 716 -498 0 
-746 709 -847 0 
-293 825 192 0 
785 884 955 0 
-699 375 372 0 
-969 890 215 0 
-63 -832 361 0 
158 874 90 0 
401 874 513 0 
223 321 -211 0 
31 -96 -930 0 
-298 204 -588 0 
-936 906 86 0 
156 -653 -886 0 
81 815 22 0 
639 519 315 0 
616 156 101 0 
-140 213 -848 0 
840 454 733 0 
-84 -918 -276 0 
-420 -931 795 0 
-492 565 -528 0 
-265 -623 654 0 
989 663 -997 0 
548 -727 -289 0 
126 308 -458 0 
-468 193 -424 0 
615 -271 -748 0 
148 639 561 0 
-312 -370 -250 0 
-200 -787 783 0 
-638 -184 -122 0 
958 648 -820 0 
692 97 650 0 
853 326 578 0 
-952 -691 571 0 
720 274 176 0 
330 406 -807 0 
497 -967 617 0 
-51 -398 -639 0 
438 726 670 0 
773 518 253 0 
-599 855 -794 0 
-313 -861 -557 0 
875 -891 -499 0 
-982 -618 879 0 
-462 969 -423 0 
162 -22 -204 0 
782 -22 379 0 
-180 76 239 0 
-723 29 -382 0 
653 309 -467 0 
-184 704 -631 0 
74 505 -676 0 
-464 -487 197 0 
-143 523 115 0 
700 -644 589 0 
344 336 -89 0 
682 -305 809 0 
-216 -160 843 0 
513 -259 -405 0 
-955 -536 450 0 
500 632 383 0 
939 -577 -256 0 
-861 675 -400 0 
89 155 -611 0 
770 -541 -73 0 
453 -600 -821 0 
-636 444 -135 0 
-843 923 837 0 
633 297 -61 0 
-446 -475 431 0 
913 207 -782 0 
-324 409 -437 0 
626 313 -337 0 
-137 260 -629 0 
745 919 475 0 
-856 126 338 0 
117 -80 848 0 
535 -414 -644 0 
813 -416 483 0 
-174 -572 -249 0 
248 715 -200 0 
-462 -5 418 0 
-205 177 -396 0 
-337 609 -910 0 
-209 146 -623 0 
-986 484 567 0 
828 -552 571 0 
-977 305 -996 0 
987 333 -565 0 
441 -823 893 0 
763 -602 96 0 
-557 -934 690 0 
-741 471 351 0 
50 366 530 0 
-856 573 396 0 
419 -45 -103 0 
658 424 -568 0 
611 66 -996 0 
363 923 507 0 
312 -127 -309 0 
373 -876 -779 0 
-926 23 -257 0 
134 -445 97 0 
224 -663 45 0 
161 -910 555 0 
101 597 -185 0 
-823 -991 -882 0 
-458 -110 -513 0 
583 260 -990 0 
912 -61 340 0 
-630 459 -83 0 
806 -745 133 0 
-827 898 110 0 
-213 14 300 0 
-292 -916 2 0 
-211 860 -598 0 
2 84 377 0 
416 61 -122 0 
-79 -435 589 0 
568 300 362 0 
410 -721 -97 0 
-167 -852 -84 0 
937 -889 -326 0 
-996 221 64 0 
638 -616 996 0 
500 192 -385 0 
48 -415 402 0 
-499 526 -377 0 
-474 -212 875 0 
556 268 -755 0 
467 182 -642 0 
403 453 888 0 
-509 771 293 0 
-362 450 160 0 
-702 245 164 0 
-293 -678 995 0 
354 -126 -72 0 
498 -427 -942 0 
676 -968 707 0 
676 -444 -348 0 
541 -110 -473 0 
