p cnf 1000 2000
184 25 -970 0 
862 515 825 0 
197 794 487 0 
-791 -286 -282 0 
-756 -885 -185 0 
122 -333 159 0 
654 -188 -734 0 
-467 -604 686 0 
-366 -644 -752 0 
559 925 745 0 
-578 -581 992 0 
818 19 -949 0 
981 698 672 0 
-23 309 573 0 
-801 -888 -740 0 
-215 873 -819 0 
957 -550 -797 0 
435 270 -621 0 
-624 814 794 0 
271 -160 103 0 
-925 931 -337 0 
-712 63 428 0 
485 774 382 0 
-498 873 -316 0 
797 51 -199 0 
-689 466 -507 0 
943 347 -530 0 
-267 420 604 0 
-96 384 508 0 
784 647 968 0 
60 -99 -625 0 
-689 25 12 0 
-365 237 136 0 
411 -73 629 0 
-14 935 -774 0 
641 -507 -828 0 
348 -262 -172 0 
-692 -396 801 0 
510 -638 -96 0 
585 380 78 0 
422 987 614 0 
709 -175 -435 0 
-326 324 981 0 
948 354 -903 0 
515 289 -51 0 
-446 111 91 0 
-300 -116 -437 0 
-412 -740 -669 0 
324 66 -926 0 
204 -326 183 0 
753 -855 762 0 
-135 50 -488 0 
43 707 -907 0 
-225 -143 -124 0 
812 -986 -635 0 
-382 -653 909 0 
-506 -327 832 0 
-224 -68 -811 0 
558 -655 -605 0 
884 -880 89 0 
858 486 782 0 
-562 696 149 0 
899 24 -803 0 
-609 104 -847 0 
-915 -187 -424 0 
-859 850 789 0 
-424 306 -69 0 
345 -659 -758 0 
914 475 -207 0 
317 12 646 0 
709 20 -79 0 
-919 -705 -329 0 
-695 243 -657 0 
-935 61 927 0 
252 524 617 0 
528 -124 -241 0 
-906 -940 -807 0 
223 -56 -55 0 
293 816 737 0 
-847 -948 503 0 
473 171 605 0 
419 -569 355 0 
489 474 -264 0 
589 -185 -359 0 
-219 -191 -963 0 
-133 -673 796 0 
-130 -791 725 0 
411 -677 819 0 
-509 949 798 0 
-798 976 745 0 
-90 938 -652 0 
271 -34 -226 0 
451 293 434 0 
148 940 95 0 
-99 245 117 0 
573 167 125 0 
823 162 337 0 
497 -94 876 0 
30 -101 300 0 
-16 -952 575 0 
357 263 -208 0 
444 512 190 0 
749 -903 945 0 
-335 857 754 0 
376 -130 641 0 
905 966 194 0 
-596 -940 -84 0 
-188 949 585 0 
-80 650 68 0 
544 20 869 0 
-64 730 -840 0 
-146 275 398 0 
802 -274 -155 0 
-204 882 -451 0 
-609 11 -939 0 
458 99 -959 0 
963 -256 -400 0 
168 -713 -171 0 
84 -393 206 0 
897 -193 253 0 
748 -812 -300 0 
-289 -572 -724 0 
-882 655 228 0 
-360 -859 -318 0 
-177 -420 804 0 
420 -229 -580 0 
800 -949 -567 0 
-531 -298 -818 0 
-201 519 -729 0 
852 -170 -463 0 
-180 976 -934 0 
-840 124 -850 0 
419 431 181 0 
823 -712 791 0 
-662 -905 -412 0 
-450 -474 778 0 
743 601 -485 0 
-144 -87 102 0 
-720 -577 326 0 
869 706 -551 0 
729 -103 620 0 
-434 -69 -751 0 
-229 -453 818 0 
328 326 723 0 
-906 -703 661 0 
807 -919 -675 0 
-866 728 -604 0 
141 442 -743 0 
90 59 -2 0 
-242 893 -42 0 
-451 982 730 0 
346 770 -2 0 
829 -25 364 0 
-865 340 -104 0 
631 972 619 0 
431 -764 495 0 
691 814 -913 0 
-717 -375 -315 0 
78 -486 -843 0 
162 10 585 0 
294 -370 -200 0 
836 -422 -177 0 
-550 -491 119 0 
-974 295 -399 0 
415 -253 -621 0 
667 876 -839 0 
-332 814 -874 0 
-988 -403 -157 0 
812 -215 -465 0 
110 -414 -289 0 
-594 -63 560 0 
-75 -390 -388 0 
-864 802 -254 0 
-209 -608 933 0 
604 -403 865 0 
219 -112 -197 0 
-246 740 959 0 
104 -470 -862 0 
-892 -375 -765 0 
810 911 56 0 
901 -322 -290 0 
-246 -2 978 0 
868 46 -305 0 
462 -40 -700 0 
205 382 -917 0 
-738 746 282 0 
-352 790 -625 0 
310 -395 350 0 
-215 501 -968 0 
-342 -841 802 0 
-778 -395 934 0 
928 723 -788 0 
-766 -220 -545 0 
634 -777 -628 0 
-30 850 -117 0 
717 925 390 0 
-860 -496 -924 0 
595 563 -198 0 
254 293 85 0 
-200 -430 -6 0 
-643 68 -83 0 
-584 -559 764 0 
876 189 -971 0 
-696 -17 832 0 
-296 -569 -774 0 
726 -92 297 0 
116 -270 44 0 
-343 716 730 0 
-196 -815 -612 0 
-590 342 230 0 
-343 -712 -97 0 
234 -542 -564 0 
431 85 -33 0 
826 245 497 0 
314 -396 179 0 
-754 838 857 0 
-438 686 480 0 
44 -808 -704 0 
-994 -521 -743 0 
-853 699 -483 0 
305 450 399 0 
-66 -11 -317 0 
-599 397 -886 0 
501 502 -256 0 
-398 -253 442 0 
659 -16 408 0 
542 319 967 0 
150 -896 -717 0 
-231 -801 222 0 
-455 -132 -90 0 
331 -433 322 0 
-224 -898 846 0 
-789 307 390 0 
432 -400 12 0 
-511 -687 775 0 
111 -632 295 0 
-925 478 674 0 
994 897 -63 0 
208 -987 92 0 
168 -439 752 0 
-973 29 226 0 
-781 738 -694 0 
595 -522 903 0 
-924 -414 519 0 
-738 251 946 0 
314 383 -74 0 
-710 -465 540 0 
-961 116 -35 0 
-664 690 22 0 
-978 532 -876 0 
974 -329 87 0 
-246 -468 421 0 
619 -53 -985 0 
-780 -679 486 0 
-839 -802 152 0 
-327 988 -399 0 
961 821 -542 0 
137 -843 944 0 
-230 -966 596 0 
441 -993 811 0 
658 -480 720 0 
-500 730 -344 0 
-297 693 -924 0 
104 -582 -822 0 
-218 110 30 0 
-131 313 39 0 
673 895 796 0 
-328 767 270 0 
480 -860 476 0 
115 -725 69 0 
376 -924 -724 0 
-59 998 619 0 
-401 89 388 0 
43 -697 870 0 
-717 165 -12 0 
203 -836 -644 0 
68 587 -100 0 
772 330 -90 0 
141 616 -809 0 
-358 438 -436 0 
-683 -77 9 0 
488 -462 -790 0 
-129 612 -301 0 
222 -525 953 0 
-214 -489 -130 0 
-80 -335 406 0 
-849 -494 -436 0 
-658 -934 -251 0 
88 -823 279 0 
-242 193 -194 0 
-484 568 41 0 
-102 -581 -230 0 
-352 334 -690 0 
-730 114 711 0 
-111 -83 -564 0 
-196 212 -156 0 
75 951 569 0 
-587 258 524 0 
-95 -590 274 0 
-277 -530 -172 0 
-551 -17 -858 0 
-255 147 -150 0 
776 32 -657 0 
-948 325 368 0 
-579 -45 998 0 
-546 -280 379 0 
665 -861 -786 0 
-507 -242 492 0 
780 -130 -404 0 
-629 -73 -222 0 
-253 241 -372 0 
124 -590 553 0 
644 192 917 0 
268 760 -823 0 
349 117 222 0 
-512 -201 -250 0 
277 -744 -755 0 
-792 -172 951 0 
-930 -467 970 0 
-908 624 -479 0 
240 -361 946 0 
606 494 -76 0 
778 -449 -393 0 
698 246 -228 0 
143 -44 862 0 
68 -40 -338 0 
-757 -157 -859 0 
-270 -46 506 0 
442 -923 -727 0 
-929 -57 -34 0 
925 92 493 0 
97 -691 628 0 
570 -170 905 0 
-506 -124 -737 0 
130 316 577 0 
447 665 143 0 
847 639 391 0 
941 -83 -738 0 
863 915 -714 0 
-681 -935 949 0 
663 -664 -682 0 
-162 376 629 0 
-726 -212 -703 0 
244 844 360 0 
-785 -854 -207 0 
957 741 751 0 
192 -795 -668 0 
564 17 398 0 
681 436 89 0 
-668 746 570 0 
-329 517 30 0 
557 545 730 0 
181 429 -812 0 
101 -367 -903 0 
470 -422 -951 0 
462 -633 -572 0 
-853 480 -209 0 
490 676 -735 0 
-768 -102 134 0 
770 -798 632 0 
-90 414 -321 0 
429 -83 566 0 
890 -739 513 0 
-400 40 -393 0 
-75 -213 -988 0 
-910 -47 269 0 
-537 -742 -571 0 
-556 -380 134 0 
-368 -1 -842 0 
-799 839 93 0 
-77 44 -493 0 
855 -617 -505 0 
762 201 -633 0 
458 -220 558 0 
-192 967 702 0 
-580 -347 -642 0 
238 839 -120 0 
-605 606 987 0 
767 -8 975 0 
271 393 -898 0 
-22 -677 100 0 
-316 -434 973 0 
469 115 203 0 
607 672 -588 0 
988 -254 332 0 
973 655 -133 0 
-852 806 -440 0 
901 -695 -87 0 
-366 733 -861 0 
905 -857 -752 0 
-778 -799 200 0 
-579 -705 182 0 
284 374 -519 0 
-735 985 230 0 
-316 242 795 0 
-907 -474 -140 0 
959 449 91 0 
-958 -751 188 0 
598 769 994 0 
-495 465 991 0 
517 846 618 0 
871 -238 684 0 
652 960 925 0 
54 -41 195 0 
-105 -835 -849 0 
25 -688 754 0 
307 352 -224 0 
920 -301 185 0 
-803 -857 -209 0 
629 970 409 0 
349 218 -420 0 
916 721 73 0 
-248 929 92 0 
401 665 516 0 
-523 -872 -647 0 
-984 21 296 0 
954 -194 -801 0 
-230 605 804 0 
-229 -897 -198 0 
642 908 874 0 
-552 156 -974 0 
543 557 -714 0 
379 327 483 0 
717 -838 -630 0 
-4 207 375 0 
-40 -497 -163 0 
780 750 889 0 
-916 780 -462 0 
338 -657 -933 0 
-250 292 -646 0 
553 264 -912 0 
-160 56 -796 0 
-863 -804 -429 0 
-949 680 814 0 
-340 -911 625 0 
398 622 -148 0 
-121 -543 592 0 
-118 -745 839 0 
-743 548 -798 0 
762 992 640 0 
-74 338 323 0 
-150 -399 541 0 
-558 305 -815 0 
473 -616 -204 0 
761 115 -518 0 
394 388 -387 0 
-389 -23 -419 0 
256 -389 -428 0 
372 -223 -448 0 
911 -973 259 0 
-519 -134 368 0 
-445 306 905 0 
-995 18 733 0 
206 -484 88 0 
539 183 -208 0 
-370 106 -245 0 
623 -203 891 0 
967 980 -716 0 
95 -327 -367 0 
913 592 922 0 
-330 -433 -594 0 
161 337 599 0 
362 182 -271 0 
-162 -420 -721 0 
-52 -223 399 0 
627 -874 690 0 
348 948 223 0 
-273 60 283 0 
-449 442 45 0 
958 281 771 0 
70 247 -83 0 
330 468 -363 0 
62 982 -654 0 
-849 716 190 0 
225 152 -823 0 
659 -255 -85 0 
-538 -817 946 0 
213 -139 785 0 
-997 55 243 0 
-168 617 -773 0 
66 223 -337 0 
715 -292 680 0 
352 -276 -365 0 
956 869 517 0 
487 -40 773 0 
974 441 -491 0 
551 -624 -344 0 
901 435 -101 0 
106 -193 -963 0 
-173 914 -34 0 
577 -548 -650 0 
-551 -645 510 0 
81 -438 -914 0 
-810 546 -420 0 
455 -213 931 0 
-617 -779 902 0 
-493 -71 116 0 
679 -330 664 0 
-519 -916 -16 0 
-495 55 -734 0 
582 -238 306 0 
107 -762 811 0 
-649 -556 -692 0 
-491 60 460 0 
-27 16 -57 0 
-917 613 12 0 
-188 150 130 0 
-299 849 252 0 
-288 -346 937 0 
-969 -157 -707 0 
-592 -639 204 0 
-736 -276 -707 0 
406 -802 491 0 
383 -820 -525 0 
-258 -574 -805 0 
-205 968 -978 0 
523 276 542 0 
651 719 523 0 
439 -736 609 0 
-809 -303 -935 0 
360 166 906 0 
-594 539 406 0 
-54 -862 306 0 
-397 614 -893 0 
-60 61 -685 0 
-995 503 -785 0 
782 63 215 0 
49 86 -790 0 
321 -672 805 0 
-219 164 766 0 
705 337 449 0 
-642 453 -49 0 
262 -373 794 0 
-966 -342 -988 0 
330 -576 924 0 
-592 -67 -819 0 
295 -15 -718 0 
604 -214 -256 0 
353 796 -769 0 
811 -582 208 0 
-749 -450 117 0 
768 -596 -780 0 
-426 -226 994 0 
1 350 983 0 
52 177 -558 0 
648 -777 655 0 
-881 492 -253 0 
-289 270 -214 0 
-706 959 570 0 
146 546 354 0 
-993 592 406 0 
18 -758 498 0 
767 -976 -950 0 
-612 -911 -156 0 
-807 674 56 0 
302 -268 -339 0 
495 -729 -310 0 
815 581 35 0 
-586 559 501 0 
-720 263 438 0 
-754 -888 224 0 
923 635 550 0 
-213 601 232 0 
-265 168 469 0 
58 276 -388 0 
-996 -126 -451 0 
187 400 758 0 
53 736 -891 0 
54 727 -994 0 
-824 954 164 0 
991 16 848 0 
418 891 59 0 
-943 844 228 0 
851 -863 -951 0 
377 615 190 0 
-192 -882 663 0 
730 848 91 0 
-837 191 723 0 
760 -833 -95 0 
472 416 452 0 
793 -94 112 0 
272 -31 -309 0 
-847 107 564 0 
-730 -204 208 0 
144 961 -345 0 
-308 -761 117 0 
-144 733 -454 0 
629 727 224 0 
523 -801 -482 0 
-591 -735 326 0 
-700 211 782 0 
127 -958 -754 0 
-194 431 540 0 
866 627 -767 0 
-309 70 -39 0 
-671 456 -792 0 
247 -88 -175 0 
156 992 -44 0 
344 -802 843 0 
-968 -716 -915 0 
-114 170 676 0 
948 -59 -31 0 
-315 634 153 0 
626 957 -376 0 
-317 -94 857 0 
-301 -617 579 0 
-483 -559 -743 0 
689 745 -271 0 
-108 -732 295 0 
863 294 -100 0 
-765 256 -382 0 
-180 -121 776 0 
-388 -328 45 0 
129 -607 -305 0 
-65 -377 -340 0 
-158 279 262 0 
-724 723 832 0 
677 159 795 0 
592 34 -791 0 
-125 -637 654 0 
58 963 -943 0 
-771 -351 64 0 
391 792 483 0 
159 -542 -836 0 
-422 620 -602 0 
811 675 -739 0 
-219 -632 -791 0 
89 945 784 0 
448 -105 949 0 
-183 972 -813 0 
608 -579 -681 0 
576 616 443 0 
-97 -525 -866 0 
340 559 -24 0 
68 848 -917 0 
-531 528 -250 0 
320 515 -179 0 
-344 131 155 0 
-427 -744 73 0 
976 362 684 0 
685 880 -392 0 
-928 -628 -641 0 
448 434 190 0 
83 8 564 0 
983 -689 -415 0 
-812 997 401 0 
-925 389 -190 0 
165 -895 -899 0 
-150 589 19 0 
280 -120 139 0 
736 -348 92 0 
913 940 879 0 
-232 -831 -667 0 
-220 397 -658 0 
971 -502 -998 0 
234 -888 122 0 
39 734 -391 0 
-331 89 765 0 
721 -168 387 0 
641 973 -631 0 
-171 798 -612 0 
820 126 -879 0 
698 45 132 0 
993 -73 524 0 
-426 -497 -161 0 
-395 585 -687 0 
-334 282 -762 0 
465 277 845 0 
-212 -176 467 0 
-434 817 -352 0 
920 544 -579 0 
-247 -228 -56 0 
-673 70 -711 0 
483 -130 -107 0 
-274 -302 -641 0 
550 -749 594 0 
-475 -907 -641 0 
198 -515 -478 0 
740 429 -407 0 
978 -729 -50 0 
-824 -658 104 0 
-808 -907 -689 0 
-101 -224 360 0 
667 420 -767 0 
-618 64 -382 0 
997 -83 -363 0 
-138 -112 294 0 
-456 -933 -319 0 
49 -347 -763 0 
775 -806 106 0 
702 422 252 0 
698 -762 -459 0 
-178 692 567 0 
-469 135 -49 0 
-608 -895 987 0 
-704 483 -987 0 
704 55 -908 0 
-482 285 -745 0 
738 13 -391 0 
-653 20 50 0 
-918 701 -909 0 
628 342 523 0 
580 584 461 0 
-463 770 29 0 
-905 398 450 0 
-812 -618 -579 0 
418 273 651 0 
424 554 -632 0 
939 285 -345 0 
-564 765 -936 0 
-1 249 -492 0 
-659 -308 -814 0 
-184 149 603 0 
-575 423 672 0 
345 437 649 0 
-366 951 158 0 
-721 967 -288 0 
-552 -966 232 0 
6 499 -518 0 
-34 -178 -325 0 
134 952 389 0 
-745 -60 -655 0 
-606 811 -19 0 
626 -469 144 0 
136 -303 -398 0 
303 16 -723 0 
306 397 737 0 
-464 762 -659 0 
-407 -647 865 0 
-148 634 -327 0 
-120 535 340 0 
193 -134 698 0 
-747 564 -62 0 
433 -79 -654 0 
-938 -208 -704 0 
-581 -528 -769 0 
604 245 116 0 
-904 653 352 0 
-550 534 719 0 
-651 -485 -642 0 
445 859 -993 0 
-926 323 56 0 
314 656 -923 0 
616 -26 552 0 
-110 618 285 0 
368 429 -395 0 
785 -224 -829 0 
-301 -500 53 0 
783 79 -71 0 
928 809 -856 0 
282 -269 104 0 
-31 -697 79 0 
-180 713 176 0 
295 995 174 0 
-619 -702 -893 0 
508 -555 576 0 
875 958 -883 0 
57 830 -259 0 
-625 -48 802 0 
938 792 -751 0 
-971 20 633 0 
-149 -577 431 0 
310 -132 312 0 
-416 272 -658 0 
309 490 -537 0 
-69 878 -475 0 
-677 740 718 0 
-881 373 -984 0 
800 -237 538 0 
-473 845 917 0 
-944 385 -30 0 
913 -171 456 0 
-892 -458 641 0 
194 -541 -27 0 
-662 -858 -802 0 
746 -151 -644 0 
-724 -512 838 0 
295 -62 -645 0 
43 433 168 0 
164 159 -73 0 
548 -878 75 0 
591 -268 360 0 
-375 31 827 0 
-13 -874 -655 0 
-579 -872 -122 0 
947 -211 -740 0 
161 796 307 0 
520 -173 528 0 
-261 832 379 0 
70 326 951 0 
784 948 -68 0 
-406 183 -171 0 
-122 839 216 0 
-196 -582 -905 0 
-532 854 929 0 
595 351 -538 0 
-65 878 696 0 
-59 332 897 0 
650 -838 -461 0 
810 -877 -677 0 
687 786 -148 0 
514 -454 822 0 
-262 700 159 0 
372 -154 988 0 
-519 552 160 0 
62 -188 -916 0 
86 -487 -397 0 
-15 -543 586 0 
502 318 -125 0 
735 -530 57 0 
-491 325 -479 0 
-523 -417 343 0 
-891 -907 -939 0 
-796 288 -624 0 
970 995 847 0 
342 369 -709 0 
770 777 -724 0 
-875 636 -850 0 
802 -192 391 0 
954 -344 -620 0 
217 213 -544 0 
-627 -494 336 0 
154 -221 -567 0 
21 901 967 0 
126 -48 227 0 
442 -327 -179 0 
698 -896 161 0 
-629 600 -34 0 
962 154 -698 0 
-423 906 -96 0 
859 -394 -87 0 
75 -908 -390 0 
656 -813 -546 0 
-549 198 449 0 
-36 547 -217 0 
-702 -993 639 0 
528 725 -412 0 
-608 577 276 0 
518 -582 -968 0 
-151 383 525 0 
-34 35 289 0 
-864 322 -689 0 
-849 901 886 0 
675 -15 -610 0 
-907 -833 190 0 
66 -291 508 0 
-913 -65 63 0 
-770 553 -39 0 
-765 -279 -557 0 
-57 -51 826 0 
938 -856 423 0 
64 -809 -81 0 
864 262 197 0 
656 399 -257 0 
462 -107 -26 0 
510 483 454 0 
-706 -876 -491 0 
-384 318 680 0 
541 -998 -390 0 
445 -933 -74 0 
264 -849 812 0 
81 -760 -43 0 
904 234 -710 0 
-200 -69 911 0 
-614 310 363 0 
624 -878 954 0 
-251 405 -138 0 
-494 -641 -313 0 
-927 103 -490 0 
914 368 -990 0 
187 806 917 0 
739 772 849 0 
22 370 -195 0 
-326 837 977 0 
532 -529 294 0 
-951 -794 53 0 
656 469 -82 0 
781 469 223 0 
-265 -412 -782 0 
-821 696 78 0 
38 -46 242 0 
43 -779 189 0 
-304 -640 54 0 
-240 -272 -659 0 
160 152 980 0 
-217 416 369 0 
-77 -924 -315 0 
999 859 704 0 
828 488 -330 0 
477 -506 -555 0 
-734 822 27 0 
-839 585 275 0 
-946 -63 -683 0 
-905 394 828 0 
-276 462 -919 0 
496 -200 463 0 
-345 50 455 0 
-961 -829 976 0 
723 -822 322 0 
631 -449 -949 0 
693 401 76 0 
531 -404 875 0 
-673 357 955 0 
-149 -346 232 0 
-438 -721 475 0 
343 -901 391 0 
671 -740 417 0 
686 -386 -281 0 
-54 14 -882 0 
-828 743 -687 0 
301 935 260 0 
632 859 -102 0 
-136 -110 -271 0 
-994 -101 780 0 
418 708 -992 0 
-863 -597 114 0 
-355 -948 -868 0 
-501 161 774 0 
333 -768 -515 0 
-813 -37 450 0 
430 -748 336 0 
-650 874 323 0 
753 515 478 0 
-909 337 64 0 
942 674 724 0 
-229 -386 -144 0 
-337 -421 215 0 
958 537 311 0 
-921 -354 993 0 
482 -745 -175 0 
-409 607 454 0 
-753 -298 984 0 
128 -701 519 0 
953 381 146 0 
62 -323 539 0 
407 366 574 0 
839 -377 450 0 
-395 -790 194 0 
308 -983 207 0 
702 -805 713 0 
-246 936 98 0 
-532 -307 697 0 
-824 -245 835 0 
359 700 680 0 
430 -38 -64 0 
-868 945 981 0 
543 -433 152 0 
-215 -414 -36 0 
526 481 -614 0 
342 -893 13 0 
548 200 914 0 
-570 -755 576 0 
-531 941 -412 0 
-363 593 466 0 
83 833 -944 0 
714 788 683 0 
-979 778 -635 0 
305 405 -747 0 
-339 -490 -369 0 
-852 738 -120 0 
537 -542 -978 0 
41 277 -470 0 
265 166 -983 0 
19 -501 -187 0 
-129 -349 254 0 
325 170 -70 0 
-148 228 269 0 
-747 -986 29 0 
987 -647 -116 0 
-701 -294 713 0 
-758 -959 -469 0 
-606 -379 62 0 
574 -3 -611 0 
-369 -630 245 0 
124 280 -288 0 
698 -147 46 0 
-906 848 -1 0 
-890 842 -953 0 
-850 783 -655 0 
-903 -121 -142 0 
270 -968 -619 0 
-165 314 511 0 
859 718 -814 0 
-347 82 -634 0 
-390 822 421 0 
925 173 -332 0 
-551 -465 -775 0 
777 324 651 0 
797 -68 -611 0 
-756 130 440 0 
235 742 878 0 
55 823 -746 0 
508 366 -272 0 
-85 -94 -179 0 
93 -568 964 0 
773 489 -357 0 
507 816 139 0 
-923 619 414 0 
834 -881 332 0 
449 285 708 0 
-978 280 -345 0 
284 311 875 0 
-276 423 386 0 
-688 696 681 0 
-916 -764 905 0 
336 -452 263 0 
-196 990 315 0 
772 -905 -800 0 
727 -158 -319 0 
302 -845 -175 0 
781 349 -591 0 
578 -135 288 0 
-121 -314 -433 0 
583 171 -566 0 
889 783 -433 0 
-121 450 668 0 
206 -467 -435 0 
553 -755 248 0 
780 -179 -341 0 
-413 250 792 0 
709 343 -253 0 
629 641 740 0 
200 760 642 0 
148 -656 -798 0 
970 948 387 0 
-858 456 343 0 
324 654 -384 0 
-134 -884 -74 0 
-575 872 -661 0 
-585 -453 516 0 
-155 591 -311 0 
12 -143 -451 0 
-84 -16 821 0 
715 -946 -705 0 
-588 302 193 0 
666 -685 257 0 
-313 937 988 0 
57 -423 -259 0 
974 -97 865 0 
556 -860 617 0 
-201 -960 -282 0 
-178 640 -533 0 
-210 -350 -428 0 
-588 288 -117 0 
-730 86 378 0 
-237 395 -760 0 
736 39 952 0 
-145 625 -496 0 
853 644 -315 0 
623 -847 531 0 
-824 23 13 0 
956 671 -231 0 
694 -494 -764 0 
266 788 -559 0 
-919 -330 411 0 
-948 872 -498 0 
424 -979 968 0 
-911 -449 119 0 
-527 980 -64 0 
439 -551 -791 0 
-389 211 -31 0 
-144 320 -821 0 
664 303 -820 0 
-435 470 -150 0 
-555 638 -210 0 
928 -518 -823 0 
287 833 154 0 
-787 676 544 0 
-909 432 216 0 
-144 679 498 0 
-221 374 -936 0 
508 682 606 0 
-874 500 -408 0 
-478 286 -244 0 
-779 -602 640 0 
-425 876 -708 0 
-477 -822 348 0 
-471 268 -571 0 
-469 -763 -759 0 
-71 -251 861 0 
918 885 -171 0 
-485 -119 -817 0 
860 593 -230 0 
-229 -862 -930 0 
126 -217 902 0 
-600 160 -92 0 
-632 507 -845 0 
-684 -994 307 0 
-324 427 15 0 
-586 -920 665 0 
-85 -780 550 0 
-448 -871 -511 0 
-917 -209 -341 0 
986 131 102 0 
638 -797 184 0 
55 502 341 0 
716 341 -284 0 
-52 354 955 0 
-257 759 533 0 
864 -360 -966 0 
569 -344 49 0 
732 544 -411 0 
-263 819 65 0 
-988 -811 -198 0 
-775 717 -82 0 
81 -213 -342 0 
-954 -978 583 0 
-699 352 862 0 
-14 -795 944 0 
-997 211 -47 0 
-505 100 497 0 
237 21 -293 0 
939 -730 -790 0 
-466 -262 626 0 
-690 -893 -960 0 
-611 524 -808 0 
-609 348 218 0 
605 -264 -493 0 
-19 -255 -459 0 
266 451 -873 0 
100 58 358 0 
-90 109 -731 0 
137 -523 823 0 
-765 -885 -892 0 
304 785 236 0 
282 -767 -340 0 
590 -528 -677 0 
-215 -198 210 0 
-294 244 663 0 
-230 -311 578 0 
11 -811 -971 0 
770 293 738 0 
-585 -829 -854 0 
-249 575 865 0 
-17 434 458 0 
-427 203 569 0 
-185 -585 -750 0 
261 115 485 0 
757 -216 568 0 
-172 -843 -514 0 
-751 714 586 0 
567 -151 -82 0 
674 -69 -912 0 
821 266 -866 0 
539 819 828 0 
571 983 -385 0 
492 974 -583 0 
-30 904 508 0 
-667 831 -51 0 
943 -24 240 0 
-358 28 -991 0 
-212 -917 92 0 
-930 -376 542 0 
-485 -448 837 0 
-812 -585 181 0 
151 263 -374 0 
149 946 197 0 
-749 485 -494 0 
-255 52 -610 0 
190 -404 -752 0 
-129 -740 -557 0 
418 672 955 0 
-510 739 -875 0 
-36 -699 -68 0 
-823 337 879 0 
-419 645 -698 0 
-284 663 185 0 
-218 859 -723 0 
289 523 999 0 
404 -63 276 0 
-858 -747 835 0 
749 -450 -242 0 
844 459 -647 0 
-201 -501 484 0 
796 493 417 0 
-780 -316 -830 0 
-570 911 -205 0 
411 -457 -510 0 
-855 402 104 0 
-812 -712 -567 0 
-450 -361 458 0 
159 179 -129 0 
-761 -466 94 0 
448 -75 -91 0 
373 -694 -784 0 
-153 630 69 0 
54 -427 -407 0 
-293 -875 -103 0 
-28 572 -769 0 
267 -69 -637 0 
845 623 -291 0 
-70 -312 -613 0 
714 -444 -519 0 
781 -936 452 0 
812 75 -571 0 
846 61 11 0 
711 516 -557 0 
2 690 354 0 
-338 742 189 0 
-74 136 140 0 
-400 462 993 0 
-10 -705 -322 0 
1000 848 636 0 
908 94 532 0 
-718 194 291 0 
851 -802 -160 0 
-535 706 195 0 
852 346 -569 0 
560 495 -493 0 
-62 -97 822 0 
701 835 -385 0 
-154 -816 230 0 
-720 366 203 0 
303 -508 -587 0 
-784 -179 645 0 
-479 -168 466 0 
-558 -311 -449 0 
-513 -96 -400 0 
286 641 176 0 
-220 -573 234 0 
-910 524 619 0 
-327 -45 -430 0 
-389 -743 -786 0 
875 -34 78 0 
334 137 849 0 
71 -355 -458 0 
354 -131 -855 0 
800 454 790 0 
-6 -764 -433 0 
-259 498 -295 0 
-607 -824 699 0 
-355 -860 -310 0 
739 -144 -568 0 
-1000 -555 -199 0 
661 -150 726 0 
-982 784 482 0 
681 -485 -285 0 
-402 -3 -505 0 
337 659 -303 0 
569 72 556 0 
739 -284 533 0 
-191 906 -282 0 
-400 -616 -878 0 
-781 -321 650 0 
431 -880 749 0 
-60 -404 -915 0 
696 843 -640 0 
-394 -811 -248 0 
-141 -454 94 0 
872 527 -868 0 
-451 -338 -256 0 
-215 -378 -533 0 
-606 415 -629 0 
-767 986 -456 0 
-757 -897 -931 0 
398 160 -785 0 
-761 579 993 0 
-173 -172 311 0 
-179 -131 787 0 
185 -180 -321 0 
-108 -867 -599 0 
278 132 -282 0 
-247 -804 -445 0 
957 152 -644 0 
230 -153 -617 0 
510 412 -150 0 
-755 -118 660 0 
-45 921 5 0 
-475 -545 161 0 
-907 569 -474 0 
22 -760 42 0 
-40 922 945 0 
554 188 953 0 
242 -712 902 0 
-47 -22 898 0 
-395 -410 -744 0 
-136 -55 119 0 
450 355 724 0 
-99 542 624 0 
-569 -44 693 0 
-361 -797 938 0 
-743 99 -243 0 
661 -513 356 0 
931 -841 134 0 
21 19 120 0 
-277 799 567 0 
-796 271 675 0 
-475 -163 -621 0 
387 608 588 0 
-122 976 907 0 
-846 442 583 0 
-137 -562 -310 0 
-971 -777 29 0 
-206 152 819 0 
-669 414 261 0 
959 -146 477 0 
-620 -397 -360 0 
792 -429 834 0 
305 623 -110 0 
297 987 -255 0 
223 -221 393 0 
-178 -622 657 0 
-741 -79 512 0 
604 21 -116 0 
-725 595 908 0 
650 -95 414 0 
890 399 -143 0 
592 396 -299 0 
105 -891 694 0 
-173 -208 502 0 
-835 97 -452 0 
794 -760 722 0 
188 -255 -675 0 
-975 955 -215 0 
951 589 98 0 
671 -56 -835 0 
962 591 -993 0 
1 395 -745 0 
933 56 592 0 
-495 357 -780 0 
-21 -901 -927 0 
785 -572 81 0 
-231 902 -297 0 
805 -930 167 0 
-65 688 624 0 
-800 -480 976 0 
-982 -750 469 0 
708 -467 -60 0 
-805 429 770 0 
612 -803 995 0 
567 -561 -272 0 
804 875 -510 0 
374 454 -959 0 
753 788 344 0 
970 -596 -603 0 
897 221 -151 0 
-637 -634 -45 0 
-483 -472 322 0 
292 -417 -660 0 
-419 -838 -62 0 
477 741 646 0 
-961 -309 963 0 
88 -772 109 0 
-956 691 738 0 
745 687 360 0 
970 721 -572 0 
-438 -616 -767 0 
-580 912 377 0 
-581 -292 -158 0 
556 16 681 0 
-594 134 666 0 
54 -657 65 0 
724 976 -761 0 
-894 -645 -546 0 
821 175 -203 0 
81 -174 -458 0 
555 -376 779 0 
-309 -682 377 0 
81 451 996 0 
-787 -784 -621 0 
713 619 -168 0 
20 -997 -158 0 
-762 -357 757 0 
-695 634 25 0 
-430 -796 782 0 
291 761 964 0 
-367 -925 21 0 
-526 724 441 0 
-281 -566 -297 0 
-862 -800 588 0 
57 -728 566 0 
389 915 -287 0 
43 -917 84 0 
-659 -78 -674 0 
-872 578 -772 0 
-17 98 -205 0 
46 -676 746 0 
-266 330 996 0 
463 -388 591 0 
177 -51 -165 0 
262 -94 -71 0 
526 205 -506 0 
178 555 862 0 
-400 192 745 0 
-276 -198 273 0 
-875 -769 715 0 
-372 558 -889 0 
930 585 824 0 
-292 -957 25 0 
-624 -574 37 0 
-571 794 -659 0 
155 -201 634 0 
370 10 33 0 
689 709 -850 0 
648 -675 -261 0 
-283 715 -432 0 
-743 435 -69 0 
210 -916 861 0 
-289 -709 334 0 
-728 -948 -164 0 
-877 -29 667 0 
188 752 847 0 
-236 559 480 0 
-894 66 505 0 
601 455 272 0 
-516 -774 -282 0 
759 -863 -327 0 
444 232 332 0 
869 -381 -830 0 
-620 -582 320 0 
147 -107 -895 0 
-246 126 -403 0 
225 -1 -150 0 
-210 -107 117 0 
362 -300 171 0 
620 363 -913 0 
752 -783 637 0 
-881 -323 -177 0 
431 -801 -516 0 
775 -367 925 0 
-154 -830 -859 0 
381 812 -249 0 
34 490 -539 0 
-295 -195 896 0 
210 549 268 0 
147 357 -27 0 
267 -357 -542 0 
-398 -109 367 0 
746 -464 -148 0 
-135 -682 -537 0 
-154 -408 -44 0 
597 -210 -362 0 
-729 628 -527 0 
-694 -474 -418 0 
404 725 -86 0 
731 -542 248 0 
989 -376 183 0 
368 799 -765 0 
784 -159 708 0 
-59 -974 566 0 
-522 419 -549 0 
596 551 -513 0 
555 -167 848 0 
-943 242 -637 0 
372 278 204 0 
-14 -388 -223 0 
109 -113 -686 0 
-334 599 126 0 
-131 15 624 0 
573 -595 -8 0 
673 247 324 0 
943 5 808 0 
860 611 -750 0 
880 284 -469 0 
-865 -868 709 0 
710 445 -848 0 
959 -24 -307 0 
918 302 -342 0 
503 -664 -615 0 
-11 -264 -146 0 
-890 -206 -142 0 
-282 584 -418 0 
-932 -309 -152 0 
-115 -234 -687 0 
-80 -594 -488 0 
-660 -753 699 0 
921 -728 106 0 
-899 99 -842 0 
-762 306 699 0 
-102 423 67 0 
801 210 485 0 
-485 269 212 0 
195 -311 674 0 
-33 773 948 0 
605 -945 108 0 
966 -804 -2 0 
-997 -250 -107 0 
27 823 -564 0 
200 -35 706 0 
586 -311 381 0 
896 845 476 0 
881 838 284 0 
-849 38 137 0 
206 -561 -687 0 
466 -442 -432 0 
223 121 882 0 
-792 137 522 0 
-341 -297 -498 0 
678 80 -209 0 
-823 599 -155 0 
921 645 908 0 
487 515 455 0 
-692 -256 -295 0 
161 320 -480 0 
-430 -223 -668 0 
852 997 823 0 
-446 24 -247 0 
-75 176 -671 0 
-574 446 -702 0 
-54 -591 -178 0 
986 -727 94 0 
436 277 -773 0 
963 -802 -330 0 
920 223 199 0 
691 -738 131 0 
675 -840 10 0 
-430 25 602 0 
-782 219 7 0 
-203 -232 -225 0 
397 -160 -964 0 
-477 469 19 0 
783 572 728 0 
77 -520 -72 0 
87 -112 -615 0 
475 -571 945 0 
-835 144 558 0 
424 761 -68 0 
-584 -250 -142 0 
525 503 -659 0 
201 -877 974 0 
-501 720 665 0 
-261 515 831 0 
-967 91 -988 0 
327 -930 969 0 
399 668 -937 0 
742 -64 -270 0 
-294 507 -352 0 
-646 -164 -794 0 
502 681 -785 0 
-399 412 -434 0 
138 419 678 0 
-750 -902 252 0 
430 827 457 0 
-444 -556 454 0 
563 -388 264 0 
941 -577 818 0 
-376 721 -7 0 
306 -801 261 0 
-432 821 -367 0 
300 -399 659 0 
-276 -417 735 0 
185 399 357 0 
828 263 -336 0 
-222 556 -66 0 
-94 -190 -808 0 
23 -660 -856 0 
-334 -308 652 0 
666 -983 -872 0 
127 487 19 0 
347 -224 -730 0 
-280 769 -970 0 
-536 277 -164 0 
-406 -928 -126 0 
56 -380 563 0 
162 698 417 0 
256 710 497 0 
-550 290 80 0 
111 -788 740 0 
-799 692 184 0 
-719 631 -339 0 
425 658 955 0 
-631 -723 -790 0 
899 116 -683 0 
-568 -218 -973 0 
650 -624 826 0 
-266 -1000 -225 0 
-943 -824 -715 0 
-339 -535 -357 0 
926 535 835 0 
-675 572 -53 0 
-874 405 -714 0 
610 199 -192 0 
777 -476 -298 0 
-898 593 -92 0 
-303 156 374 0 
-371 50 -54 0 
419 322 -576 0 
190 341 -283 0 
576 748 -379 0 
745 -711 642 0 
688 -854 -381 0 
-475 -372 -703 0 
-768 165 -559 0 
661 -837 -941 0 
30 550 477 0 
-638 436 248 0 
-608 714 551 0 
-993 633 209 0 
561 -205 128 0 
-729 -117 865 0 
-228 -9 -428 0 
209 38 595 0 
-643 679 332 0 
115 862 714 0 
-703 434 849 0 
245 -164 682 0 
312 11 680 0 
503 -262 353 0 
818 -226 -630 0 
-518 -796 716 0 
-339 470 -29 0 
853 801 890 0 
519 712 -100 0 
694 865 -530 0 
866 131 408 0 
-157 -15 138 0 
137 -583 713 0 
-289 869 344 0 
826 -373 884 0 
-577 -906 -522 0 
-431 325 -87 0 
-132 -291 -45 0 
493 959 -910 0 
33 -892 984 0 
633 -284 -296 0 
249 -173 -630 0 
-258 -635 375 0 
259 -98 -693 0 
386 -480 906 0 
-467 -632 -49 0 
-399 918 -581 0 
178 -74 -863 0 
661 -648 -342 0 
136 -129 284 0 
-570 -526 -683 0 
-842 -678 392 0 
91 -627 150 0 
-361 -375 598 0 
-63 -740 256 0 
25 291 596 0 
-795 427 474 0 
591 -991 -206 0 
598 513 873 0 
-457 593 -199 0 
346 88 628 0 
209 -180 791 0 
-324 864 732 0 
-406 -892 -747 0 
-91 676 -952 0 
-447 141 693 0 
855 938 -154 0 
-448 -94 -317 0 
302 -490 -877 0 
910 54 -897 0 
886 919 671 0 
176 252 -760 0 
52 -564 -828 0 
706 926 -422 0 
328 -276 717 0 
-742 752 -291 0 
885 773 -154 0 
720 -381 711 0 
196 432 549 0 
585 172 748 0 
409 -310 420 0 
-807 -26 -85 0 
-373 258 -521 0 
-547 -96 -279 0 
-933 412 909 0 
725 651 446 0 
-508 705 573 0 
545 -369 -4 0 
275 -259 216 0 
155 -748 -898 0 
-806 964 714 0 
693 -527 -962 0 
-135 123 -828 0 
-317 -204 -466 0 
-36 -789 594 0 
-340 628 -188 0 
180 57 916 0 
323 354 715 0 
-612 -16 -683 0 
-278 264 673 0 
-758 -101 -817 0 
-162 764 -992 0 
791 -927 -434 0 
-835 701 -91 0 
223 60 350 0 
789 -140 -400 0 
379 -169 -429 0 
804 -751 383 0 
475 -644 887 0 
-93 538 301 0 
184 374 346 0 
329 979 -22 0 
-339 -91 -45 0 
-250 -735 770 0 
-612 594 540 0 
-201 -866 -726 0 
832 463 -960 0 
727 928 770 0 
360 -736 822 0 
-256 -998 236 0 
-553 780 -235 0 
-427 -22 -697 0 
702 -110 564 0 
48 -955 329 0 
29 -217 -346 0 
-656 -874 909 0 
-32 693 230 0 
338 68 54 0 
133 897 -810 0 
-551 338 649 0 
-515 -727 620 0 
428 557 1 0 
905 -903 558 0 
928 -545 -728 0 
889 908 603 0 
685 168 121 0 
952 125 744 0 
347 999 -227 0 
486 921 -92 0 
-427 652 -852 0 
929 360 -870 0 
574 778 367 0 
-321 463 716 0 
721 359 -298 0 
-844 -219 345 0 
-60 -465 177 0 
297 -131 402 0 
251 -914 234 0 
-339 -228 -220 0 
-36 886 -227 0 
-569 -209 -453 0 
695 567 -415 0 
-423 -336 -865 0 
-664 -532 246 0 
974 -506 384 0 
-286 -463 -838 0 
398 -637 -554 0 
712 -716 -87 0 
-208 353 37 0 
4 876 187 0 
-667 -832 706 0 
-175 414 379 0 
-660 748 828 0 
-834 118 -757 0 
-658 618 -697 0 
-164 -421 -519 0 
-273 740 434 0 
388 -925 793 0 
920 -505 -922 0 
-21 791 -533 0 
-287 165 -985 0 
779 729 -603 0 
661 802 -36 0 
386 -376 -146 0 
-739 -461 -256 0 
930 222 -431 0 
-815 -533 -669 0 
-595 55 -603 0 
-201 -939 -270 0 
81 -21 -720 0 
-732 396 -667 0 
521 57 797 0 
-694 859 -622 0 
965 -552 977 0 
-377 -574 -196 0 
-333 -672 818 0 
-404 -588 -503 0 
379 180 696 0 
-950 -619 882 0 
-237 799 -99 0 
-766 -572 618 0 
-663 502 -884 0 
-676 217 63 0 
-566 -488 714 0 
31 -695 -475 0 
446 -576 -676 0 
467 -717 -795 0 
-895 883 356 0 
618 345 -613 0 
467 5 -561 0 
-887 845 736 0 
-405 269 -526 0 
947 -428 -853 0 
-478 263 440 0 
-556 -912 770 0 
916 926 89 0 
818 -778 525 0 
-521 672 417 0 
-633 -365 -935 0 
-592 -230 -894 0 
-733 352 793 0 
873 -400 -755 0 
-730 912 -109 0 
95 871 315 0 
948 -468 781 0 
958 -182 419 0 
32 -731 818 0 
806 892 697 0 
-104 -55 -66 0 
-77 -539 841 0 
614 966 -696 0 
-298 -417 -6 0 
272 -394 -552 0 
833 939 -311 0 
264 477 -742 0 
226 -580 278 0 
-649 -538 -357 0 
144 -388 112 0 
36 -867 -276 0 
652 -805 431 0 
-447 463 -618 0 
-376 -981 -42 0 
-711 -552 -436 0 
-973 -523 -600 0 
-178 245 731 0 
-66 -551 -951 0 
945 -888 -620 0 
677 451 -351 0 
385 468 308 0 
668 -533 -144 0 
223 -307 89 0 
-439 -579 258 0 
-955 276 37 0 
32 -144 -21 0 
-75 -828 364 0 
544 -384 -276 0 
-673 -996 759 0 
-48 -182 715 0 
-351 518 469 0 
-646 629 544 0 
-575 703 -201 0 
-343 -556 310 0 
-226 320 -76 0 
512 443 -586 0 
-160 919 246 0 
-637 128 -107 0 
978 792 26 0 
357 506 257 0 
249 -416 671 0 
30 222 680 0 
377 151 448 0 
231 -71 -593 0 
-663 865 97 0 
457 -715 475 0 
596 1 -739 0 
15 6 -761 0 
-631 150 -531 0 
390 -356 642 0 
-727 -309 802 0 
-636 -389 251 0 
729 -804 965 0 
-449 608 784 0 
-741 602 -956 0 
42 854 -109 0 
-226 175 540 0 
-647 -181 150 0 
752 386 152 0 
70 496 964 0 
-646 210 -649 0 
92 733 -110 0 
-217 -557 -916 0 
-865 -435 660 0 
-384 -866 -694 0 
-211 134 177 0 
-382 423 -468 0 
745 -440 378 0 
983 677 161 0 
-737 -423 787 0 
-428 -775 181 0 
-414 294 -246 0 
68 480 -619 0 
-909 921 -38 0 
-160 -569 -830 0 
185 88 -354 0 
561 748 778 0 
-563 132 913 0 
-633 940 620 0 
158 -687 -699 0 
-500 -480 -151 0 
715 -72 644 0 
94 -905 -670 0 
833 960 -670 0 
784 -369 -588 0 
287 -271 61 0 
375 -275 924 0 
-355 -850 -809 0 
214 559 799 0 
193 807 -989 0 
401 546 586 0 
-193 -638 -790 0 
-205 270 595 0 
147 -593 -885 0 
831 -925 971 0 
426 -314 263 0 
595 350 988 0 
-897 442 -211 0 
-76 -343 -62 0 
765 936 172 0 
-602 -870 -391 0 
-649 -299 898 0 
282 529 -489 0 
-748 750 -245 0 
489 -883 -181 0 
-882 -646 405 0 
921 -91 -934 0 
497 214 -141 0 
-261 350 945 0 
77 -31 449 0 
-797 -302 -280 0 
801 -225 -478 0 
420 -196 56 0 
-86 -185 -554 0 
-764 882 666 0 
147 449 69 0 
-111 -615 -990 0 
72 -636 -184 0 
-268 -412 -148 0 
-80 489 210 0 
388 -961 -835 0 
-209 -787 911 0 
679 -414 542 0 
403 719 -163 0 
438 -690 -933 0 
-380 -912 -554 0 
599 -519 -320 0 
720 529 222 0 
965 -970 789 0 
-228 456 826 0 
-325 -18 74 0 
964 -217 -498 0 
984 -136 -669 0 
418 827 782 0 
-886 -583 -35 0 
-40 -889 52 0 
273 -733 -754 0 
-888 -18 -326 0 
478 928 -962 0 
708 -866 707 0 
-972 -954 557 0 
510 258 22 0 
-592 -135 272 0 
-256 8 -3 0 
444 714 -91 0 
211 -365 -439 0 
-278 369 -729 0 
314 811 450 0 
507 917 112 0 
397 293 483 0 
-798 -485 53 0 
55 289 -978 0 
-690 136 -943 0 
510 -181 472 0 
53 460 -961 0 
-497 -777 -242 0 
-887 780 862 0 
391 -296 96 0 
514 -987 -15 0 
-366 -887 981 0 
727 747 959 0 
947 789 -495 0 
934 -676 168 0 
-519 263 96 0 
-765 714 484 0 
937 542 455 0 
-560 -977 -966 0 
662 -493 982 0 
502 -588 -890 0 
-220 -117 607 0 
-68 312 -304 0 
299 681 801 0 
-36 -670 -429 0 
688 -681 -240 0 
903 -206 855 0 
-910 215 800 0 
245 16 -319 0 
-560 -301 562 0 
-189 -848 595 0 
-277 -288 -699 0 
420 -419 -868 0 
-302 -438 -17 0 
-277 503 783 0 
207 -565 -525 0 
-641 809 -601 0 
150 308 -39 0 
-602 -654 -537 0 
451 -588 -61 0 
-560 633 375 0 
387 897 -297 0 
-103 354 166 0 
928 -503 92 0 
25 738 514 0 
954 -763 922 0 
-115 259 246 0 
613 -941 555 0 
934 -401 929 0 
642 688 60 0 
-339 449 -672 0 
-454 262 -493 0 
-661 569 442 0 
234 -391 686 0 
831 -811 -855 0 
-405 557 204 0 
-986 -730 -716 0 
421 -269 -480 0 
-307 -713 312 0 
-423 -410 -578 0 
