p cnf 1000 300
-851 -586 125 0 
766 527 10 0 
-398 236 -359 0 
-843 -174 342 0 
252 -246 7 0 
-298 -854 -529 0 
-555 370 847 0 
201 213 -768 0 
226 -345 -724 0 
837 783 -323 0 
723 914 -467 0 
92 642 570 0 
653 781 -447 0 
373 -760 -827 0 
440 -186 618 0 
45 59 -915 0 
569 -609 -316 0 
957 -130 -372 0 
702 467 537 0 
-767 905 721 0 
770 698 762 0 
171 -471 -848 0 
-564 382 107 0 
246 -18 249 0 
943 -140 806 0 
-413 958 -907 0 
-500 6 -924 0 
-572 -816 -532 0 
-267 -156 -133 0 
-878 -383 -805 0 
353 714 723 0 
-613 -883 435 0 
192 -239 51 0 
446 8 -391 0 
850 -599 138 0 
870 27 -878 0 
896 311 -910 0 
208 634 381 0 
-156 -569 207 0 
939 -482 443 0 
-661 -385 982 0 
394 -426 898 0 
-179 48 624 0 
754 -855 -742 0 
300 907 868 0 
-511 90 552 0 
-15 779 526 0 
343 -936 291 0 
-562 -853 834 0 
-688 114 -536 0 
-730 766 -237 0 
-572 -885 505 0 
-999 58 845 0 
449 575 554 0 
584 -602 907 0 
345 383 -41 0 
21 847 -47 0 
-206 320 147 0 
-381 -833 -89 0 
-301 6 168 0 
-518 -576 131 0 
568 -582 99 0 
-27 -635 -230 0 
-366 800 -9 0 
-59 387 971 0 
530 832 -4 0 
-156 -553 492 0 
-316 -77 752 0 
-135 743 87 0 
625 781 -27 0 
701 566 -15 0 
729 286 981 0 
146 469 638 0 
151 -7 201 0 
-212 -231 -290 0 
-167 128 -762 0 
51 829 -897 0 
407 -487 -87 0 
-629 803 93 0 
-706 757 -34 0 
-110 -551 -376 0 
-735 528 -624 0 
-828 185 268 0 
-482 446 369 0 
-798 630 -82 0 
-472 569 -426 0 
-32 -631 -260 0 
153 643 -550 0 
928 -588 -920 0 
863 -656 -441 0 
707 -672 631 0 
60 -68 -425 0 
-277 962 18 0 
967 815 -311 0 
-808 -697 -941 0 
-977 -235 -255 0 
110 194 -81 0 
-260 168 377 0 
204 590 335 0 
-177 -654 -677 0 
-790 -424 -128 0 
759 -779 78 0 
-327 220 -588 0 
-314 538 906 0 
576 -146 -282 0 
701 231 953 0 
-402 440 -545 0 
698 37 511 0 
279 -225 615 0 
-135 -391 505 0 
-460 -457 388 0 
319 673 854 0 
-825 -226 8 0 
-761 -665 -283 0 
393 238 -397 0 
-821 -568 -812 0 
-430 395 224 0 
965 552 6 0 
-94 561 -250 0 
969 391 -457 0 
575 759 -724 0 
735 988 -879 0 
-747 -160 -850 0 
718 -912 199 0 
884 -260 -422 0 
-36 180 -450 0 
634 90 60 0 
800 978 -821 0 
720 163 -72 0 
-841 -907 243 0 
-57 737 166 0 
-691 297 32 0 
-254 -2 814 0 
-136 -555 -926 0 
442 180 91 0 
-396 -642 -305 0 
774 682 -23 0 
-193 -320 546 0 
-929 -918 -263 0 
291 396 541 0 
-447 -634 -718 0 
522 77 946 0 
-242 83 125 0 
-125 811 508 0 
-948 -401 -736 0 
815 -30 -328 0 
791 -736 668 0 
395 375 717 0 
-173 -252 -783 0 
-874 112 144 0 
395 493 591 0 
-929 426 57 0 
-914 -709 -562 0 
591 -814 166 0 
164 -446 37 0 
746 -636 -106 0 
451 -5 920 0 
-939 445 -822 0 
653 813 886 0 
-723 564 -25 0 
84 399 848 0 
-893 -591 -391 0 
692 -139 22 0 
770 836 -375 0 
-114 -370 -691 0 
-235 785 544 0 
-830 461 899 0 
-470 225 895 0 
-721 92 712 0 
540 -435 279 0 
-571 294 440 0 
-37 -21 -592 0 
419 -797 -68 0 
460 -164 -699 0 
889 -84 -834 0 
943 -159 288 0 
-6 298 -115 0 
540 -909 -330 0 
-730 -883 839 0 
-59 -806 127 0 
529 117 -411 0 
-312 596 332 0 
-194 -92 648 0 
-116 443 433 0 
-389 523 98 0 
382 187 32 0 
-950 -769 216 0 
150 557 17 0 
-948 -984 478 0 
-462 -308 805 0 
479 945 929 0 
-520 50 439 0 
-675 295 485 0 
49 -370 -73 0 
108 -760 -513 0 
-535 491 782 0 
69 -251 766 0 
910 -539 -148 0 
-139 865 -804 0 
-951 -35 560 0 
555 166 790 0 
861 926 -499 0 
-90 147 -646 0 
794 88 -506 0 
-249 410 -809 0 
216 140 -92 0 
-315 -513 166 0 
410 691 772 0 
-441 -109 -442 0 
-529 -97 -328 0 
552 -197 -866 0 
697 711 723 0 
-926 -132 -329 0 
637 478 622 0 
512 -861 496 0 
-883 -693 505 0 
-598 -993 681 0 
-377 529 999 0 
-814 -826 159 0 
593 663 951 0 
-913 470 -161 0 
-771 -320 -703 0 
461 456 909 0 
940 -29 403 0 
472 -123 -927 0 
647 -601 -57 0 
586 883 849 0 
484 342 -661 0 
-279 731 -208 0 
898 -655 -596 0 
-38 -48 -994 0 
802 -339 45 0 
991 404 -936 0 
-525 397 966 0 
193 279 -600 0 
881 391 -480 0 
845 665 930 0 
-579 -372 806 0 
-597 163 135 0 
876 -67 -757 0 
-691 -439 494 0 
-26 640 664 0 
240 104 -231 0 
718 -68 490 0 
220 -626 889 0 
524 -990 28 0 
-442 -275 -735 0 
-88 116 615 0 
-868 -872 -545 0 
882 -550 189 0 
-194 987 -872 0 
902 819 198 0 
644 -337 478 0 
985 -57 31 0 
-895 211 986 0 
730 492 201 0 
-683 -850 2 0 
-357 -803 -361 0 
173 328 -266 0 
-121 154 716 0 
779 -727 -158 0 
136 263 -637 0 
911 287 59 0 
-844 -618 -838 0 
452 359 -308 0 
859 -127 771 0 
726 764 -250 0 
588 -433 765 0 
-703 116 340 0 
890 -770 -11 0 
182 -679 -948 0 
-664 677 -918 0 
-267 496 -75 0 
908 -205 -949 0 
-193 -893 428 0 
966 -664 -771 0 
197 106 -145 0 
781 -878 -888 0 
-592 -230 -732 0 
47 -639 615 0 
-94 -925 -696 0 
229 -564 96 0 
-422 771 748 0 
278 -295 783 0 
-377 934 433 0 
947 -212 -109 0 
-159 -538 689 0 
647 -188 -20 0 
961 365 410 0 
-203 587 804 0 
181 378 549 0 
369 -259 200 0 
629 -352 991 0 
-633 928 -325 0 
368 878 -142 0 
-668 -952 690 0 
170 -613 925 0 
142 -544 141 0 
841 -586 -484 0 
-644 -656 129 0 
