p cnf 1000 700
-864 -587 -777 0 
-746 -654 895 0 
499 368 622 0 
-809 -280 -284 0 
-667 -581 384 0 
660 808 466 0 
-157 -84 -148 0 
-592 -194 -106 0 
-895 426 -120 0 
-247 -766 566 0 
-469 -698 -969 0 
425 -486 760 0 
-4 1000 22 0 
78 -339 -57 0 
580 -502 497 0 
-708 -150 430 0 
189 -33 874 0 
310 -135 974 0 
-299 -189 -803 0 
-258 -758 -417 0 
54 -805 -752 0 
-635 -39 -845 0 
-246 203 -87 0 
4 461 316 0 
519 -194 890 0 
-712 -412 798 0 
-33 -23 231 0 
-360 -141 -285 0 
-728 475 912 0 
-320 -487 294 0 
660 -134 106 0 
23 445 661 0 
571 -257 473 0 
-372 -423 688 0 
4 250 359 0 
377 488 523 0 
-107 991 990 0 
602 589 -836 0 
334 -284 -871 0 
769 -949 -191 0 
365 -962 562 0 
385 86 194 0 
739 -906 -334 0 
966 -804 -699 0 
478 -23 454 0 
577 558 942 0 
-119 -963 97 0 
-227 419 521 0 
314 583 813 0 
-446 -933 -396 0 
441 92 -656 0 
109 816 349 0 
959 474 -655 0 
725 551 872 0 
-169 -764 -906 0 
-290 224 367 0 
-897 628 -545 0 
357 220 189 0 
-226 -50 148 0 
420 735 -577 0 
-956 848 66 0 
-173 25 685 0 
608 -545 -264 0 
945 -919 -512 0 
-138 173 -978 0 
-883 -212 142 0 
352 -443 661 0 
-797 629 766 0 
149 -573 -582 0 
543 -445 499 0 
598 -537 -343 0 
-340 960 -881 0 
-377 162 301 0 
-444 460 -613 0 
605 -439 973 0 
-928 922 -873 0 
390 -940 -163 0 
-197 -981 -451 0 
-804 -2 926 0 
-359 772 -883 0 
832 866 216 0 
715 974 -552 0 
622 -948 -24 0 
672 -142 -566 0 
288 749 -994 0 
763 218 -298 0 
215 468 -191 0 
-307 103 -704 0 
-147 375 -895 0 
618 -49 -841 0 
-517 -834 -654 0 
-146 298 -191 0 
924 -106 -311 0 
56 -949 -501 0 
-490 -151 712 0 
430 -220 524 0 
61 -611 -204 0 
-22 82 784 0 
101 124 999 0 
182 -166 -828 0 
337 -743 -852 0 
639 -782 -759 0 
488 -772 -631 0 
-396 -853 -293 0 
368 -430 976 0 
-96 -243 -991 0 
-684 -736 786 0 
-720 38 191 0 
578 942 875 0 
175 609 -902 0 
-725 -547 799 0 
-110 -874 7 0 
-199 504 -274 0 
331 -50 -378 0 
393 -385 94 0 
66 410 762 0 
482 -670 -355 0 
669 -548 61 0 
-703 -533 695 0 
840 245 -63 0 
-456 244 -25 0 
216 -978 -839 0 
4 803 99 0 
-898 838 947 0 
-602 429 -400 0 
233 462 -898 0 
124 -321 473 0 
-1000 755 -102 0 
-906 785 119 0 
-98 109 -737 0 
-572 -565 -93 0 
742 -113 258 0 
-151 920 -558 0 
-464 -298 874 0 
-766 881 935 0 
-748 228 43 0 
84 239 -623 0 
-543 -647 650 0 
-220 719 -729 0 
941 -503 388 0 
-585 -602 871 0 
928 -873 613 0 
-475 680 2 0 
821 -577 -65 0 
944 -319 871 0 
-22 -662 607 0 
-232 337 255 0 
-854 -414 -620 0 
713 139 -209 0 
-720 -452 762 0 
-984 -317 -951 0 
884 909 -764 0 
-139 461 -655 0 
371 -401 579 0 
316 833 749 0 
-152 -821 -913 0 
503 249 -860 0 
-384 -693 301 0 
-732 -550 -602 0 
879 525 508 0 
970 -191 -908 0 
-97 890 -117 0 
487 512 585 0 
631 165 936 0 
542 427 354 0 
719 -365 -873 0 
-968 -880 -590 0 
-753 -567 -867 0 
-535 572 674 0 
-253 605 -215 0 
770 289 102 0 
-104 950 405 0 
-730 137 -21 0 
376 136 833 0 
769 -319 12 0 
201 -561 125 0 
-558 -562 572 0 
-3 500 -809 0 
328 434 -160 0 
399 252 333 0 
655 -441 -731 0 
729 -895 857 0 
-778 140 969 0 
622 803 497 0 
769 -473 -743 0 
-615 -287 398 0 
822 1 -580 0 
815 -165 531 0 
-859 46 -296 0 
638 -588 576 0 
-955 853 949 0 
-611 140 -247 0 
584 -390 272 0 
233 125 632 0 
78 574 454 0 
-236 -272 -887 0 
-669 945 884 0 
720 964 240 0 
647 201 908 0 
-713 135 -388 0 
-624 -375 -255 0 
197 276 609 0 
328 -872 -436 0 
774 608 -945 0 
197 87 -246 0 
154 -446 -645 0 
261 -764 266 0 
-642 -803 -432 0 
-806 -446 -871 0 
-376 -167 181 0 
-200 -965 -212 0 
-350 -772 176 0 
-372 -396 92 0 
272 115 894 0 
-67 -341 870 0 
237 -227 805 0 
337 249 106 0 
-55 53 482 0 
-789 -488 -426 0 
551 958 804 0 
856 -298 508 0 
881 -867 738 0 
-765 599 596 0 
-453 337 -760 0 
-9 916 974 0 
-380 991 -684 0 
924 -544 764 0 
-730 746 917 0 
-651 281 784 0 
-253 -433 692 0 
853 428 -299 0 
241 -991 -456 0 
-130 472 -737 0 
-614 -880 -934 0 
-852 25 -670 0 
575 422 -34 0 
-533 -792 397 0 
-424 804 664 0 
-912 744 -118 0 
675 525 674 0 
903 159 665 0 
-944 169 723 0 
-970 -219 -243 0 
-11 -684 257 0 
-210 -78 452 0 
-720 664 -250 0 
74 638 -466 0 
-77 -333 -361 0 
-1000 358 -127 0 
940 -542 -55 0 
555 -798 843 0 
196 -175 -172 0 
-758 -866 413 0 
-267 -562 -49 0 
491 607 -26 0 
-496 -453 -462 0 
-995 -399 277 0 
239 681 254 0 
187 -2 529 0 
-994 -632 -894 0 
846 -466 401 0 
255 -715 566 0 
854 672 -469 0 
-722 -797 -777 0 
250 819 -75 0 
-568 -489 477 0 
-821 535 915 0 
-748 730 -763 0 
398 -965 463 0 
-260 -622 594 0 
-964 -837 619 0 
680 285 -388 0 
-333 271 -502 0 
584 -230 805 0 
386 -828 75 0 
204 609 -281 0 
-179 -310 173 0 
-344 -351 -235 0 
561 -667 389 0 
381 -643 102 0 
-402 -147 -667 0 
-220 698 -501 0 
-70 -434 -63 0 
-705 377 -737 0 
-636 908 -454 0 
339 837 -448 0 
-989 -973 107 0 
-343 693 -885 0 
-497 667 -889 0 
829 -979 439 0 
-168 616 -471 0 
119 -654 -228 0 
-970 -935 46 0 
760 -217 508 0 
881 -341 -328 0 
-648 -185 413 0 
997 715 -867 0 
-289 226 378 0 
-211 816 -930 0 
175 -975 593 0 
-333 -216 -569 0 
674 173 -201 0 
-230 -922 -692 0 
286 -861 -233 0 
283 411 -532 0 
123 318 -121 0 
-35 729 705 0 
306 94 263 0 
-816 52 -960 0 
-2 -647 706 0 
572 -348 96 0 
-174 53 791 0 
360 -458 410 0 
-392 172 -953 0 
-401 -354 897 0 
647 -294 -513 0 
-262 -638 -637 0 
-90 -359 674 0 
305 -76 545 0 
92 -190 674 0 
317 -851 718 0 
893 426 -229 0 
965 782 415 0 
636 227 -980 0 
-771 -158 821 0 
-56 50 -526 0 
-610 969 316 0 
-244 -195 613 0 
919 56 -635 0 
-67 829 171 0 
944 -177 -841 0 
-400 397 -490 0 
-247 493 -283 0 
522 -49 -972 0 
865 39 364 0 
692 -499 -408 0 
-503 242 804 0 
671 -912 911 0 
-175 289 -442 0 
-575 -802 -778 0 
300 346 -965 0 
-957 268 -135 0 
551 -699 -240 0 
-779 -735 333 0 
-34 -149 448 0 
825 168 628 0 
-736 567 -411 0 
-667 463 -609 0 
-608 454 -464 0 
-727 -434 -279 0 
710 -553 765 0 
-513 -669 -277 0 
504 572 -118 0 
433 -139 374 0 
157 -246 830 0 
-519 -982 268 0 
-384 248 495 0 
380 837 -420 0 
-795 -849 608 0 
407 -207 -301 0 
638 310 208 0 
456 997 989 0 
-397 345 78 0 
927 546 -451 0 
687 -343 72 0 
869 -897 433 0 
-885 -417 -844 0 
-516 -744 810 0 
758 -60 -21 0 
58 428 -27 0 
-901 -64 -622 0 
-114 443 428 0 
568 657 -215 0 
-432 126 -132 0 
-649 -737 -852 0 
-854 -362 -684 0 
-815 141 290 0 
-408 596 -523 0 
-715 -313 578 0 
340 -234 -520 0 
79 -506 -545 0 
-271 637 -549 0 
-207 -493 441 0 
-904 -899 184 0 
-405 -759 -774 0 
299 -90 -694 0 
-234 -950 877 0 
-768 -546 -897 0 
-806 294 466 0 
-784 -875 -84 0 
-881 300 221 0 
-91 -856 -26 0 
526 479 -499 0 
28 -742 98 0 
-772 793 840 0 
524 513 -3 0 
-344 -887 -194 0 
-461 -209 -349 0 
-425 -322 655 0 
480 -749 -683 0 
-859 -288 -200 0 
543 -443 -120 0 
522 792 -586 0 
708 254 561 0 
277 -65 895 0 
-274 -530 -461 0 
721 -918 -372 0 
-133 -141 999 0 
103 637 -703 0 
-377 395 -895 0 
-127 -592 -91 0 
-807 505 -213 0 
173 -791 774 0 
-688 986 -136 0 
-253 717 423 0 
970 33 133 0 
112 341 401 0 
-208 879 437 0 
-118 -206 -513 0 
-776 893 -989 0 
430 781 -525 0 
998 230 440 0 
-828 -881 779 0 
-535 431 -132 0 
84 -879 -162 0 
-600 -186 -289 0 
-469 -38 904 0 
207 -665 -645 0 
-278 734 801 0 
968 754 -595 0 
-430 167 -255 0 
-204 345 555 0 
-999 864 30 0 
-152 763 266 0 
-351 -756 431 0 
-636 932 525 0 
-112 -338 -64 0 
743 -150 717 0 
360 -461 562 0 
658 117 -924 0 
-566 385 -280 0 
-954 -590 -384 0 
-368 861 -661 0 
617 -891 906 0 
-614 -629 -447 0 
353 974 -487 0 
980 -804 -41 0 
-738 87 816 0 
-651 362 724 0 
668 -158 -3 0 
-283 79 12 0 
127 -254 -512 0 
11 -194 -265 0 
743 584 -307 0 
-727 -523 -118 0 
-676 -168 624 0 
307 -776 12 0 
-867 -608 -25 0 
-366 679 -305 0 
492 -811 -36 0 
220 -75 352 0 
125 -893 894 0 
-536 720 -728 0 
711 -948 426 0 
-254 -546 78 0 
-201 -567 -769 0 
-402 -496 121 0 
341 214 469 0 
-816 571 -307 0 
-430 223 -200 0 
71 -722 -206 0 
-953 388 -154 0 
166 -375 -115 0 
-225 -361 958 0 
321 402 -689 0 
-217 -663 718 0 
427 -73 318 0 
513 -331 48 0 
337 -322 -455 0 
-136 -663 -798 0 
-611 -37 -409 0 
-701 -956 601 0 
-356 -149 236 0 
795 -347 635 0 
-911 -935 -614 0 
470 798 871 0 
-255 589 -314 0 
697 -226 981 0 
623 76 -98 0 
-152 -229 449 0 
-830 -532 520 0 
524 370 -311 0 
546 -969 -420 0 
-756 -850 -343 0 
551 955 -402 0 
-232 -270 -364 0 
-786 160 467 0 
625 974 884 0 
-310 -589 285 0 
665 -91 -902 0 
372 905 -321 0 
-445 -631 519 0 
42 950 332 0 
-584 772 -758 0 
873 645 -390 0 
232 315 -787 0 
-392 -913 862 0 
-304 951 774 0 
245 -87 668 0 
-442 -806 -610 0 
745 29 651 0 
137 -290 -664 0 
658 -873 -480 0 
823 95 -177 0 
914 -384 23 0 
-556 726 -259 0 
778 -590 433 0 
-469 -326 -98 0 
267 545 171 0 
840 790 -199 0 
244 -60 676 0 
-673 330 164 0 
163 438 -307 0 
106 428 -312 0 
-493 -989 558 0 
551 -995 -528 0 
304 642 728 0 
974 -566 -82 0 
-560 -203 -753 0 
-236 -296 844 0 
952 784 -77 0 
-656 86 412 0 
-934 671 -709 0 
-369 -109 766 0 
838 -152 492 0 
-330 -255 869 0 
-232 -238 -42 0 
-892 667 491 0 
588 -628 819 0 
-805 578 982 0 
-200 -366 -329 0 
627 395 -736 0 
-429 -347 529 0 
806 -615 -2 0 
-930 -962 193 0 
379 173 -525 0 
-367 -257 62 0 
-319 157 -961 0 
-343 -948 -161 0 
-607 312 139 0 
175 686 171 0 
566 869 -734 0 
335 -317 166 0 
-344 -684 -705 0 
-679 -241 202 0 
-330 -163 713 0 
-225 -486 -248 0 
446 895 833 0 
-2 882 469 0 
-895 627 452 0 
-613 -943 61 0 
253 274 927 0 
-405 44 -493 0 
399 -525 -428 0 
539 818 176 0 
-241 779 739 0 
101 -909 -651 0 
-960 -807 -219 0 
526 -234 906 0 
-397 -576 886 0 
-975 421 215 0 
-63 -414 -225 0 
257 -196 924 0 
369 -546 204 0 
-401 747 -357 0 
-12 -668 -804 0 
-611 824 577 0 
486 686 798 0 
356 276 -933 0 
-76 784 25 0 
-149 -13 -953 0 
-301 679 823 0 
477 968 487 0 
-71 -664 417 0 
196 58 86 0 
232 485 998 0 
-567 483 107 0 
-994 188 -804 0 
-51 -971 -98 0 
-917 85 -662 0 
-500 787 455 0 
-839 79 -690 0 
-639 173 -11 0 
876 -295 -683 0 
-684 -29 616 0 
281 125 950 0 
-375 138 -61 0 
757 516 -766 0 
869 816 -104 0 
806 457 235 0 
877 310 -547 0 
-846 -210 745 0 
797 -339 -687 0 
834 -659 140 0 
343 822 552 0 
-670 974 -487 0 
809 407 939 0 
216 721 77 0 
-600 -42 -431 0 
-328 276 -631 0 
-197 206 306 0 
554 326 401 0 
-6 -848 -457 0 
-236 371 150 0 
-506 -576 246 0 
316 347 -686 0 
-385 81 216 0 
483 606 -127 0 
20 -824 904 0 
255 400 816 0 
342 266 -607 0 
-648 -764 177 0 
523 -16 456 0 
451 866 -904 0 
513 -378 338 0 
900 380 -103 0 
35 -661 -52 0 
-452 -879 304 0 
-719 -94 -362 0 
43 408 513 0 
-332 952 -326 0 
-146 503 87 0 
-867 876 -488 0 
-348 729 -897 0 
-557 -171 -284 0 
-937 -596 -41 0 
328 -280 704 0 
-330 37 -151 0 
326 -803 -703 0 
970 -129 30 0 
842 621 -177 0 
-841 -465 511 0 
937 961 348 0 
-865 -800 -803 0 
-202 -317 219 0 
-240 294 747 0 
527 -145 -377 0 
41 57 -663 0 
-716 901 -978 0 
952 1000 70 0 
647 204 915 0 
66 -232 713 0 
547 -310 824 0 
90 -66 -984 0 
854 967 -325 0 
-936 -815 -719 0 
700 50 -511 0 
642 -46 842 0 
-286 -926 97 0 
-615 -752 723 0 
171 -489 -226 0 
-405 -95 -483 0 
756 -85 129 0 
191 78 -84 0 
-22 964 -973 0 
-419 750 -418 0 
715 -478 -654 0 
622 539 -774 0 
755 -476 -573 0 
-434 537 -128 0 
-930 315 136 0 
-468 -402 -345 0 
-145 -325 358 0 
-447 -583 -399 0 
-839 385 891 0 
655 -714 -73 0 
255 548 27 0 
-536 -826 524 0 
762 897 545 0 
-300 -806 161 0 
-87 798 -132 0 
-779 -655 61 0 
802 -497 -90 0 
-997 237 34 0 
72 -209 10 0 
359 972 838 0 
-787 -405 -711 0 
515 668 99 0 
-161 56 -282 0 
449 -166 -638 0 
-89 547 425 0 
231 -109 144 0 
649 -183 425 0 
475 468 -796 0 
-690 669 -129 0 
183 620 -407 0 
-929 101 113 0 
-253 259 910 0 
23 549 -661 0 
571 497 359 0 
