p cnf 1000 500
72 306 65 0 
205 -795 896 0 
917 566 861 0 
844 -404 -632 0 
-740 -501 -515 0 
267 -242 -530 0 
-522 557 6 0 
-77 -347 272 0 
881 280 -480 0 
580 -426 -852 0 
46 239 267 0 
-819 434 320 0 
-888 379 474 0 
606 401 415 0 
125 95 -650 0 
822 926 649 0 
-680 864 636 0 
520 -233 909 0 
-610 3 -572 0 
-430 478 -20 0 
443 201 -264 0 
135 42 -375 0 
595 686 -555 0 
992 -34 415 0 
-70 644 -22 0 
-142 -684 -143 0 
-940 -602 206 0 
901 -162 -207 0 
-199 750 -77 0 
303 308 -768 0 
626 242 -719 0 
667 321 262 0 
148 -704 135 0 
537 665 -438 0 
-622 211 734 0 
482 820 775 0 
-267 -193 -650 0 
-504 -91 832 0 
27 914 105 0 
366 -61 711 0 
138 703 -298 0 
770 -988 -523 0 
-604 531 416 0 
404 906 435 0 
-218 -911 137 0 
-152 -336 548 0 
-55 -94 95 0 
-63 -325 496 0 
824 406 834 0 
-858 665 -34 0 
687 291 -138 0 
-695 -52 -102 0 
-499 -678 -792 0 
-113 152 -382 0 
-638 -123 257 0 
-740 293 -226 0 
-352 -271 709 0 
-402 -710 552 0 
620 -220 -581 0 
-660 -869 956 0 
950 -81 -88 0 
-632 70 603 0 
-664 185 316 0 
80 962 312 0 
365 -769 474 0 
-320 -673 -11 0 
-472 80 -651 0 
-181 -381 -886 0 
-574 719 204 0 
-639 890 -28 0 
-526 -325 -202 0 
-132 608 964 0 
478 308 581 0 
-815 -161 139 0 
627 -464 226 0 
622 -339 -900 0 
-166 -991 861 0 
-96 205 99 0 
686 -620 -533 0 
370 -132 -639 0 
-100 -213 -402 0 
-673 701 807 0 
704 -194 -649 0 
-397 123 -345 0 
-137 731 -375 0 
-814 864 324 0 
455 -342 910 0 
719 341 -729 0 
-412 -50 143 0 
359 953 416 0 
606 790 -570 0 
-807 -76 -157 0 
193 477 774 0 
-482 596 766 0 
151 -937 424 0 
378 -124 422 0 
-341 -292 581 0 
-445 -287 273 0 
-723 -800 560 0 
7 909 -622 0 
-947 -899 -645 0 
-828 -46 -688 0 
-594 -210 -847 0 
-146 880 -12 0 
-220 -629 -912 0 
-162 669 962 0 
429 3 251 0 
-812 -585 992 0 
-191 -486 -723 0 
1000 -754 645 0 
382 -275 89 0 
-696 66 968 0 
697 -861 -258 0 
505 -427 667 0 
591 263 804 0 
-818 910 -708 0 
-814 249 888 0 
27 -631 -926 0 
593 152 -914 0 
-118 -408 -718 0 
142 -211 -782 0 
889 381 95 0 
992 909 -856 0 
280 1 506 0 
513 -532 -770 0 
-539 -173 -842 0 
-494 -373 -363 0 
-127 -347 -427 0 
-571 -639 -811 0 
-594 164 734 0 
430 -837 -313 0 
-386 -572 -973 0 
-874 -779 735 0 
870 -835 235 0 
-869 120 -411 0 
219 942 983 0 
612 455 245 0 
-865 651 591 0 
-69 450 420 0 
365 -17 -37 0 
-660 255 -959 0 
530 533 751 0 
834 964 -628 0 
390 411 933 0 
-465 -896 -583 0 
-777 -831 -90 0 
719 173 -307 0 
-124 -446 532 0 
-198 62 -630 0 
-886 314 -514 0 
853 -518 -336 0 
638 471 81 0 
-442 772 704 0 
611 -591 -604 0 
-152 -241 505 0 
249 829 -452 0 
-499 759 -138 0 
-742 209 801 0 
-694 -166 -273 0 
167 447 -775 0 
-236 745 -673 0 
-814 889 -24 0 
-272 -646 281 0 
-634 978 -777 0 
-277 54 -593 0 
866 533 913 0 
808 103 330 0 
449 -714 918 0 
-251 -96 -380 0 
-543 -828 -277 0 
-1 -29 360 0 
-673 986 548 0 
620 516 281 0 
150 -412 797 0 
-424 -989 421 0 
810 832 499 0 
-842 763 363 0 
616 -135 679 0 
73 301 -489 0 
-53 239 -500 0 
-653 -254 -704 0 
422 105 282 0 
514 -300 -483 0 
-411 -401 -669 0 
-848 467 718 0 
409 346 379 0 
-734 -438 425 0 
-676 -997 616 0 
974 -282 -45 0 
-648 -931 -136 0 
190 -892 -21 0 
637 -11 145 0 
401 113 116 0 
-390 472 -518 0 
909 -82 -220 0 
-996 -61 -863 0 
959 -563 -822 0 
-233 102 -469 0 
422 775 716 0 
748 -135 -377 0 
23 753 -212 0 
388 359 37 0 
-552 935 20 0 
-765 392 -997 0 
640 -290 992 0 
895 -934 59 0 
759 -928 -994 0 
-353 -70 124 0 
-922 413 721 0 
978 784 634 0 
692 -193 -161 0 
-319 453 -598 0 
-714 -481 -381 0 
-372 -796 302 0 
-65 743 656 0 
560 845 -880 0 
565 -824 -994 0 
-347 313 -60 0 
-54 328 -368 0 
252 -332 -448 0 
823 -701 604 0 
-121 300 151 0 
92 674 401 0 
-861 -380 344 0 
173 817 849 0 
968 -564 -526 0 
-196 -378 -268 0 
-930 -692 -420 0 
835 187 20 0 
-562 -281 -423 0 
-360 -438 -212 0 
-763 689 622 0 
-103 -238 134 0 
600 964 393 0 
328 845 54 0 
-144 -96 386 0 
926 -32 697 0 
-226 -444 -513 0 
616 442 125 0 
-521 -757 -453 0 
-774 -715 517 0 
949 755 448 0 
-790 193 -886 0 
69 527 -78 0 
660 -989 -632 0 
761 365 371 0 
-678 -875 17 0 
-753 88 -32 0 
-207 -58 -554 0 
-961 -364 -505 0 
516 97 510 0 
404 81 -254 0 
42 -819 261 0 
417 -573 623 0 
317 843 908 0 
-652 -634 558 0 
-382 519 482 0 
-23 935 410 0 
536 -174 416 0 
-580 519 -685 0 
794 544 -126 0 
413 861 889 0 
162 887 -490 0 
842 302 48 0 
695 -425 -95 0 
-376 -112 -714 0 
500 940 -219 0 
-6 340 -1 0 
141 289 -382 0 
-366 -266 -987 0 
191 -440 -23 0 
502 103 271 0 
-740 603 496 0 
995 309 521 0 
-701 -304 881 0 
924 -918 196 0 
-192 -520 -983 0 
240 -680 -409 0 
-986 741 245 0 
387 488 428 0 
823 -787 80 0 
-187 171 -336 0 
-106 -171 593 0 
-205 -293 636 0 
-515 -843 -311 0 
-22 -933 711 0 
-969 244 -399 0 
792 863 297 0 
-986 -735 815 0 
-784 -654 -116 0 
-290 -89 938 0 
-493 -913 -697 0 
481 355 -613 0 
-507 493 -1 0 
-302 856 -573 0 
547 405 -144 0 
-327 297 567 0 
-940 -485 -834 0 
88 370 -893 0 
994 344 170 0 
548 -853 -653 0 
278 709 -559 0 
-240 669 -236 0 
-791 216 129 0 
-668 373 -172 0 
417 -821 -602 0 
832 -744 129 0 
-200 878 -440 0 
-517 629 844 0 
78 -477 -162 0 
-222 -702 -560 0 
-828 -558 -706 0 
-484 -452 -868 0 
559 972 -756 0 
-703 -901 -614 0 
850 730 -741 0 
109 -110 472 0 
-238 -400 46 0 
-456 -759 255 0 
735 462 398 0 
-115 -968 -231 0 
903 710 -415 0 
-892 604 184 0 
769 667 696 0 
24 -987 22 0 
-506 -851 -127 0 
836 -364 -156 0 
870 639 -680 0 
759 -26 -613 0 
-155 244 724 0 
-330 -183 886 0 
-78 630 804 0 
-159 796 681 0 
445 545 -98 0 
-794 -372 -998 0 
-548 -752 -760 0 
-977 493 344 0 
765 761 -265 0 
166 -910 -601 0 
-886 -714 -589 0 
855 179 -765 0 
33 768 -367 0 
-393 641 735 0 
-901 63 -736 0 
556 -197 -851 0 
238 -451 300 0 
-914 473 601 0 
579 865 419 0 
682 117 -811 0 
-283 -184 471 0 
630 936 846 0 
562 -260 597 0 
-845 681 857 0 
300 394 782 0 
-588 809 42 0 
602 -935 -470 0 
-781 -927 282 0 
-368 968 -141 0 
-402 704 -601 0 
-872 -14 493 0 
940 -75 618 0 
461 -306 150 0 
-331 -491 -626 0 
-659 402 -798 0 
-30 -436 -293 0 
-869 -76 -672 0 
-248 -438 989 0 
-695 392 199 0 
125 -457 697 0 
420 247 439 0 
12 -976 895 0 
-517 300 378 0 
-315 675 -416 0 
353 -587 147 0 
-250 971 -834 0 
699 243 114 0 
-355 -949 189 0 
-243 270 753 0 
-795 -912 -154 0 
507 510 212 0 
84 608 -2 0 
955 -795 339 0 
-68 -990 599 0 
-480 -719 -430 0 
31 -751 -138 0 
16 676 -924 0 
528 863 -442 0 
145 -286 171 0 
-482 788 -978 0 
947 -997 -253 0 
250 629 -455 0 
-164 -146 220 0 
750 540 401 0 
138 -22 -921 0 
-207 -909 -460 0 
-44 -638 -253 0 
788 -128 669 0 
-480 -624 -550 0 
-309 -645 -306 0 
217 -549 -504 0 
582 120 -645 0 
143 494 -710 0 
-548 705 -319 0 
-219 714 -414 0 
-642 469 57 0 
222 269 682 0 
841 -446 572 0 
91 269 256 0 
187 223 783 0 
653 -673 -666 0 
412 -919 -595 0 
814 615 -919 0 
-229 560 -262 0 
-142 -862 528 0 
149 -963 668 0 
-169 940 159 0 
-214 -446 870 0 
362 251 -51 0 
461 225 -912 0 
-658 -131 -526 0 
32 416 99 0 
-142 650 418 0 
481 -348 -887 0 
-402 -508 -103 0 
322 -401 540 0 
917 296 -782 0 
741 -250 -839 0 
-640 77 -970 0 
720 -669 -831 0 
770 -329 -876 0 
255 626 -787 0 
-890 -46 -797 0 
-594 -102 -560 0 
215 -832 -979 0 
178 -956 400 0 
-438 -747 -761 0 
-138 -787 52 0 
3 118 -491 0 
-536 -666 -894 0 
779 719 -14 0 
-460 140 150 0 
311 190 -693 0 
973 138 -553 0 
771 327 240 0 
179 276 293 0 
582 92 215 0 
-580 -475 -432 0 
-50 653 211 0 
-880 184 472 0 
81 426 155 0 
-495 -887 708 0 
-225 -344 -512 0 
25 -986 -263 0 
-436 52 -125 0 
-217 21 -52 0 
-27 309 152 0 
988 523 900 0 
670 -275 -140 0 
-822 927 -457 0 
-50 72 13 0 
330 -612 662 0 
-311 773 538 0 
-898 528 -18 0 
-624 -589 -618 0 
829 649 555 0 
-107 108 -732 0 
379 -425 -139 0 
525 -980 223 0 
118 220 -163 0 
-608 -83 -365 0 
75 333 253 0 
846 -843 -346 0 
-759 611 -119 0 
-235 191 110 0 
-12 227 881 0 
-867 290 700 0 
633 -605 666 0 
531 -719 751 0 
213 -711 -757 0 
987 -655 -126 0 
549 -890 -68 0 
-420 -624 839 0 
463 -971 -853 0 
-291 -14 84 0 
-289 647 -866 0 
718 -179 19 0 
994 512 600 0 
435 76 -729 0 
117 556 991 0 
-436 687 689 0 
251 -57 693 0 
-261 113 393 0 
307 210 -905 0 
-966 -887 763 0 
190 972 15 0 
646 -76 692 0 
510 -259 280 0 
745 -518 -97 0 
-913 431 410 0 
-60 586 -277 0 
