p cnf 1000 950
877 -546 -98 0 
312 -729 -800 0 
-464 -901 504 0 
183 395 -444 0 
-796 -642 -161 0 
906 -454 -80 0 
672 -678 -967 0 
451 790 896 0 
-305 509 -896 0 
816 -679 -538 0 
144 -925 -49 0 
-405 -89 761 0 
737 235 -397 0 
-728 -445 -512 0 
251 120 -606 0 
-813 318 170 0 
-714 -425 -326 0 
-633 -322 -657 0 
-185 294 638 0 
52 565 -467 0 
617 728 -549 0 
-795 21 -33 0 
-690 -694 459 0 
-619 -376 668 0 
26 -417 693 0 
-863 429 696 0 
692 -35 -225 0 
-583 948 -939 0 
563 413 691 0 
365 613 -932 0 
-268 510 -454 0 
-572 -514 22 0 
-765 -153 -758 0 
-633 35 822 0 
241 -33 -79 0 
463 -833 -818 0 
149 -425 158 0 
-713 -753 212 0 
435 -131 -165 0 
-409 754 756 0 
-498 27 -64 0 
3 -39 -68 0 
500 -429 394 0 
973 -971 -805 0 
851 -34 -294 0 
-517 -938 217 0 
-745 -384 -122 0 
-930 -138 258 0 
-85 276 823 0 
668 597 -913 0 
601 462 63 0 
853 -329 877 0 
713 -430 -545 0 
559 -262 636 0 
248 -552 384 0 
575 489 -484 0 
-846 338 896 0 
857 -849 833 0 
-996 935 -744 0 
-662 -284 845 0 
-234 -747 764 0 
-149 -117 435 0 
271 936 400 0 
-161 -308 215 0 
-787 985 -562 0 
-296 195 280 0 
-957 -961 640 0 
-116 159 -198 0 
-606 654 850 0 
993 443 -349 0 
616 -504 -687 0 
-1 -575 335 0 
610 944 -213 0 
925 -50 70 0 
-514 98 551 0 
114 -581 -291 0 
226 421 428 0 
309 -87 688 0 
-257 -888 533 0 
-425 -635 -361 0 
-725 425 134 0 
-68 561 -788 0 
946 -500 -90 0 
683 -91 130 0 
-102 -60 496 0 
-120 -38 -110 0 
267 353 841 0 
752 211 534 0 
-417 192 818 0 
735 -107 -368 0 
-94 900 960 0 
-250 529 618 0 
195 661 -413 0 
622 951 991 0 
-542 -314 -711 0 
-432 150 -907 0 
-617 501 -444 0 
916 -251 -962 0 
844 901 -110 0 
589 -862 -546 0 
-199 -687 -928 0 
4 591 -325 0 
61 677 450 0 
-676 724 -768 0 
149 615 274 0 
838 527 -318 0 
888 173 -768 0 
137 -444 -865 0 
330 650 -660 0 
-132 -937 754 0 
-267 133 -94 0 
-300 701 -60 0 
910 -46 -56 0 
231 495 -905 0 
-657 -760 -65 0 
563 -994 649 0 
979 -33 262 0 
-458 -283 25 0 
905 -709 299 0 
623 442 644 0 
118 -63 -597 0 
246 240 -854 0 
641 -879 639 0 
561 983 43 0 
-230 -402 -511 0 
-211 850 834 0 
479 -308 931 0 
223 613 647 0 
-915 646 158 0 
340 709 -846 0 
-612 782 -768 0 
216 -334 687 0 
-329 817 245 0 
-913 355 -540 0 
-842 852 52 0 
-754 -20 -637 0 
-299 -313 -193 0 
-688 4 -2 0 
-231 104 -665 0 
-972 -938 -41 0 
-518 551 849 0 
-934 -425 -736 0 
-154 -525 10 0 
786 530 413 0 
876 -308 -401 0 
416 461 79 0 
-953 -969 732 0 
666 -885 -636 0 
-914 431 264 0 
-361 85 263 0 
-213 1 114 0 
-566 -732 -189 0 
838 -250 -562 0 
-955 808 487 0 
13 -811 625 0 
998 671 -994 0 
-182 909 -491 0 
528 607 540 0 
783 -259 -430 0 
-739 388 -711 0 
117 -880 928 0 
275 -668 -382 0 
467 -997 -78 0 
-95 932 983 0 
-465 419 987 0 
895 491 137 0 
107 449 894 0 
-259 -905 165 0 
-702 -231 -743 0 
-402 -915 -922 0 
994 718 -224 0 
-776 151 695 0 
-449 516 -717 0 
589 -700 984 0 
977 -164 -947 0 
-744 -690 -917 0 
-897 -592 651 0 
123 -857 -300 0 
-28 79 -956 0 
-366 -361 -497 0 
452 472 -943 0 
-819 -391 184 0 
168 255 -204 0 
-767 -435 -320 0 
166 228 -251 0 
-759 436 -525 0 
954 -326 -852 0 
34 479 291 0 
736 928 -337 0 
-964 -790 -886 0 
83 -991 444 0 
-832 391 -215 0 
-491 751 233 0 
-580 -361 236 0 
666 200 905 0 
-652 -520 -655 0 
-588 739 761 0 
177 586 278 0 
733 -947 -831 0 
228 -316 167 0 
898 846 270 0 
-822 93 250 0 
693 365 296 0 
718 62 -880 0 
-730 -368 -567 0 
-206 -178 591 0 
-407 739 -889 0 
-389 -524 230 0 
831 363 -617 0 
477 -999 -148 0 
-418 693 -665 0 
912 482 149 0 
242 -624 -653 0 
-409 -918 641 0 
598 137 -721 0 
681 -919 -580 0 
78 565 -289 0 
383 767 787 0 
811 277 -874 0 
-637 -231 778 0 
-178 -99 -627 0 
-259 -646 433 0 
-259 934 -541 0 
359 -292 -551 0 
-300 814 -872 0 
109 -688 678 0 
601 -552 -850 0 
-196 -149 324 0 
677 814 347 0 
797 208 810 0 
-869 -834 -345 0 
912 -149 -459 0 
453 -238 729 0 
-249 414 -731 0 
628 -737 851 0 
-358 529 963 0 
946 -959 890 0 
47 -911 397 0 
-858 -676 242 0 
42 855 -406 0 
658 447 585 0 
917 285 454 0 
-231 581 -9 0 
-605 -910 389 0 
235 -572 117 0 
-225 -925 -899 0 
404 323 -108 0 
391 761 -713 0 
776 732 730 0 
898 544 -913 0 
-818 378 -31 0 
937 979 -973 0 
-756 734 -914 0 
-367 736 459 0 
731 -7 -886 0 
-810 361 -945 0 
793 771 -665 0 
-123 -515 84 0 
-222 -593 84 0 
40 -292 -464 0 
-846 591 352 0 
679 656 -523 0 
693 835 -770 0 
972 82 -621 0 
-193 227 -594 0 
-253 -463 -137 0 
580 596 699 0 
-575 -588 1 0 
-422 -600 -964 0 
641 988 811 0 
555 -654 283 0 
-469 -412 -330 0 
403 306 981 0 
930 -139 -521 0 
-632 -326 503 0 
569 432 611 0 
635 132 486 0 
-494 -40 677 0 
906 -103 -780 0 
-621 608 -839 0 
813 46 -874 0 
-480 181 -593 0 
-596 -769 900 0 
-330 371 908 0 
785 -768 -798 0 
-780 -442 342 0 
689 771 913 0 
-926 -409 -937 0 
702 264 737 0 
156 -588 -460 0 
-605 -189 54 0 
273 752 -325 0 
-674 605 -336 0 
881 87 871 0 
717 597 -305 0 
35 -204 53 0 
-803 907 809 0 
597 631 -580 0 
-484 -453 71 0 
59 1000 783 0 
58 -912 -268 0 
-613 -92 -179 0 
72 946 612 0 
-780 976 459 0 
-914 -652 580 0 
260 -501 100 0 
-730 542 575 0 
-119 -744 -106 0 
388 173 440 0 
-908 -867 -636 0 
-765 522 327 0 
102 -757 819 0 
30 -242 326 0 
834 766 -937 0 
-42 798 513 0 
69 -809 829 0 
633 -959 -263 0 
240 -640 -272 0 
-516 372 200 0 
-241 -12 -368 0 
73 -951 -111 0 
24 -65 -338 0 
-185 -188 -158 0 
592 -329 835 0 
-236 880 -47 0 
627 214 740 0 
-249 -829 -872 0 
735 -584 -945 0 
-781 -976 13 0 
-539 -276 929 0 
739 664 937 0 
-511 -841 931 0 
-364 -355 -372 0 
18 -554 902 0 
731 751 -946 0 
-520 532 -993 0 
-349 694 149 0 
100 498 576 0 
794 370 857 0 
-111 155 667 0 
949 958 -195 0 
-57 -526 905 0 
760 -344 -483 0 
113 -347 400 0 
-165 -492 -712 0 
-132 -449 -55 0 
-391 -859 229 0 
413 -271 164 0 
102 485 -342 0 
-724 -783 864 0 
547 574 472 0 
721 -499 38 0 
-563 -821 115 0 
437 -724 217 0 
-203 -253 769 0 
595 -112 643 0 
-785 311 -287 0 
647 -726 -322 0 
-850 -434 -21 0 
-674 55 539 0 
-52 -314 -579 0 
572 19 708 0 
458 -617 355 0 
-251 -567 -915 0 
313 478 -470 0 
512 -980 815 0 
-22 92 -706 0 
-479 524 -233 0 
79 -359 -50 0 
301 -411 -43 0 
936 -810 221 0 
-739 -917 519 0 
-666 318 -238 0 
-647 -869 -67 0 
65 256 281 0 
-720 349 -135 0 
-81 981 126 0 
-603 975 -158 0 
712 -576 -521 0 
-308 72 -386 0 
-452 -455 -814 0 
-756 -286 -174 0 
-922 553 640 0 
328 -897 -490 0 
673 127 172 0 
-891 -684 -350 0 
-109 93 -428 0 
413 9 958 0 
686 148 408 0 
-831 -729 -603 0 
655 -435 945 0 
-875 129 -338 0 
129 323 -599 0 
610 580 -525 0 
402 -669 -927 0 
927 -464 511 0 
183 -873 -674 0 
371 -848 -268 0 
-577 -143 716 0 
318 -419 544 0 
251 867 -669 0 
615 87 -460 0 
193 -708 550 0 
63 -385 700 0 
-446 507 -653 0 
-453 355 -752 0 
-811 -842 297 0 
791 144 -986 0 
-897 720 593 0 
-372 -806 -395 0 
522 -425 251 0 
362 15 865 0 
-832 646 808 0 
-829 252 957 0 
-111 592 -802 0 
120 830 700 0 
-526 -223 931 0 
-299 352 168 0 
408 365 -276 0 
-937 648 -129 0 
297 -429 886 0 
-979 26 467 0 
-391 -94 998 0 
898 -699 168 0 
490 981 -440 0 
527 592 53 0 
-62 532 874 0 
513 272 -504 0 
-25 568 155 0 
-542 444 -108 0 
270 -285 864 0 
-143 -342 -389 0 
547 376 135 0 
368 810 -819 0 
-273 -645 -787 0 
-969 577 -387 0 
-784 -108 -603 0 
14 175 -417 0 
-254 -632 62 0 
-39 -286 -151 0 
730 300 -168 0 
501 251 670 0 
-40 403 977 0 
922 -839 -13 0 
-228 -617 -945 0 
-127 -284 -595 0 
-170 794 -633 0 
856 -717 -751 0 
66 849 199 0 
827 -153 637 0 
-264 11 -567 0 
-100 -829 487 0 
-194 -684 815 0 
796 -513 -714 0 
24 248 265 0 
-790 139 -486 0 
102 -157 -382 0 
-241 -142 106 0 
-249 -41 328 0 
960 433 66 0 
14 570 -185 0 
-328 32 671 0 
-180 -501 258 0 
296 56 858 0 
448 453 -655 0 
-939 -237 -48 0 
904 -142 -815 0 
-754 381 -987 0 
-966 298 812 0 
-674 757 776 0 
-192 793 269 0 
932 921 -295 0 
-415 -965 -674 0 
-147 658 616 0 
740 -39 -474 0 
448 -796 -161 0 
-208 -249 -634 0 
-486 -815 331 0 
638 144 155 0 
630 101 -171 0 
-91 213 707 0 
-346 -123 29 0 
-550 -581 -802 0 
1000 -616 -599 0 
956 -299 -637 0 
-327 -504 -536 0 
-844 473 165 0 
-39 -984 863 0 
-771 -942 671 0 
437 919 954 0 
240 -382 36 0 
527 -203 944 0 
-125 -104 38 0 
-610 499 1 0 
223 942 -780 0 
-909 819 -255 0 
74 558 41 0 
479 -841 390 0 
-300 -627 -977 0 
-104 44 -482 0 
574 30 304 0 
977 836 -42 0 
-656 -21 334 0 
-599 639 413 0 
469 -853 -995 0 
-917 -371 -875 0 
-195 544 -607 0 
770 -720 878 0 
-423 -659 -19 0 
-357 -385 758 0 
-631 -809 856 0 
61 -648 88 0 
-333 -611 -708 0 
-801 -698 785 0 
-171 -326 1000 0 
366 632 -757 0 
-107 584 -678 0 
-312 -473 857 0 
152 464 -613 0 
-378 -742 -961 0 
-59 865 619 0 
-169 315 -85 0 
-958 685 -50 0 
304 -18 5 0 
216 -886 496 0 
-336 -494 862 0 
694 142 988 0 
-246 1000 866 0 
709 -573 -704 0 
911 211 364 0 
585 -755 -827 0 
-124 -423 596 0 
365 -262 -428 0 
-856 -806 37 0 
34 773 102 0 
-795 830 804 0 
-988 -981 320 0 
-876 761 902 0 
263 -603 881 0 
-951 -310 -55 0 
659 -348 -786 0 
386 -585 297 0 
41 -741 -207 0 
-296 218 -33 0 
-270 724 480 0 
228 -588 294 0 
675 741 891 0 
-847 63 -653 0 
-232 -743 431 0 
730 -986 -962 0 
-560 -447 169 0 
-230 -171 129 0 
679 833 -818 0 
-895 -505 64 0 
-627 263 -635 0 
-405 667 807 0 
-12 611 883 0 
372 114 511 0 
-577 -461 -214 0 
273 706 99 0 
-134 709 28 0 
655 244 -667 0 
640 -725 -197 0 
429 -849 662 0 
184 -292 696 0 
-233 587 546 0 
66 900 133 0 
-272 112 -766 0 
491 435 -643 0 
-910 -20 -130 0 
-182 -971 181 0 
642 -276 209 0 
-604 -962 78 0 
245 223 237 0 
-606 -705 -562 0 
-42 731 -424 0 
83 394 475 0 
-775 737 -306 0 
378 -906 -645 0 
-662 -352 -948 0 
511 -133 982 0 
497 -957 398 0 
137 -69 -951 0 
-523 -436 490 0 
28 215 105 0 
-694 200 659 0 
581 -231 373 0 
152 110 -322 0 
601 -182 52 0 
202 716 234 0 
-376 -888 -17 0 
149 -589 713 0 
427 -190 -793 0 
924 622 713 0 
-188 -611 522 0 
-324 303 -399 0 
-74 -50 178 0 
-207 -206 -910 0 
-441 417 163 0 
443 -674 -381 0 
-120 -273 -91 0 
993 547 98 0 
897 -946 173 0 
562 18 -342 0 
-863 238 -85 0 
-826 -280 594 0 
926 770 -622 0 
602 -226 14 0 
389 -390 -115 0 
687 20 807 0 
867 216 673 0 
97 115 842 0 
-759 -256 359 0 
-904 -938 -827 0 
802 574 -872 0 
-141 211 -248 0 
298 -669 822 0 
-295 -723 -722 0 
-233 -676 38 0 
812 946 -404 0 
517 -172 749 0 
-95 780 -756 0 
-87 694 -789 0 
-886 593 885 0 
-270 -401 651 0 
-140 70 -282 0 
-190 -315 -554 0 
-353 -967 -998 0 
-765 -229 -537 0 
-961 -813 785 0 
915 -747 212 0 
213 -232 470 0 
-654 21 779 0 
594 -735 -698 0 
361 -224 94 0 
912 -276 810 0 
595 -358 408 0 
-522 825 941 0 
-904 -784 -89 0 
627 316 -45 0 
-429 128 -841 0 
631 777 -989 0 
-96 342 20 0 
89 276 -252 0 
738 623 -907 0 
-320 796 -362 0 
987 -951 -434 0 
-183 -216 213 0 
-280 710 70 0 
-134 586 42 0 
-175 748 -20 0 
45 -425 227 0 
183 -633 -249 0 
-376 -413 -708 0 
471 67 445 0 
-328 366 -509 0 
660 664 905 0 
98 -938 484 0 
-496 -930 -667 0 
-667 -577 -804 0 
769 -119 -449 0 
212 -833 -120 0 
429 -860 -946 0 
524 -965 287 0 
-848 150 667 0 
6 -188 -724 0 
659 891 -198 0 
-137 -230 711 0 
-524 533 361 0 
-705 -245 696 0 
-808 -789 -231 0 
269 -884 -446 0 
982 165 559 0 
353 -101 602 0 
-309 205 -629 0 
434 30 -21 0 
881 -368 -976 0 
126 -331 -90 0 
-5 -518 -892 0 
-51 21 -334 0 
-96 840 -72 0 
-12 -568 807 0 
-524 -584 409 0 
-883 -679 -642 0 
247 245 -988 0 
830 -378 -563 0 
755 657 -966 0 
-179 65 -414 0 
-64 -42 -497 0 
470 -208 275 0 
-422 -418 -658 0 
53 -400 923 0 
-849 -737 -667 0 
-277 315 -77 0 
883 958 -272 0 
-479 441 -189 0 
685 -565 806 0 
431 370 141 0 
-119 230 374 0 
772 437 -707 0 
379 580 -388 0 
-794 583 551 0 
-590 -103 840 0 
-690 11 -200 0 
-857 490 546 0 
-223 657 541 0 
-254 689 -656 0 
-547 -424 720 0 
-806 -997 6 0 
549 929 450 0 
-831 -367 88 0 
-189 487 -649 0 
-793 -599 -629 0 
-120 -580 620 0 
193 512 455 0 
-36 -22 -826 0 
638 229 -632 0 
-120 -78 -905 0 
-472 -246 223 0 
283 703 -601 0 
-217 -309 -387 0 
-252 -461 156 0 
-831 598 686 0 
-220 739 -375 0 
-251 -792 -738 0 
127 639 -723 0 
347 -765 496 0 
463 -354 -41 0 
-332 -630 175 0 
-568 235 -877 0 
-589 291 286 0 
-37 800 -785 0 
583 507 -234 0 
-830 -313 -246 0 
797 -976 -968 0 
-387 -642 -605 0 
-271 -819 889 0 
-404 897 -184 0 
-758 843 477 0 
418 52 269 0 
316 727 938 0 
359 -881 768 0 
-482 -156 281 0 
-944 -873 60 0 
776 -622 908 0 
-319 -668 832 0 
-222 365 -913 0 
-313 504 482 0 
305 -260 810 0 
-402 -27 884 0 
42 -843 10 0 
592 828 -200 0 
27 -579 768 0 
266 -303 639 0 
245 -884 539 0 
-301 -857 -612 0 
35 286 -34 0 
123 228 193 0 
-714 -901 543 0 
823 -716 896 0 
-8 -638 663 0 
49 -423 126 0 
-785 -443 -970 0 
981 560 962 0 
47 -72 -152 0 
-229 908 -41 0 
-411 -523 18 0 
687 653 408 0 
387 -176 493 0 
-244 360 -987 0 
-561 -318 -130 0 
-639 659 -303 0 
-948 137 -15 0 
-191 -335 -527 0 
-825 957 -836 0 
-121 681 -63 0 
-880 271 -422 0 
818 -159 -393 0 
539 -62 512 0 
-784 -999 -471 0 
447 -771 -699 0 
400 369 -234 0 
140 -732 738 0 
-518 -826 -454 0 
442 -94 -375 0 
834 536 -361 0 
-617 377 488 0 
-139 -410 244 0 
789 893 203 0 
-637 -998 198 0 
111 211 -524 0 
160 550 27 0 
865 -201 798 0 
-872 -7 -11 0 
216 -738 -238 0 
-232 -680 423 0 
135 -682 -272 0 
445 -764 975 0 
-431 66 -618 0 
-869 -515 -19 0 
-285 -879 241 0 
-92 233 36 0 
928 -355 -950 0 
663 425 329 0 
638 790 -420 0 
-94 -854 -709 0 
364 -10 -421 0 
-201 -98 196 0 
308 73 855 0 
169 -671 979 0 
587 -384 -671 0 
114 -298 -692 0 
988 -828 -442 0 
-927 -590 -423 0 
-909 -453 -539 0 
488 139 -368 0 
-120 -373 292 0 
29 26 574 0 
302 527 568 0 
-661 288 -425 0 
844 -448 622 0 
-200 219 148 0 
671 -524 732 0 
-1 -774 -700 0 
499 825 29 0 
221 216 -405 0 
-145 105 -43 0 
-419 -135 -60 0 
616 -351 -649 0 
440 -188 278 0 
-773 288 167 0 
-243 -7 -883 0 
512 -466 -671 0 
850 -835 -201 0 
434 -285 170 0 
-78 84 50 0 
-355 -22 598 0 
83 -910 7 0 
-830 24 916 0 
-104 39 965 0 
-365 -858 529 0 
509 247 -887 0 
519 389 812 0 
827 662 -266 0 
-139 -491 475 0 
-451 -497 -857 0 
-18 -740 765 0 
663 64 548 0 
788 -109 622 0 
656 58 30 0 
-804 -393 654 0 
-934 -611 -652 0 
545 771 862 0 
-344 507 -753 0 
498 693 -700 0 
318 982 633 0 
638 427 -102 0 
31 315 -619 0 
-34 -451 948 0 
578 -697 474 0 
-886 590 364 0 
-482 -488 -579 0 
-202 -406 -655 0 
455 429 -60 0 
-134 -307 686 0 
309 226 -471 0 
-197 753 155 0 
-48 694 -138 0 
384 506 -816 0 
289 -701 -258 0 
-988 -350 143 0 
-120 997 -113 0 
58 -600 -746 0 
30 27 -474 0 
31 -958 -905 0 
637 186 465 0 
555 839 174 0 
-192 957 -665 0 
66 991 -914 0 
525 -670 649 0 
123 -375 -145 0 
-582 606 -591 0 
197 -624 212 0 
610 -484 -655 0 
-235 -757 572 0 
42 371 -145 0 
-351 760 -881 0 
494 476 622 0 
311 47 -361 0 
502 -184 252 0 
-747 626 993 0 
185 -798 35 0 
-896 -214 -135 0 
703 -457 880 0 
843 626 -721 0 
-65 535 300 0 
-791 -701 667 0 
-930 993 821 0 
351 973 -778 0 
-322 -977 457 0 
-659 999 877 0 
590 -325 -196 0 
-722 -645 102 0 
25 -204 -219 0 
-579 -76 763 0 
-808 -726 -852 0 
-538 -370 836 0 
-929 897 590 0 
-597 -772 913 0 
-485 -972 657 0 
-445 938 -909 0 
39 -206 -844 0 
334 400 464 0 
-375 321 -372 0 
943 8 113 0 
-296 -571 -182 0 
-747 -879 779 0 
279 968 434 0 
13 998 70 0 
-643 102 -23 0 
-563 392 997 0 
-793 369 -417 0 
659 986 16 0 
237 -111 -19 0 
-331 902 -35 0 
369 129 206 0 
650 786 -603 0 
321 318 -972 0 
-444 454 396 0 
-951 -430 269 0 
404 -577 -391 0 
160 -892 -708 0 
144 -227 -859 0 
-997 -467 792 0 
473 -891 -78 0 
-236 -648 -892 0 
-885 -148 -264 0 
-758 -978 -596 0 
-969 799 248 0 
897 -634 -908 0 
467 -860 -955 0 
-576 566 88 0 
-443 -881 -856 0 
232 -106 330 0 
-409 -255 868 0 
-668 247 -749 0 
952 -292 58 0 
-63 966 288 0 
-891 860 -798 0 
181 -539 -643 0 
