p cnf 1000 700
268 332 950 0 
612 -741 987 0 
120 -202 -182 0 
792 -149 854 0 
-264 124 196 0 
-787 -678 27 0 
-247 691 -787 0 
22 632 608 0 
956 -392 -808 0 
-639 -280 -302 0 
-780 876 19 0 
298 645 -55 0 
-924 -683 -502 0 
492 334 693 0 
34 662 -90 0 
-800 -247 153 0 
-246 -753 651 0 
589 537 264 0 
297 907 -818 0 
-496 -336 827 0 
647 -960 603 0 
-329 17 -768 0 
-652 990 -81 0 
-316 -459 -117 0 
-806 -751 742 0 
-420 210 476 0 
531 334 -444 0 
982 764 471 0 
-965 -421 40 0 
-215 -29 -624 0 
793 429 -351 0 
751 381 -651 0 
-316 -194 184 0 
349 -969 -595 0 
195 431 -363 0 
-968 871 -982 0 
-528 -60 704 0 
-989 593 -933 0 
-232 -292 137 0 
354 322 861 0 
-713 -223 -374 0 
-161 611 665 0 
-653 584 12 0 
945 -625 873 0 
-646 -133 489 0 
-307 466 667 0 
866 -779 96 0 
-694 -470 795 0 
353 -430 -448 0 
154 960 857 0 
-804 -584 966 0 
-529 -582 744 0 
574 -764 65 0 
735 -163 -61 0 
-806 665 18 0 
-229 585 586 0 
912 610 -202 0 
-44 456 650 0 
232 -216 739 0 
365 319 -694 0 
434 -718 -296 0 
-583 547 -896 0 
-268 -200 -181 0 
447 -659 -152 0 
785 741 -349 0 
-661 686 -461 0 
810 417 581 0 
443 -310 -611 0 
-737 -11 -992 0 
-678 63 -236 0 
125 184 677 0 
-660 -759 -302 0 
898 -198 -271 0 
-827 52 485 0 
-871 232 -539 0 
726 619 -958 0 
-150 -244 -674 0 
-514 -631 -127 0 
506 159 -552 0 
-334 605 562 0 
-368 -705 487 0 
249 -729 56 0 
22 -458 783 0 
134 844 -564 0 
225 383 894 0 
-439 -251 38 0 
692 389 657 0 
674 897 -7 0 
-952 -203 352 0 
455 564 -347 0 
486 127 574 0 
129 531 -321 0 
964 -272 678 0 
-607 702 -750 0 
863 408 693 0 
570 17 -479 0 
302 192 -954 0 
-232 412 -373 0 
-71 -207 -421 0 
-684 -298 470 0 
-704 -178 142 0 
-326 -609 311 0 
-325 -711 131 0 
-783 -143 93 0 
155 839 -233 0 
-238 279 948 0 
122 581 -463 0 
728 731 834 0 
899 -704 61 0 
808 280 -305 0 
-620 -743 -61 0 
74 821 718 0 
-304 635 -790 0 
258 419 -799 0 
-987 -358 514 0 
484 732 -103 0 
-113 -554 773 0 
-828 -651 343 0 
-897 974 662 0 
344 -597 706 0 
-148 -749 -307 0 
631 -754 45 0 
-833 936 41 0 
447 -403 -436 0 
-922 -861 656 0 
259 -450 -653 0 
953 -35 -273 0 
-294 -386 -429 0 
-643 403 -725 0 
-292 905 -934 0 
917 596 100 0 
535 633 -847 0 
-261 786 141 0 
672 772 -620 0 
634 423 -293 0 
-627 -325 -309 0 
170 -843 663 0 
-227 194 -666 0 
-588 -138 498 0 
299 -241 951 0 
-792 -462 -203 0 
-711 842 -722 0 
-998 -664 7 0 
-473 701 -936 0 
574 -462 275 0 
-672 -168 -332 0 
322 669 984 0 
-795 987 -639 0 
441 993 -149 0 
538 880 481 0 
242 -499 450 0 
548 -603 781 0 
-607 50 -65 0 
729 -817 -218 0 
-959 667 411 0 
-994 -739 803 0 
-343 474 -635 0 
-883 301 135 0 
-216 807 42 0 
878 -898 548 0 
654 877 658 0 
-721 -359 956 0 
-629 234 902 0 
115 -48 -806 0 
500 236 194 0 
-392 135 294 0 
977 326 -366 0 
-19 -369 -441 0 
907 -790 555 0 
-940 -592 324 0 
-507 823 -985 0 
340 -139 785 0 
-556 593 -601 0 
-15 -920 -681 0 
-285 -155 368 0 
-332 79 -287 0 
-117 965 -875 0 
866 -744 457 0 
-759 586 364 0 
965 144 587 0 
-560 332 639 0 
-919 661 -1000 0 
-274 -721 726 0 
-536 998 420 0 
747 -915 83 0 
110 -177 751 0 
599 561 37 0 
-730 -874 -485 0 
-388 837 253 0 
954 860 -395 0 
-577 -469 240 0 
-988 -594 302 0 
-669 -158 -472 0 
531 -685 851 0 
597 -1 -708 0 
-398 72 824 0 
-584 561 -356 0 
540 5 -707 0 
732 -371 884 0 
-867 -623 -382 0 
596 685 830 0 
431 623 -560 0 
-185 -76 -224 0 
-833 541 -291 0 
-175 -554 608 0 
208 821 502 0 
276 -574 -324 0 
14 703 -233 0 
-463 -793 568 0 
192 -469 946 0 
-943 214 979 0 
-849 389 -663 0 
-676 -897 709 0 
-222 -892 -463 0 
-100 -47 790 0 
487 -543 804 0 
-356 160 430 0 
556 517 995 0 
-758 -670 596 0 
-783 480 546 0 
-675 161 424 0 
672 -745 609 0 
-928 60 -119 0 
748 -715 78 0 
918 808 -170 0 
-510 -499 -380 0 
-197 527 493 0 
-349 937 258 0 
825 534 688 0 
-164 -839 317 0 
180 -625 391 0 
-635 -284 361 0 
-615 371 -969 0 
79 493 703 0 
6 -816 89 0 
-61 630 634 0 
111 -322 -201 0 
-952 -468 -853 0 
175 -383 780 0 
449 52 446 0 
-178 -537 643 0 
850 807 695 0 
723 363 -451 0 
-218 -449 194 0 
-950 528 -667 0 
852 55 -90 0 
403 644 -90 0 
868 -974 -157 0 
-757 158 612 0 
-734 930 897 0 
733 443 -176 0 
-258 -376 946 0 
-744 -526 716 0 
-553 -147 580 0 
116 -830 916 0 
480 371 83 0 
-75 -20 595 0 
204 537 903 0 
-418 -179 614 0 
-981 -780 354 0 
241 909 491 0 
-871 530 -184 0 
179 709 891 0 
229 507 536 0 
484 230 -965 0 
392 -181 -939 0 
797 -240 -565 0 
-122 290 173 0 
-732 -14 -227 0 
634 -678 102 0 
-960 -111 103 0 
168 -830 -128 0 
625 -642 278 0 
839 497 -83 0 
-352 -590 -405 0 
-187 -686 472 0 
-543 -296 997 0 
22 632 990 0 
-41 -443 512 0 
-841 -77 -549 0 
-450 -333 -140 0 
849 34 -763 0 
831 -223 430 0 
336 439 630 0 
472 -958 -144 0 
847 -584 86 0 
-592 -67 78 0 
-100 318 -321 0 
750 743 298 0 
387 980 -663 0 
-516 517 24 0 
-413 -829 665 0 
-473 972 -399 0 
-590 -570 -524 0 
208 899 181 0 
395 708 899 0 
-112 -754 328 0 
-93 -32 980 0 
375 -124 991 0 
408 20 89 0 
943 -528 294 0 
-981 218 691 0 
516 -392 -253 0 
-403 542 -706 0 
353 1 -57 0 
-960 -204 -521 0 
-80 -785 927 0 
461 591 -53 0 
545 769 595 0 
-271 -309 -202 0 
-885 -176 -597 0 
959 924 475 0 
548 972 392 0 
331 840 501 0 
335 365 -612 0 
858 953 269 0 
701 -948 -471 0 
-270 231 -320 0 
780 -894 574 0 
-191 155 836 0 
-885 -988 -620 0 
379 -891 538 0 
591 -365 273 0 
-655 -627 -732 0 
673 506 920 0 
-38 784 282 0 
218 -880 -807 0 
-599 524 669 0 
607 -194 11 0 
760 -529 861 0 
949 917 823 0 
-167 -670 -572 0 
-831 -43 756 0 
278 890 530 0 
-227 -259 257 0 
-580 156 816 0 
-64 583 607 0 
681 574 -626 0 
442 481 -831 0 
991 636 174 0 
117 481 -812 0 
859 -675 -38 0 
98 444 820 0 
-93 -747 796 0 
-102 -876 134 0 
-864 -614 -523 0 
-191 996 446 0 
641 -763 412 0 
611 -622 543 0 
775 622 278 0 
-650 415 -334 0 
375 163 566 0 
998 5 -47 0 
466 363 -180 0 
-53 133 -222 0 
-879 244 590 0 
197 799 -717 0 
-473 8 322 0 
653 759 -667 0 
-374 740 651 0 
-413 680 660 0 
-46 -930 410 0 
129 -431 -196 0 
-794 -877 221 0 
417 65 775 0 
340 912 -942 0 
357 -825 123 0 
809 -999 755 0 
439 -885 171 0 
551 -760 -757 0 
912 68 -856 0 
869 875 -922 0 
-197 495 -9 0 
619 296 -486 0 
-106 -12 -542 0 
-483 717 825 0 
489 -870 -872 0 
-430 669 367 0 
-701 -292 234 0 
608 -178 835 0 
-313 508 -335 0 
-218 538 -441 0 
487 -137 337 0 
-29 755 -697 0 
854 384 -316 0 
-873 141 740 0 
-929 800 508 0 
-965 470 514 0 
77 -749 -94 0 
-316 -604 -727 0 
520 209 -628 0 
369 325 718 0 
768 695 136 0 
789 663 -997 0 
-435 636 920 0 
741 -779 154 0 
-842 813 313 0 
-123 428 -234 0 
-683 -363 -92 0 
-323 -75 -451 0 
122 -30 -888 0 
371 672 -585 0 
-476 -402 289 0 
375 148 -790 0 
-300 -670 726 0 
-332 670 -618 0 
946 -786 -206 0 
-696 -829 773 0 
177 -758 323 0 
-666 681 -174 0 
83 774 -787 0 
298 704 -415 0 
-923 561 -339 0 
633 -993 270 0 
438 249 315 0 
945 785 569 0 
-757 575 -454 0 
-698 -673 -120 0 
188 767 286 0 
290 -147 792 0 
-843 283 570 0 
924 375 -279 0 
996 501 -29 0 
641 -134 -888 0 
211 302 355 0 
-89 841 680 0 
-462 147 -340 0 
172 108 612 0 
-322 -797 -922 0 
164 332 239 0 
-593 97 -176 0 
-441 783 -242 0 
-28 548 143 0 
-865 658 244 0 
-720 890 378 0 
423 -872 -598 0 
516 963 421 0 
792 460 -350 0 
963 31 -323 0 
-800 -236 317 0 
-515 -764 520 0 
876 482 -529 0 
-196 -238 852 0 
901 255 -948 0 
-219 -959 503 0 
610 -804 -934 0 
-432 -510 -231 0 
-7 985 341 0 
163 -195 711 0 
-912 -726 937 0 
-333 -586 -989 0 
263 796 -679 0 
455 328 577 0 
-17 -688 668 0 
-251 -418 813 0 
687 672 819 0 
725 823 800 0 
505 103 611 0 
98 -559 -146 0 
648 -301 -735 0 
-286 58 -914 0 
464 -290 -777 0 
-693 81 628 0 
-53 14 434 0 
690 446 472 0 
9 -21 193 0 
-459 911 395 0 
-177 561 193 0 
-169 -472 874 0 
595 -37 -570 0 
-246 87 -393 0 
-661 -963 -144 0 
666 193 543 0 
770 -531 -503 0 
-39 -258 932 0 
-97 -994 -643 0 
-39 -466 295 0 
647 -306 183 0 
-263 392 861 0 
-561 810 731 0 
458 298 -740 0 
-564 139 632 0 
2 13 183 0 
142 542 122 0 
-664 -225 551 0 
-387 338 -560 0 
589 -510 276 0 
259 593 276 0 
-795 -822 711 0 
-230 141 -439 0 
-169 -256 97 0 
874 583 565 0 
950 149 450 0 
719 156 -671 0 
-712 911 616 0 
651 624 936 0 
-707 136 84 0 
-413 -309 758 0 
-633 427 -269 0 
895 -797 831 0 
892 591 -606 0 
507 -38 23 0 
-771 -902 -263 0 
126 891 -860 0 
-724 -420 -242 0 
130 -376 -778 0 
791 616 668 0 
864 -856 -48 0 
-280 -586 319 0 
-94 111 -469 0 
-568 -404 -369 0 
411 444 -685 0 
-401 -825 -164 0 
-138 317 347 0 
399 -694 -678 0 
-598 -857 -713 0 
-471 209 -814 0 
-453 -280 544 0 
27 239 593 0 
-748 548 626 0 
-748 746 441 0 
-906 -917 363 0 
-837 184 -114 0 
-301 -499 -425 0 
553 614 -786 0 
53 822 799 0 
537 449 -122 0 
525 356 678 0 
-137 -487 917 0 
352 353 9 0 
856 392 238 0 
-206 778 -254 0 
-905 -963 -702 0 
973 -319 -321 0 
-509 -831 580 0 
-932 956 -413 0 
-714 -783 -781 0 
981 158 779 0 
987 -363 -328 0 
243 -152 493 0 
349 -529 -177 0 
-391 -780 -119 0 
-658 -391 632 0 
517 499 -380 0 
-647 43 12 0 
704 502 723 0 
260 -158 -125 0 
918 -543 8 0 
-815 845 -200 0 
447 -672 -796 0 
314 -393 -844 0 
-808 199 843 0 
-737 16 -509 0 
-399 -704 16 0 
264 -753 899 0 
-65 85 634 0 
975 -283 69 0 
-660 137 -569 0 
899 863 -97 0 
-775 828 478 0 
414 -74 50 0 
805 52 -277 0 
373 10 509 0 
-215 561 581 0 
-829 -813 796 0 
-862 877 -225 0 
-253 -587 217 0 
247 -517 -697 0 
599 -164 -885 0 
-904 72 -377 0 
722 162 -56 0 
406 64 -939 0 
652 813 134 0 
-727 978 -914 0 
587 -112 -166 0 
-69 420 994 0 
-764 604 784 0 
415 8 -351 0 
-336 471 74 0 
-638 -992 -523 0 
107 -952 337 0 
-121 1 -154 0 
-327 980 -580 0 
-4 -901 -932 0 
249 -232 -872 0 
25 747 760 0 
-988 750 -281 0 
-497 898 883 0 
115 182 358 0 
391 -299 914 0 
662 446 247 0 
139 314 -538 0 
688 726 -604 0 
-416 593 16 0 
-970 89 -184 0 
-925 182 536 0 
-207 737 -18 0 
265 -452 -891 0 
835 313 -977 0 
-528 945 734 0 
548 -490 -157 0 
756 374 251 0 
870 58 41 0 
918 -768 510 0 
377 86 393 0 
680 525 -203 0 
-657 -746 17 0 
-421 174 800 0 
-221 -632 -913 0 
-274 -181 712 0 
177 -921 907 0 
-424 -881 -908 0 
966 342 -246 0 
496 778 -266 0 
410 255 658 0 
-103 -563 348 0 
74 776 465 0 
42 -614 -546 0 
-61 -691 -939 0 
-607 552 -935 0 
-876 51 -504 0 
214 -656 -456 0 
47 554 800 0 
89 -817 578 0 
558 423 -539 0 
-262 -927 736 0 
817 878 456 0 
-502 -23 -290 0 
349 833 26 0 
-311 -362 -96 0 
-719 -142 -245 0 
659 233 -292 0 
552 440 -246 0 
351 171 779 0 
780 232 -762 0 
949 -886 -809 0 
240 -141 -563 0 
-362 -12 -861 0 
949 -721 255 0 
-86 -513 845 0 
-828 -941 -371 0 
-2 735 -250 0 
-719 97 -876 0 
-375 715 924 0 
-26 237 -493 0 
448 331 -903 0 
72 723 599 0 
118 -754 -124 0 
-498 875 677 0 
842 -602 -229 0 
127 129 -568 0 
-188 -62 -55 0 
-297 -705 -252 0 
568 -523 131 0 
128 414 775 0 
-487 -479 328 0 
-791 932 -919 0 
615 -687 537 0 
207 306 -327 0 
243 456 867 0 
796 -436 -851 0 
-457 219 526 0 
743 -181 -928 0 
-892 123 -373 0 
498 -514 -96 0 
790 532 195 0 
-507 -911 -98 0 
710 -99 -175 0 
751 -698 -881 0 
94 -370 -915 0 
-82 -107 -687 0 
-527 511 -314 0 
-556 96 -563 0 
-168 691 -605 0 
-750 365 -105 0 
580 212 -279 0 
159 -728 -436 0 
-616 -787 -844 0 
143 531 503 0 
-55 592 60 0 
-47 -326 -635 0 
-912 -26 -784 0 
-950 -591 -296 0 
891 372 -796 0 
912 -222 648 0 
79 794 67 0 
-974 -41 833 0 
-892 49 123 0 
-937 273 -944 0 
-960 569 -629 0 
-788 647 -428 0 
793 -541 -471 0 
48 588 747 0 
750 858 -22 0 
-189 476 -620 0 
-653 -337 -643 0 
-649 -365 334 0 
940 -273 521 0 
127 -156 -688 0 
590 900 723 0 
